-30397
-71585
-3644
-37007
-2737
-38442
-73990
-25097
-44890
-87154
-26633
26355
-27656
-115550
-31568
-98870
-111937
51511
-40032
-33054
-60830
-70937
-26271
-43410
-80830
-43322
-75902
112196
-35847
-10772
-40505
-40545
-39774
-41671
24945
-22455
22522
-84305
24215
-118823
-44798
-42409
-33829
-105175
-57925
-25652
-37408
44211
-30155
25126
-51371
-32396
-55814
-100972
-112825
-26158
-8987
-49149
13748
-97868
-73025
-21774
-46328
-56665
118096
-65158
-10041
-62161
-57707
-34487
58238
-61844
-88291
-96023
-16235
2311
-26797
-91809
-28489
-29553
-50383
-74098
-27500
-85084
-34608
-42319
27533
-150897
68012
-34893
-8867
-90557
-80578
18446
44243
-26182
-56758
-90879
-26330
-71676
-90847
-12664
-27972
99223
282
-16012
73750
-45401
-4190
-71261
-13082
-47480
-38094
-59011
-44464
-18633
-46042
-82309
-51730
-95666
-19873
-94880
-110729
-43787
43362
12649
76477
-66781
-87115
-38876
-3499
-51861
-50427
-40164
-17626
-62212
-9847
8747
-63681
-34611
-53465
-36363
-5980
-52868
8066
-30019
-45390
7537
-30659
38443
-88063
-47128
-40929
-48228
-2574
-11829
-28003
-8398
12037
-47317
-52259
13768
-7617
-4758
7810
-61364
-67303
-66802
-82100
-80670
-59604
-36668
-27862
-30698
-78474
-57579
-91526
-42268
-26781
-15573
-29514
-14798
-99256
-43483
-73948
-91636
19077
-130885
-12402
-60344
-30589
-71184
-50898
-63554
-42764
-31116
-90661
-80740
-27289
-73863
-13201
-54866
-14023
-86521
38749
-66206
-47079
-43213
-2946
-68944
-28791
-53750
8169
-39582
1433
-338
-20492
-35356
9759
-75103
-38480
-36154
-61120
-40942
-10020
-32358
-47909
-27202
-52664
-82701
-60773
-34052
-10509
-63458
41449
40360
-37545
-89488
-115367
-33311
-23958
-3010
-41525
-49822
4946
-48882
-57553
-91383
-34474
-33602
-66140
-36566
-90330
-29148
52461
53449
3509
5759
-33605
-34136
-53292
-42462
-62759
-32618
-23829
-75839
-18737
-73325
-10877
-90539
-73412
-63015
-45399
-42719
-46883
-28116
-48992
-35768
16921
-32921
-38446
-63840
-72515
-11096
-76434
-36668
-61437
-40643
-15027
-63626
-2805
3229
-42513
-11802
-56157
-29879
-79472
-27783
-3152
-92151
-41441
-14281
-13156
-128969
15912
-70947
-34920
76285
-21946
-40224
29673
-15546
7762
-21084
-34170
-53155
50766
-71963
-22637
19803
-72254
-34628
-61230
-24082
3728
-402
-10554
-65617
-113117
18697
27198
-89461
-25948
-55032
-42854
-97390
-64834
-37063
21073
-116014
-28128
-44187
-110210
-23446
-46279
-49622
-66289
-71020
-37702
-70723
21801
-34814
-54015
-9134
-59855
-83737
-52773
-56362
-89249
-40648
-9355
-35051
-61955
4278
86449
-20125
-53452
-7050
-53309
-65964
-59736
-108787
-58810
-84803
-41697
-4666
-39111
-85314
-43772
-63272
20284
-84292
-72883
-8435
-67006
-19031
-57596
-27188
-100806
75009
-49296
-68323
-23620
-54999
-85535
-70517
76098
-827
5249
7112
-25134
-64279
-98186
-34518
-50278
10814
-73323
-99275
-117339
-87601
67230
-3324
-69219
-43316
-24624
765
-57966
-6427
-38373
17428
5623
15279
42941
-92933
-25950
-81386
29007
-53464
-21095
13784
-78754
-69860
-56904
-59192
-35410
19653
-22911
-57700
-25565
-16602
-22714
-61648
-7648
-95280
-61840
77857
-82315
31736
-53604
-21073
44343
-40563
9769
771
24840
-84830
-57972
14590
-60118
32514
58471
-80481
-90278
-90647
-50059
63327
-18835
-14604
-78414
-55836
-70094
-11732
79748
-18328
-56481
-31809
-70679
-37904
-17297
-66681
-27796
-36297
121017
-51496
-53380
-77181
-17814
99580
-63067
-31666
-99638
-29820
-6098
12996
-46121
-65930
64323
-59441
-23240
-67558
-92300
-45863
10537
-46773
-44754
62752
21675
-54259
-25780
-15901
-40508
-76948
-3126
10581
-67465
-45279
-36564
15029
-66278
4239
-21028
-82778
-71179
35217
-66603
-45783
-138307
-29913
-33251
-14774
-103285
-5361
-85988
-55199
4831
-2708
21634
-71507
-89795
-81340
-29826
-96095
-34358
-734
-53693
-24187
20650
6836
-27538
-38298
-8344
-90698
-120581
-7168
-42418
-22379
-64805
-51633
-25811
18764
-39918
-32955
-56500
-35846
-18757
-45388
-58729
-24355
-44237
-70281
-24061
-49730
-79870
-60670
2597
-42587
28123
-49895
-22125
-42677
-32568
-19953
-47120
-5155
-43822
-58015
116302
-89825
-78551
-23551
-36117
-9154
62440
-27368
-33252
-6793
1747
-49309
-53767
-54644
-58550
-42755
-68621
-31221
-39868
-58250
-14119
-28591
67154
-113948
-91779
-2200
-89090
-39413
-4501
-57107
-67527
-46221
-43211
-52279
-24632
-73675
-26225
-48591
44936
-60794
-76758
126445
-19433
-28520
-7213
-44573
9227
-46653
-32983
-48382
-86200
13016
-9811
-3478
-46014
-17530
-27501
54605
-55249
-123960
-18904
-93041
-86103
-54800
-71874
12601
-15990
-5532
-80993
-50986
-75054
-63483
-70721
-13118
-52861
-33263
-2322
-61557
-89036
-15838
-101079
14349
-59726
-51036
-50828
-14981
79951
-56278
-39306
-71522
17204
-68914
-81771
-53458
-42375
-64225
-60013
-33394
-57719
-58916
2292
48530
35048
-26883
-14288
-36728
-51878
-22399
-23571
-126263
-25453
20979
-59159
3005
-939
-51963
-33652
-155607
-28563
-39515
-48678
116607
-52129
-50055
58471
-45106
-51275
-12515
-65332
23606
6287
-35843
-69775
-10136
-118651
-44696
-21067
-64815
-62248
-29467
3789
-10901
3580
-65960
-64359
-82202
-73300
-15810
-22317
-7089
-25965
-90474
-25105
-16606
-16894
-46847
-54475
-50383
2221
-40255
-90050
-114690
-53322
-26617
-37931
-18073
-37755
-75190
-42446
-52302
-8010
-60676
-47983
-73783
32500
-27223
-28082
-2060
-23333
-54620
43338
-118152
-45707
-7161
-20398
436
5961
-47622
-53861
-20542
-12802
-56722
19114
-10582
-79526
-100891
-2066
-37809
-4256
56878
-86587
8995
-67065
-49520
-118243
1356
6503
-41018
-52518
-42795
-61035
31828
-48033
-60129
-116994
-47983
38683
-43375
-4525
89146
-15937
-25608
-31362
-58888
-35787
-10425
70960
-69123
-88961
5626
-75708
-68903
-42174
-65923
-39833
-52068
77812
-42024
-61780
-68037
1039
-90046
-15466
-69002
-52488
-87807
-43123
-33089
-71584
-19490
-71076
108230
-70906
-77932
-2374
-34054
-68343
-48806
-32536
5599
-75940
16352
-88570
6071
-719
-31132
-80723
-109774
-462
-17755
-56294
14937
-96595
3147
-22509
-127214
-63722
1978
5731
-34414
-67051
51598
96313
-127627
52033
-111304
19042
-68422
-35296
-58857
-41303
-88529
-113450
-49982
-23964
-40314
-94283
-32803
-53028
-35024
-52865
13532
-75031
-34431
17061
-25785
-23303
-47515
-62917
-69276
3306
-62530
-71842
-6331
-18035
-62930
-101676
-6505
-81658
-23475
89807
-57512
-13839
-12115
-13861
-30040
-29277
-25901
-68928
-59294
-31224
-50780
-62889
-55567
-2823
-23299
-37112
-47290
-11781
-39333
-18852
-8786
16346
-51018
-54963
-44282
-58241
-59003
29407
-84616
-77348
-109057
-51639
-59350
-77887
-123917
10940
-71289
-57339
15515
88009
-45816
-41239
-34762
-74428
-17310
21935
-18497
-6440
-17892
-20472
21283
-44412
-34437
-108284
-37862
-45250
-43655
-10985
-53546
-34502
34133
-21589
-47899
-4464
-50698
-65259
-137337
14181
-37550
125188
-11694
-57993
-49418
27540
-56880
38457
-40509
-61908
-31639
-79877
-74123
-15955
-17276
6930
-21032
39920
-67017
-60929
-88362
-47197
-89654
14453
-21550
9636
4034
-75983
-64525
1016
-26753
-30495
9254
-16709
25604
-21197
-35643
10062
-26057
-103819
-35901
-53585
-34064
72378
47438
-84191
24425
-44018
10421
-24707
-46353
-44976
-72672
-61056
-49267
-85883
-9094
28251
-52144
23579
-22863
-36901
-57373
7460
-21589
3097
-29900
-38912
-54823
-80414
-123662
-51031
-78067
-31442
11162
-46940
-51726
-6941
-87787
-6626
36825
-1505
-6287
-42997
-30266
-67287
-48525
85433
-16874
-23905
-54391
-39626
-34765
-82964
-64999
-34261
-19762
-85659
-54016
-69530
-28304
5766
-41905
-84812
-82544
-60971
-27614
-72464
-158
-6691
-40583
-3071
-21379
-75274
-49038
-69846
7412
-27236
-52223
-484
-9747
-23441
-59775
-34859
-6697
-108124
-22267
-15552
-54865
-31026
-55443
-54042
-79669
-26653
-85338
-29194
-52874
29359
-36066
-306
-23394
-80777
-26399
-57124
16568
21207
-71933
-48044
-39224
-16753
-52484
-57178
-6733
-15452
-44848
-7825
-85941
-65179
-41219
-14779
-92012
-17670
-22601
8706
-55450
-58181
-41288
-20298
15752
24695
-45474
-44757
-47103
-79999
-6267
-69855
-59766
