306
-1615
2569
208
-1437
-974
-3734
-4862
-2049
1836
946
-5106
-3952
5101
2945
-737
594
2894
5260
-1045
872
-3526
516
2705
-4296
4238
3853
-6335
867
-4098
-2609
-621
3692
541
279
2767
2212
-2967
690
-3411
8294
2289
-166
37
-2395
2009
1642
5
-469
3028
-1026
-3504
591
2354
-1190
-680
523
678
2680
-944
4974
-361
2259
6429
-2552
737
3298
-2324
-2259
-3217
4434
8895
-3811
-2498
-7568
-2612
-6828
-5321
-1964
3365
-940
1084
-1237
3681
5489
4754
-614
3891
-3590
-4633
1639
-1539
2591
-4518
1049
-33
1689
-1195
853
-729
453
-2205
-352
666
-903
-2697
882
5913
-4333
2691
-819
-1573
1910
5548
-5748
-984
-1658
-1553
-411
1604
3330
-1
-749
1311
-998
9590
-3682
-3626
4812
-3342
4021
-829
678
3329
4301
-1048
2070
4132
982
1329
-4804
1262
-212
1098
2062
1736
4923
-2293
5035
107
1623
4052
-1018
300
-5925
-5328
-5400
-6324
-907
336
-2446
-4756
-1434
-1577
-1414
330
-1818
-802
254
759
5176
414
5875
-2024
4135
1389
3923
1415
-2774
-1453
7741
887
2452
-3470
-2241
768
-2706
-2537
1319
3276
-2826
1869
