5212
-2060
-1067
3781
1867
3568
2832
-1823
42
236
2091
-1450
483
656
2209
-3803
-6736
5594
2266
-3583
-6706
-1861
-2853
-2106
2765
8119
-250
-335
-488
6118
6078
-4529
4797
3874
9249
1915
3590
-1802
-171
-2128
-4266
10662
5784
-39
-1493
-2759
-3021
-1240
5606
-2181
2710
6563
-3297
214
6968
-1321
-678
1807
-2911
3335
4492
-1446
407
-7678
1132
-9818
1316
-6630
3671
3648
-4655
5917
-6344
1262
-1272
5140
4303
-5267
-925
-3361
553
-3507
3350
-722
6984
-3351
-974
-1419
-10505
-3665
11250
-5900
-1861
-1713
-5352
-4771
249
-3186
7992
-3215
-1664
6257
3785
10146
2247
-4037
2038
-3218
-3129
-1184
2180
859
