0.0001228136
0.00011203605
0.00013760266
0.00011005208
4.3966265e-05
0.000102857244
8.969737e-05
0.00010598868
7.9620324e-05
2.1882788e-05
3.4689496e-05
9.789722e-05
4.7247282e-05
5.9651164e-05
0.0001651736
2.6694703e-05
0.00013522731
0.00010211491
0.00014390718
0.00018649841
0.00015681975
0.0001790979
8.31397e-05
0.0002404139
0.00018061341
0.00017278754
0.00013165473
0.00016264647
0.00010623492
4.1600004e-05
0.00016475176
0.00011941994
0.000114813796
0.0001295547
3.5025238e-05
2.6661655e-05
0.00013175372
9.347281e-05
0.00016816433
0.000121148114
3.8573427e-05
2.027374e-05
8.329026e-05
6.180981e-05
4.57544e-05
7.229814e-05
0.00019167355
0.00012633472
0.00019911933
3.1892854e-05
0.00024920845
7.0390335e-05
0.00012248759
8.827934e-05
6.904497e-05
0.0002662062
5.214364e-05
3.4549135e-05
0.0002202827
0.00018193769
9.906619e-05
0.00012339314
3.920411e-05
3.5361092e-05
2.9951227e-05
1.7565688e-05
4.665692e-05
7.237378e-05
2.3168945e-05
9.8921424e-05
6.824168e-05
0.00011722757
0.00018251028
3.5102094e-05
5.0500494e-05
2.923631e-05
0.00019770162
0.00016092225
5.596374e-05
0.00030986138
3.8374914e-05
0.000110481655
0.00012918445
3.3127682e-05
7.483452e-05
5.024632e-05
0.00013180258
0.00012932414
7.7041215e-05
9.7330834e-05
5.5768985e-05
0.00016579471
0.00019069281
9.710969e-05
0.0001025921
4.078201e-05
0.00020164641
0.00011071908
0.00013774158
0.00017776112
0.0001321244
0.00021067155
1.745721e-05
0.0001150055
8.227592e-05
9.796509e-05
3.9873383e-05
0.00015768899
0.00010758167
9.005358e-05
3.514351e-05
9.6842814e-05
9.614494e-05
0.00010974941
5.2436975e-05
0.000104047
8.385386e-05
0.00025672838
2.5061396e-05
0.00017317473
4.1955056e-05
0.00016680168
2.6369782e-05
0.0002185285
0.00013718639
0.00010331429
0.00013248782
2.3217182e-05
7.676135e-05
0.00013699039
0.00014406967
0.00017231434
0.000113858805
0.00020144311
0.00013365042
4.9435155e-05
0.00018423426
3.23858e-05
5.9449314e-05
0.00017288311
7.4684554e-05
1.997921e-05
0.00017611225
4.8683774e-05
4.5834935e-05
0.00026520493
0.00016717611
6.9062335e-05
6.980735e-05
0.00010195764
5.682743e-05
2.9678853e-05
0.00013339276
3.0980438e-05
7.497141e-05
3.7923113e-05
6.77376e-05
0.000114122806
0.00012429837
0.00014502181
6.639004e-05
0.00016184496
0.000120996345
3.3970813e-05
6.977437e-05
0.00013669493
0.00013361391
0.00012049267
6.993503e-05
0.000109847504
0.00011639066
1.5789092e-05
3.5540565e-05
0.00013123224
0.00012891393
3.1151478e-05
0.000141584
8.616833e-05
0.000112209476
8.351828e-05
0.00013332306
0.00018367199
2.3481058e-05
2.6026139e-05
3.6927646e-05
0.00013342503
0.00011035485
7.69855e-05
0.00015725759
3.077008e-05
0.00020059268
0.00012136637
0.00010327966
0.0001561085
0.00011153506
6.954543e-05
0.00011820292
6.565082e-05
3.084277e-05
6.170121e-05
0.00021186023
7.7901175e-05
0.00017580169
2.2888335e-05
9.133033e-05
0.00014279358
4.2695014e-05
0.000102465514
9.007857e-05
7.471965e-05
0.00013113562
8.813818e-05
3.2751745e-05
3.589663e-05
8.347707e-05
2.6740185e-05
0.00021017324
0.00014968148
0.00016929148
0.00010050995
0.00015600202
6.9682486e-05
0.00019319214
8.468312e-05
0.00018970083
0.0002277717
0.00013703016
8.331607e-05
7.025848e-05
4.9613594e-05
0.00014873368
0.00017715439
2.2203078e-05
6.0146696e-05
0.00014248538
8.074217e-05
2.6143856e-05
3.8704115e-05
0.00012085622
0.00010206627
8.322685e-05
8.587791e-05
2.8904165e-05
3.4070916e-05
4.987322e-05
4.2419666e-05
0.000120448676
7.158262e-05
4.2008454e-05
0.000128837
2.6131604e-05
0.00010414296
5.6890607e-05
8.0030346e-05
2.837755e-05
7.234844e-05
0.00014446778
0.0001023156
4.6817997e-05
4.2571937e-05
0.000101505066
5.9301667e-05
7.9041536e-05
5.9917238e-05
0.00011265686
0.00017448951
0.00011329109
4.7064164e-05
8.712554e-05
0.00013653118
0.0001411223
4.7998998e-05
8.378871e-05
0.00013888972
0.00011611219
8.874863e-05
0.00013381895
0.0002011654
3.6361394e-05
8.442956e-05
6.6357294e-05
5.9367576e-05
0.00011945681
4.40891e-05
0.00012215349
4.7283807e-05
0.0001452282
7.178057e-05
3.6702822e-05
8.122268e-05
5.993817e-05
6.571432e-05
3.1730702e-05
0.00010642272
0.000104974526
0.00013708201
0.00027466804
0.00012827656
0.00012880296
8.052427e-05
5.11852e-05
4.0997522e-05
2.5637644e-05
5.9996557e-05
0.00011439783
0.00011181985
4.8386937e-05
0.00013770792
0.00020833792
0.00011656051
8.26769e-05
0.00017994117
9.2331116e-05
9.657931e-05
0.00012402445
0.00012359547
8.9050234e-05
0.00014683817
3.70172e-05
7.903895e-05
0.00011183892
6.677834e-05
0.00013708447
3.4937533e-05
0.00013484697
3.8964303e-05
0.0001263365
2.9182245e-05
0.00015396424
3.574836e-05
0.00015444244
3.156336e-05
2.2409726e-05
0.00013578177
9.0559435e-05
0.00010713845
0.0002045858
3.322509e-05
0.0001885572
0.00016655118
0.00026579283
0.00021118739
2.8337585e-05
0.00023303057
0.00016951562
2.9203735e-05
7.525339e-05
3.435611e-05
0.00013930543
4.8395013e-05
0.0001286602
0.000102359365
1.6448705e-05
0.00013361833
9.830001e-05
9.5152005e-05
9.24932e-05
0.00018225344
6.1166415e-05
0.000111624635
7.344758e-05
0.00024708387
0.00013393874
0.00014795073
0.000102953745
2.118463e-05
0.00011258337
0.00021223613
0.00014068984
0.00011597932
8.2463535e-05
0.00014245266
2.4335264e-05
0.00012422985
8.5627325e-05
0.00012775477
4.868895e-05
0.00027388855
2.5819667e-05
4.7439433e-05
6.004645e-05
0.0002087162
0.00019362065
3.1383304e-05
2.6281601e-05
0.0001575401
9.42586e-05
9.020767e-05
0.00014500543
2.3533192e-05
6.235992e-05
0.00020611161
2.4714194e-05
0.00010799087
0.00021832042
2.0230953e-05
0.00015198518
0.00015897767
8.3535626e-05
0.00021982855
0.00018313841
5.987709e-05
2.4663801e-05
5.7405396e-05
0.00030899153
0.00010869333
0.00015921511
3.744922e-05
2.1281838e-05
8.372965e-05
9.900998e-05
3.6712554e-05
1.7413928e-05
0.00010089203
0.00013653225
9.962717e-05
0.0003375322
0.00018017406
4.264582e-05
2.9857914e-05
7.744992e-05
7.212651e-05
6.7730274e-05
7.360581e-05
9.015386e-05
7.749119e-05
9.437426e-05
0.00015890735
0.00013919565
0.00018522472
0.0001656304
8.69022e-05
0.00011738312
2.8781193e-05
0.00017330587
1.688144e-05
4.6665384e-05
0.00011235147
0.00011120955
0.00014875937
2.6192662e-05
0.00011684991
9.699443e-05
0.00015883749
0.00012550187
0.00019842919
0.00017884871
3.0242843e-05
4.7343798e-05
6.93982e-05
3.3059998e-05
0.00014209244
7.986512e-05
8.6261534e-05
0.00014224112
0.00020464566
0.00014369343
7.770089e-05
6.4431035e-05
8.080728e-05
6.1750696e-05
4.0815456e-05
3.6976697e-05
8.29879e-05
8.364274e-05
6.742833e-05
6.455581e-05
5.3367723e-05
3.3954075e-05
6.542052e-05
7.9221434e-05
0.00017558105
0.00020996819
0.00017020444
2.464541e-05
0.00016080288
0.0001283681
2.4664118e-05
3.8349208e-05
8.2745435e-05
0.00011380415
8.684386e-05
9.998174e-05
0.00013095312
4.6901012e-05
2.81924e-05
5.5039694e-05
0.00012631556
0.000121555626
0.00020094553
0.00017835031
0.00011108356
3.0490282e-05
0.000110031026
0.00010356891
8.5032596e-05
4.1519168e-05
6.53305e-05
4.2435764e-05
0.00010739153
5.2625113e-05
0.00013351392
6.325859e-05
0.0002729946
0.000155437
0.000106662046
0.00010194766
0.00015885322
0.00020891713
4.1315896e-05
6.497458e-05
2.7880955e-05
0.00011315041
0.00015625307
0.00012208192
0.00014380676
4.224825e-05
0.00011427095
6.3959575e-05
0.00012834187
3.5678037e-05
3.2388863e-05
9.220273e-05
4.5962755e-05
3.0031255e-05
5.6846042e-05
9.357556e-05
4.1921176e-05
6.678998e-05
2.2747323e-05
8.186719e-05
0.00017436835
3.644997e-05
8.4819425e-05
0.00014589209
4.1592237e-05
9.784254e-05
9.288761e-05
0.00016639962
2.4238678e-05
3.748064e-05
4.486649e-05
9.528835e-05
0.00014170358
0.00011675114
0.00013558814
0.00013415421
8.2433864e-05
0.00012447107
0.000116568444
2.4020754e-05
2.2702887e-05
5.9674865e-05
2.3183666e-05
0.00024868984
9.2359434e-05
0.00017430421
6.217684e-05
2.604248e-05
2.3623374e-05
2.0165053e-05
0.00016736561
7.134593e-05
4.469947e-05
4.5788314e-05
3.0255453e-05
2.5668336e-05
0.00012256394
0.00014688606
9.171745e-05
3.6671125e-05
8.617408e-05
0.00012153656
6.61582e-05
2.3633225e-05
0.00016193802
0.00011097754
7.119797e-05
7.237859e-05
0.00012497041
6.521569e-05
0.00011212373
3.7811875e-05
3.2195825e-05
7.034827e-05
2.6957588e-05
0.00014139646
3.2822198e-05
0.00020570416
2.8803863e-05
9.9219105e-05
0.00015829553
8.777198e-05
0.000110890294
6.029633e-05
0.0001201984
0.00011255152
4.4060303e-05
0.0001033318
0.000110155626
4.2929958e-05
2.6511518e-05
8.81284e-05
0.00010197232
8.291538e-05
2.5306621e-05
2.557893e-05
3.0066401e-05
7.211415e-05
8.4012354e-05
0.00010678864
0.00012862333
6.70472e-05
0.00011220765
0.0001870798
0.00010377125
1.8699697e-05
0.00013382289
0.00013385047
0.00016891156
4.8097183e-05
3.7537655e-05
5.3525375e-05
0.00010574472
4.908604e-05
7.156895e-05
0.00019071644
0.00012981186
4.28322e-05
3.93696e-05
0.00013094289
0.000118227705
8.642127e-05
7.356531e-05
5.292937e-05
2.8791452e-05
4.614122e-05
5.2587468e-05
0.00014232167
7.354478e-05
5.554917e-05
8.7529275e-05
0.00011801106
0.00019545277
7.3086834e-05
0.00011915533
5.794097e-05
5.7627145e-05
0.0002511901
5.5738026e-05
4.5123816e-05
7.966655e-05
0.00014601272
6.9674585e-05
6.469131e-05
0.00010499956
0.00013208325
5.8490026e-05
5.474006e-05
7.364806e-05
0.00028762457
7.332764e-05
0.00012942498
0.00013151248
5.3613418e-05
0.00026520272
4.3629843e-05
4.5631758e-05
7.5033495e-05
0.00014623036
0.00012855933
8.413569e-05
