1289005067
1477075523
1171532894
1140298846
1564998764
1144475027
1273239836
1118776107
1120896952
1280329246
2048221948
1364878836
1689632846
1728267770
1440023593
1680504638
1219585904
1508079091
1123481204
1126595260
1934080190
1404521225
1660509676
2100384576
1095016465
1512298478
1906169901
1128466752
1169733272
1234596847
1304094357
1153272820
1266920995
1720808307
1309612047
1085041951
1743296913
1201334825
1709650656
1247682197
1622115098
1401401599
1566509019
1352898565
2127057099
1119091123
1352508154
1441423090
1684118335
2051299904
1579550335
1840005114
1187154806
2009591342
1104554574
1907424998
1910342154
1797960500
1825149274
1130592802
1106745177
1733006556
2050276697
1624862339
1460932834
2141352553
1911901131
1176918298
1459470511
1867213617
1300094837
1963273041
1603055012
1952427995
1509479666
1380127996
1256548256
1218020480
1073764472
1822450545
1232499731
1848550449
1602798476
1206452119
1141704699
1650825219
1978720391
1421939281
1239548634
1448278930
1920541932
1389322257
1343943960
1201807180
1417551358
2071512905
1380430107
1947042021
1194016463
1119268684
1528575882
1899071196
1450569168
1512404019
1106035175
1355832302
1353011674
1661973936
1080826912
1388939042
1438898383
1827823776
2027804282
2015201800
1454413495
1695656743
1894316938
1506965814
1324897139
1389262681
1133378002
1591937718
1330301150
1540199772
1630926863
1617861860
1109137057
1815724352
2009742338
1232982881
1100965074
2051381099
1742839849
1216546266
1752495762
1899214995
1089540422
1322375059
1461313530
2111018181
1381532050
1825584630
1110459527
1873578932
1601788521
2098895730
1336100533
2038021061
1195943934
1623475016
1082488581
1981522981
1946458038
1901921640
1694610479
1472775511
2068954138
1339138131
1476985334
1349265404
1363975862
1647482212
1636709425
1477461437
1714574918
1295494633
1133200501
1988854355
1186252791
1427239952
1161257769
1140281276
1966266145
1263815574
1745740545
1830295592
2118029694
1513288673
1912167322
2137523337
1515175786
1732981070
1111354616
1530041941
1084550916
1173041949
1576598572
1364795963
1258464291
1338330804
1521823124
1421307415
1953322694
2138773337
2068787521
1245078287
2128259245
1420223162
1835632963
2103585703
1903566758
1459308253
1184622034
1345225442
1272314614
1218689538
1623112219
1601957866
1729160730
1293054479
1090197744
2071326505
1404134352
1482108505
2106820412
1378779100
1676044456
1391910198
1718690743
1438158248
1666659712
2055975006
1994810640
1972682852
2068601295
1364188982
1380927349
1961716193
1414760101
1826900773
2139176731
1403531570
2107514043
1587328339
1278920647
2001736581
1164283974
1806363175
1294006686
1405846093
1678885485
1954456179
1753247441
1222915059
1863069728
1712601543
1758574317
1480127334
1143707037
1821488624
1421851250
1481033967
1261509985
1683185677
1674439155
1365278692
1676464941
1310853352
1963375314
1641598247
1644853494
1990053444
1624644151
1824587628
1321887472
1691248462
1350734107
1150567256
1186271036
1644265973
1777552909
1657039539
1868230587
1631273169
1515955080
1089931913
1127121646
1144449482
1604525029
1182789946
1552125594
1562260398
1516686340
1341878357
1463771734
1350108868
1566129491
1091525520
1602789601
2138951737
1349819518
1236559878
1471624756
1203082126
1778557466
1116615050
1372585360
1556447673
1648167208
1319706494
1891856816
1105791291
1695848785
1909494858
1079772702
1832461315
1197917039
1837091106
1439272094
1600264565
1839060883
2125758646
1405250207
1217107372
1403857967
1793189272
1169176874
1785979300
1327686405
1981034255
1673444552
1353403722
1373576965
1661676323
1322597864
1625753440
1098127763
1168596609
1369019817
1096534215
1989978006
1456042542
1132307781
1283203232
1485074744
1100782026
1179787332
1109637357
1966798347
1139076101
2078562437
1829306746
1207449900
1481547939
2096331925
2130819691
1928971891
1239913560
1107039192
1101313449
1171422736
1926221351
1130461355
1461469683
1706357420
1813337449
1105040272
1328386333
1801315921
1544131470
2126254928
2084361669
1984177215
1239911881
1449270115
1273480241
2033814117
1557072703
2084493415
2017828269
1232064555
1910100459
1306378897
1473768645
1452691619
1834972013
1236845378
1313586081
1919926197
2002096379
2003793309
1390219757
1686240426
1341100952
