-125
-128
-128
-80
-109
-126
-120
-121
-102
-112
-126
-111
-76
-110
-124
-115
-98
-97
-92
-119
-86
-106
-116
-128
-50
-125
-123
-125
-102
-117
-98
-121
-128
-112
-123
-116
-118
-121
-115
-116
-128
-80
-127
-126
-128
-98
-120
-125
-121
-109
-121
-111
-114
-123
-126
-116
-123
-108
-124
-115
-121
-106
-120
-96
-115
-104
-117
-124
-92
-124
-124
-125
-94
-115
-127
-112
-117
-125
-128
-128
-121
-119
-119
-123
-115
-127
-100
-122
-127
-100
-116
-108
-122
-128
-108
-126
-120
-128
-119
-122
-106
-67
-103
-128
-115
-93
-102
-113
-111
-126
-109
-125
-121
-125
-111
-110
-124
-128
-117
-103
-127
-124
-124
-106
-101
-125
-116
-127
-96
-121
-95
-128
-99
-111
-113
-88
-117
-127
-120
-106
-120
-98
-118
-128
-113
-102
-112
-116
-117
-121
-116
-108
-115
-123
-125
-128
-85
-124
-128
-105
-107
-76
-127
-125
-111
-128
-121
-123
-118
-125
-125
-108
-120
-128
-120
-128
-128
-128
-111
-111
-121
-99
-122
-98
-121
-114
-97
-119
-117
-108
-77
-128
-117
-123
-117
-118
-112
-113
-124
-123
-104
-125
-123
-119
-127
-122
-128
-94
-96
-118
-120
-109
-108
-103
-122
-128
-128
-123
-96
-127
-113
-116
-124
-106
-127
-126
-105
-120
-97
-121
-126
-127
-115
-127
-71
-93
-99
-121
-114
-128
-118
-104
-121
-117
-123
-125
-123
-116
-100
-127
-121
-119
-116
-125
-116
-94
-90
-128
-107
-111
-116
-114
-108
-107
-122
-128
-117
-119
-93
-119
-113
-124
-126
-111
-122
-125
-116
-99
-122
-123
-116
-128
-92
-118
-91
-122
-119
-120
-124
-114
-127
-120
-110
-127
-117
-100
-95
-128
-114
-124
-108
-124
-124
-118
-104
-125
-122
-120
-102
-125
-111
-116
-109
-126
-117
-107
-128
-124
-116
-121
-113
-105
-119
-116
-119
-120
-121
-115
-110
-126
-93
-84
-125
-108
-114
-128
-120
-119
-117
-116
-120
-96
-118
-110
-118
-120
-106
-126
-106
-124
-108
-120
-119
-116
-112
-115
-94
-115
-126
-104
-102
-123
-77
-95
-125
-123
-107
-120
-77
-116
-122
-128
-117
-100
-102
-92
-99
-118
-103
-119
-115
-119
-122
-113
-114
-122
-104
-115
-128
-126
-119
-128
-123
-105
-119
-105
-125
-126
-121
-122
-122
-119
-102
-103
-115
-95
-123
-121
-125
-116
-125
-103
-127
-98
-128
-125
-105
-119
-128
-127
-128
-77
-124
2
-97
-98
-128
-100
-97
-128
-108
-127
-106
-117
-104
-125
-115
-119
-119
-124
-126
-105
-111
-115
-116
-119
-121
-122
-124
-128
-119
-128
-64
-98
-119
-128
-112
-79
-100
-122
-110
-128
-96
-116
-96
-117
-97
-125
-117
-110
-100
-98
-128
-127
-101
-103
-126
-128
-101
-115
-117
-125
-116
-97
-128
-106
-103
-120
-113
-104
-128
-118
-113
-126
-113
-109
-106
-124
-123
-122
-119
-111
-126
-116
-126
-127
-121
-101
-126
-128
-117
-115
-92
-123
-121
-128
-128
-116
-104
-110
-97
-105
-122
-128
-115
-126
-120
-115
-115
-125
-123
-125
-94
-117
-104
-125
-127
-122
-109
-126
-124
-110
-104
-107
-109
-118
-93
-118
-122
-126
-115
-127
-128
-121
-123
-104
-116
-109
-106
-117
-117
-115
-115
-99
-128
-118
-126
-119
-116
-117
-122
-117
-102
-124
-111
-119
-126
-116
-122
-99
-121
-128
-116
-128
-119
-107
-103
-111
-81
-128
-109
-114
-127
-121
-115
-126
-109
-113
-119
-128
-84
-102
-128
-93
-114
-107
-115
-127
-127
-95
-90
-96
-125
-119
-117
-112
-118
-104
-116
-97
-125
-120
-94
-124
-79
-117
-125
-93
-125
-98
-122
-113
-123
-124
-38
-128
-99
-125
-122
-121
-102
-114
-121
-102
-102
-122
-110
-128
-117
-121
-128
-125
-114
-128
-117
-124
-128
-126
-103
-88
-118
-110
-120
-98
-52
-121
-117
-85
-113
-116
-128
-115
