-3452
-9567
-10730
-845
-733
-13981
-7941
-6385
-6918
-12161
-8477
-2710
1679
-11208
-10681
-3387
-10540
-382
-11431
-9135
-12631
-9544
2780
897
-12749
-3748
-7868
-12489
-11558
117
11533
-7414
-8354
-10485
2767
-3082
-1735
-7095
-1534
-7907
-6559
-6128
-10626
-12073
14586
-10178
-11190
1180
-11829
1501
553
-13389
-3664
-7462
-7342
-2919
3276
-7818
-219
-7605
-8397
-4247
-9477
-5809
-4084
-2037
-2564
-7853
-6776
-7290
-992
-8471
-827
-3056
-8936
-3363
-9594
-8942
-6313
-10190
-10282
-6154
-9501
-5075
-10421
-1782
-11287
-6451
-3817
-8374
4582
-7737
-6451
7290
790
-7615
1025
-8731
4922
-9048
-8223
-4465
-11135
-2539
-6930
-1548
-1144
-5430
-256
-13901
-2103
-9750
-3883
-7959
-8899
-3454
-4379
-4705
-533
-7342
9249
-10571
-5450
-15852
-3451
1340
-6465
5074
-9736
-8398
-13778
3487
-11917
-2952
-5148
-2881
-5124
-1186
-6216
-12562
-10262
-7799
12481
-4944
-3594
-8447
-8227
8289
7327
10525
-5714
-10220
-8355
-9853
4315
1094
-9640
-5770
-10333
-7731
-8480
1651
-11166
-582
-5343
-4735
-12192
-10449
-8471
-14067
-6284
-10866
-6082
1909
-618
-11091
-6682
-12048
6416
-4486
-242
-8668
-7932
-7454
-9454
-6349
-541
-4239
-3729
1731
8956
-7429
-4178
-4535
-5909
1055
-8656
-10789
-4001
-11825
-4564
-13458
3194
-4953
-970
-8046
-10029
-9038
-5636
-6765
-8029
-12429
-7734
510
-12539
2830
-2471
-10146
-2218
-13848
-8258
-4158
-6778
-4571
766
4188
-5139
9278
-8352
-11922
-2833
-10064
15824
-11963
-1058
3677
-6087
-5878
-8783
20003
-14802
-7525
-3001
-14366
3597
-25
-8560
-8747
-7981
393
-10581
-1562
-8584
-9600
-75
2788
462
-12235
-3908
-10929
-5890
-4407
-9001
-6430
-11017
-6178
-2648
-10634
-15497
-9365
-10147
-5789
-9293
-1472
-2389
-2142
9097
-9568
-2844
11243
-2379
-10767
-9532
14837
-6435
-11773
-5915
-8781
14214
-4278
-2545
-2583
-7368
6546
-10412
-5942
436
2021
-1882
-8550
-1234
-1248
4085
-5502
2973
-8455
-2787
2903
-8908
-6448
1777
5324
-4259
-871
-10501
-5902
141
-4884
-506
594
-12328
-4931
-3530
-9418
164
602
-10880
-13012
-10832
-657
-2864
-15331
-1914
-519
-10651
-10691
-6042
-4431
-7414
-7952
-7890
-9183
-14902
-1895
-8442
-6562
-6688
-4820
-14574
-9810
890
-7744
-15265
-7031
-18292
-7580
-12485
-6377
-7626
-11667
-9236
-4487
1658
1580
-1494
-3719
-3243
-3435
9992
-7293
-6992
-6309
-5697
-2153
-4963
700
-6987
-8234
-17878
-9750
-2645
-13624
-6520
-4929
-9416
2801
-4479
-1106
-11355
3699
-7190
-7314
-338
-8731
-10862
8960
-28
-7265
250
-344
-9011
-10978
-13748
-2956
-9602
-2015
-2556
-8578
-10319
-468
-4302
-9233
-8117
-3719
-1446
-1908
-7559
-6497
-10421
-1469
10941
3869
8071
-8982
-3874
-11511
9996
-8893
-7598
-9257
-6263
-8259
-4248
563
-1304
-1025
-8821
-10116
-3012
-1905
636
-8578
-3198
-4923
-5578
8859
5315
-5368
-8765
-3654
-8132
4961
5698
-1489
5741
-11823
-3317
1349
-8345
-3129
-1337
-10880
-11225
-7838
226
-4687
-5246
-2755
-12531
-9610
-10787
-2404
2737
-2270
-7999
-80
-2616
-961
-6365
-8235
12461
-6305
2704
-2201
-7156
-5590
-3540
7969
-2468
7300
-8449
-8033
9776
1867
1677
-14926
-218
-6184
-11465
-2052
-6952
-7229
-2683
-11354
-1291
-290
27389
6255
-6591
-784
-8990
-1879
771
-931
-5711
-10947
-7037
-3417
-4784
20166
-2941
-6449
-2839
1508
-9512
-6792
-12096
-5931
-5974
3279
-5822
3061
-9621
-14327
2129
19871
-3607
-6167
-5270
-3218
772
-13483
459
-7741
-5991
-11373
-2859
-3090
-6319
-6259
-1164
-4198
-8960
765
-4075
-7018
-11844
-9037
4646
-18221
-6774
-9022
-668
-11747
-9060
-8286
-6665
-7192
-6713
-11377
-4122
-762
-890
-6417
-1187
-6638
1815
-10467
-3331
-10844
-10718
-7887
-2244
-8082
-5525
9307
11104
-8855
-7174
-10854
-2593
-2033
-4084
-7347
-7456
-764
2340
-2555
-4489
-8418
4686
-8858
-4939
-4976
-1638
-14596
-1585
-8494
7816
-11349
-9254
-3598
-4455
-9998
1193
-1534
-13398
3036
-8518
-7580
-8695
-12283
-10639
-4561
-11040
-13281
-11582
-3440
-10386
-5681
-15496
-4051
-148
7548
769
4289
-1402
2610
-7932
7964
-7411
-2138
-10310
-10160
-8760
-12093
-3488
-10384
-2493
-9277
-4675
3501
29204
-1048
-7077
1669
-5064
-8694
-8727
-36
-8094
-10291
-3865
-7463
-8807
2609
-7829
-747
-7617
-8814
-10297
15876
-4454
-12780
-1894
-11512
-3354
-3844
-8801
-608
-192
-5983
-7565
-8582
-8570
-8246
-8918
-4533
22223
-8057
-1410
-6762
2013
-5113
2380
-13167
-3104
3215
-9182
8028
-9153
8231
-11040
-6637
-3184
-3318
-4613
3744
-7883
-9497
-2459
-8406
-7158
942
-5966
28446
-4502
-1725
-14206
-3810
-9594
-8902
-6998
-6122
-7625
-4435
-10371
-2790
-1546
-8076
-4433
-8642
-6665
-937
2521
-11603
-4581
-8671
-5158
527
-9758
-3592
4111
5681
-3359
-4652
3771
-8107
-9551
-3354
-5134
-11706
-5140
-3863
-10545
-4891
-5559
-7904
-7181
-7191
1778
-6699
-3142
-2504
-2403
-7759
-7626
-8763
-14692
-3694
157
2057
-5245
-8399
-8520
-11435
-767
-9980
802
-2181
-4896
-11028
-3830
-5311
-4117
-359
-10854
-5877
-12317
-4720
-11198
-9607
-1322
-8298
-8786
-8982
-8707
-1312
-13345
-5203
-7403
-8615
1193
1320
-586
-2034
-2411
-3894
-7809
-7155
-13886
-3092
-701
-7661
-2260
-4379
-7596
-8986
38
-6884
-6019
-12923
783
-8646
-13087
142
-1105
-9000
-13756
-6151
-5220
-6083
-2523
-9842
-9729
-6666
-3295
-11672
-4570
-7369
-1877
-4666
-8716
-2940
-3052
-1975
-8346
632
-12548
-727
-12348
7628
-6553
-7418
7433
-3164
-11133
6427
-3820
11385
-10176
-4689
535
-8322
-6669
-5682
-3744
1959
-932
-10702
-852
-5347
-2936
-5771
-7451
-10722
-6105
-4388
-7447
3220
3857
3629
-8393
-757
-16028
-975
560
210
-14524
2644
-7513
2698
-10744
-8635
-6753
-10202
21955
-2094
-7158
-1172
-1952
-9539
-8190
320
-8921
-8021
3329
-1990
677
283
-144
-5505
-10916
-113
-11754
-5796
-841
-3322
-296
-3619
-3063
-8747
-4485
-2193
-1939
1827
-2568
-9833
-10267
18726
-8512
15388
-10958
-11829
405
-11066
-5237
-13918
-9176
4786
-8714
-5066
-2849
-12981
-7909
-3442
-3183
-1542
-6567
-5306
-5318
-9439
-3381
-5569
-4335
-16936
1101
2058
-10563
-3874
-11626
-10817
-12925
29235
-11789
-9165
-2788
-1057
-1816
-6607
-1903
-7184
-7975
-8946
-1913
370
950
-1182
-6894
-3488
1133
-9774
4038
-7337
-8651
10378
-1263
-6238
-9317
349
-2506
1740
7620
-6541
-3808
-10257
3720
-10763
-5844
7772
-4534
9000
-5410
-716
-5034
-5523
-9231
-273
11259
-108
-10088
-847
-8860
-3919
-9854
-4610
-10272
-8003
252
-6087
-4361
-12314
6276
-10918
-3905
-9817
-1856
-12286
-5573
-7012
-6432
-11157
-4973
-8960
-86
-11681
-9455
-11950
1657
-6193
-6978
-6138
-4668
-11408
-6563
-4480
-4492
-9636
-7657
7585
-13144
-3430
-3921
-10382
-931
-2123
-7030
1757
-7888
-6141
-9918
-11579
-2820
-3625
233
-2626
-4782
-5239
-10435
-8050
18806
-6752
-9355
-13807
-10968
-4814
-6428
-7966
-13668
-13583
-8831
11346
-12054
-4662
-4934
-7358
2074
-14006
-7540
-4226
-10340
-3028
5246
-9400
-10329
-5282
-10613
-10501
-3019
-4982
-11384
4667
-8698
-1854
-7780
-5347
-2691
-9847
-12916
-5241
4560
-768
620
-6658
5414
999
-10336
-10917
4116
7601
-6002
-8712
598
-2658
-3612
18468
-9647
-9717
-6391
6537
1308
927
-7287
2437
-4268
-13205
-8250
-348
-3512
-10316
-12371
-9083
-3532
-1740
7783
-7162
-13317
-11183
-10291
-4928
-12624
-11800
