0.00029893
0.00040061
0.00019596
0.00027306
0.00031937
0.00027748
0.00029442
0.00016596
0.00030166
0.00021235
0.00030818
0.00033510
0.00021741
0.00036125
0.00029229
0.00022490
0.00046672
0.00015640
0.00037510
0.00044492
0.00033029
0.00029013
0.00007564
0.00041104
0.00027247
0.00025308
0.00030137
0.00021164
0.00032189
0.00035393
0.00013672
0.00032618
0.00021033
0.00026493
0.00013383
0.00016577
0.00032439
0.00026167
0.00006382
0.00033730
0.00022414
0.00028684
0.00026067
0.00031414
0.00019979
0.00028083
0.00032480
0.00007601
0.00031122
0.00006938
0.00008733
0.00037309
0.00016855
0.00026321
0.00040797
0.00008173
0.00030507
0.00027100
0.00029133
0.00033836
0.00036929
0.00030223
0.00032147
0.00020030
0.00007010
0.00025648
0.00015738
0.00029780
0.00027530
0.00031672
0.00029140
0.00038631
0.00024205
0.00043348
0.00037012
0.00030682
0.00025927
0.00030113
0.00030797
0.00025530
0.00030705
0.00030845
0.00024942
0.00026270
0.00026886
0.00023077
0.00030178
0.00046862
0.00008568
0.00021062
0.00019165
0.00036751
0.00022984
0.00024453
0.00029597
0.00046289
0.00010266
0.00031348
0.00010580
0.00026757
0.00042519
0.00016479
0.00036164
0.00007257
0.00028214
0.00019704
0.00030892
0.00022011
0.00008960
0.00026067
0.00036116
0.00041427
0.00040510
0.00030195
0.00037613
0.00019053
0.00032054
0.00026971
0.00009641
0.00034010
0.00019718
0.00040171
0.00028889
0.00027214
0.00026582
0.00010830
0.00027924
0.00014986
0.00026878
0.00036353
0.00026756
0.00022616
0.00027558
0.00024602
0.00028112
0.00032318
0.00034576
0.00030069
0.00029328
0.00025207
0.00023080
0.00028830
0.00015509
0.00024496
0.00028212
0.00027386
0.00034214
0.00013122
0.00028273
0.00006737
0.00033861
0.00029016
0.00032119
0.00038600
0.00038921
0.00045120
0.00026628
0.00014488
0.00031994
0.00035334
0.00026763
0.00008522
0.00032761
0.00018808
0.00031872
0.00024090
0.00027229
0.00041110
0.00028299
0.00030416
0.00023570
0.00034227
0.00025492
0.00009742
0.00031296
0.00036968
0.00027635
0.00022402
0.00016975
0.00012102
0.00026841
0.00035353
0.00025945
0.00027629
0.00035518
0.00038991
0.00008352
0.00029601
0.00025794
0.00023695
0.00013027
0.00024156
0.00016287
0.00020257
0.00032191
0.00008064
0.00028668
0.00027564
0.00014322
0.00027102
0.00022174
0.00030334
0.00025092
0.00016245
0.00022751
0.00027081
0.00028395
0.00030760
0.00027462
0.00031717
0.00024044
0.00025627
0.00016797
0.00019776
0.00031544
0.00009046
0.00019313
0.00040683
0.00023191
0.00036669
0.00042466
0.00030889
0.00028975
0.00026831
0.00048542
0.00017822
0.00033026
0.00006544
0.00023706
0.00034896
0.00010565
0.00036118
0.00018681
0.00035773
0.00007933
0.00007141
0.00029125
0.00034665
0.00033467
0.00011921
0.00033127
0.00037656
0.00024866
0.00026023
0.00007517
0.00014710
0.00029754
0.00023460
0.00029557
0.00055986
0.00024998
0.00047861
0.00025522
0.00034814
0.00006428
0.00031956
0.00030034
0.00018730
0.00022877
0.00029531
0.00027016
0.00019549
0.00029015
0.00029747
0.00031415
0.00028768
0.00016730
0.00038209
0.00025958
0.00034960
0.00023536
0.00032472
0.00032368
0.00021749
0.00011935
0.00022987
0.00011903
0.00029677
0.00010794
0.00009849
0.00028853
0.00032842
0.00028403
0.00016002
0.00027434
0.00034160
0.00021288
0.00025609
0.00019369
0.00046306
0.00029964
0.00030714
0.00024714
0.00008359
0.00029533
0.00044173
0.00015541
0.00020559
0.00025217
0.00026417
0.00013319
0.00009736
0.00007261
0.00040585
0.00007335
0.00027871
0.00032755
0.00006856
0.00026896
0.00018905
0.00007499
0.00021753
0.00049589
0.00013376
0.00032328
0.00017534
0.00011641
0.00029677
0.00010052
0.00009753
0.00030390
0.00017630
0.00016283
0.00037835
0.00033691
0.00006657
0.00030881
0.00036769
0.00039665
0.00007132
0.00009980
0.00026794
0.00007449
0.00033344
0.00041712
0.00034756
0.00024508
0.00036652
0.00036752
0.00027091
0.00027625
0.00034501
0.00026946
0.00024053
0.00036586
0.00033731
0.00031310
0.00025630
0.00024393
0.00033575
0.00008330
0.00032302
0.00035022
0.00021476
0.00031867
0.00039945
0.00028150
0.00025012
0.00038158
0.00046832
0.00047560
0.00030473
0.00035228
0.00010012
0.00040303
0.00028049
0.00030495
0.00019165
0.00018969
0.00034158
0.00023402
0.00032956
0.00021144
0.00025307
0.00014884
0.00019938
0.00024775
0.00030386
0.00021037
0.00032360
0.00008348
0.00033017
0.00035581
0.00034004
0.00037252
0.00017802
0.00025798
0.00023731
0.00034528
0.00007447
0.00028363
0.00029922
0.00012328
0.00031792
0.00035577
0.00012008
0.00005747
0.00027202
0.00034123
0.00042850
0.00034638
0.00023971
0.00027687
0.00028625
0.00018682
0.00017547
0.00029871
0.00038610
0.00027205
0.00033461
0.00010598
0.00023825
0.00029388
0.00025071
0.00058118
0.00013545
0.00029791
0.00031475
0.00023132
0.00024869
0.00013379
0.00008008
0.00018792
0.00035731
0.00017767
0.00033890
0.00014633
0.00025748
0.00044857
0.00021291
0.00034223
0.00019018
0.00014912
0.00047141
0.00022044
0.00008705
0.00034033
0.00025624
0.00012415
0.00011818
0.00035058
0.00028952
0.00017597
0.00023329
0.00019014
0.00009337
0.00041297
0.00017295
0.00039866
0.00022167
0.00029107
0.00019685
0.00015853
0.00035838
0.00006469
0.00035105
0.00019308
0.00007701
0.00042817
0.00052484
0.00018819
0.00039090
0.00029686
0.00024911
0.00024494
0.00043397
0.00017708
0.00024865
0.00039941
0.00031885
0.00022926
0.00030710
0.00013918
0.00046907
0.00029960
0.00064182
0.00045344
0.00019731
0.00028686
0.00034807
0.00007454
0.00025575
0.00007451
0.00041389
0.00026844
0.00028098
0.00028014
0.00005289
0.00041442
0.00011174
0.00027991
0.00026729
0.00012978
0.00009966
0.00049069
0.00030709
0.00021120
0.00032013
0.00031099
0.00015202
0.00020590
0.00038848
0.00028985
0.00035948
0.00017111
0.00024541
0.00013290
0.00024926
0.00034973
0.00100170
0.00039532
0.00022889
0.00008529
0.00032756
0.00032940
0.00028847
0.00030439
0.00014609
0.00020362
0.00022878
0.00041029
0.00020124
0.00024612
0.00009998
0.00037249
0.00019040
0.00018817
0.00048647
0.00037270
0.00036572
0.00037212
0.00025660
0.00029035
0.00027563
0.00042565
0.00014360
0.00023568
0.00027260
0.00037477
0.00024124
0.00015682
0.00030184
0.00006281
0.00017320
0.00027538
0.00030747
0.00016864
0.00012476
0.00037924
0.00027166
0.00038970
0.00029852
0.00026500
0.00011569
0.00036509
0.00042032
0.00029709
0.00023121
0.00025024
0.00025086
0.00027804
0.00023361
0.00028673
0.00026122
0.00024795
0.00023527
0.00031846
0.00019057
0.00021678
0.00029833
0.00033707
0.00025802
0.00036883
0.00024732
0.00016610
0.00034213
0.00006691
0.00032663
0.00033583
0.00031426
0.00034027
0.00030026
0.00015889
0.00024312
0.00028167
0.00024246
0.00007353
0.00027699
0.00030721
0.00033570
0.00019085
0.00028269
0.00031858
0.00021850
0.00016285
0.00007054
0.00021039
0.00026619
0.00030948
0.00026193
0.00020597
0.00026746
0.00028804
0.00021023
0.00019705
0.00023541
0.00031805
0.00031825
0.00009352
0.00017148
0.00034527
0.00021429
0.00038735
0.00029690
0.00008206
0.00049608
0.00023792
0.00008422
0.00028668
0.00041933
0.00023399
0.00026924
0.00029761
0.00026096
0.00023266
0.00025865
0.00028010
0.00048211
0.00024130
0.00038567
0.00037284
0.00020472
0.00018161
0.00023417
0.00011462
0.00030040
0.00018491
0.00005926
0.00032317
0.00046135
0.00033062
0.00027524
0.00026354
0.00028965
0.00035726
0.00037433
0.00023219
0.00023610
0.00017677
0.00032841
0.00026853
0.00008417
0.00007681
0.00008937
0.00032814
0.00009503
0.00025623
0.00026735
0.00016288
0.00031845
0.00037237
0.00035875
0.00011141
0.00029010
0.00022585
0.00014483
0.00031899
0.00036281
0.00038198
0.00020160
0.00027788
0.00016661
0.00007480
0.00033346
0.00010680
0.00027699
0.00022538
0.00032723
0.00033487
0.00038158
0.00012956
0.00032882
0.00031104
0.00026787
0.00028489
0.00028388
0.00027961
0.00028915
0.00011527
0.00026828
0.00010944
0.00016871
0.00011938
0.00033591
0.00008552
0.00026173
0.00021832
0.00006689
0.00033884
0.00009741
0.00037118
0.00025581
0.00025432
0.00027912
0.00009732
0.00024565
0.00017742
0.00006152
0.00023831
0.00034020
0.00034832
0.00035226
0.00019838
0.00037552
0.00025360
0.00011217
0.00028272
0.00015474
0.00020916
0.00031452
0.00037134
0.00034862
0.00028279
0.00033878
0.00024641
0.00024730
0.00023084
0.00021848
0.00025046
0.00034606
0.00027074
0.00029574
0.00033554
0.00008283
0.00006287
0.00025293
0.00046753
0.00022579
0.00015798
0.00010406
0.00026289
0.00020544
0.00016612
0.00021816
0.00027764
0.00023199
0.00041096
0.00033718
0.00026009
0.00050551
0.00025659
0.00032138
0.00030549
0.00030501
0.00034166
0.00028158
0.00022512
0.00023942
0.00021860
0.00031301
0.00005075
0.00037434
0.00021031
0.00017032
0.00010672
0.00030561
0.00028893
0.00028666
0.00023663
0.00009750
0.00026523
0.00031076
0.00023841
0.00027969
0.00023457
0.00038228
0.00018034
0.00025742
0.00007659
0.00023184
0.00026222
0.00032085
0.00011379
0.00025304
0.00029204
0.00009039
0.00040239
0.00027285
0.00034436
0.00023693
0.00033633
0.00025287
0.00031408
0.00026744
0.00026751
0.00027580
0.00029876
0.00007721
0.00031711
0.00023429
0.00029645
0.00027833
0.00007738
0.00012268
0.00019915
0.00006869
0.00010253
0.00026118
0.00036977
0.00039913
0.00031180
0.00019619
0.00008261
0.00031620
0.00025224
0.00012751
0.00026040
0.00034059
0.00018551
0.00032173
0.00023178
0.00025392
0.00006174
0.00022478
0.00030267
0.00018948
0.00027216
0.00038477
0.00032354
0.00038404
0.00033828
0.00031855
0.00017779
0.00019890
0.00039005
0.00053864
0.00017273
0.00025974
0.00014964
0.00027284
0.00012535
0.00029186
0.00035195
0.00039479
0.00014144
0.00011179
0.00051536
0.00006620
0.00032475
0.00007864
0.00017456
0.00022625
0.00025047
0.00028929
0.00015780
0.00017760
0.00027839
0.00007388
0.00023360
0.00007785
0.00019011
0.00020046
0.00021980
0.00024839
0.00019171
0.00011009
0.00020536
0.00031847
0.00007445
0.00027205
0.00008189
0.00030151
0.00009411
0.00022452
0.00035974
0.00030718
0.00025546
0.00036427
0.00051326
0.00010193
0.00023938
0.00018601
0.00025332
0.00027752
0.00027493
0.00009989
0.00030461
0.00009632
0.00035213
0.00013486
0.00045109
0.00016428
0.00018452
0.00023436
0.00031879
0.00026482
0.00016312
0.00029486
0.00020809
0.00007683
0.00022972
0.00022312
0.00030198
0.00011037
0.00028899
0.00029965
0.00010956
0.00029184
0.00007161
0.00018980
0.00009258
0.00011633
0.00030978
0.00007487
0.00031330
0.00029115
0.00050338
0.00028283
0.00014863
0.00036912
0.00013330
0.00029468
0.00029596
0.00017498
0.00013635
0.00020652
0.00046857
0.00026217
0.00032239
0.00011184
0.00052391
0.00010801
0.00031589
0.00025989
0.00008059
0.00032086
0.00028762
0.00033236
0.00031725
0.00044276
0.00029816
0.00027313
0.00013241
0.00030044
0.00035929
0.00026292
0.00022822
0.00045811
0.00040085
0.00022177
0.00027048
0.00030351
0.00007890
0.00019953
0.00032762
0.00026068
0.00050247
0.00009217
0.00033594
0.00031336
0.00031532
0.00038771
0.00030384
0.00010859
0.00030581
0.00035419
0.00027707
0.00015357
0.00021032
0.00031033
0.00016522
0.00026552
0.00028081
0.00034722
0.00011921
0.00022483
0.00008022
0.00046691
0.00032377
0.00022422
0.00007940
0.00029039
0.00010122
0.00027755
0.00032166
0.00016969
0.00013080
0.00035685
0.00042705
0.00009190
0.00043615
0.00012910
0.00018193
0.00023510
0.00022502
0.00030409
0.00006748
0.00032294
0.00028047
0.00020610
0.00010633
0.00016679
0.00028070
0.00022499
0.00030774
0.00024365
0.00026246
0.00049796
0.00015384
0.00008129
0.00027727
0.00028754
0.00024379
0.00019244
0.00043396
0.00020213
0.00030475
0.00027620
0.00007989
0.00054710
0.00021706
0.00029195
0.00028899
0.00037100
0.00011306
0.00034326
0.00023525
0.00026625
0.00035559
0.00022359
0.00035074
0.00033354
0.00006746
0.00042469
0.00009152
0.00028941
0.00026117
0.00029014
0.00007747
0.00036905
0.00020415
0.00018669
0.00017794
0.00032531
0.00031761
0.00018386
0.00050711
0.00027834
0.00030193
0.00018912
0.00026469
0.00024144
0.00018598
0.00032293
0.00008348
0.00022323
0.00021199
0.00009858
0.00029417
0.00028086
0.00029487
0.00033376
0.00006534
0.00035012
0.00016033
0.00021169
0.00019586
0.00023356
0.00027624
0.00032408
0.00010943
0.00034768
0.00022628
0.00036675
0.00026625
0.00023554
0.00041625
0.00028428
0.00030367
0.00032411
0.00022656
0.00016421
0.00024809
0.00030650
0.00016616
0.00024693
0.00012357
0.00032698
0.00022677
0.00017794
0.00030746
0.00019195
0.00040372
0.00028373
0.00032502
0.00023014
0.00029337
0.00020447
0.00031791
0.00019606
0.00031721
0.00018290
0.00018886
0.00015710
0.00007848
0.00014725
0.00010164
0.00035502
0.00031803
0.00020494
0.00013645
0.00042542
0.00008326
0.00029572
0.00014850
0.00016086
0.00037526
0.00034215
0.00039636
0.00013291
0.00018167
0.00026188
0.00025035
0.00022465
0.00034724
0.00020668
0.00027608
0.00043077
0.00025542
0.00024377
0.00040765
0.00069756
0.00032599
0.00034473
0.00030218
0.00033585
0.00041927
0.00010683
0.00017868
0.00027399
0.00034973
0.00032973
0.00029633
0.00030830
0.00014063
0.00016642
0.00027431
0.00034269
0.00027824
0.00018774
0.00041548
0.00032340
