1242673463
1689500165
1383510162
1386143788
1931166062
1113637742
1538516474
1095512688
1081843994
1760155508
1229478343
1259831335
1935166782
1813013292
1130244117
1820968920
1980755534
1649110480
1140108835
1481613104
1527450686
1948003986
1103424398
1646547099
1764487392
1115608211
1489410223
1887251657
2024355230
1339750537
1681745484
1316840624
1603436934
2046295800
2084922237
1925762083
1153145625
1371071717
1858113613
1956566896
1611905236
1321135515
1386610910
1313673170
1816182995
1931937180
1731502224
1889312390
1349771900
1904705741
1513217504
1550156515
1994621209
1953211575
1998768009
1676698889
1473995446
1444260775
2064563973
1200415706
1079228362
2024301900
1492746485
2049605900
1497996631
1940098195
1986067178
1589027551
1180390796
1432206882
1274778369
2102907249
1145820954
1782381074
1141820352
1679640122
1426097663
1464345584
1092109720
1502304781
1340727781
1418812885
1155870876
2048881305
1404406930
1956663907
1644421092
1236713105
1224291469
1615772425
1722658846
1398855451
1517338793
1268735204
1992941892
1425230096
1681415208
1372586074
1880458150
1595556571
1107925860
2078830123
1553375789
1382835109
1717932613
1075936581
1371023981
1086194819
2090198604
1847253213
1155393722
1463636970
1333497902
1775800413
1850847954
1940793195
1170953661
1379566559
1833687804
1774837403
1399351339
2032287360
1113344252
1453802793
1280073203
1951296566
1717280614
1310751825
1148691929
1608193951
1643983802
1748577733
1656131450
1155545631
2016039790
1088080234
1353450897
1179873541
1164474212
2058236641
1458415353
1242904953
1182289292
1175190191
1795080248
1184569794
2020631456
1207323122
1364672589
1766625959
1227286268
1157702428
1914182296
1997130834
1177702302
1937855159
1831641122
1928937942
1244510520
1306431068
1973336989
1683321930
1789123086
1121068539
1784491290
1677822183
1785534844
2070649694
2027461186
1494835688
1308081620
1588431841
1517316242
1768993885
1192443978
1844019822
1300087281
1492799163
1111136522
1143883335
1649713085
1798699968
2076195669
1074488663
1390051226
1165392593
2098939733
1722168788
1890529084
1394436381
1703824380
2024314863
1193258600
1719453185
1577135985
1217957923
1297693727
1721321198
1091513152
1400468607
1957687704
1240949043
1194846056
1216933712
1644152491
1678241243
1903664128
2007877946
2142606787
1652203296
1278108001
1347596310
2054163118
2033305829
1611881738
1149486190
1776436816
1315530173
1142258175
1109534269
2088334380
1789995832
1800774018
1672722614
1403965674
1781760593
1307005144
1563130564
1408673943
1440793823
2136605588
1138463729
1824682217
1228222938
1203559366
1383008888
1195227768
1652667221
1161734578
2118930669
1999000031
1352230414
1277171982
1985892806
1165551575
1180854307
1869387983
1872358692
2111814522
1111449515
1771067403
2066387949
1858591862
1455845948
1399365011
1815994300
2048812764
1534197611
1503434763
1743699236
1128520526
1168280259
1606210045
1739077325
1703385314
1440570088
1331098192
1080469738
1715524912
1467621947
1798131100
1233693328
1384101315
1377285435
1494856108
1956253074
1119143763
1439744013
1463805423
1393063486
1170914403
2147145301
1976692783
1187880782
1275231048
2019998367
2056636685
1126695957
1492486881
1226528823
1391927763
2047414596
1970574863
1210516827
1675666037
1490648433
1723796730
1664843872
1736318809
1332004793
1719747415
1596582439
1426687839
1631720261
1566427465
1094939736
1362570778
1641478084
1465102260
1293464181
1336310220
1607084507
1143704820
2082336495
1692469867
1626850405
1490477228
1470801890
1906083193
1691126508
1780200246
1335609715
2075305640
1645519574
1181183518
1337455177
1328680370
1253314982
1644203749
1196689032
2143028333
1245134198
1309563423
1595921058
1374335413
1199027245
1963295886
1375510734
1167915121
1333441080
1604972564
1212027869
1688815286
1417752036
1199331655
1703203366
1206304031
1520613664
1731109089
1872038478
1407747690
1316505021
1142794726
1522157746
1331739981
1728038350
1823976208
1188997684
1134492012
1526998066
1408412859
2145591701
1240875530
1502789304
1672730664
1922549704
1358933302
1118782117
1202788840
1269066072
1704812248
1713281994
1273767653
1218302345
1950661939
1511720667
1097849184
2045064664
1507508404
1815701715
1191440809
1663138748
1352662200
2078998221
1865930739
1195255468
1646703903
1507774460
1689217773
1639320730
1918719034
1393464197
1181327821
1636068422
1091505220
2018094959
1387510776
1361234995
1351026090
1756273639
1670184614
1961183007
1842631597
1711102528
1523038246
1961463860
1377911036
1465347658
1697525044
1103811496
1137444786
1285812726
1559556775
1118680844
1144393250
1740544804
1110786240
1151591404
1263024891
2142152568
1620213573
1085880672
1157222842
1316841216
1393458456
2106110098
1431984508
1283721215
1251945993
2044081352
1949051872
1917866117
1419971456
1465258401
1534053899
1233562934
1685352418
1480317244
1160254906
1465590334
2030552523
2080412844
1534042713
1427219240
1093948316
1349982229
1242697317
1225485139
1797742996
1186892618
1494574841
1395879829
1482090998
1669384162
2071423416
1261016274
1568185918
1960762704
1945584684
1221744970
1327070540
1272933587
1581952689
1083964213
1456835947
1998551376
1289255469
1743468931
2090218374
1336324899
1414524505
1214768983
1898838546
1718322433
1722391754
1815093143
1699798445
1497424330
1928321189
1175706795
1581194889
1712367165
1453023212
1514749559
1728395321
2053457937
1999207903
1390832465
1270695434
1313227149
1146427289
1490260595
2005785132
1553720892
1990361181
1604314213
1440907762
1741160195
2107102524
1522578298
2058717258
1492440003
1155934061
1929247265
1928578308
1367145516
1620716622
1204941642
1088352564
1893083219
1648174135
1625621044
1706313525
1445957139
1700448047
2038117620
1722402823
1815220696
1967273641
2028400046
1993995934
1320160312
1707498434
2018174036
1873351888
1935347546
1341904671
1953578075
1818300165
1295764157
1722075624
1243797763
1844078774
2143425226
1185150441
1888670068
1685393436
1270519701
2008842139
2081520867
1733714363
1775540927
1658112633
1204137112
2051032953
1197915789
1389378896
1926837492
1683331401
1507827553
1330720623
1695518469
1904304911
1235343022
1433944915
1285903818
1956208564
1947844530
1494016627
1104928101
1113801814
2027905934
1140367824
1275614239
1277029928
1710709333
1902435241
1353060544
1461588016
2128030248
1377461197
1380774470
1102238453
1616330047
1215640723
1116470125
1199453022
2060463815
1288006458
1745714157
1699203948
1621290995
2096480597
2147214907
1105715022
1420871902
1405781127
1865906471
1971821507
1754594322
1351443256
1857385230
1083045655
1690392383
2129345433
1725566252
1094457770
1390423468
1098743060
1117255152
1429900928
1378338737
1731059252
1912716178
2137308401
1838226318
1083027661
1343063359
1725274330
1521539396
1456714017
1099891717
1179931310
1723963549
2042914436
2012061206
1260213105
1948633523
2038588530
1725084451
1104824106
1499805218
1925551310
1535141857
1094215260
1840087228
1166378804
1826990421
1349512266
1859823295
1077594324
1871924420
1467927304
1171702286
1714559180
1969511232
1075283457
1263794440
1824154723
1746622357
1543124121
1748767790
1605653074
1765352206
1341204698
1396539020
1853587647
1854885283
1107487178
1622055484
1784518280
1598385876
2051251243
1401471527
1630322802
1110604292
1962247763
2072277872
2145542929
1333813084
1101328151
1288519333
1606077698
1099366264
1299271121
1448220151
1661795389
1827602734
1254852719
2140707167
1239944779
1237688544
1243286072
1440052182
1117486819
1827183792
1723631378
1501468437
2079752825
1092972936
1540663386
1907722144
1300860826
1735914310
2056259838
1391695741
1985763122
1177109048
1730648656
1432026828
1913921390
1383616999
1364101708
1758467134
1080979949
1717846848
1203139477
1544127497
1878754683
1335388111
1084285374
1936580222
1437857651
1281855569
1759433280
1379585322
1310639247
2058314416
1553350959
1210869950
2123370988
1104755860
1268453523
1316557847
1094593065
1398949148
1691710232
1714403335
1301352156
1087070524
1703372943
1473179084
2047489056
1642034936
1876794098
1391316101
2024058869
1509196660
2086472522
2103864931
1905014235
1521436821
1805579358
1221512238
1391695030
1812369194
1938235390
1121083632
1665419902
2044515269
1491793775
1305907420
1195466478
1178054951
1859414711
1244011673
1874567517
1228282039
1254718655
1181873250
1203351730
1170491392
1095127129
1993289451
1387011503
1275735222
1975098343
1323661949
1983412184
1652549257
2034015213
1199608720
1704877179
1597900347
1406301874
1385990014
1922755979
1213673567
1343443414
1721571243
1340513427
1625090294
1384060504
1757285065
1155830302
1294281229
1890523165
1977171032
1377598191
1542991773
1869237051
2097324991
1897193795
1246236242
1548069857
1167899968
1819612776
1271723078
1630744822
1276245138
1785275074
2044817548
1468565719
1870416456
1085133556
2102075403
1903563743
1163065597
1086730896
1315459146
1476616435
1280996970
1420925646
1520958098
1286206098
2062415048
1098111097
1204711307
2026007202
1675464675
1253156769
1556019329
1194040786
1583544318
1615937563
1955605070
1915841963
1092413361
1894883520
1538481078
2022123144
1444255033
1227706867
1309323564
1084532015
1404411428
1295831017
1217707552
1168606451
1265515723
1348956360
1739449270
1093184301
1138258342
1540114181
1152766754
1429634754
1508893315
1083848320
1631485635
2069136225
1897089740
1213386263
1556713264
1766923030
2027887585
1650936764
1409654739
1266459792
1452383672
1101284706
1202216954
1549121413
1172706965
1973937878
1642081151
2045648743
1516044088
1550049501
1719166058
1569874469
1543133828
1498550288
1265719571
1767348423
2111963324
1075836048
1801708025
1909998089
1232262665
1606893977
2097533160
1552131069
1587989816
1617362426
1328316770
1356380528
1367442468
1138363936
1650055732
1909467398
1910598742
1533316283
1227172388
1975149127
1369237264
1313300573
1551409196
1654480780
1940076531
1537797561
2075044378
1122507666
1867923522
1419962666
1198314665
1381291098
2082466120
1223151366
1164317686
1228712907
1568362539
1696492251
1895434453
1186125821
1756272929
1374645209
1431594155
1571418244
1572998952
1236041011
1077559757
1897588114
1636708495
1077003319
2032077001
1123490415
2089743202
1863684388
1371618330
1804767932
1793173170
1210849648
1465117057
1186613363
1286296717
1147937799
1190803459
1239462357
1434247905
1988049426
1514374950
1796907658
1709029246
1184017914
1282016445
1507078868
2028846925
1677646687
2133500638
1733726083
1396351153
1151694896
1258931391
1532218529
1282111355
1240595624
1306322041
1562552581
1525395280
1140842782
1757215163
1600621277
1603009327
1535127415
1300945230
1893097425
1301228214
1143833142
1738184632
1576338913
1157411809
1524168997
1431392675
1184990393
1734120165
1135019003
1610078715
1377885466
1409448020
1082980665
2111950598
1230755884
1801338092
1883109237
2140059873
1318752555
1791810279
1375666224
2050549732
1262422847
1937381230
1549053274
1226786829
1358395982
1175616827
1202840956
1761906208
1997840158
1896231851
1523067603
1970883357
1342483719
1204767478
1715536040
1182305509
1780595394
1227209678
1597879068
2068594762
1293720530
1320659278
1682692216
1625333917
1490943462
1714749059
2114704852
1086265254
1613534479
1665720347
1607537187
1536568910
1722789802
1780380714
1180312252
1513606822
1239917996
1285142941
1844832816
1296727048
1349060356
1201802215
2126898549
1159145640
1782727142
1185911556
1510934066
2071425902
1118075042
1156371321
1787437850
1296044773
2035846647
1804843398
1258177675
1429720548
1394404833
2015327861
1365256195
2075865333
1402294998
1742186596
2131935792
1450478133
1147673341
1463140965
1880887628
2077884871
1230290005
1099366797
1967133954
1744073845
2140648510
1597407300
1762794875
1716914025
1450176504
2081790794
1314853285
1357223502
1465945115
1934889599
1160090064
1193401809
2006466164
1115985247
1102215398
1275652002
1277943337
1310183253
2127754900
1536249111
1744546057
1479525321
1562367022
1590477836
1705520921
1161084621
1692299816
1839059857
1597940359
2110921297
1346763990
2019998723
1304641066
1790602107
1124547476
1625485738
1811098105
1406669203
2138474430
1930153452
1742133384
1124638243
1351905406
1394182459
1896321819
1481803515
1267807590
1671822464
2101199165
1424533113
1856921541
1843059180
1311869318
1918939692
1496232377
1853510938
1989078964
1099578990
1227433354
1277010455
1489358196
1655213425
1727106475
1707214030
1326099659
1376320088
1164434881
1244363494
1148936233
1105551068
2056042140
1875431443
1178366997
1534696576
2047675502
1820132694
1257303213
1973813048
1554550134
2053845272
1727952112
1648459220
1098387511
1096164658
1360095601
2008788987
1353735656
1499185092
1488529664
1099789171
1565190942
1305097504
1320467150
1936085400
1935997563
2033577686
2089394459
1290624517
2056045455
1280094570
