0.009722656
0.014341002
0.0130727235
0.0058002393
0.0072405417
0.006860081
0.0076481053
0.011971099
0.0051124413
0.012525822
0.01138086
0.0052192085
0.010020481
0.008249629
0.006448673
0.021167675
0.010014031
0.012905737
0.004987502
0.007956089
0.014269703
0.008958292
0.009774159
0.0046595978
0.008204907
0.006433823
0.0050879135
0.009919453
0.010620676
0.011910645
0.018896597
0.0058688824
0.007269913
0.020258602
0.009294638
0.006462946
0.0061257808
0.021525512
0.02101674
0.0070127435
0.0058963844
0.0042269523
0.008418599
0.009282818
0.006123445
0.0058543747
0.0097025335
0.024185786
0.0068944367
0.0111522395
0.014948675
0.01482465
0.0075416034
0.012093558
0.0042785597
0.02667763
0.0060663424
0.010454456
0.029826563
0.006206043
0.0115119405
0.0048042876
0.010488271
0.0028289251
0.017978888
0.0074534593
0.0066830018
0.011771305
0.0128670465
0.0030184956
0.0062803337
0.007681732
0.01394122
0.006549876
0.0077447956
0.007165308
0.010397527
0.009710625
0.008247807
0.0035873104
0.010088131
0.026805257
0.002896668
0.008622768
0.0043200026
0.0055811615
0.005585993
0.005877798
0.006700503
0.008896225
0.0068951487
0.014383848
0.0057492577
0.012049782
0.009478352
0.005092404
