-4057
1836
-2440
-5195
-2840
-6592
-4101
-1820
-6340
-5579
-4518
-156
776
-2167
-7901
19242
-3784
-6263
-7812
229
-1211
-2747
55
-5855
2826
-9903
-59
-6736
44
-3634
-8093
-143
-6223
-4946
-4297
-4223
-4905
-10373
-7189
4334
-8273
-5941
-7275
-3012
-5044
-4588
3042
-4851
-9233
-5537
3010
772
-5063
-4839
-2395
-2211
-4866
-7348
-7897
-2440
-1975
-6343
-4584
-2470
-495
-7340
-4779
-17907
-6075
-2727
-2536
-5319
-6638
-1179
-3815
875
-6380
-9678
-7288
-7521
-3017
-2953
-7404
-7466
-4603
-2043
-3341
-3503
-6970
-1212
131
-5110
-2530
-6118
-7464
-552
-3714
-7742
-10490
-881
-4798
4237
-3750
-526
-5186
1260
-2383
-5842
-3190
-3345
-9632
-6112
-6917
-2555
-5627
-2438
875
-6194
-1868
-8507
-5191
-3431
-2034
-4067
-11623
420
-12902
-10877
-3995
-227
-2216
-6453
1977
-949
-4849
971
656
5668
-5743
-13208
-3388
-6405
-7290
-1997
-5510
-2388
-2782
-6246
-9650
-3261
-1360
-6053
-4277
-6700
5889
-13002
-4305
508
-15449
-4227
-1125
-7283
-4679
-11230
-9185
-2898
-7874
2674
-8092
-11394
-8430
-1255
-4628
-2700
-1832
-6381
-7151
-3249
-1402
-5239
-4370
-489
-1897
-7662
-4547
-5664
-4136
-8113
-6603
-3800
-288
-1242
-1401
-6679
-4529
-3841
-5202
-5483
-922
-13104
-1560
-3554
-5910
-2454
-4929
-1435
-8783
-3082
-5525
981
-7583
1512
-4300
-9998
-2528
-6595
-7802
-12744
-2335
-1463
-9954
1519
2459
-621
-4120
1516
232
-2845
-5341
-1971
-3161
-2430
-3029
-1571
-6617
-8278
-3148
-2780
-3788
-5961
-2292
-2170
-178
-5247
1913
-7654
-7206
-6475
1855
-4879
-3270
-6886
6461
-11885
-1222
16509
-5777
3413
201
-8219
-4417
-7666
-3080
-2940
5643
-5840
-3466
3301
5492
-8184
-19940
-2075
-9015
-977
-1562
-3449
-6788
-7351
-3906
-4143
-2451
-3653
5693
-968
-10561
1068
-10386
-6346
1843
-8233
-3490
297
-2645
-7162
-7283
-1334
-1471
-12946
-1569
-5667
-5852
-8397
-4802
-10659
-2585
-3532
-9823
-21018
-1084
-3044
-9069
-4621
-5907
-3567
-3509
-7821
-8365
-1193
-694
-5108
-1505
-5531
-1990
-12084
-4068
-9196
-976
-11640
5703
-3618
-6450
-8222
-10321
-3593
-7457
-8091
-3782
-138
-7659
896
-3538
-3322
-3709
1386
-3079
-3722
-7778
-930
-9173
-1368
-5301
-5413
3128
-8853
-6099
-5050
-4949
-2910
-919
-9461
-6682
-9480
-7071
-2031
-7538
-1507
-6022
-312
-6234
-5186
-1680
-7118
-8351
-5397
2143
-305
-7819
-4946
-7322
-4415
1037
-8209
-6808
-1472
-10820
-3737
-7039
-7573
-2388
-2347
4551
-6583
-3833
-6416
446
-11232
-3622
-1503
-11756
9099
-2005
-6645
-7809
-815
-5380
-1173
-5469
-16332
-2861
-2147
1817
-6594
-49
-4197
1244
-1983
-4523
-3409
-7105
-4291
-6574
-8358
-2574
-1331
-10007
-2898
-4530
-9404
-6660
-788
-2778
-8746
425
-1942
-5820
-3635
-6834
-1668
-2305
-8797
-7516
383
-296
-83
-2317
-5491
-2005
-11535
-17526
219
-5812
-5112
-6837
-798
-4177
-8020
-167
-7902
-4312
1316
1139
-4121
2213
-2811
-660
-3501
-10677
-6893
-307
-984
-6831
-11328
-6607
-5672
-4197
-3477
-9585
-13512
-4942
-6072
-8278
-3228
-6634
-7141
-7437
-3486
-8782
-6821
-865
-13492
-3573
-37
-1942
-627
-3707
-5614
-1046
-2010
-2519
2585
-8945
-8679
2316
-2654
334
-9010
-5530
-4068
-4224
729
2433
19
-8439
-5258
-9202
436
-9225
-2352
-4430
-1180
-5297
-6122
-8891
1487
-7990
-5269
-12751
-1967
2597
-11033
-1066
-5311
-3107
-2934
-3735
-2164
-18233
-3971
122
-7736
-4078
-2352
-6264
-6392
-4009
-3538
-2614
-10878
-3357
-11420
3694
-4646
-4798
-3628
-7200
-1970
-6478
-5568
-7194
-2230
-4365
1552
-4544
-2859
-5267
-6134
-1983
-24189
-3873
-5790
-4878
-3009
-5719
2526
9971
2541
-10798
-4035
-7023
-4495
-5580
-4355
-6507
-4473
11341
-730
766
10207
-4826
-4035
-6566
-4906
-5219
-11945
-7122
2692
-3816
-1459
-6893
-3301
-3338
-4959
-3878
-11149
-6180
-2010
-9192
-3254
-6243
-11450
-552
-1630
-1737
-1854
-6160
-4763
-7089
-1368
-2596
-699
-5581
-600
-4966
-6603
-4194
-5487
-3545
-4949
-5676
-2393
-1299
2897
-4216
-4776
-4359
-5040
-14492
-3598
-3801
-4473
-12123
-15596
-7582
-3898
-8470
-2863
-8725
-20327
-3207
-4252
-1075
-8230
-6010
-6639
-6311
-2178
-4575
-413
-22424
-109
-6864
-11156
-1418
-4799
-9864
-6269
-6639
-236
-8956
-6353
-2734
-8905
-2054
215
-2093
-411
-7219
-4938
-6737
4730
-9798
-1881
-3783
-3611
-4446
-5910
3696
-3414
-7760
-5751
-1700
-3847
-5154
-3321
-11269
-1844
-4202
-4683
-10408
-5577
-7702
-757
-3125
-3202
-5754
-2365
-7448
-7816
-6612
-5814
-8545
-12430
-5652
-7512
-6577
-10355
-7872
-3012
-2940
-5924
-2882
-5483
-6799
-4544
-1566
-5295
-4794
-2857
-9909
-3828
-2897
-5518
-2326
-6416
-11071
-5042
-1760
-11721
-715
-1986
-875
-2404
-4641
-6649
-3526
-7423
-4834
-6517
-9369
-4939
-6045
-5615
-7965
-6538
-9628
-538
-6891
165
-7684
-8214
-4427
-10200
-6414
-5564
-2023
-7793
-3256
-3779
5412
7463
-4287
-3169
5181
-664
-4693
-8264
-3652
-11805
-848
-7206
-928
-7234
-9827
-3403
-7720
-6384
6002
-7527
1387
-2589
-1984
-9204
-3314
-4119
-1503
-3411
-3623
-12925
-971
-7402
-6397
-2842
-4705
1388
-3657
-18719
-1278
-6388
-8592
-4060
-442
-6882
330
-1995
-6363
-7042
-3430
-4143
-756
-3901
-7581
-1867
-10624
-3765
387
-3081
-4258
-2842
-336
-2480
-7550
-1932
-7514
-9929
-3541
-1026
-323
-6129
222
-2921
-2340
1993
-5129
-9644
-6343
-4312
-11224
-9915
3226
-3770
-9592
-6706
-7266
-5430
2560
-4750
-7243
-10015
-2083
-13028
-1770
-6839
-3647
-5948
-6791
-1423
-2877
-3966
-7796
-391
-7032
-7474
-2018
-6548
-5246
-7172
-946
-8198
979
5606
-11736
-4058
-6707
-5247
-3265
-3902
-3848
-6120
-4847
-6318
-13007
1756
-3496
-1812
-2983
-5834
-4740
-2773
-2796
-3901
-7602
-11958
1116
-5043
-7172
-12323
-11436
8082
1687
-6147
-5170
-3602
-5141
-392
-10483
-9974
2376
-3753
-755
-6747
-1853
-12781
-4654
-2433
-753
-6998
-4398
-6352
-5215
-4650
-9395
-251
-5010
-1541
-4533
887
-5052
1685
-7043
-8264
-1166
-13952
-5970
-12539
2018
-2652
-3205
-1743
-2156
-3387
-5810
-4923
2580
-2583
-8743
-5589
-3900
-2273
-9892
-1606
-5484
1391
-4341
439
-6494
-5886
-5037
-4539
-7626
-8387
-3131
-8808
-674
-3287
-6039
-3012
-6710
5175
-5542
-525
-5045
-2716
-2137
-7707
-4256
-4272
-3295
1828
1628
1976
3589
-2808
-6501
-7355
-9981
-5653
-8201
-11553
-676
-6713
-4818
-3027
-7169
-602
-79
-6775
-3382
-2030
-1707
-5917
-3274
-9917
-553
-5433
-8032
-5352
1035
8789
-3998
-5028
-3719
-6294
-1921
-10334
63
-6168
-1152
-1759
-5508
-4059
-3717
854
-5406
-847
-9150
-6743
-4323
6660
-5861
-7070
2301
-2359
-7231
-5707
-3862
-200
-8296
-4850
-10446
2318
-186
-6824
-3626
-3811
-2702
-8037
-6148
-4314
-7381
-12910
-13324
-3468
-4724
-2898
-10074
-6585
-2890
-6984
-10965
-5219
-554
-2038
-3527
-3146
-13005
-3283
1192
-9984
-4011
-6197
-7334
-7311
-4529
-5970
-5186
-3535
823
-4343
-4597
-1762
-9730
-5916
-1565
-1892
-5415
-14806
-2524
-19330
-3779
-1197
-475
-354
-6164
-6876
-4152
-6922
870
-6612
-2107
-2812
-7475
-2730
-5569
-7769
-6874
-3790
5272
-1570
-4636
-3476
-4482
-7531
-4732
-50
-811
-9794
-4307
-4574
-1593
-4002
5460
-3279
-5420
3230
-5749
-5484
-4755
-1190
-7342
-3960
-7459
1278
-7261
-8140
-7534
-7255
1418
2435
-6395
-10384
-2973
-6082
