0.0014071218
0.0014045447
0.002103684
0.0022113526
0.0018925023
0.0012405759
0.0015886726
0.0015029719
0.0019076417
0.0017544723
0.0013230997
0.0013163815
0.0025692694
0.0012462388
0.0011759837
0.0009792036
0.0011342975
0.0019330666
0.0016627804
0.0018569506
0.001208234
0.0018098436
0.001254821
0.0021043865
0.0014402539
0.0017928549
0.0011309332
0.001306727
0.0014401831
0.0014483088
0.0015162787
0.0013601508
0.0019947616
0.0015765575
0.0022585397
0.0015193647
0.0017669582
0.0018748337
0.0020087934
0.00087878946
0.0014437609
0.0021021406
0.0019130124
0.0029399304
0.0010322467
0.0013110372
0.0012231694
0.0035102828
0.0016381466
0.0012924153
0.0015559524
0.0017061795
0.0011240408
0.0013476672
0.0011485894
0.0013824576
0.0018161602
0.0019452575
0.0016867617
0.002357076
0.0013855977
0.0015924168
0.0013194123
0.0009471967
0.0012587459
0.001962718
0.0018474835
0.0010698703
0.0020224012
0.0015883385
0.0012702149
0.0014558476
0.0032981478
0.002154972
0.0013157048
0.0017903039
0.0025156809
0.0017100216
0.001921187
0.0018133518
0.001490796
0.0014050101
0.0016396499
0.0026823697
0.0015862113
0.0014582092
0.003515732
0.0023509122
0.00168753
0.001891049
0.0010313799
0.0020069426
0.0012059027
0.0014055258
0.001902409
0.0012883304
0.002869476
0.0013766007
0.0013425038
0.0010016423
0.0015793218
0.001067868
0.0019399496
0.0013037062
0.001351532
0.0013471991
0.0016329733
0.0013042875
0.0035126996
0.001580311
0.0018655615
0.0012285172
0.0019488081
0.0017013911
0.0022047483
0.0012940862
0.0017006827
0.0019224616
0.0011075675
0.0020896962
0.0016890407
0.0015464696
0.00180511
0.0019361444
0.0026951977
0.0016256577
0.0016127757
0.0011705102
0.0016879181
0.0014949229
0.0018430612
0.0016141311
0.0018244839
0.0017561227
0.0026642086
0.0013537297
0.0036989457
0.00102277
0.0013821082
0.000995417
0.0019256141
0.0013602235
0.0015577411
0.0015870028
0.0015698754
0.001569233
0.0021754482
0.0015730229
0.0018363384
0.0019757114
0.002155706
0.0018433367
0.0012967603
0.0023666164
0.00066844345
0.0013071726
0.0015054322
0.0015848617
0.0012910208
0.003055441
0.002952875
0.0019509213
0.0018535891
0.0014767994
0.0018089777
0.001591708
0.0013862947
0.0014189073
0.0012180145
0.0013745127
0.0028177265
0.0016224635
0.0017596425
0.0013485971
0.002314711
0.0018205818
0.0013477387
0.0017322126
0.0018911965
0.0014507135
0.0019339066
0.001729451
0.00331972
0.0016705662
0.0029869492
0.0014055202
0.0020536955
0.0016292037
0.001285487
0.0014156176
0.001985437
0.0015590909
0.0018902717
0.001873598
0.0014773417
0.0019454453
0.0012139585
0.0011919099
0.0018341352
0.0015793063
0.001880342
0.0017649132
0.0013283843
0.0020007684
0.002602146
0.0018632468
0.0012716029
0.0018919636
0.0022778322
0.0013588424
0.0015169571
0.0014183543
0.0013171379
0.0018270772
0.0030476318
0.0015979252
0.0017725732
0.0015817904
0.0017093221
0.0017759254
0.0016314148
0.0016984735
0.0013863931
0.0011210219
0.0016925727
0.0015561463
0.0013488726
0.0013000323
0.0017204133
0.0011037316
0.0016021276
0.002090476
0.0015974916
0.0014216132
0.002292682
0.0012810115
0.0030825285
0.0012659581
0.0024093497
0.0018530102
0.0010624393
0.0016726106
0.0034034876
0.003425412
0.0013011709
0.001443277
0.0027060998
0.0011760746
0.0019405972
0.0014509544
0.0019656348
0.0018757512
0.0020693273
0.00169679
0.0016115946
0.0007405737
0.002509717
0.0011462294
0.0013029082
0.0010975989
0.0028814983
0.001523394
0.0026732602
0.0012597856
0.0011409085
0.0018313484
0.0013688918
0.0013008009
0.002815643
0.0019376419
0.0010745442
0.0021529146
0.0019395044
0.0014521434
0.0025233685
0.0014344503
0.001480237
0.0014321943
0.0023639966
0.0014485469
0.0015972217
0.0010847369
0.0013270723
0.0019189966
0.001943117
0.0012637423
0.0018101445
0.0020087142
0.0015260495
0.0016838155
0.0022038908
0.0023248647
0.002177883
0.0017523908
0.001443598
0.0013314538
0.0022042098
0.0014994438
0.0018148534
0.0014195639
0.0017192573
0.0015165472
0.0016329166
0.0016562846
0.0021590553
0.0019451107
0.0017168989
0.001420318
0.001251336
0.0034208295
0.001357828
0.0018850529
0.0015880999
0.002357713
0.0026033833
0.0013260483
0.001693234
0.001718924
0.0025353555
0.0017416908
0.0019116976
0.0012227539
0.0016300582
0.0016408719
0.0026269394
0.002023779
0.0019009842
0.0018358147
0.0014706072
0.0028597456
0.004052102
0.0014861351
0.0011701804
0.0031541826
0.0014253423
0.0013354073
0.0012836801
0.0015046785
0.0023856151
0.0018348743
0.0011698075
0.0027287297
0.0015438381
0.0015801286
0.001587142
0.0011531665
0.001688008
0.0014984469
0.0020391615
0.0011782389
0.0018477677
0.0026895672
0.0010043458
0.001524297
0.0019625928
0.0015074653
0.002326468
0.0028840092
0.0014684101
0.0016394684
0.0027384139
0.001232132
0.0018989036
0.0017807896
0.0020850273
0.0018303387
0.0011077886
0.0023794533
0.0030419237
0.0016723832
0.0019406356
0.0014310064
0.0013403241
0.0014298159
0.0012574286
0.001349944
0.0021912826
0.0012086601
0.0020656
0.0018016548
0.0015268419
0.0014958278
0.0016314301
0.0012117111
0.0019715533
0.0025980638
0.0013967692
0.0030229548
0.001719752
0.0014428511
0.0023107668
0.0031347037
0.001254902
0.001751723
0.0011924986
0.002101184
0.0012971135
0.0013205225
0.0010816035
0.0013805905
0.0012787514
0.0013639837
0.0018173505
0.0017570818
0.0027672541
0.0015208819
0.0019310158
0.0011456716
0.0018009337
0.0017394013
0.0015208673
0.0014992121
0.003127189
0.0015344394
0.0015679473
0.0044450792
0.0015780062
0.0018749459
0.0018041624
0.0023751012
0.0012341561
0.0015596802
0.0011828846
0.0014177866
0.0014409671
0.0015409647
0.0017210401
0.0014160321
0.0013067342
0.001992088
0.0013361024
0.001674232
0.0014147153
0.0014528328
0.0017892017
0.0017612684
0.0015039602
0.0025553463
0.0016826041
0.0019190342
0.0015973528
0.0013437051
0.0035916383
0.0012062712
0.0016581232
0.0017251765
0.0029514788
0.002256816
0.0014069529
0.0017998817
0.001676502
0.0030373044
0.002487221
0.0012906649
0.0019362561
0.0017437469
0.00096140295
0.0012813204
0.00297705
0.0014462823
0.0010718076
0.0018019679
0.0011033197
0.0019295225
0.0011692445
0.0017109463
0.001073026
0.0014705429
0.0012464866
0.0015198422
0.0016825853
0.0012708274
0.0016078961
0.0022187885
0.0015255964
0.0014017648
0.002095523
0.0013488354
0.0019759224
0.0016080374
0.0016968887
0.0017916807
0.0023385184
0.0013776683
0.0016401223
0.0019002763
0.0016480335
0.0021927904
0.001443051
0.0014444812
0.0038303547
0.0013665644
0.0013906122
0.0016260949
0.0032774752
0.0014125861
0.0017097539
0.0011987176
0.0017731924
0.0014667303
0.0022427728
0.0015308153
0.0012936898
0.0020148703
0.0017413063
0.0014486457
0.0015110399
0.0016659907
0.0016659613
0.0011930161
0.0016991767
0.0015118748
0.0014551927
0.0016113411
0.0015000476
0.0010318535
0.0014796696
0.0026199582
0.0023707303
0.0026614077
0.002004436
0.0013128326
0.0017280818
0.0009354781
0.0014590588
0.001375161
0.0011817284
0.0014583456
0.0013268334
0.0013307595
0.0020120544
0.0026775214
0.0017299049
0.0020728358
0.0013912674
0.0017679686
0.0018573574
0.004410499
0.0012424039
0.0013845263
0.0023679498
0.0012299956
0.0015674515
0.0030251197
0.001976294
0.0016512978
0.0014457321
0.0016144174
0.001332401
0.0021440452
0.0013279039
0.0016400856
0.0015071089
0.0015253056
0.0026390897
0.0014826203
0.0016253998
0.0028105446
0.0020142854
0.001417588
0.0027048583
0.0014907088
0.0018719982
0.0011885974
0.0014190845
0.0013028292
0.0011103362
0.0012392954
0.002308501
0.0018279322
0.0015320886
0.0014735931
0.0014795065
0.0012510725
0.00077166915
0.0018593996
0.0018685024
0.0011554835
0.0016072221
0.0014724673
0.0017300902
0.001886742
0.0012131442
0.0026002408
0.0013365796
0.0015930856
0.0018267732
0.0018401206
0.0020265488
0.0013926653
0.0013843285
0.0010856732
0.0022362457
0.0016723126
0.0020783655
0.0013378696
0.0013987885
0.0009858662
0.0013741258
0.001571796
0.0024836245
0.003218143
0.0013674746
0.0013633566
0.0019285217
0.0025034226
0.0010231653
0.0012313825
0.0019032244
0.001248527
0.0017634776
0.001077611
0.0022123237
0.0016365079
0.0014742981
0.0017026021
0.0017232869
0.002041625
0.001711319
0.0012918458
0.0013301072
0.0012400321
0.0018525275
0.0026884112
0.0012917095
0.0025098606
0.0013385116
0.0016792053
0.0019036714
0.0020095434
0.0028730263
0.000827738
0.0015371272
0.0029642761
0.0018194607
0.0018343792
0.0009682144
0.0012083126
0.0015327868
0.0014995957
0.002382433
0.0015013297
0.0014462002
0.0017012347
0.0021188671
0.0016327268
0.0023821811
0.001330841
0.00205921
0.003178184
0.002061698
0.0016861218
0.0014194594
0.0020051273
0.0017520173
0.0016282102
0.0022245483
0.0011908342
0.0015665867
0.002714489
0.002000976
0.0016404244
0.0010316436
0.001466117
0.0019484537
0.0016875358
0.0021315052
0.0017994345
0.0031769988
0.0015421568
0.0020041384
0.0015537536
0.001478547
0.0011645606
0.0020352856
0.0021202185
0.0014288662
0.0018553225
0.0017027415
0.0014245304
0.0021148787
0.001247791
0.002049082
0.0013620735
0.0013168415
0.002177859
0.0020620672
0.0014000754
0.0015969069
0.0019886491
0.0012903068
0.0013329209
0.001595399
0.0012018596
0.0013240756
0.0025882525
0.0022501573
0.002123453
0.0017663118
0.0017921849
0.0013512401
0.0013195178
0.0018853925
0.0017665473
0.0027205024
0.0016487029
0.002247426
0.0021144333
0.0015641628
0.0016426294
0.0015046846
0.0013246717
0.0022799065
0.003015283
0.0014032866
0.0018797884
0.0022458313
0.0013079108
0.0018864181
0.002852702
0.0023210314
0.0023305935
0.0014302238
0.0017174844
0.002269392
0.0028989818
0.0018104081
0.0029071427
0.0020026304
0.002215158
0.0025125646
0.0014465507
0.0014983361
0.0023053808
0.0012533073
0.0031185858
0.0015267831
0.0015211544
0.0008945466
0.0011508572
0.0027413492
0.0017987284
0.0016800364
0.001588311
0.0020420623
0.0013676113
0.0017512321
0.0021721967
0.0029433095
0.002735157
0.0019711233
0.0014266457
0.0011255698
0.001675373
0.0015891497
0.0013463349
0.0018252897
0.001378971
0.0012381673
0.0034303376
0.0013516758
0.0012614974
0.0014327228
0.0014554064
0.003462713
0.0015802428
0.0018471194
0.0014095014
0.0012561231
0.00093179377
0.0020371708
0.0017663931
0.001191932
0.0016303101
0.0029526118
0.0014763793
0.0018687927
0.0012156062
0.0015237507
0.0015802545
0.0018361085
0.0015236406
0.0016060687
0.0026141063
0.0027793217
0.0015221828
0.0014996085
0.0018267017
0.0011838839
0.0017526968
0.0015946251
0.001842419
0.0014329918
0.002064081
0.0013847281
0.00078350265
0.0028244613
0.0014099414
0.0013618388
0.001242698
0.002686837
0.0014761508
0.0018498485
0.001065137
0.0016837585
0.0012040592
0.003104531
0.0022618244
0.0011834331
0.0020998993
0.0015474115
0.0015303626
0.0010788623
0.0015274513
0.0023455988
0.0020262518
0.0013835691
0.0015636141
0.0024502946
0.0021273696
0.0012736543
0.0014166399
0.001300992
0.0013634453
0.0010156777
0.0026782493
0.0036054242
0.0013503098
0.0020391322
0.002717539
0.0020819372
0.002360927
0.0020657056
0.002155389
0.0014366661
0.001565075
0.0008755815
0.0013696242
0.0015264801
0.0027713291
0.001892238
0.0010906704
0.0015796778
0.0013117584
0.001505378
0.0018452944
0.0015734906
0.0014938229
0.0010355451
0.002330239
0.002908696
0.003191015
0.0016646901
0.0020398083
0.0011212395
0.0015012113
0.0015456437
0.0019191093
0.0013047353
0.0015942324
0.0013041358
0.0026308615
0.0014986572
0.0027443764
0.0018259744
0.001323216
0.0031247062
0.0019215567
0.0012251815
0.0012404362
0.0014711287
0.0012965036
0.0027495092
0.0011740085
0.0020955137
0.0016185481
0.0014972175
0.0018064126
0.0013511722
0.0039780503
0.0014693709
0.001289222
0.0020389257
0.002249452
0.0020894357
0.0014640999
0.0017795796
0.0021886306
0.002025539
0.0015565541
0.0017408748
0.0035294539
0.001883485
0.0017019187
0.0012858844
0.0018060677
0.0011885995
0.0013980053
0.0024596178
0.0016231382
0.0017741707
0.002063337
0.0016790716
0.0022419826
0.001354767
0.0015328339
0.0016810106
0.0011542172
0.0009872025
0.0018244324
0.0016942414
0.0022845212
0.002385138
0.0025687418
0.0013428114
0.0015429191
0.000793161
0.0013194486
0.001836966
0.0025288642
0.0013832978
0.0017034279
0.002401691
0.001541837
0.0020693615
0.0013703053
0.0019685691
0.0017912437
0.0025295257
0.0012124898
0.001105312
0.0013527425
0.0016406507
0.0012407841
0.0018254786
0.0017580456
0.0018179911
0.0012679157
0.0013684678
0.0012004463
0.00215488
0.0021608945
0.0016024675
0.0014417134
0.0010257415
0.0011603525
0.0012981193
0.0020888248
0.0014932271
0.0014307894
0.0012156554
0.0020685112
0.0015058211
0.0030717144
0.0016842771
0.0021620663
0.0014775253
0.0013405385
0.0017467022
0.0012960326
0.0018376429
0.001694985
0.0021362598
0.0022436115
0.002716503
0.0021008686
0.0020465294
0.0016868443
0.0014545377
0.0016633028
0.0014338455
0.0017621471
0.00097104954
0.0014868476
0.0022116243
0.0031109273
0.0012087345
0.0015033107
0.0025757889
0.0015836343
0.0021204613
0.0027944653
0.0024229155
0.0014017978
0.0017954835
0.0010893659
0.0015762188
0.0014504555
0.0014863441
0.0014653653
0.00077462953
0.001893808
0.0032215451
0.001952352
0.0018783165
0.003104486
0.0017556417
0.0015828513
0.0013837721
0.0018987682
0.0015362741
0.0015397241
0.0012399902
0.0019421134
0.0014651612
0.0024165807
0.002607379
0.0015219968
0.0011558123
0.001743942
0.001434792
0.0016846814
0.0014815286
0.0018021313
0.0016961957
0.0016804087
0.0017284446
0.0012119918
0.0012056977
0.002197909
0.0018226678
0.0017491103
0.00220166
0.0014378745
0.0013670112
0.0024233935
0.0016382255
0.0015562768
0.001790996
0.0018819965
0.0025819566
0.0016730195
0.0021174282
0.0015191375
0.0010935499
0.0013847193
0.0025635627
0.0012142494
0.0017184447
0.0010169151
0.0014893011
0.0022742476
0.0015158704
0.0021844
0.0022739577
0.0014276715
0.002252327
0.0013062449
0.0015482358
0.0012124518
0.0019684276
0.0016960658
0.001277429
0.0019126048
0.0017409584
0.00150364
0.0031548096
0.0019222223
0.00205836
0.0014188747
0.0017292084
0.0012724837
0.0014744748
0.0017110637
0.0018539935
0.0022315073
0.001502877
0.0017610664
0.0020029289
0.0016854606
0.0014403883
0.0029614028
0.0024200664
0.0018083405
0.0014966713
0.0024892285
0.0021787244
0.001225417
0.0014961915
0.0015678755
0.001498789
0.0017008941
0.0015805373
0.0019821178
0.0021630728
0.0019205158
0.001482197
0.0020321987
0.0021799773
0.0013448795
0.0013474303
0.0017535507
0.0016945461
0.0013188618
0.0020328125
0.0019054326
0.003724278
0.0015123582
0.0013221852
0.0018555719
0.0025913
0.0012670525
0.0013201588
0.001303092
0.0018408472
0.0017800946
0.0015155716
0.0018318832
0.0021274602
0.0016556112
0.00302299
0.0019250803
0.0023177746
0.0016000055
0.0018723415
0.0033697276
0.0010535952
0.0014138224
0.0020945247
0.0016535989
0.0014164823
0.0018222872
0.0023213944
0.0014808568
0.0013197074
0.0013129994
0.0013129769
0.0021654768
0.0010443715
0.0017483722
0.0008780178
0.0013579782
0.0018670118
0.0014911371
0.0025693069
0.002395936
0.0017458609
0.0019894948
0.0014144635
0.001351339
0.0022835801
0.001120034
0.0010164197
0.0017199847
0.0009962436
0.0023791706
0.0011269829
0.0012629442
0.0015172403
0.0020048474
0.0014365314
0.0025679138
