0.00154776
0.00033531
0.00139823
0.00219076
0.00170592
0.00102515
0.00074827
0.00206842
0.00048220
0.00070602
0.00046487
0.00058849
0.00053098
0.00036427
0.00057033
0.00028074
0.00026196
0.00042605
0.00062052
0.00140237
0.00116214
0.00185066
0.00054263
0.00070549
0.00066736
0.00123083
0.00071035
0.00219515
0.00049682
0.00173038
0.00148239
0.00109797
0.00051509
0.00042037
0.00038354
0.00088006
0.00161119
0.00039382
0.00142920
0.00085422
0.00112322
0.00021819
0.00069938
0.00168104
0.00113425
0.00023693
0.00195878
0.00076136
0.00204379
0.00047423
0.00092905
0.00058543
0.00039950
0.00068979
0.00238494
0.00041883
0.00101133
0.00034676
0.00190219
0.00213068
0.00107182
0.00031869
0.00153744
0.00135169
0.00069854
0.00043755
0.00037855
0.00071757
0.00014604
0.00089451
0.00101902
0.00122261
0.00049115
0.00117894
0.00200812
0.00058881
0.00062216
0.00091782
0.00172004
0.00061501
0.00104288
0.00016651
0.00030587
0.00558765
0.00188568
0.00102795
0.00094608
0.00285321
0.00075360
0.00328077
0.00079690
0.00114335
0.00021060
0.00075249
0.00098610
0.00052201
0.00057962
0.00073891
0.00174238
0.00093493
0.00027196
0.00032332
0.00054550
0.00030496
0.00047628
0.00060735
0.00039296
0.00650379
0.00058298
0.00040462
0.00088032
0.00092626
0.00168024
0.00221581
0.00105331
0.00042827
0.00029365
0.00036593
0.00116646
0.00020603
0.00143802
0.00217158
0.00187053
0.00068859
0.00088039
0.00371946
0.00076890
0.00318744
0.00026850
0.00058751
0.00016148
0.00053672
0.00030206
0.00238404
0.00348298
0.00040541
0.00233110
0.00134800
0.00041267
0.00073719
0.00143632
0.00027824
0.00050971
0.00267415
0.00019151
0.00025979
0.00153603
0.00165383
0.00168571
0.00185764
0.00193965
0.00124206
0.00107159
0.00146808
0.00318801
0.00055117
0.00034718
0.00079869
0.00186657
0.00036139
0.00054445
0.00039137
0.00048604
0.00143193
0.00058221
0.00062828
0.00079914
0.00512694
0.00165570
0.00100708
0.00300336
0.00182102
0.00113523
0.00068103
0.00067984
0.00142070
0.00050560
0.00092270
0.00066306
0.00035285
0.00067607
0.00018821
0.00136819
0.00025872
0.00199079
0.00032939
0.00026021
0.00119651
0.00103320
0.00059159
0.00035001
0.00048294
0.00191254
0.00041689
0.00077848
0.00164712
0.00242825
0.00206561
0.00087165
0.00169473
0.00022205
0.00099596
0.00255281
0.00055299
0.00102265
0.00134098
0.00076007
0.00108925
0.00018042
0.00265634
0.00064138
0.00061927
0.00165334
0.00207676
0.00251623
0.00115299
0.00115668
0.00140747
0.00026473
0.00024644
0.00066925
0.00138582
0.00070519
0.00042544
0.00141071
0.00038141
0.00044370
0.00103499
0.00031646
0.00030152
0.00101292
0.00165472
0.00147551
0.00249263
0.00021437
0.00037002
0.00078418
0.00112360
0.00048779
0.00069017
0.00105633
0.00016618
0.00101248
0.00193490
0.00264282
0.00064935
0.00057921
0.00102177
0.00117370
0.00062773
0.00181464
0.00411704
0.00304601
0.00124844
0.00185946
0.00071264
0.00018425
0.00109200
0.00048781
0.00273657
0.00100567
0.00028076
0.00049550
0.00018092
0.00245572
0.00071421
0.00038502
0.00052519
0.00032466
0.00099123
0.00080114
0.00294202
0.00039201
0.00070200
0.00052759
0.00124269
0.00034324
0.00027310
0.00238883
0.00160882
0.00226608
0.00122295
0.00063739
0.00240058
0.00039031
0.00208466
0.00093754
0.00089379
0.00085013
0.00033001
0.00040574
0.00070060
0.00039731
0.00089766
0.00141625
0.00043973
0.00026184
0.00050846
0.00057847
0.00046596
0.00047560
0.00048574
0.00045668
0.00141566
0.00138867
0.00068551
0.00105200
0.00113089
0.00044053
0.00055271
0.00139176
0.00130468
0.00047070
0.00072847
0.00064503
0.00058015
0.00193454
0.00069155
0.00155225
0.00116031
0.00208813
0.00026709
0.00044563
0.00336945
0.00158806
0.00045715
0.00074263
0.00110732
0.00101366
0.00284588
0.00028635
0.00090288
0.00056792
0.00090206
0.00080048
0.00063630
0.00116468
0.00297719
0.00037482
0.00206626
0.00042384
0.00022748
0.00181771
0.00063737
0.00199272
0.00056832
0.00147244
0.00033465
0.00168086
0.00114601
0.00270520
0.00143779
0.00030431
0.00147593
0.00198399
0.00279482
0.00055928
0.00033654
0.00101607
0.00044507
0.00336008
0.00144677
0.00085545
0.00040108
0.00192533
0.00157644
0.00104472
0.00231866
0.00090453
0.00052665
0.00122194
0.00099901
0.00346774
0.00216840
0.00029309
0.00250767
0.00038483
0.00202121
0.00058739
0.00066084
0.00080240
0.00140644
0.00089151
0.00046429
0.00149439
0.00110758
0.00097779
0.00088597
0.00038474
0.00132004
0.00173095
0.00068019
0.00323252
0.00025540
0.00427788
0.00106513
0.00052566
0.00048486
0.00272776
0.00040564
0.00108255
0.00035254
0.00424724
0.00054862
0.00113365
0.00013794
0.00177756
0.00083714
0.00097029
0.00270675
0.00094632
0.00040552
0.00060180
0.00030531
0.00115826
0.00076348
0.00041038
0.00058202
0.00093914
0.00066006
0.00053895
0.00044672
0.00093957
0.00084041
0.00059174
0.00031247
0.00057477
0.00047248
0.00033863
0.00100419
0.00205028
0.00078002
0.00048500
0.00212929
0.00049496
0.00409155
0.00054783
0.00395036
0.00078882
0.00274284
0.00072243
0.00100502
0.00193377
0.00034894
0.00196966
0.00161256
0.00044141
0.00143179
0.00034096
0.00088957
0.00100013
0.00142546
0.00021340
0.00044669
0.00125640
0.00088193
0.00078740
0.00079656
0.00053215
0.00054239
0.00048869
0.00130990
0.00062011
0.00062224
0.00069040
0.00059315
0.00079682
0.00150900
0.00205287
0.00067305
0.00157255
0.00032422
0.00042696
0.00027886
0.00036163
0.00040765
0.00219895
0.00067812
0.00054699
0.00355365
0.00138785
0.00700546
0.00035987
0.00129963
0.00153623
0.00023053
0.00060642
0.00229495
0.00231636
0.00059575
0.00135471
0.00078190
0.00045605
0.00113707
0.00162998
0.00118487
0.00035213
0.00053451
0.00020463
0.00208482
0.00173481
0.00077730
0.00044384
0.00157917
0.00085612
0.00155358
0.00162462
0.00028360
0.00301362
0.00045230
0.00043501
0.00059369
0.00139566
0.00063755
0.00214862
0.00120128
0.00041786
0.00053860
0.00077738
0.00135019
0.00021016
0.00056635
0.00094440
0.00111719
0.00108881
0.00083279
0.00127301
0.00086570
0.00107745
0.00202272
0.00024238
0.00164088
0.00051825
0.00042860
0.00062906
0.00081225
0.00203598
0.00041862
0.00045759
0.00319747
0.00122899
0.00095129
0.00064042
0.00076434
0.00049713
0.00057273
0.00017412
0.00121863
0.00174707
0.00040664
0.00090846
0.00121009
0.00064685
0.00145456
0.00388176
0.00359191
0.00179923
0.00299182
0.00081995
0.00023570
0.00288850
0.00242136
0.00043942
0.00384785
0.00048846
0.00194243
0.00319009
0.00105923
0.00364891
0.00061295
0.00127332
0.00282501
0.00047533
0.00073109
0.00046402
0.00152121
0.00073630
0.00179326
0.00081553
0.00041582
0.00102424
0.00033895
0.00107698
0.00047012
0.00094326
0.00064395
0.00048641
0.00082202
0.00130363
0.00177579
0.00056811
0.00045873
0.00213767
0.00040261
0.00278696
0.00053790
0.00085319
0.00239265
0.00432246
0.00191440
0.00036025
0.00026781
0.00049563
0.00054048
0.00232797
0.00059807
0.00098254
0.00125447
0.00039891
0.00134185
0.00099237
0.00057569
0.00287262
0.00077997
0.00063311
0.00171651
0.00028231
0.00034094
0.00077743
0.00098867
0.00239549
0.00178519
0.00034039
0.00110553
0.00042233
0.00251475
0.00082195
0.00021804
0.00099016
0.00086197
0.00043492
0.00059452
0.00176523
0.00064150
0.00179363
0.00110613
0.00073497
0.00048158
0.00119316
0.00040387
0.00068252
0.00056130
0.00057022
0.00032864
0.00055027
0.00135740
0.00075097
0.00112175
0.00088144
0.00154261
0.00166615
0.00082845
0.00162078
0.00070322
0.00068636
0.00043450
0.00065435
0.00126045
0.00061886
0.00028807
0.00046589
0.00108735
0.00097007
0.00016778
0.00333741
0.00227577
0.00074804
0.00023285
0.00075051
0.00317684
0.00126466
0.00082034
