0.001724
0.001558
0.001718
0.001398
0.001899
0.001730
0.001860
0.002018
0.001611
0.001559
0.001614
0.001460
0.001488
0.001575
0.001495
0.001668
0.001439
0.001375
0.001590
0.001413
0.001740
0.001512
0.001730
0.001791
0.001490
0.001542
0.001510
0.001488
0.001489
0.001629
0.001546
0.001437
0.001373
0.001546
0.001528
0.001556
0.001630
0.001542
0.001451
0.001523
0.001406
0.001581
0.001479
0.001617
0.001484
0.001672
0.001520
0.001659
0.001625
0.001683
0.002112
0.001709
0.001541
0.001638
0.001653
0.001600
0.001835
0.001474
0.001622
0.001537
0.002178
0.001518
0.001922
0.001876
0.001641
0.001711
0.001531
0.001855
0.001460
0.001637
0.001412
0.001695
0.001821
0.001618
0.001603
0.001421
0.001580
0.001668
0.001580
0.001630
0.001635
0.001578
0.001565
0.001440
0.001718
0.001610
0.001530
0.001827
0.001573
0.001693
0.001664
0.001771
0.001443
0.001675
0.001482
0.001519
0.001653
0.001749
0.001605
0.001515
0.001503
0.001822
0.001489
0.001832
0.001464
0.001754
0.001848
0.001626
0.001476
0.001492
0.001446
0.001923
0.001585
0.001906
0.001593
0.001884
0.001669
0.001781
0.001721
0.001648
0.001756
0.001841
0.001835
0.001417
0.001651
0.001607
0.002113
0.001669
0.001560
0.001977
0.001576
0.001503
0.001541
0.001496
0.001909
0.001670
0.001639
0.001485
0.001598
0.001518
0.001646
0.001838
0.001546
0.001525
0.001480
0.001686
0.001798
0.001744
0.001924
0.001710
0.001437
0.001561
0.001774
0.001583
0.001684
0.001551
0.002218
0.001630
0.002348
0.001566
0.001681
0.001693
0.001486
0.001679
0.001949
0.001600
0.001933
0.001907
0.001702
0.001482
0.001582
0.001619
0.001905
0.001845
0.001765
0.001693
0.001690
0.001456
0.001461
0.001847
0.001538
0.001784
0.001515
0.001808
0.001665
0.002600
0.001542
0.001815
0.001778
0.001647
0.001555
0.001692
0.001911
0.001858
0.001832
0.001628
0.001590
0.001625
0.001595
0.001502
0.001577
0.001873
0.002376
0.001905
0.001874
0.001485
0.001512
0.001404
0.001549
0.001887
0.001704
0.001680
0.001638
0.001533
0.001708
0.001453
0.001779
0.001702
0.001692
0.001620
0.001931
0.001730
0.001672
0.001736
0.001612
0.001435
0.001777
0.002050
0.001527
0.001806
0.001765
0.001629
0.001284
0.001581
0.001583
0.001748
0.001520
0.001581
0.001609
0.001619
0.001670
0.002055
0.001689
0.001631
0.001620
0.001719
0.002098
0.001671
0.001810
0.001564
0.001836
0.001561
0.001590
0.001643
0.001735
0.002004
0.001979
0.001616
0.001387
0.001540
0.001671
0.001419
0.001889
0.001438
0.002029
0.001515
0.001598
0.001852
0.001518
0.001462
0.001386
0.001627
0.001629
0.002137
0.001588
0.001491
0.001477
0.001622
0.001576
0.001569
0.001722
0.001716
0.001414
0.001567
0.001699
0.001574
0.001532
0.001816
0.001469
0.001592
0.001459
0.001554
0.001364
0.001577
0.001547
0.001804
0.001750
0.001773
0.001481
0.001502
0.001548
0.001647
0.001466
0.001825
0.001431
0.001549
0.001804
0.001421
0.001386
0.001538
0.002490
0.001502
0.001595
0.001744
0.001745
0.001698
0.001422
0.001693
0.001840
0.001798
0.001472
0.001550
0.001406
0.001468
0.001535
0.001635
0.001570
0.001631
0.001880
0.001946
0.001806
0.001522
0.001594
0.001899
0.001510
0.001892
0.001569
0.001737
0.001753
0.001626
0.001590
0.001738
0.001632
0.001515
0.001539
0.001919
0.001500
0.001765
0.001724
0.001688
0.001612
0.001481
0.001663
0.001619
0.001565
0.001471
0.001552
0.001729
0.001893
0.001609
0.001657
0.001886
0.001951
0.001853
0.001989
0.001521
0.001616
0.001540
0.001511
0.001594
0.001433
0.001659
0.001723
0.001851
0.001980
0.001494
0.001660
0.001613
0.001508
0.001805
0.001699
0.001852
0.001860
0.001589
0.001664
0.002021
0.001727
0.001595
0.001836
0.001727
0.002888
0.001911
0.001621
0.001621
0.001832
0.001699
0.001604
0.001454
0.001806
0.001870
0.001511
0.001744
0.001728
0.002108
0.001729
0.002021
0.001566
0.001836
0.001923
0.001782
0.001746
0.001696
0.002199
0.001621
0.001803
0.002074
0.001994
0.001944
0.001737
0.002230
0.001882
0.001850
0.002080
0.002199
0.002008
0.001791
0.001744
0.001791
0.001874
0.001829
0.001682
0.001824
0.002094
0.001932
0.002072
0.001608
0.001544
0.002076
0.001774
0.001896
0.002283
0.001544
0.001733
0.001655
0.001639
0.001491
0.002137
0.001862
0.001769
0.001613
0.002119
0.001945
0.001993
0.001504
0.001756
0.001964
0.001896
0.002265
0.001677
0.002081
0.001879
0.001675
0.001814
0.001792
0.002313
0.001712
0.001629
0.001589
0.001629
0.001751
0.002338
0.001566
0.001636
0.002001
0.001623
0.001624
0.001660
0.001582
0.001951
0.001865
0.002214
0.001900
0.001469
0.001937
0.002257
0.001923
0.001543
0.001846
0.001694
0.002068
0.001663
0.002257
0.001626
0.001615
0.001827
0.001607
0.001712
0.001667
0.001800
0.001891
0.001541
0.001563
0.002232
0.001725
0.001814
0.001749
0.002004
0.001817
0.001339
0.001610
0.001722
0.001724
0.002374
0.001769
0.001771
0.002035
0.001787
0.001547
0.002064
0.001750
0.001967
0.001887
0.001600
0.002017
0.001648
0.001717
0.001625
0.001895
0.001789
0.002004
0.001549
0.001668
0.001647
0.001709
0.002161
0.002080
0.002128
0.001672
0.001587
0.002350
0.001817
0.001722
0.002021
0.001818
0.001860
0.001871
0.001900
0.001748
0.001614
0.001881
0.001973
0.002179
0.001954
0.001923
0.002208
0.001800
0.002219
0.001766
0.002002
0.001965
0.002031
0.001875
0.001558
0.002122
0.001717
0.002061
0.001908
0.002104
0.001665
0.001753
0.001887
0.002134
0.001655
0.001645
0.002036
0.001602
0.001714
0.001657
0.001461
0.001890
0.001904
0.001483
0.001669
0.001827
0.001841
0.001920
0.001791
0.001963
0.002230
0.001939
0.001615
0.001891
0.001698
0.002014
0.001586
0.001891
0.001955
0.001624
0.002601
0.001914
0.001776
0.001783
0.001799
0.001731
0.001895
0.001941
0.001988
0.001530
0.001844
0.002002
0.001682
0.001867
0.001576
0.001723
0.001849
0.001989
0.001966
0.002350
0.002156
0.001604
0.001852
0.001762
0.001570
0.002043
0.001962
0.001612
0.001845
0.001911
0.001578
0.001556
0.001841
0.002219
0.001704
0.001819
0.001704
0.001687
0.001745
0.001853
0.001761
0.001674
0.001431
0.002152
0.001709
0.001609
0.001850
0.001813
0.002133
0.001845
0.002050
0.001640
0.001737
0.002048
0.001877
0.001669
0.001990
0.001831
0.001591
0.001587
0.001672
0.001591
0.001646
0.001690
0.002196
0.001891
0.001699
0.001487
0.001733
0.001871
0.001559
0.001664
0.002145
0.001574
0.001827
0.001781
0.001733
0.001993
0.002033
0.001821
0.001763
0.001840
0.001956
0.001816
0.001646
0.001857
0.001732
0.001674
0.001933
0.002530
0.001795
0.001668
0.001603
0.002058
0.001880
0.001866
0.001922
0.001688
0.001964
0.001834
0.001546
0.001740
0.002045
0.001745
0.002141
0.001676
0.001900
0.001936
0.001748
0.001968
0.001980
0.001797
0.002325
0.001709
0.001880
0.001921
0.002044
0.001671
0.001752
0.001809
0.001676
0.001616
0.001793
0.002067
0.002059
0.001745
0.001874
0.001562
0.001869
0.002147
0.001951
0.001686
0.001707
0.002731
0.001877
0.002149
0.001770
0.001959
0.001825
0.001791
0.001797
0.001862
0.001661
0.001573
0.001885
0.002092
0.001565
0.002374
0.001872
0.001802
0.001860
0.001779
0.001788
0.001721
0.001931
0.001856
0.002646
0.001747
0.002036
0.001880
0.002550
0.001820
0.001991
0.001554
0.001653
0.002023
0.001899
0.001832
0.001750
0.002097
0.002070
0.001560
0.001526
0.001901
0.002055
0.001749
0.001833
0.001775
0.001925
0.001848
0.002775
0.001756
0.001575
0.001530
0.001848
0.001965
0.001864
0.001917
0.002208
0.002028
0.001666
0.002016
0.001817
0.001845
0.001728
0.001987
0.001798
0.002079
0.001654
0.001842
0.001875
0.002154
0.001675
0.002006
0.001828
0.002047
0.001817
0.001962
0.001644
0.001703
0.001860
0.001656
0.001946
0.001926
0.001819
0.001693
0.002037
0.001725
0.001774
0.001687
0.002201
0.001740
0.001602
0.001626
0.001923
0.001815
0.001972
0.001508
0.002030
0.002604
0.001874
0.001706
0.001946
0.001793
0.001941
0.001835
0.001731
0.001725
0.001723
0.002048
0.001749
0.001722
0.001752
0.002035
0.002157
0.001977
0.001691
0.001790
0.001729
0.001686
0.001697
0.001524
0.001468
0.001802
0.001934
0.001723
0.001666
0.001716
0.001681
0.002161
0.001709
0.001767
0.001896
0.001938
0.002247
0.001614
0.001800
0.001524
0.001571
0.002904
0.002209
0.002079
0.001655
0.001655
0.001819
0.001621
0.001635
0.001668
0.001679
0.002037
0.001615
0.004302
0.001730
0.001978
0.001867
0.001965
0.001605
0.002053
0.001629
0.001655
0.001712
0.001795
0.001895
0.002064
0.001679
0.001519
0.002106
0.001572
0.002291
0.001835
0.002152
0.001943
0.001536
0.001737
0.002135
0.002193
0.001760
0.001822
0.001836
0.001798
0.001790
0.001883
0.001817
0.001948
0.001784
0.001840
0.001794
0.001702
0.001537
0.001542
0.001861
0.001601
0.001832
0.002207
0.001601
0.002311
0.002009
0.001775
0.001899
0.001651
0.001727
0.001778
0.001821
0.001655
0.001948
0.001821
0.001770
0.001792
0.001986
0.001624
0.001639
0.002085
0.001677
0.001754
0.002044
0.001670
0.001552
0.001864
0.002157
0.001832
0.001853
0.001514
0.001503
0.001512
0.001679
0.002684
0.002060
0.002668
0.001830
0.001762
0.001462
0.001686
0.001887
0.001750
0.001756
0.001679
0.001771
0.001733
0.001843
0.001756
0.001601
0.001934
0.001614
0.001608
0.001655
0.001560
0.001588
0.002073
0.001589
0.001873
0.001546
0.001776
0.001927
0.001672
0.001764
0.001723
0.001735
0.001624
0.001529
0.001724
0.002027
0.001851
0.002499
0.001493
0.001731
0.001476
0.001588
0.001840
0.001790
0.001538
0.001910
0.002333
