-112
-119
-120
-123
-124
-125
-98
-110
-123
-123
-116
-114
-114
-120
-122
-121
-111
-115
-113
-113
-122
-116
-120
-118
-120
-108
-121
-116
-122
-111
-113
-123
-118
-110
-119
-117
-123
-109
-116
-117
-120
-118
-121
-115
-120
-118
-111
-122
-118
-121
-120
-121
-113
-121
-122
-119
-122
-103
-117
-123
-119
-120
-119
-123
-114
-121
-96
-110
-111
-121
-113
-124
-116
-123
-126
-122
-113
-110
-111
-111
-117
-120
-82
-94
-118
-119
-120
-110
-118
-109
-123
-110
-122
-121
-100
-114
-120
-117
-123
-119
-110
-121
-121
-118
-124
-122
-125
-123
-118
-123
-125
-116
-123
-111
-126
-115
-120
-123
-128
-109
-118
-118
-120
-125
-126
-117
-116
-123
-114
-111
-123
-116
-125
-121
-112
-112
-111
-122
-112
-115
-123
-110
-124
-121
-121
-121
-110
-111
-108
-121
-125
-115
-121
-122
-111
-122
-66
-109
-108
-122
-115
-113
-121
-121
-121
-123
-120
-52
-117
-119
-114
-122
-115
-122
-124
-114
-102
-123
-106
-112
-123
-110
-116
-88
-114
-119
-120
-122
-110
-116
-113
-123
-120
-104
-111
-97
-115
-115
-98
-121
-119
-123
-110
-123
-116
-119
-111
-124
-124
-116
-126
-119
-124
-110
-118
-108
-120
-111
-120
-127
-120
-120
-114
-117
-119
-111
-110
-118
-117
-113
-78
-120
-95
-123
-121
-121
-114
-77
-127
-119
-121
-121
-110
-115
-121
-117
-119
-116
-111
-123
-116
-121
-118
-113
-109
-115
-120
-120
-118
-123
-120
-78
-119
-115
-111
-124
-114
-119
-120
-126
-99
-117
-99
-119
-116
-116
-123
-93
-122
-102
-88
-110
-122
-110
-85
-109
-124
-124
-111
-119
-77
-114
-126
-124
-126
-124
-121
-118
-110
-114
-109
-121
-128
-112
-116
-119
-110
-124
-121
-120
-113
-116
-123
-116
-109
-115
-110
-112
-126
-96
-121
-99
-118
-119
-115
-127
-119
-45
-112
-104
-74
-122
-121
-121
-118
-96
-121
-97
-115
-115
-125
-122
-90
-124
-114
-117
-117
-113
-118
-115
-104
-109
-123
-118
-121
-126
-119
-114
-102
-125
-120
-112
-125
-48
-117
-124
-127
-123
-123
-120
-112
-119
-113
-120
-121
-111
-124
-111
-111
-114
-118
-115
-124
-116
-123
-123
-118
-112
-121
-123
-119
-124
-110
-113
-118
-113
-123
-124
-119
-111
-115
-122
-113
-108
-115
-116
-121
-109
-117
-118
-113
-111
-121
-115
-124
-123
-120
-121
-114
-9
-113
-114
-112
-113
-74
-124
-117
-126
-121
-115
-120
-69
-126
-122
-120
-121
-116
-115
-111
-118
-111
-127
-112
-121
-117
-123
-119
-124
-125
-126
-126
-116
-111
-114
-102
-114
-117
-104
-116
-70
-111
-118
-119
-123
-116
-113
-122
-115
-118
-121
-115
-117
-88
-113
-114
-123
-123
-124
-120
-110
-119
-110
-114
-124
-119
-107
-124
-121
-109
-125
-123
-118
-107
-120
-120
-117
-121
-118
-90
-118
-124
-114
-118
-124
-116
-123
-113
-113
-82
-119
-126
-119
-119
-105
-116
-114
-127
-126
-124
-119
-120
-122
-120
-122
-123
-120
-105
-120
-119
-113
-115
-109
-119
-120
-117
-79
-120
-125
-123
-116
-118
-103
-111
-122
-101
-119
-86
-124
-118
-113
-118
-119
-99
-122
-119
-119
-123
-115
-122
-114
-115
-123
-111
-123
-112
-121
-88
-104
-85
-124
-99
-119
-116
-112
-97
-100
-124
-125
-109
-120
-116
-121
-124
-44
-122
-125
-122
-117
-109
-95
-118
-115
-122
-113
-122
-118
-118
-125
-89
-121
-114
-114
-118
-124
-114
-121
-121
-110
-123
-104
-103
-110
-121
-112
-124
-120
-111
-124
-118
-115
-102
-121
-119
-112
-113
-120
-115
-117
-109
-115
-122
-115
-99
-118
-122
-126
-115
-121
-110
-99
-114
-117
-112
-123
-121
-111
-120
-119
-120
-119
-112
-117
-110
-114
-125
-115
-121
-119
-101
-123
-111
-119
-121
-115
-127
-115
-111
-109
-111
-123
-123
-124
-115
-124
-117
-120
-111
-116
-116
-118
-114
-122
-110
-87
-125
-117
-122
-122
-119
-77
-110
-99
-111
-126
-115
-120
-102
-110
-112
-116
-119
-108
-110
-122
-112
-122
-109
-121
-115
-123
-121
-112
-113
-123
-119
-120
-113
-125
-120
-123
-115
-124
-118
-117
-110
-118
-115
-116
-121
-112
-113
-116
-122
-125
-120
-120
-124
-120
-113
-109
-120
-119
-124
-127
-117
-113
-123
-116
-111
-123
-111
-109
-111
-120
-110
-124
-119
-125
-120
-96
-120
-109
-123
-109
-115
-117
-110
-123
-122
-114
-124
-108
-122
-118
-118
-111
-119
-125
-115
-103
-123
-120
-117
-109
-123
-120
-110
-111
-120
-122
-123
-123
-116
-112
-123
-123
-126
-126
-110
-122
-124
-113
-81
-124
-113
-109
-124
-124
-123
-96
-111
-106
-85
-116
-113
-116
-118
-110
-110
-119
-114
-118
-110
-115
-123
-122
-115
-112
-116
-117
-117
-119
-115
-102
-120
-117
-119
-114
-123
-125
-119
-109
-119
-115
-118
-116
-123
-115
-116
-118
-116
-118
-114
-119
-124
-119
-99
-112
-115
-118
-111
-112
-111
-113
-114
-123
-122
-123
-125
-118
-96
-106
-118
-124
-117
-112
-113
-118
-114
-117
-126
-121
-121
-118
-111
-122
-77
-125
-118
-122
-109
-120
-123
-120
-122
-111
-123
-113
-122
-121
-118
-122
-121
-120
-122
-109
-115
-101
-104
-126
-123
-119
-123
-121
-116
-122
-66
-120
-122
-43
-125
-111
-118
-90
-118
-116
-110
-74
-112
-122
-121
-118
-119
-124
-119
-123
-120
-120
-120
-123
-112
-123
-113
-126
-111
-126
-99
-94
-120
-126
-115
-110
-119
-109
-119
-125
-100
-110
-123
-108
-114
-126
-125
-125
-111
-114
-119
-78
-109
-124
-113
-116
-112
-115
-116
-115
-125
-105
-110
-119
-122
-122
-118
-113
-110
-100
-110
-112
-125
-105
-122
-125
-124
-110
-87
-112
-113
-109
-124
-124
-126
-124
-110
-117
-111
-124
-121
-121
-107
-118
-120
-123
-121
-125
-115
-115
-125
-120
-116
-119
-92
-122
-111
-124
-103
-117
-122
-122
-123
-83
-119
-99
-116
-123
-119
-122
-119
-117
-124
-126
-114
-121
-122
-118
-119
-116
-119
-126
-109
-117
-110
-123
-119
-116
-123
-119
-114
-96
-127
-123
-125
-116
-100
-119
-111
-127
-111
-122
-86
-118
-117
-111
-117
-100
-104
-115
-109
-127
-118
-120
-113
-120
-125
-109
-116
-126
-123
-120
-114
-117
-125
-120
-124
-38
-101
-118
-112
-124
-111
-119
-120
-120
-126
-120
-112
-77
-109
-125
-112
-115
-103
-122
-111
-121
-106
-115
-108
-123
-112
-119
-111
-126
-124
-116
-115
-112
-112
-124
-111
-110
-121
-103
-115
-109
-121
-74
-126
-114
-110
-123
-109
-123
-117
-120
-122
-109
-115
-109
-117
-115
-98
-110
-125
-126
-104
-110
-121
-109
-120
-119
-114
-126
-113
-113
-110
-123
-104
-120
-110
-118
-110
-116
-119
-124
-113
-112
-117
-121
-120
-117
-124
-117
-110
-127
-110
-117
-111
-26
-99
-117
-123
-119
-122
-118
-127
-109
-117
-120
-122
-124
-123
-107
-114
-113
-119
-122
-114
-113
-122
-123
-109
-120
-116
-110
-69
-124
-106
-121
-115
-121
-123
-121
-118
-126
-117
-123
-113
-122
-121
-100
-121
-123
-119
-118
-119
-122
-123
-124
-115
-124
-111
-118
-120
-114
-118
-124
-121
-122
-115
-110
-118
-120
-123
-104
-119
-125
-118
-125
-125
-115
-123
-117
-113
-120
-124
-113
-81
-123
-120
-113
-117
-116
-123
-114
-105
-117
-123
-123
-122
-112
