1483476167
1598905674
1270267162
1703834543
1546835640
1108503532
1710213350
1972505885
1129960763
1929007801
1172815951
1264923372
1307222295
1106948727
1109292334
1621470875
1704805726
1643160643
1757660002
1181447175
1160117611
1913427827
2063943052
1935901837
1549233962
1963678601
1255444073
1865128539
1503706880
1790835270
1272277923
1517508630
1195444986
1684470144
1975022755
1891327699
1609337919
1857395546
1597405583
1167139315
1948586498
1360313667
1795604557
1547884336
1385290869
1335363823
1504573194
1333471611
