0.0013192607
0.0015111648
0.0025716287
0.0015793579
0.0021167777
0.0012562798
0.0017199084
0.0012025507
0.0013271789
0.0013248038
0.0015207864
0.0013130521
0.002146825
0.0012808974
0.0019349974
0.0015639842
0.0019960396
0.000862727
0.0021753444
0.0019101839
0.0015768114
0.0013020331
0.000928251
0.0020369226
0.0016376512
0.0013070737
0.0022933986
0.0016150054
0.0020874913
0.0017017028
0.0024309827
0.0019332616
0.0012543626
0.0014057088
0.001045079
0.0016047058
0.0020094735
0.0012630069
0.0033626317
0.0013141059
0.0013619624
0.001509908
0.0013594109
0.0015006581
0.0024896206
0.0025442604
0.0015476865
0.0011815532
0.0013665793
0.0014816826
0.0014763392
0.0013900818
0.0019421777
0.0012067213
0.0018696593
0.000987336
0.0046224487
0.002406815
0.0017109026
0.0018412642
0.0013067577
0.0011589702
0.0033327711
0.0019449575
0.0009635358
0.001606284
0.0012682242
0.001601413
0.0011505503
0.0012226822
0.001532791
0.0013268167
0.0015928667
0.0014416081
0.0018403337
0.0016842986
0.0012984046
0.0019879495
0.0033109137
0.0012626118
0.0016432425
0.0015896866
0.0014251908
0.0017626124
0.0011543621
0.0017612026
0.0024912895
0.0014944576
0.00082910835
0.0017920415
0.003396586
0.0020486948
0.0015920169
0.0024897994
0.0012660112
0.0016008352
0.0021221435
0.0013060761
0.0011455297
0.0012449082
0.0020058218
0.0013938693
0.0013103309
0.0009715122
0.0012484157
0.0014363978
0.0012862664
0.0013071469
0.0010769205
0.0021011622
0.0038926015
0.0011407457
0.0012228588
0.0015005729
0.0019778344
0.0012432063
0.0021493107
0.0017003627
0.0011346323
0.0012492898
0.0013155624
0.0017935216
0.0012204978
0.0011386252
0.001667308
0.0009480137
0.0012629407
0.0016066899
0.0020908872
0.0025925022
0.0014312788
0.0018906011
0.0014804265
0.0012974996
0.0013841883
0.0017237661
0.003953839
0.0012317678
0.0012515273
0.0013568953
0.0015709862
0.0015284
0.0031018297
0.0028334626
0.0012750941
0.002010012
0.0015801301
0.0011907695
0.001187399
0.0019230696
0.0012462
0.001660054
0.0014459537
0.0015736608
0.002239688
0.0037976908
0.0011743519
0.0019037976
0.0010638649
0.001350576
0.0016327482
0.0010232973
0.0013565449
0.002444208
0.0018270585
0.0025310656
0.0025360954
0.0013351776
0.0014722551
0.0016879509
0.0029342258
0.001993476
0.0012309509
0.0018052527
0.0014588978
0.001263997
0.0010352995
0.0016896856
0.0015592865
0.0025474925
0.0014638887
0.00086823024
0.0015425814
0.0015510692
0.0020132938
0.0010687526
0.0010452982
0.001598655
0.0015262585
0.002839601
0.001549874
0.0016314487
0.0015793846
0.0015577782
0.0012866487
0.0009737339
0.0015049801
0.0017055322
0.0020970313
0.002169616
0.0011606367
0.0016191454
0.00198444
0.0011032129
0.002023932
0.0013108365
0.0017861935
0.0013918461
0.0014429198
0.0012161356
0.0020305174
0.0016049831
0.0012461264
0.0011359467
0.0010238305
0.0014490661
0.0016284578
0.0012696385
0.0019120966
0.0016495122
0.0021023639
0.001592937
0.0014040006
0.0011242698
0.0027903863
0.0014083944
0.0018821429
0.0020907072
0.0016112876
0.001544714
0.0014820436
0.0015125783
0.0019346998
0.0009481648
0.0015172199
0.0010198847
0.0028441772
0.0016113324
0.0017893539
0.002164529
0.002964055
0.0011896146
0.0011941993
0.0013762253
0.00093996676
0.0020351775
0.0015770715
0.0018601856
0.0012044159
0.002099944
0.0013977813
0.0013791809
0.0011486561
0.001518084
0.0012105189
0.0019272949
0.0021150704
0.0015524329
0.0016501517
0.001256666
0.0014952843
0.0015947176
0.0022175685
0.0014926654
0.0026324675
0.0014653443
0.0010581359
0.001421912
0.0016785398
0.001885844
0.0014065258
0.0013505472
0.0023961363
0.0017072454
0.00172475
0.0016505299
0.001538579
0.0017635198
0.0013476018
0.0018346809
0.0023295125
0.0012605534
0.0018785697
0.003829748
0.0018183768
0.0019152237
0.001578802
0.0013180382
0.0033238526
0.001630048
0.001470077
0.0019411697
0.0017183285
0.0015893022
0.002150334
0.001884035
0.0013800656
0.0010288971
0.0012201263
0.0014440992
0.0010860675
0.0011410377
0.0027871812
0.0017128611
0.0009171169
0.0013585401
0.0020269996
0.00094063114
0.0012114163
0.0017773255
0.0016203837
0.0019046597
0.0017772812
0.0015404626
0.0015789171
0.0032882225
0.0013150882
0.0012475847
0.0016269844
0.0011542815
0.0016761695
0.0017142826
0.0009272477
0.0017069269
0.001834377
0.0013999009
0.001819615
0.001309442
0.0013876017
0.000807314
0.0011807639
0.0019101582
0.0014418219
0.002237677
0.002023278
0.0016721159
0.0021228963
0.0022562195
0.0012219853
0.0016802949
0.002180655
0.0013869874
0.0013665158
0.0017019365
0.0011186014
0.0018013702
0.0012026257
0.001556874
0.0017747752
0.0017676431
0.0015066775
0.0022232214
0.0015445622
0.0010695647
0.0013289134
0.0014259991
0.0022176562
0.0018812856
0.0016398041
0.0016775691
0.0010665007
0.001327561
0.0019301993
0.0014422485
0.0018193442
0.0016175208
0.001494836
0.0017966873
0.0014736537
0.0009935366
0.0015268463
0.00127317
0.0022669574
0.0012331757
0.0014610172
0.0014269663
0.003123452
0.002060488
0.0012684772
0.0016391934
0.0007472609
0.0010681258
0.0010549361
0.0015234072
0.0018376051
0.0018700958
0.0012990226
0.0011564294
0.0014471518
0.0011097629
0.0021407928
0.0009818197
0.0012430346
0.0016058671
0.0024561835
0.002100994
0.0011063473
0.0017004292
0.0016861344
0.0019791457
0.0013888197
0.0015490385
0.0013754194
0.0019381958
0.0012182919
0.0015411659
0.0019466731
0.0017757931
0.0012388949
0.0015796195
0.0010522597
0.0016606783
0.0018314737
0.0016721219
0.002449207
0.0022988413
0.0013797542
0.0019575285
0.0018178802
0.0014651621
0.0008725768
0.0013201457
0.0016597398
0.0012838963
0.0019248493
0.0015493719
0.0032451663
0.0010990398
0.0017777043
0.0015463604
0.0015994592
0.0020349938
0.0011781313
0.0019211556
0.002699342
0.0012917857
0.0012416521
0.0020887638
0.001926202
0.0016946946
0.0019533215
0.0022126946
0.0030460355
0.0019239762
0.0015127355
0.0009910858
0.0016152443
0.0014570629
0.003200325
0.001590266
0.0014200964
0.001667309
0.0012503131
0.0014530078
0.0019609393
0.0014817858
0.001472998
0.0011139082
0.0017604493
0.0014538328
0.0009179681
0.0015064469
0.0019623747
0.0014942727
0.0018311064
0.00089670095
0.0019609963
0.001759369
0.0012006663
0.002336591
0.001080083
0.0015571845
0.00095691567
0.002383339
0.0017433569
0.0018762456
0.0025938072
0.001655167
0.0015662811
0.0011168459
0.0021993255
0.0010718913
0.0008895124
0.0016758913
0.001696549
0.0013493041
0.0013666421
0.0011562356
0.0015664462
0.0022403367
0.0015653847
0.0012606981
0.001866583
0.0016702678
0.0018451967
0.0015101619
0.0016844481
0.0013141343
0.0019065376
0.0015634991
0.0011493897
0.0018515894
0.0013738236
0.0019196499
0.0015961343
0.0011225175
0.0023564403
0.0017528374
0.0013536442
0.0018329787
0.0014452673
0.0017623455
0.0013455168
0.0015020012
0.0011909724
0.0012628572
0.0015579598
0.001296867
0.0014903537
0.0028872858
0.0031109073
0.0012878092
0.0018200808
0.0010029704
0.0014817966
0.0016833405
0.0016000548
0.0021468413
0.0013072947
0.0023181897
0.001881991
0.001493928
0.0016850882
0.0013235585
0.0012869168
0.0020828529
0.001868938
0.0014336037
0.0019472109
0.0017645936
0.0017922467
0.0013516037
0.0009086878
0.0011954246
0.0016004061
0.0014108306
0.0011986323
0.0013827396
0.0023326406
0.0014994699
0.0025976934
0.0014573488
0.0016589595
0.0024751977
0.0024018919
0.0013499352
0.0014250379
0.0029282416
0.0013275093
0.0011033678
0.0017583899
0.0019767778
0.0025084813
0.0012819646
0.0015830428
0.0038762582
0.0026526132
0.0011324272
0.0022759957
0.0012360489
0.0017430078
0.0013868215
0.0014740918
0.0028351338
0.0016198934
0.0010755301
0.0014731016
0.0016066526
0.0015600026
0.0014464539
0.0014827026
0.002051507
0.0013084181
0.0014778055
0.001030935
0.0013063302
0.0011019178
0.0020610343
0.0018900654
0.0009605692
0.0013925226
0.001540347
0.0016381274
0.0012368696
0.0017192303
0.0012465265
0.002637614
0.0012019814
0.00153209
0.0018573646
0.001475681
0.0021832183
0.0014618952
0.001869228
0.0020718921
0.0015151729
0.001484501
0.0012735346
0.0018914116
0.0013503596
0.0013364591
0.0014558489
0.0016921463
0.002399712
0.0021927033
0.0022519578
0.0011176332
0.001119325
0.002431982
0.0010683642
0.0012966429
0.0017776574
0.0015761589
0.002021952
0.0012797248
0.0012200914
0.0018450175
0.00095206965
0.0010259978
0.0020181271
0.0023352837
0.0012820767
0.0009786537
0.002012623
0.0011143511
0.0015811594
0.0015212763
0.0016694332
0.0011179353
0.0020486924
0.0019768556
0.0026755617
0.0017180578
0.0012623324
0.0012517711
0.0012237378
0.0013045153
0.002009687
0.0013081217
0.0021138801
0.0012972949
0.0014695892
0.002581972
0.001473126
0.0016813732
0.0012550063
0.0012916717
0.0014011805
0.0017225035
0.0017869094
0.0019884221
0.0018871343
0.0016947584
0.0014683261
0.0011444545
0.0016135066
0.0015449309
0.0015304184
0.001310129
0.0017353167
0.0011772194
0.0022560265
0.0007687193
0.0014632475
0.001439371
0.001167947
0.0012979829
0.0016284732
0.001880139
0.00122277
0.001279314
0.0016068626
0.0014165681
0.0019334039
0.0013833288
0.001868379
0.0012557178
0.0018564658
0.0013189041
0.0012964774
0.0019414934
0.0014451874
0.0016095584
0.0014919782
0.0010051187
0.0010568184
0.002414325
0.00080978166
0.0019470073
0.00068196526
0.0029408853
0.0017528662
0.0014431183
0.0011069726
0.0012918486
0.0022652692
0.0012150462
0.0008499601
0.0020060355
0.0022495824
0.0009291984
0.0020691105
0.001362641
0.0024877132
0.0008247144
0.0013899846
0.001498266
0.0017099112
0.0017119113
0.0013480122
0.0012569126
0.0014654091
0.0010715188
0.0015806945
0.0029417817
0.0016747683
0.0013646347
0.0014129411
0.0016855677
0.0017444226
0.0014627468
0.0020492778
0.0017823416
0.0014460866
0.0016752877
0.0012436834
0.0009379782
0.0013569606
0.0012162174
0.0016470646
0.0011171444
0.0018931631
0.0020568096
0.0026217166
0.0014617933
0.0025555664
0.0013120142
0.0014001452
0.001930265
0.0018604001
0.0017229035
0.0011304221
0.0014711989
0.0015595736
0.0010495677
0.0012766392
0.0012396006
0.00094636757
0.0011354198
0.0016549269
0.0011135726
0.0019913623
0.0030955656
0.0015105937
0.001317265
0.0017548895
0.00081015105
0.0013662195
0.0010419161
0.0009398101
0.0025489875
0.0028306711
0.0012584358
0.0017254777
0.0012455015
0.0017702265
0.0010746134
0.0016156685
0.0012762428
0.0011483929
0.00218567
0.0013908535
0.0013122585
0.001235662
0.001294655
0.00095801207
0.001581376
0.0012293543
0.001421087
0.0023159154
0.0013872471
0.0016932188
0.0011667093
0.002770608
0.0023266366
0.0018811406
0.0019038828
0.0011061146
0.0014892273
0.00133395
0.0017165578
0.002340882
0.0011469657
0.0013130631
0.002144833
0.0008536571
0.0014564046
0.0016543715
0.0011563794
0.0012157736
0.0017811141
0.0016464901
0.0009838551
0.0017985486
0.0014056375
0.0012885673
0.0017123774
0.0014477153
0.001095031
0.0028269459
0.0018707198
0.0022387498
0.001008318
0.0014074787
0.0020799423
0.0017165409
0.0016994406
0.0012876174
0.0014447273
0.0011306915
0.002884632
0.001611604
0.0013231799
0.001068775
0.0028990689
0.0014668865
0.0017492994
0.0010415728
0.0014007249
0.0014709883
0.0013493545
0.002369499
0.0016930692
0.0017796576
0.0016202886
0.0009743309
0.0016288544
0.0008454811
0.0014666547
0.0010465259
0.0018670005
0.002343413
0.0014175641
0.0012600131
0.0015395316
0.0015976956
0.0016644357
0.0010791642
0.0014561729
0.0033186767
0.0018710191
0.0010415327
0.0016916243
0.0011903414
0.0010324823
0.001451388
0.0013143069
0.0011316293
0.0007972167
0.0010821065
0.0010514815
0.0011692652
0.0011725812
0.0014764573
0.0015323381
0.001039698
0.0019688555
0.001218964
0.0014909569
0.0011768845
0.0017550926
0.0015962283
0.0028668577
0.0021812634
0.0015982244
0.0012260932
0.0019515854
0.002331831
0.0019140508
0.0015136725
0.0011547887
0.0019563846
0.0022991262
0.0018410438
0.0022957262
0.0012317002
0.002159962
0.001321128
0.0015214818
0.0012221162
0.00168024
0.0016240292
0.0014490151
0.0011714036
0.0013097088
0.002381387
0.000994843
0.0016390686
0.0012318719
0.0015939949
0.0012019991
0.0013806822
0.001379719
0.0011576907
0.0011510395
0.0026357514
0.0021220932
0.0016518072
0.0014102435
0.0017936936
0.0010757842
0.0016557773
0.0016123164
0.0010732019
0.0013080131
0.0017982346
0.0019513002
0.0012428982
0.0013386314
0.0018815232
0.0017801382
0.002249544
0.001234053
0.0012291492
0.0013284688
0.0015396148
0.0011591098
0.0012880927
0.0024147017
0.0035384265
0.0025193277
0.0015686374
0.0022157023
0.0013290996
0.0012174533
0.0008875872
0.0029508912
0.001210933
0.0017170856
0.0014900849
0.0019628298
0.0012515554
0.0010525512
0.0020199465
0.0015524152
0.0017110251
0.0027303975
0.0015608042
0.0018930173
0.0017208959
0.0016554877
0.0022482937
0.0022338396
0.0030587951
0.0010632088
0.0025071856
0.0013838462
0.0013173493
0.0010177571
0.001295087
0.0013780289
0.0022979153
0.0011686076
0.0015540883
0.0012676456
0.0015414229
0.00076702744
0.0014233631
0.0021920109
0.0017689631
0.00092934375
0.0014460398
0.00082258985
0.0034485543
0.0015412184
0.0011565221
0.0014469149
0.0017210108
0.001247138
0.0016023397
0.0013463943
0.0019168445
0.0015992366
0.0012359708
0.0017029762
0.0011941522
0.0016481257
0.0013725923
0.0013769191
0.0014310916
0.0013245686
0.0011234425
0.0015713661
0.0014559714
0.0015708344
0.0014859006
0.0015954213
0.0015295153
0.0037251231
0.00096008397
0.0023817108
0.0012311322
0.0012495399
0.0024069324
0.0012399729
0.0017410745
0.0018033307
0.0012998076
0.000835393
0.0012635594
0.0014759582
0.0013989705
0.0029289701
0.0018647662
0.001493476
0.001285694
0.0031479662
0.0014681754
0.0015615501
0.0014146668
0.0012703721
0.00190925
0.0011723612
0.0021550818
0.0013242303
0.0020308888
0.0020718586
0.0030548885
0.0010959647
0.0012269276
0.00094946474
0.0015847238
0.0011194383
0.0019017702
0.0020672784
0.0012931937
0.0038616904
0.001482157
0.0014276928
0.0018944389
0.0014809553
0.0011923788
0.002326176
0.0019754563
0.0016235928
0.0009394288
0.0024484147
0.00082141854
0.001374102
0.0026821462
0.0021604244
0.0016574302
0.0015317412
0.0016599192
0.001501748
0.0012173782
0.0012863022
0.0021224457
0.0011555271
0.0018596312
0.00409948
0.001450884
0.0014785993
0.0019055445
0.001649793
0.0015173333
0.0011337915
0.0016900125
0.0017409623
0.0014585727
0.00207529
0.002848515
0.0013054676
0.0013050684
0.0012948976
0.0014754221
0.0016397411
0.0014644435
0.0015621065
0.0010937884
0.001986663
0.0012429091
0.0031976718
0.0014009746
0.0011596511
0.0011942982
0.0014328054
0.0023407084
0.0020149925
0.0013318718
0.00172713
0.001585158
0.0012281763
0.0015178059
0.0027481918
0.0012149116
0.0015430364
0.001960764
0.0017771723
0.001654654
0.0019747748
0.0019425396
0.0011046103
0.0011654506
0.0014526539
0.0012686086
0.0019152267
0.0011906924
0.0016213837
0.0010801695
0.0009343353
0.001527098
0.0016253627
0.0023770274
0.0018845472
0.0024804836
0.0015437825
0.0024505148
0.0019266707
0.002199873
0.0016155463
0.002244469
0.0016525899
0.0024264578
0.0011499809
0.0010835396
0.0012041082
0.0012243008
0.001363542
0.0019331838
0.0012009088
0.0028059979
0.0033434099
0.0012502057
0.0015476081
0.0009976799
0.0031076677
0.0016794496
0.0028115576
0.0018122315
0.0022215971
0.0019035575
