4.9346065e-05
3.8298487e-05
4.0881794e-05
6.777545e-05
3.9645936e-05
7.736731e-05
4.2477004e-05
3.5783018e-05
3.502148e-05
7.944388e-05
7.79013e-05
3.176153e-05
5.246366e-05
3.8462495e-05
7.579338e-05
3.1698848e-05
3.3854154e-05
3.13498e-05
4.00674e-05
5.120678e-05
3.2505788e-05
0.0001065041
3.343845e-05
4.2799074e-05
4.2157902e-05
4.431297e-05
3.2336822e-05
3.305379e-05
2.1156824e-05
6.891825e-05
3.669112e-05
3.4599165e-05
2.5729649e-05
2.566209e-05
6.200291e-05
7.099889e-05
3.791912e-05
6.833222e-05
6.84746e-05
4.0371673e-05
2.6148626e-05
0.00011304985
3.3904565e-05
2.9268374e-05
3.4076413e-05
3.454557e-05
3.740099e-05
3.845025e-05
6.651734e-05
2.9199997e-05
2.6912337e-05
2.4061046e-05
4.8274276e-05
4.0055747e-05
2.2690869e-05
3.619725e-05
3.0755877e-05
5.454654e-05
3.635837e-05
6.981354e-05
4.6622845e-05
3.0404486e-05
2.8695278e-05
3.8838618e-05
2.4568943e-05
3.249081e-05
3.4351924e-05
3.5013843e-05
4.3605305e-05
3.3381864e-05
9.11136e-05
2.8337972e-05
4.93867e-05
5.1345636e-05
2.8906303e-05
2.6472479e-05
5.3572843e-05
3.8603263e-05
7.447569e-05
4.1735835e-05
4.463566e-05
3.2432796e-05
5.026961e-05
3.4588138e-05
0.00015465685
3.6811718e-05
5.4246117e-05
4.2093045e-05
5.0307197e-05
4.9531944e-05
4.5315344e-05
3.7368936e-05
5.5868786e-05
3.6088346e-05
4.595295e-05
4.927696e-05
5.380553e-05
3.501028e-05
4.2526386e-05
4.0094652e-05
3.725005e-05
4.7675396e-05
3.1063e-05
0.000114349205
4.2396958e-05
6.237188e-05
6.951241e-05
9.302567e-05
3.944429e-05
3.0260517e-05
3.9565617e-05
3.7240152e-05
5.3702424e-05
3.373453e-05
2.9048697e-05
3.912025e-05
2.9892117e-05
3.37416e-05
3.957955e-05
7.512211e-05
4.3578377e-05
4.0222763e-05
3.6798123e-05
8.36912e-05
2.94386e-05
3.150239e-05
4.0222374e-05
4.5565157e-05
2.1624423e-05
3.2938948e-05
4.18711e-05
3.081737e-05
3.507998e-05
6.621237e-05
4.1330008e-05
5.7780595e-05
3.1119085e-05
8.063992e-05
4.9175625e-05
3.25751e-05
3.9266066e-05
3.5106983e-05
3.620289e-05
8.765816e-05
5.9975304e-05
3.4052904e-05
3.9710492e-05
6.806215e-05
6.262373e-05
7.296113e-05
4.1249186e-05
4.6033343e-05
3.406927e-05
4.1733965e-05
4.375434e-05
4.3673237e-05
0.00012052638
4.829187e-05
4.0031915e-05
3.5370525e-05
6.0032977e-05
7.496348e-05
6.501507e-05
5.209832e-05
5.316934e-05
0.00013796426
4.3270997e-05
4.0940973e-05
4.295579e-05
3.843999e-05
7.6562996e-05
8.718771e-05
4.8518526e-05
8.7348984e-05
3.6111356e-05
3.974156e-05
0.00014464566
4.705712e-05
3.0964395e-05
0.0001293934
5.3108746e-05
3.0444184e-05
5.9673457e-05
3.4355835e-05
4.0265182e-05
3.363264e-05
5.3422937e-05
7.390559e-05
6.31812e-05
4.4686934e-05
0.00015639293
7.953193e-05
3.737512e-05
2.229969e-05
3.6945952e-05
3.6099103e-05
3.770178e-05
5.5087796e-05
3.5230503e-05
2.5369189e-05
4.727186e-05
7.049736e-05
3.0738676e-05
4.403986e-05
2.4847044e-05
3.4604494e-05
4.2662825e-05
4.946598e-05
5.9354297e-05
4.7035122e-05
8.624305e-05
2.5441906e-05
4.822817e-05
6.905599e-05
2.5060463e-05
2.7572205e-05
5.7160014e-05
2.5395897e-05
2.5363268e-05
2.5197525e-05
5.9537477e-05
5.5802964e-05
4.5972287e-05
2.2071124e-05
0.00010940163
9.6567084e-05
3.7636353e-05
6.0364826e-05
3.0843254e-05
5.68233e-05
3.4868615e-05
3.7774156e-05
3.99065e-05
2.2794136e-05
0.00012291432
3.698961e-05
5.57688e-05
3.8616592e-05
3.1688338e-05
2.3296645e-05
8.3491366e-05
4.770611e-05
4.5981775e-05
7.882831e-05
4.057539e-05
4.235675e-05
3.4265944e-05
4.4958484e-05
3.3034627e-05
5.133631e-05
4.4550183e-05
3.342652e-05
7.519521e-05
4.0399656e-05
4.053046e-05
4.843446e-05
2.154337e-05
3.287846e-05
3.9662656e-05
7.943792e-05
3.1579093e-05
2.7986398e-05
3.200899e-05
4.1249423e-05
3.4504057e-05
3.130735e-05
4.374586e-05
6.008144e-05
5.641005e-05
2.4794666e-05
4.4317727e-05
2.2800852e-05
4.3037187e-05
4.3624437e-05
6.0205457e-05
3.5899575e-05
3.7047936e-05
2.6097452e-05
6.892419e-05
9.5356794e-05
3.900854e-05
5.1217554e-05
6.273566e-05
6.653455e-05
4.8302063e-05
9.7892065e-05
4.7544534e-05
4.516216e-05
4.07362e-05
4.9026545e-05
4.6488352e-05
7.074398e-05
3.973242e-05
2.8722901e-05
3.3720968e-05
2.1845655e-05
6.7364665e-05
5.04684e-05
3.4902354e-05
7.607119e-05
4.456597e-05
3.32811e-05
2.9132465e-05
3.4421137e-05
7.58273e-05
5.0249622e-05
3.649857e-05
4.6021843e-05
2.9371151e-05
4.6102774e-05
3.521601e-05
2.6928274e-05
3.150574e-05
4.617917e-05
4.1306343e-05
4.1578274e-05
3.678165e-05
3.5371515e-05
5.6075012e-05
4.0137336e-05
3.9696228e-05
3.6048936e-05
4.133213e-05
0.00010218941
4.4937708e-05
3.104323e-05
2.8393699e-05
4.747279e-05
3.1379448e-05
5.0344213e-05
3.4407385e-05
7.585273e-05
4.7400146e-05
5.460984e-05
2.7239828e-05
7.0649214e-05
2.4947776e-05
5.7009725e-05
3.279983e-05
5.9230082e-05
2.333583e-05
3.8781527e-05
2.4787189e-05
4.440595e-05
6.5581575e-05
3.145777e-05
8.308861e-05
3.1196047e-05
5.438627e-05
3.756176e-05
4.891732e-05
4.431149e-05
3.59517e-05
6.3264015e-05
4.816437e-05
3.65617e-05
4.0434577e-05
2.7819202e-05
2.742067e-05
1.9818815e-05
5.7397443e-05
2.2479604e-05
3.7369184e-05
2.539093e-05
2.796799e-05
5.022581e-05
4.148716e-05
2.4900588e-05
4.6224315e-05
3.686417e-05
3.8259015e-05
8.22319e-05
4.629374e-05
3.3775512e-05
3.636703e-05
7.151623e-05
3.0414114e-05
0.000118369426
4.8926624e-05
3.8746464e-05
3.374325e-05
5.5557168e-05
7.368656e-05
5.2520165e-05
3.2505654e-05
3.8764287e-05
5.9782866e-05
3.1730382e-05
7.839008e-05
3.7568294e-05
3.5494708e-05
3.8128634e-05
5.6556957e-05
4.1768893e-05
4.7433394e-05
0.00011724896
2.6032614e-05
3.0359406e-05
3.5109613e-05
4.2812404e-05
4.183148e-05
1.8784664e-05
4.9006572e-05
4.06867e-05
4.9876107e-05
4.838842e-05
4.072704e-05
4.5969107e-05
1.7340586e-05
0.00011811262
4.5524648e-05
3.5412744e-05
2.1448172e-05
3.41983e-05
3.2612992e-05
7.991415e-05
5.847163e-05
3.8439244e-05
5.6904926e-05
5.0375318e-05
0.00010064335
5.9532515e-05
6.1207946e-05
0.00012197005
3.9609407e-05
2.3556338e-05
3.166224e-05
2.3231547e-05
3.9404094e-05
0.00010836355
5.0343693e-05
8.819721e-05
2.9191126e-05
3.86095e-05
5.287734e-05
7.306646e-05
3.4619112e-05
3.0963743e-05
3.5383207e-05
3.8317332e-05
3.8432827e-05
3.264585e-05
6.879857e-05
3.3378037e-05
5.966424e-05
6.277576e-05
3.884514e-05
3.7528836e-05
3.3354485e-05
3.0152409e-05
5.501637e-05
4.303353e-05
5.749683e-05
3.7444817e-05
3.7673737e-05
3.9160816e-05
4.4689456e-05
6.387397e-05
4.0869094e-05
4.5242094e-05
7.428832e-05
7.359782e-05
3.12035e-05
3.7843154e-05
3.888359e-05
5.2327803e-05
3.9120085e-05
2.6514275e-05
5.6618414e-05
2.6207643e-05
8.778052e-05
3.653989e-05
8.166731e-05
2.6261923e-05
2.525163e-05
2.5632437e-05
6.614625e-05
5.084782e-05
4.7730835e-05
8.1427315e-05
3.815438e-05
4.7573903e-05
4.780608e-05
4.980398e-05
5.5732897e-05
5.274721e-05
2.4659805e-05
4.3744945e-05
6.4068e-05
2.425609e-05
5.3780394e-05
3.7702568e-05
3.7469923e-05
3.1980686e-05
6.0191054e-05
4.5186025e-05
8.58392e-05
3.6628157e-05
4.3670614e-05
3.0379239e-05
2.6982869e-05
7.222484e-05
7.320236e-05
5.4572218e-05
3.6818976e-05
3.6223035e-05
6.679582e-05
3.2615364e-05
2.4033137e-05
4.8347018e-05
4.375901e-05
5.2529667e-05
5.3950833e-05
7.50649e-05
7.83317e-05
4.699166e-05
5.8508933e-05
4.218459e-05
5.7147387e-05
7.445187e-05
3.642507e-05
4.322009e-05
9.8467404e-05
4.103718e-05
6.692775e-05
2.995323e-05
5.9494658e-05
3.4329056e-05
3.4011726e-05
4.7678514e-05
0.00010507755
2.9916511e-05
4.062433e-05
3.7238497e-05
3.746733e-05
5.364951e-05
5.757375e-05
4.2498068e-05
2.7583957e-05
2.9491375e-05
3.863886e-05
4.9732127e-05
4.168191e-05
3.4707395e-05
3.8524482e-05
2.5798734e-05
3.8270933e-05
4.9816455e-05
0.00016985025
4.2733733e-05
4.03886e-05
9.553708e-05
3.2939584e-05
0.0001021707
3.831351e-05
6.590779e-05
4.3796546e-05
5.0768547e-05
4.33354e-05
3.630365e-05
5.065722e-05
6.366312e-05
4.0279017e-05
6.0562183e-05
6.915693e-05
8.2389786e-05
5.704278e-05
6.2972125e-05
2.3947225e-05
4.5952613e-05
3.675021e-05
0.0001123335
4.3779623e-05
4.1634554e-05
3.3721994e-05
5.0830895e-05
0.00012473494
5.11264e-05
8.3326144e-05
2.8048145e-05
6.404452e-05
6.2047046e-05
5.4796754e-05
4.2714597e-05
3.0007875e-05
3.608522e-05
6.355038e-05
3.3075234e-05
6.598568e-05
4.41126e-05
4.7604437e-05
4.7097274e-05
2.7618351e-05
3.9715254e-05
6.7994515e-05
5.5534543e-05
2.420373e-05
4.9646394e-05
7.562803e-05
4.615458e-05
0.00010525122
3.708892e-05
4.7186222e-05
4.5493252e-05
8.371932e-05
4.0893206e-05
6.194426e-05
2.4918385e-05
2.7433534e-05
3.6967747e-05
5.051273e-05
4.0434614e-05
4.439429e-05
5.0268987e-05
3.4048324e-05
4.5349974e-05
3.9523453e-05
4.9532362e-05
2.95088e-05
8.431648e-05
3.9505838e-05
4.9880342e-05
5.8069767e-05
4.2032592e-05
0.00014998703
2.7691583e-05
9.0159854e-05
3.4768902e-05
6.276053e-05
5.406539e-05
3.6697937e-05
9.055502e-05
3.9755047e-05
9.671169e-05
4.3146425e-05
6.999594e-05
3.3404758e-05
4.010122e-05
3.392218e-05
3.9035513e-05
4.2295556e-05
3.5540295e-05
4.793787e-05
4.996338e-05
3.4725275e-05
5.4654756e-05
2.7542774e-05
5.4244814e-05
3.9615777e-05
4.5034867e-05
2.2859325e-05
4.556426e-05
2.5966281e-05
6.4911546e-05
3.364544e-05
5.5243065e-05
4.2023526e-05
6.157625e-05
4.301899e-05
5.3446616e-05
4.336667e-05
5.0916464e-05
4.138342e-05
4.9410133e-05
3.674686e-05
7.775618e-05
5.7284262e-05
4.6387147e-05
4.385966e-05
4.0925876e-05
2.7681768e-05
5.4075004e-05
