0.01309181
0.008770901
0.008890989
0.017911667
0.015180613
0.0048972378
0.004056831
0.00533506
0.015895138
0.013829675
0.004512613
0.0064433864
0.004430446
0.013679062
0.005313724
0.0054923757
0.0061308206
0.010104245
0.007501375
0.0107103055
0.010707385
0.013801477
0.010190443
0.006874102
0.0052087274
0.0058828597
0.0045458092
0.01087179
0.005933509
0.010826034
0.012712849
0.007985506
0.008077384
0.0073509216
0.01213339
0.011104924
0.008195347
0.007074104
0.007608052
0.009973751
0.011457542
0.010304146
0.011343109
0.010767305
0.009377389
0.012854146
0.008299072
0.007026847
0.006407275
0.017079638
0.0066885087
0.011571176
0.0066362806
0.012366162
0.008419153
0.0067365775
0.004097476
0.0070892465
0.0056555336
0.011277729
0.014264392
0.010979487
0.006127014
0.01164288
0.015157703
0.013781175
0.006856726
0.011517946
0.009100795
0.010653188
0.009688708
0.014840592
0.010488143
0.0074492935
0.0122721195
0.011115212
0.0054597966
0.0077389083
0.0071360115
0.004436024
0.008783168
0.011566826
0.007926421
0.0077462546
0.004109928
0.0064628827
0.008217427
0.010228251
0.014284746
0.010593579
0.024951639
0.008095044
0.005843451
0.008646316
0.00848681
0.006242827
0.009536254
0.0061442787
0.008162779
0.0075159627
0.016814075
0.0131039675
0.008736572
0.013814619
0.006904193
0.010085094
0.011779373
0.008958646
0.004299998
0.021195143
0.0069185025
0.009923746
