1393098799
1652709213
1950402225
2003305373
1995717902
2074884777
2134143739
1707680615
1114641711
1452619198
1959403391
1559726867
1565052427
1227878616
1637642719
2034623541
1456137941
1233051187
2105436064
1924525812
1787866125
1209423129
1277905961
1248437215
1284308253
1429515949
1296115504
1902065503
1591571781
1812638695
1836133130
1856951230
2019100017
1128910339
1967246489
1665800409
1214026349
1766250159
1573888984
1354394563
1833968048
1801449208
1255854268
1725640341
1715752228
2073571785
1650493780
1930161223
1507547995
2029073339
2108604289
1193403843
1912286706
1517676243
1222556929
2130138918
1158355847
2057141947
1669131305
2130630806
2089436145
1854518901
1140343833
1191288143
1086555674
1712553019
1648111802
2096446519
1599705364
1236711300
2015867886
1599960991
1076580416
2113596759
1758147561
1803831186
1840556250
1127905261
1310279558
1913804975
1330507005
1268306397
1658886863
1730179655
1817565322
1310083965
1106252501
1990051506
1882994188
1458473441
1943999934
1952722233
1395595034
2146561009
1497971669
1222241268
1849530303
1963605742
1321019761
2040673378
1092293723
1744847217
1436257140
1717928930
1852016856
1111996360
1591219326
1167845027
1256208660
1079473647
1280419626
2111745401
1303836599
1322600000
1350229007
1873454657
1922662834
1490819926
1619942493
1937098008
1155894469
1723087945
1747182717
1876967590
1139704766
1568197413
1700174480
1823603539
1375727790
1512993623
1283369018
1393135594
1177444591
1280268573
2100528803
1791603700
1334217468
2044654960
2128709731
2026114264
1339178953
1613234224
1813122836
1132764109
1153686783
1143378434
1271457192
1800229171
2021865435
1982967543
1607134037
1585711728
2120986700
2017190562
1173643110
1484254963
2034433758
1663236394
1080846673
1086021182
1322563205
1646345653
1475505551
1688628665
1816856538
1123224578
1824374293
1612637761
1079107636
1308292640
1604190454
1833421936
1119283663
1769526831
1576269026
1861719059
1681459493
1249746335
1630295383
1420040325
1488763292
1626797942
1972672750
1955518637
1078441457
2133311015
1184073462
1284201742
1124955869
1272927046
1947861449
1903692220
