50311
46413
6094
3776
-58015
86899
70738
-1357
102214
93411
-7779
63747
37029
80154
126345
114459
59360
79586
82834
37900
96195
-96172
115936
96511
65773
31441
56993
-82691
74946
61230
69448
59805
8927
-117809
81486
105594
107114
42890
-18029
118214
47196
115736
-1895
82081
57845
90197
43903
86146
43538
79597
105569
96867
84174
54696
-10484
20092
33401
113091
81051
72701
78702
110414
34340
-11980
77399
62035
95338
52411
106237
112942
-11121
108148
108106
100279
84234
77747
57396
112299
86982
66532
49314
-46189
68463
9036
53144
99951
67548
94130
68899
71215
43062
82492
108949
-3851
58863
-16167
86933
60447
32797
98892
83652
80821
49534
103897
76326
-51575
40645
68080
-86173
63266
47986
95649
65291
60252
90714
75115
99859
51688
73954
47851
83983
87061
68486
50968
53553
31307
40193
56874
26311
80936
73424
104275
81241
109864
86975
115
57287
121342
-8366
43688
36814
110106
-22812
89695
93272
100882
71091
3763
75919
92060
-1165
69138
66488
-101817
59160
82627
49747
-110707
-1926
64353
106628
99257
107301
94300
111797
86566
101838
63942
84476
78580
59233
62807
94566
10531
70368
89966
81990
100499
82971
12440
-57360
63348
48492
81734
67588
81640
-7131
-100540
108680
72844
-17722
88569
80619
42534
65347
122859
109282
89064
84376
82541
58305
13164
58761
77898
49557
60926
58087
110901
57963
101507
96722
98147
46711
29533
68330
96100
89560
81938
73329
88179
63085
78098
81979
59435
104704
44466
24475
10041
88032
73527
69708
-33139
81286
76019
110806
94952
64722
81718
99770
69156
62733
-341
14231
76029
-113368
83470
23823
95055
60276
-96795
95599
121009
57060
96238
98571
94664
79803
98152
27237
84239
54814
47840
86245
68268
-12233
95078
95424
62687
-33218
72834
95686
103268
-8005
62550
-8735
21592
-112693
66968
41089
53469
-27592
56835
-15119
62762
87088
62986
-103440
73706
25260
81793
90194
-536
78748
87300
51231
51861
90029
39215
19860
92055
45679
72372
115189
28481
56458
17632
-1128
91773
32621
105472
-112487
76456
102074
77142
-89404
107552
63395
74263
91732
83855
38641
102531
22016
-65849
11372
110585
-9679
89912
74741
75657
64528
72522
95045
43097
37976
42515
77059
72764
26431
77015
79605
79657
44972
46614
82101
-17179
-21359
-103325
50336
71278
97642
81292
40792
86028
56341
83199
96307
63643
68918
64551
53948
80150
95438
75166
-3499
90102
122917
103927
66947
-103052
81430
60417
53993
54937
72356
90017
26371
21859
40669
107933
54605
70418
-105171
50915
42828
71576
25333
103961
25229
27793
80246
57632
89625
82383
91398
103767
-2764
76165
109178
46728
27435
76087
43255
67495
-94080
50378
126002
101959
-126298
-2942
98153
53301
116222
70745
78096
58817
70286
32091
61729
63694
63075
58135
-104416
-14406
114306
-9782
-98355
76310
-43428
66276
-12652
91455
107536
70095
28947
94856
90383
39853
52724
90814
106556
99596
88354
107966
105043
101405
-93091
-57995
65643
57100
76539
55727
95483
93355
3619
-5690
63914
-67266
63499
102882
116817
74536
62441
95095
58060
-99633
76089
110546
37107
70490
68243
58942
-6903
46752
52510
54426
51179
-87802
51868
94530
99133
62804
53078
87752
79735
110900
36326
25158
70531
64681
80076
102590
113092
68291
62483
55898
84590
107205
39347
-89170
69212
104541
59149
85935
74915
105914
41369
54691
97246
-98428
38396
4261
75205
88653
58530
71329
79280
95499
31162
81034
50903
117189
44290
59367
-105820
65863
103366
73240
39251
24991
92041
12871
93458
7173
51711
70967
103554
54852
59624
41289
86060
66194
68254
67754
75308
114126
101362
66029
-103967
90544
33909
58137
56636
73604
113866
46188
-65439
82303
45592
66016
112086
-77855
82522
72316
11451
40464
115357
90724
48803
53569
114249
95034
55349
571
105319
107178
47909
60002
-45191
107338
58864
52857
92291
-106724
99726
84536
11784
70026
44920
35129
50184
87941
92420
57608
91962
52762
-94323
-21349
83744
-99889
95569
21051
94404
83684
720
-16896
41447
81135
116036
82190
100395
79853
83299
107322
99534
107266
42974
82096
105706
93056
77423
87259
76726
13070
-121
-14278
65226
112123
-114727
-12524
8347
96043
70175
85139
93812
84660
53266
62930
72320
63126
96542
-78818
42534
110357
64486
90140
25597
38104
61582
66790
104855
76401
57082
56036
97859
-97531
57104
70088
98199
19839
107714
86996
93019
71889
115290
75924
106262
-111425
53110
92770
-43689
48197
86113
52369
87623
108571
-21985
47940
43396
77314
90430
114947
57889
105755
58036
60813
85924
48841
67461
84245
4106
95776
24605
8671
120294
95222
48052
105300
39045
57392
58123
-75516
60180
44703
85879
45442
-71615
55939
81752
34450
57151
90412
33255
5213
67492
110753
91022
71431
55306
42140
72194
609
99032
96389
106985
74602
75805
-9089
79876
91042
84088
101280
72536
-113260
63149
73921
-108025
49042
85744
111778
43806
104572
49753
62920
-5118
-94513
86009
60542
87936
59251
76776
112299
62793
87571
66316
68937
93074
96522
60523
75476
33844
62190
80103
105551
66449
9242
-86010
-3272
53635
-1678
118504
86609
100623
64295
-14276
107
46627
-9266
44031
38224
66237
91854
73575
48825
97463
100436
-8357
-23769
124826
89706
84924
-4987
101797
89811
53186
56508
70257
-36224
-5951
106830
51580
112368
107735
99283
74008
-108048
37502
89420
92372
12230
33896
47720
44328
32058
57648
74071
-31049
57818
28764
84801
95897
-3907
65133
97523
63690
86011
100508
-5151
-2045
99889
84177
71951
94749
-71673
4729
52041
102296
-37662
115691
36275
67653
93866
110742
42585
29762
70305
-9983
52451
10181
62074
46437
-112043
110418
2872
-21685
27315
-98989
47196
86801
92185
77408
44972
93676
83929
13452
107903
-112842
73284
-3191
88225
87003
-9713
17129
104781
102251
74477
111615
75675
70915
73132
58450
96893
-111991
-96346
103627
17285
99653
81429
101228
75910
-82126
107158
82367
93765
53480
36528
-7356
88907
104457
-8992
83528
94719
87678
90418
82733
91670
-17167
32939
75700
91148
58032
86095
77119
10197
57914
75111
69867
58026
82377
112484
51997
93311
47113
47401
39018
21458
56224
54399
58780
87508
-2906
108564
87235
8899
-43964
90766
1109
4073
71652
87548
104311
76156
-94783
57929
43569
-2197
-49501
78739
-2832
30058
-18588
93650
15035
104839
-77239
28368
92113
-1438
93200
64903
43429
70398
12720
35095
16877
70440
59765
85726
76789
-6585
79596
67857
79710
79610
28717
58024
52513
71010
85035
80254
78066
104699
-113091
115711
120072
84353
51562
85246
80674
51274
101398
90788
80957
50205
-5183
35971
60275
49339
63568
82674
16404
83775
103188
46511
79042
49383
19879
46228
-13376
112739
110572
119673
92187
89330
67997
490
56599
105369
-511
87510
113290
75942
40679
84176
-102603
45996
37008
100422
-1248
49654
-3013
112026
70952
68232
73159
55707
40393
98142
98377
-18126
38809
95353
99932
49201
57142
104017
46443
81810
67663
76502
76692
31173
59195
64676
103923
47415
4962
-77
83319
95726
107579
60028
71168
36927
-811
100556
57699
100180
113842
56178
110721
105743
62417
92440
75297
103241
47595
41072
88620
96406
-16131
67468
43340
114870
60754
84220
72076
85417
40400
59695
73240
73743
81871
65932
79445
5035
103615
87800
73641
-3025
46874
68027
84821
49273
-116737
80709
100773
82579
66789
58752
29534
105658
75436
69697
84296
64913
51928
44635
82269
83182
55949
-115834
91957
83741
-105805
117665
-4608
67204
121621
61277
98493
-76183
84405
87739
50744
107264
88185
59634
58521
91539
84876
96841
60005
74369
118157
85680
71148
103622
59251
65126
90512
114307
