1242673046
1689500118
1383510323
1386143653
1931165991
1113637514
1538516323
1095512581
1081844007
1760155217
1229477986
1259831123
1935166593
1813012996
1130243651
1820969215
1980755340
1649110851
1140108724
1481613551
1527450892
1948003558
1103424409
1646547956
1764487279
1115607924
1489409959
1887251709
2024354736
1339750524
1681745438
1316840732
1603432137
2046295600
2084921915
1925761421
1153145157
1371071701
1858113431
1956567059
1611905078
1321134912
1386610656
1313673515
1816183172
1931937227
1731501995
1889312087
1349771856
1904705436
1513217652
1550155890
1994621014
1953211029
1998767813
1676698962
1473995302
1444260397
2064563771
1200415470
1079228138
2024302057
1492745865
2049605463
1497996544
1940098242
1986066983
1589027248
1180391154
1432206505
1274778481
2102906569
1145821079
1782381374
1141819885
1679639484
1426097582
1464345678
1092109495
1502304930
1340727738
1418812569
1155870822
2048880987
1404406793
1956663538
1644420694
1236712688
1224291231
1615771912
1722658825
1398855137
1517339000
1268734962
1992941815
1425229868
1681415162
1372586058
1880457966
1595556414
1107925751
2078830157
1553375785
1382834973
1717932563
1075936327
1371023758
1086194713
2090197453
1847252795
1155393461
1463636591
1333497771
1775800120
1850847950
1940793123
1170953428
1379566543
1833687802
1774837111
1399351143
2032289055
1113344231
1453802888
1280072959
1951296256
1717280298
1310751637
1148691758
1608193320
1643983878
1748577799
1656131288
1155545873
2016039237
1088080186
1353451060
1179873248
1164473980
2058236440
1458415506
1242905068
1182289057
1175190194
1795079836
1184569915
2020631140
1207322856
1364672455
1766625786
1227286208
1157702434
1914181635
1997130639
1177702186
1937854969
1831639854
1928937516
1244510280
1306431118
1973336559
1683321647
1789123030
1121068429
1784490879
1677822374
1785533793
2070649610
2027460396
1494835246
1308081314
1588431804
1517315916
1768993948
1192443862
1844019878
1300087213
1492799136
1111136472
1143883223
1649713397
1798699851
2076195643
1074488558
1390051327
1165392597
2098939706
1722170514
1890528426
1394436067
1703824213
2024314487
1193258306
1719452543
1577136127
1217957981
1297693600
1721321148
1091513163
1400467452
1957686920
1240948863
1194845762
1216933415
1644152567
1678240842
1903663705
2007878223
2142606577
1652202897
1278107876
1347596059
2054163035
2033305926
1611881402
1149486077
1776436405
1315529690
1142257886
1109533923
2088334175
1789995479
1800773842
1672722628
1403965537
1781760478
1307005253
1563130174
1408674042
1440793090
2136605379
1138463559
1824682157
1228222582
1203559012
1383008990
1195227532
1652666941
1161734701
2118930284
1998999835
1352230578
1277172094
1985892375
1165551224
1180854014
1869388392
1872358509
2111814552
1111448696
1771066756
2066387984
1858591089
1455845509
1399364756
1815994359
2048812327
1534197283
1503434261
1743698829
1128520652
1168279849
1606209296
1739077332
1703385029
1440570539
1331098239
1080469632
1715524744
1467621803
1798131042
1233693444
1384101327
1377285389
1494855370
1956252173
1119143299
1439743961
1463805872
1393062876
1170914363
2147144617
1976692589
1187880666
1275231278
2019997815
2056637146
1126695847
1492486616
1226529177
1391927626
2047414277
1970574788
1210516116
1675665517
1490648198
1723796443
1664843354
1736319113
1332004426
1719747306
1596582164
1426687699
1631719864
1566427311
1094939629
1362570349
1641477805
1465102116
1293463936
1336311036
1607084113
1143704471
2082335936
1692469346
1626849773
1490477141
1470802042
1906083362
1691126342
1780200250
1335609644
2075305437
1645520431
1181183106
1337454573
1328680358
1253314682
1644204062
1196688915
2143028005
1245134135
1309563413
1595921020
1374335397
1199027186
1963295694
1375510895
1167915243
1333440950
1604973425
1212027810
1688815002
1417751898
1199331715
1703202726
1206303913
1520614533
1731108683
1872038295
1407747730
1316505128
1142794732
1522158189
1331739850
1728037944
1823976029
1188997863
1134491664
1526998094
1408412721
2145591491
1240875468
1502789098
1672730322
1922549220
1358933169
1118782244
1202788959
1269066126
1704812081
1713282655
1273767528
1218301871
1950662340
1511720756
1097849077
2045064463
1507508257
1815701372
1191440604
1663138704
1352662068
2078997662
1865930556
1195255351
1646704216
1507774017
1689217489
1639319765
1918719083
1393464179
1181327528
1636068499
1091504877
2018095472
1387509741
1361234743
1351026077
1756273586
1670183409
1961182637
1842631298
1711102123
1523038925
1961463195
1377911611
1465347160
1697525292
1103811506
1137444616
1285812541
1559556327
1118680439
1144392842
1740544634
1110786368
1151591291
1263024679
2142152596
1620213474
1085880418
1157223297
1316841323
1393458260
2106109892
1431984545
1283720793
1251945634
2044081330
1949051208
1917865574
1419971495
1465258376
1534053749
1233562636
1685352431
1480317010
1160254970
1465590428
2030552442
2080412286
1534042799
1427219219
1093948209
1349981978
1242697313
1225485079
1797742760
1186892502
1494574813
1395880285
1482090616
1669384354
2071423806
1261016091
1568185528
1960762394
1945584494
1221744910
1327070410
1272933552
1581952356
1083964166
1456835745
1998551181
1289255580
1743468583
2090218761
1336324650
1414524308
1214768864
1898838597
1718322029
1722391586
1815092906
1699798160
1497424184
1928320764
1175706917
1581194734
1712366406
1453023070
1514749470
1728394856
2053457500
1999206998
1390832033
1270695606
1313226932
1146427177
1490260509
2005785291
1553720858
1990361164
1604314056
1440907917
1741160202
2107102495
1522577249
2058717057
1492439265
1155933859
1929247668
1928577645
1367145678
1620716582
1204941377
1088352457
1893085402
1648173885
1625621004
1706313121
1445956761
1700448058
2038117421
1722402536
1815220755
1967273212
2028400321
1993995976
1320160657
1707498090
2018173602
1873351705
1935347712
1341904421
1953578002
1818300076
1295764030
1722075219
1243797642
1844079067
2143425165
1185149970
1888669883
1685392679
1270519518
2008841824
2081520308
1733714786
1775540280
1658112352
1204136995
2051033108
1197915908
1389378937
1926837481
1683332893
1507827287
1330720611
1695518777
1904304725
1235342753
1433944893
1285903693
1956208373
1947844339
1494016363
1104928111
1113802060
2027906683
1140368565
1275613641
1277029448
1710709107
1902434936
1353060411
1461588050
2128030040
1377460589
1380774003
1102238256
1616330067
1215640722
1116469720
1199453053
2060463140
1288006095
1745714223
1699203900
1621290718
2096480392
2147215644
1105714441
1420871763
1405781463
1865906288
1971821314
1754594387
1351443065
1857384812
1083045549
1690392396
2129345225
1725565609
1094456645
1390423332
1098743130
1117255161
1429900492
1378338958
1731058964
1912716109
2137307955
1838226138
1083027792
1343063346
1725274398
1521539069
1456713815
1099891698
1179931254
1723962764
2042914710
2012060536
1260212893
1948633332
2038587975
1725084401
1104824234
1499805368
1925551299
1535141944
1094215153
1840087048
1166378690
1826989946
1349512016
1859823409
1077594810
1871924060
1467927219
1171702172
1714558776
1969510565
1075283470
1263794139
1824154781
1746622186
1543124206
1748767797
1605652917
1765352033
1341204804
1396539061
1853587229
1854884953
1107487159
1622055443
1784518106
1598385661
2051250924
1401471302
1630322998
1110603473
1962247452
2072277906
2145542956
1333813250
1101328517
1288519266
1606077304
1099366097
1299270402
1448219862
1661795108
1827601963
1254852418
2140707194
1239944421
1237688423
1243286246
1440052041
1117486591
1827183495
1723628937
1501468290
2079752621
1092972770
1540663117
1907721720
1300860225
1735914258
2056259519
1391695604
1985762751
1177108814
1730648782
1432026570
1913921203
1383616863
1364101575
1758467140
1080979844
1717846739
1203139360
1544127464
1878754500
1335387684
1084285268
1936580032
1437857599
1281855444
1759432516
1379585187
1310639473
2058313978
1553350926
1210870068
2123370662
1104755575
1268453517
1316557807
1094592780
1398948656
1691709948
1714403108
1301352088
1087070418
1703372599
1473177898
2047488855
1642034776
1876794151
1391316201
2024058197
1509196334
2086473265
2103864251
1905014404
1521436080
1805579418
1221512296
1391695013
1812369017
1938234964
1121083522
1665419858
2044515187
1491793510
1305907293
1195466361
1178054362
1859414411
1244011315
1874567452
1228281771
1254718651
1181873253
1203351849
1170491160
1095127259
1993289256
1387011367
1275734979
1975098031
1323662293
1983411753
1652549155
2034015014
1199608721
1704877190
1597900309
1406301737
1385989760
1922755790
1213673271
1343443341
1721571223
1340513473
1625090668
1384060191
1757285130
1155830277
1294281340
1890522507
1977170839
1377598204
1542991622
1869236868
2097325023
1897193136
1246236239
1548070060
1167899854
1819612598
1271723131
1630744426
1276245190
1785275136
2044817644
1468565872
1870415918
1085133450
2102075552
1903563083
1163065572
1086730672
1315459254
1476616202
1280996904
1420925625
1520957831
1286206150
2062415201
1098109805
1204710834
2026006708
1675464274
1253156646
1556019177
1194040788
1583544251
1615937642
1955604642
1915842486
1092413432
1894883571
1538481401
2022122709
1444255070
1227706747
1309323104
1084531791
1404411232
1295830322
1217707315
1168606574
1265515362
1348956228
1739449041
1093184076
1138257876
1540113841
1152766642
1429634732
1508895061
1083848155
1631485475
2069135549
1897089555
1213386203
1556712875
1766922916
2027887742
1650936247
1409654512
1266460615
1452383530
1101284717
1202216599
1549121261
1172706613
1973937922
1642080351
2045649253
1516043939
1550049349
1719166067
1569874197
1543133677
1498549963
1265719565
1767348487
2111963709
1075835706
1801707849
1909998139
1232262840
1606894116
2097532777
1552131035
1587989660
1617362327
1328316344
1356380337
1367442216
1138364417
1650055511
1909466619
1910598318
1533315955
1227171972
1975148934
1369237426
1313300622
1551408926
1654480500
1940076342
1537798357
2075043820
1122507616
1867923458
1419962616
1198314548
1381291022
2082466153
1223151246
1164317424
1228712669
1568362504
1696491848
1895434031
1186126001
1756272994
1374645548
1431593896
1571417853
1572998206
1236040890
1077559889
1897587928
1636708335
1077003214
2032077157
1123490453
2089742879
1863684916
1371618018
1804767933
1793172758
1210849648
1465116914
1186613128
1286296117
1147937686
1190803432
1239462325
1434247942
1988049231
1514374802
1796907600
1709028132
1184017680
1282016142
1507078543
2028846608
1677646582
2133500311
1733726624
1396350839
1151695020
1258931150
1532218290
1282111141
1240595503
1306322209
1562552487
1525394657
1140842671
1757215287
1600620647
1603009525
1535127738
1300945162
1893097239
1301228382
1143832912
1738184166
1576338848
1157411814
1524168256
1431392653
1184990159
1734120232
1135019040
1610078498
1377885568
1409447645
1082980440
2111950095
1230755882
1801337916
1883109053
2140059664
1318752544
1791810222
1375665971
2050549532
1262422724
1937380863
1549053786
1226786650
1358395731
1175616949
1202840750
1761906627
1997839726
1896231902
1523067336
1970882572
1342483292
1204767360
1715535398
1182305334
1780595042
1227209557
1597879001
2068594559
1293720225
1320659030
1682691874
1625333936
1490943553
1714748773
2114704171
1086265148
1613534262
1665720539
1607537503
1536568405
1722789633
1780380777
1180312136
1513606526
1239917786
1285143111
1844832547
1296726448
1349060402
1201802275
2126898341
1159145763
1782725855
1185911440
1510933539
2071424989
1118074932
1156370971
1787437911
1296044587
2035846329
1804843695
1258177671
1429720261
1394404697
2015327783
1365256357
2075865367
1402294920
1742185952
2131935347
1450477636
1147673110
1463140585
1880887680
2077884904
1230290062
1099366689
1967133525
1744073497
2140648597
1597407262
1762794466
1716913916
1450176362
2081794946
1314853156
1357223191
1465944971
1934889587
1160090424
1193401840
2006465968
1115984960
1102215172
1275652114
1277943330
1310183124
2127754218
1536248783
1744545827
1479525354
1562366633
1590477977
1705520577
1161084803
1692299473
1839059819
1597939966
2110921386
1346763859
2019998998
1304641235
1790602169
1124547277
1625485460
1811097928
1406669006
2138474575
1930153263
1742132681
1124637837
1351905037
1394182441
1896321870
1481803548
1267807170
1671821767
2101198959
1424533210
1856921952
1843058645
1311869426
1918939267
1496232112
1853510875
1989078533
1099578883
1227433589
1277010507
1489357872
1655213263
1727106306
1707213981
1326099410
1376320012
1164434619
1244362899
1148936209
1105551078
2056042886
1875431023
1178366882
1534696249
2047675301
1820132279
1257302854
1973813032
1554550100
2053845781
1727952120
1648459177
1098387403
1096164255
1360095646
2008788554
1353735465
1499185656
1488529815
1099789005
1565191144
1305097288
1320467257
1936085210
1935997610
2033577013
2089394255
1290624332
2056045254
1280094267
