0.02099491
0.05708807
0.02337435
0.04683768
0.03262697
0.01881486
0.02599317
0.01850864
0.01827771
0.02973775
0.01038599
0.04256959
0.01634728
0.01531539
0.00954771
0.00769130
0.03346478
0.01393083
0.03852418
0.01251590
0.01290311
0.00822786
0.01864231
0.00695459
0.02981094
0.01884815
0.01258176
0.00797126
0.03420139
0.02263503
0.01420651
0.02224797
0.00169312
0.01728604
0.03522467
0.01626783
0.00974117
0.04632840
0.03139275
0.00826403
0.05446614
0.01116026
0.02342673
0.01109723
0.01534217
0.01632000
0.05850731
0.03191985
0.04560868
0.03217992
0.02556575
0.01309491
0.01684952
0.01649971
0.01688455
0.02832776
0.04980618
0.02440072
0.03488072
0.02028097
0.03646703
0.01710025
0.01260994
0.00865700
0.02530859
0.01638894
0.01677726
0.05369310
0.00997133
0.02419707
0.02153733
0.00888213
0.00967930
0.01505663
0.00964550
0.01418872
0.04818772
0.01237003
0.03690229
0.02538138
0.04530308
0.02397078
0.01952839
0.01730788
0.04745479
0.03305775
0.01389121
0.02089421
0.04136870
0.01364920
0.05820850
0.02363360
0.01281769
0.04287045
0.03367067
0.04815840
0.02840744
0.04637957
0.06354052
0.01347843
0.00935918
0.03512175
0.05248844
0.02336294
0.02902440
0.03635580
0.04632678
0.03670243
0.00882845
0.01560463
0.03904065
0.02472808
0.04505878
0.03000207
0.03127000
0.01639481
0.01978321
0.02330772
0.03098008
0.02998580
0.02364198
0.00429193
0.03761981
0.02456194
0.02162678
0.03296707
0.05802676
0.04429019
0.01940710
0.01358518
0.02777504
0.02954215
0.02798027
0.00976145
0.01703045
0.03676614
0.01143325
0.01993391
0.01967374
0.01738691
0.02463987
0.02099883
0.03994945
0.01985479
0.01516390
0.01000663
0.01706924
0.04079534
0.04611217
0.02984707
0.02073495
0.03911867
0.01617001
0.00843536
0.03979446
0.03273998
0.00773637
0.00814733
0.02102595
0.02207210
0.00833486
0.02843965
0.01511358
0.03788081
0.01507445
0.01417337
0.00754163
0.01749177
0.01712693
0.02525518
0.02209998
0.02683649
0.02563499
0.01494354
0.02014629
0.03115464
0.02196492
0.01261039
0.03754521
0.03865172
0.00348398
0.03038896
0.03507724
0.01815344
0.02348486
0.01968926
0.03546150
0.00363700
0.01597020
0.02355894
0.05757208
0.03420071
0.02016005
0.01452504
0.02664565
0.02057735
0.02192448
0.02908165
0.03688214
0.00591521
0.01653752
0.01048289
0.02018687
0.02056004
0.02777789
0.02835381
0.03216232
0.01696151
0.03619925
0.02791390
0.02159358
0.01138379
0.03470500
0.03435262
0.02723267
0.01942052
0.03001282
0.01111291
0.01929840
0.01874553
0.03528232
0.03024190
0.00760600
0.02826058
0.02371994
0.06020554
0.02208180
0.02640902
0.02379949
0.01217107
0.01804893
0.03846859
0.03082793
0.02075077
0.02033408
0.02336588
0.02019332
0.02792174
0.01962746
0.03579924
0.01688651
0.02284588
0.02157777
0.03355157
0.01969194
0.00997524
0.01579162
0.03163342
0.01783951
0.00469447
0.01496105
0.01745577
0.01570041
0.02459645
0.02364221
0.03068115
0.03461460
0.01296010
0.01270023
0.01472986
0.01906631
0.01973804
0.01356842
0.02938164
0.05755724
0.01216919
0.02248885
0.01825449
0.02898372
0.02479541
0.03037935
0.01042160
0.04676867
0.04653836
0.01262776
0.00826270
0.00472697
0.04864883
0.01236547
0.01176787
0.07913020
0.00453449
0.03339614
0.04013839
0.01077249
0.01706389
0.00434335
0.01903548
0.01260775
0.01036108
0.02351656
0.03459098
0.01664639
0.01022581
0.01415515
0.05036888
0.02912347
0.01406373
0.00733376
0.01125208
0.01452753
0.02697419
0.02410383
0.01378392
0.05292945
0.00924948
0.02302057
0.01386635
0.02475284
0.02185302
0.00564423
0.02715162
0.01932284
0.01759049
0.01429710
0.01374278
0.02518155
0.02484914
0.01610160
0.02857151
0.03007641
0.02256507
0.01753110
0.00695025
0.01995604
0.01129812
0.02244800
0.02117470
0.01388938
0.02021801
0.03620637
0.02103649
0.01106251
0.05392604
0.01160967
0.04051503
0.01658490
0.02323920
0.00986594
0.02252843
0.00677899
0.01023858
0.01426623
0.04790572
0.02026266
0.01438777
0.04076091
0.00642268
0.02924701
0.03162801
0.02378384
0.02224230
0.03861494
0.01285840
0.02249969
0.02919513
0.03081600
0.02008807
0.01916719
0.02579857
0.04759015
0.03624968
0.02096454
0.02538956
0.02826071
0.03248139
0.01147956
0.00945089
0.02032107
0.02144082
0.02880273
0.00723646
0.04304050
0.01029158
0.01647818
0.02554046
0.03709623
0.01727564
0.05093858
0.00766905
0.04025868
0.02809866
0.02285317
0.01756229
0.01576241
0.04038758
0.01391050
0.02547378
0.01426963
0.00692406
0.01620834
0.01177126
0.01995848
0.02764131
0.01844093
0.00852391
0.00293024
0.04599601
0.02282553
0.02967217
0.00705442
0.03313410
0.01556559
0.01445450
0.00643292
0.01656942
0.00581994
0.01237849
0.01433981
0.01864885
0.01921708
0.02172375
0.02634864
0.01890006
0.01933447
0.02940643
0.01876669
0.07782435
0.04267750
0.01809579
0.02737344
0.03669181
0.00488781
0.02224798
0.02354242
0.03558264
0.02419332
0.02168841
0.02115157
0.03453467
0.01646457
0.01620113
0.02399036
0.02475548
0.05183555
0.02084099
0.02847396
0.05001979
0.01960246
0.02476109
0.01715305
0.01757424
0.02591759
0.02411281
0.01848221
0.02280789
0.01049766
0.01035226
0.03037279
0.04010500
0.02525078
0.01179167
0.01251993
0.01410209
0.01749831
0.04260963
0.02649443
0.01656350
0.03287057
0.02064133
0.02242080
0.04301232
0.02672702
0.01831353
0.02461318
0.01688272
0.01089096
0.02945583
0.01765708
0.02257715
0.02389833
0.04104694
0.01604040
0.01451549
0.05819947
0.03066592
0.01435901
0.00632473
0.03257890
0.01986352
0.02671422
0.01446518
0.04909753
0.02559163
0.02920116
0.01734654
0.00844413
0.02349805
0.02146835
0.04437383
0.01936884
0.02517789
0.01694383
0.02625005
0.03362707
0.05420964
0.02434408
0.02941683
0.03559941
0.00643097
0.03478194
0.01260735
0.03905891
0.01629728
0.01629162
0.02309787
0.05476388
0.04071487
0.01838767
0.00399795
0.05569166
0.02746480
0.02882809
0.01221469
0.02872900
0.03443391
0.01454996
0.01533404
0.00830925
0.01713487
0.00842212
0.01115203
0.02884811
0.03409696
0.00791255
0.01634881
0.01133571
0.03300562
0.06144021
0.02189188
0.02909439
0.04202782
0.01557782
0.07242616
0.01001153
0.03190900
0.01423732
0.04293075
0.03393930
0.01758360
0.01464552
0.00749942
0.02801374
0.04068769
0.01732606
0.01011937
0.02347350
0.03255384
0.00355498
0.01273734
0.04496494
0.01432286
0.03217315
0.04174213
0.01211322
0.02172529
0.03305006
0.03290875
0.05048269
0.03733543
0.00940882
0.00856535
0.00481662
0.00538786
0.01078768
0.02890236
0.01607078
0.02285990
0.02469347
0.03595298
0.01163607
0.00583203
0.03724454
0.02730783
0.01026910
0.01886271
0.04052942
0.01740572
0.02176081
0.02949377
0.01435399
0.02739164
0.03541995
0.00906928
0.00934050
0.02400557
0.01187531
0.03152441
0.00832846
0.02964380
0.04566515
0.01569022
0.01829801
0.02855911
0.03597520
0.01457668
0.00462270
0.04698229
0.01856322
0.00943799
0.02415811
0.01164349
0.02924617
0.03231526
0.03610973
0.06211351
0.01829771
0.02269100
0.00728711
0.02570634
0.01230556
0.03716525
0.01993489
0.00728157
0.01725748
0.01699684
0.04258249
0.01646104
0.01722093
0.02914523
0.01866596
0.02533915
0.03253211
0.01296808
0.01848672
0.06217639
0.03941184
0.03086692
0.02279995
0.03142164
0.00910296
0.03162608
0.02480057
0.00989793
0.01448370
0.00831870
0.03633374
0.02135175
0.03081902
0.02950911
0.02607102
0.02954536
0.01356372
0.02982555
0.01132980
0.02359447
0.03131628
0.06267641
0.03742190
0.01370228
0.00753734
0.01350233
0.03465580
0.04735560
0.01377212
0.00469090
0.03315209
0.03501105
0.01812443
0.02253472
0.00930345
0.02176948
0.02713461
0.03714749
0.01097556
0.04893523
0.01403798
0.01543863
0.02120068
0.00904179
0.02094881
0.04182139
0.02100527
0.04865924
0.01887989
0.03087019
0.00364008
0.05073449
0.07027467
0.01846573
0.02602944
0.01611544
0.01098899
0.01466410
0.01737021
0.02351264
0.03354938
0.03977441
0.02923924
0.02419403
0.03233562
0.02337615
0.04609288
0.02970923
0.01826311
0.02902295
0.04065398
0.02608797
0.01587074
0.02256132
0.03663791
0.03271844
0.04858509
0.04331379
0.01486277
0.04661607
0.01107160
0.03477513
0.01312190
0.02045760
0.03587426
0.01866480
0.04286094
0.04448638
0.01849310
0.01181759
0.02858137
0.02896477
0.04397258
0.03673202
0.02877841
0.00311116
0.01729612
0.02774211
0.01585418
0.02350623
0.01709819
0.02549781
0.00881272
0.01777235
0.01609257
0.01285230
0.03050519
0.02063740
0.04702526
0.01530995
0.00818660
0.01894066
0.02813720
0.01727100
0.02520379
0.02206325
0.04039471
0.00995159
0.03141473
0.01050876
0.03167074
0.04150354
0.02119842
0.01996770
0.02033058
0.01977540
0.01850213
0.01683827
0.02343350
0.04310698
0.01668460
0.01118161
0.03350966
0.02791975
0.03436460
0.02026734
0.02880383
0.01349823
0.02375941
0.01170812
0.00812122
0.02050496
0.04539484
0.05817175
0.02264792
0.01372792
0.02338364
0.02968926
0.03905541
0.02186683
0.01597015
0.01670211
0.04654893
0.05213756
0.03158068
0.03543422
0.01602650
0.04211022
0.01307729
0.01973162
0.03074228
0.02148571
0.01377568
0.02156211
0.03016215
0.03454711
0.02481136
0.01580030
0.03666657
0.01775724
0.01608031
0.03929989
0.01836027
0.02222463
0.04989474
0.02164239
0.02400648
0.02569652
0.02173040
0.01742221
0.00463813
0.01017677
0.03422930
0.01415345
0.04234406
0.05257776
0.02017327
0.05350783
0.02730120
0.03303986
0.00809202
0.01845628
0.01600699
0.01299629
0.01708184
0.02440063
0.04148411
0.00553024
0.00916156
0.02372747
0.00547325
0.04114623
0.00987178
0.02138083
0.02279056
0.02938792
0.01846930
0.00961541
0.00162626
0.03895189
0.01207681
0.00318659
0.01831157
0.01378194
0.01747898
0.03205125
0.02050011
0.01315030
0.02985209
0.01713054
0.01394625
0.04763211
0.00534920
0.02453796
0.01860616
0.02031140
0.02617234
0.01981283
0.00833740
0.00693572
0.00864029
0.02561350
0.01309401
0.02904524
0.02652296
0.02607118
0.02531794
0.01069214
0.00746482
0.01784077
0.01817620
0.01521989
0.01613467
0.02081903
0.02714841
0.03543773
0.02622319
0.01341451
0.02732527
0.02244185
0.02291599
0.01155144
0.00961631
0.02787762
0.01613018
0.01613974
0.02590531
0.02073302
0.01668503
0.02313321
0.02218816
0.02621099
0.02795238
0.03277751
0.00649526
0.01752889
0.03792944
0.03155849
0.04798042
0.04049095
0.04667371
0.03518318
0.02066509
0.03934219
0.02075905
0.02649742
0.02866216
0.00800582
0.02003955
0.01483608
0.01161229
0.01209336
0.01327452
0.01328787
0.04176572
0.01820533
0.03205967
0.02765212
0.03639185
0.01716593
0.03796265
0.03530612
0.00787172
0.02317343
0.03049148
0.03029558
0.04091451
0.04950618
0.04009556
0.01086596
0.00969718
0.04023715
0.04188133
0.02423156
0.03358801
0.02558530
0.03035868
0.00721849
0.02000393
0.02165961
0.02546203
0.01713864
0.02834377
0.01802270
0.00732281
0.02359129
0.00972892
0.02126959
0.05177353
0.04332243
0.04191962
0.02207026
0.02639926
0.01288574
0.01927449
0.02968808
0.01352121
0.01354139
0.00648398
0.04395883
0.03198380
0.02198420
0.01932501
0.02936655
0.05326436
0.03910885
0.01287538
0.04836664
0.01001018
0.02929789
0.03835220
0.02720221
0.01163966
0.00297657
0.01829691
0.03568131
0.02079357
0.03043353
0.03181505
0.01807811
0.02228027
0.03027256
0.02324182
0.03464395
0.02132858
0.03273197
0.00327140
0.02072651
0.02295004
0.01986200
0.04064389
0.01488367
0.01687671
0.00800919
0.01286608
0.01664899
0.02268120
0.04070899
0.01449195
0.07990000
0.03008308
0.04146731
0.05399220
0.03494882
0.02185735
0.01115624
0.02842901
0.02745995
0.02518943
0.05794122
0.01786392
0.03670481
0.05452119
0.01407114
0.01357964
0.01298013
0.02910646
0.01503973
0.03988265
0.05114464
0.04189672
0.02171244
0.06233674
0.01095407
0.02279232
0.02030440
0.03593386
0.00979186
0.00752977
0.04007185
0.00638179
0.00874916
0.01888983
0.01953684
0.03019869
0.02189662
0.01719777
0.01524638
0.02125686
0.04831013
0.02355841
0.03404888
0.02306595
0.03507166
0.04738343
0.01471708
0.00450237
0.01225288
0.03877978
0.01235985
0.03177752
0.03510578
0.02078570
0.03714751
0.01661732
0.02946605
0.03616617
0.02698813
0.01489117
0.02900719
0.02450067
0.00219824
0.02221439
0.02293023
0.02476708
0.03268988
0.00979984
0.04032495
0.03389916
0.01885452
0.00931094
0.02155209
0.01079540
0.04427098
0.01797416
0.02595486
0.02947403
0.02499652
0.02639612
0.02687106
0.02881470
0.01961648
0.02859133
0.00776771
0.02699713
0.03566393
0.02275352
0.00853195
0.02204186
0.03025215
0.03799836
0.02746251
0.06119685
0.04753123
0.01806472
0.03260986
0.01471663
0.01900071
0.01142019
0.04710931
0.01601914
0.02503501
0.02141955
0.01412268
0.03549967
0.02406743
0.01568631
0.01556920
0.01108199
0.03242040
0.02527878
0.03131499
0.03360540
0.03715468
0.00518436
0.02157504
0.02516264
0.02796476
0.02917939
0.02884331
0.04480879
0.04650574
0.03934615
0.01051173
0.03882246
0.00933912
0.00868419
0.03168533
0.00995423
0.02592863
0.06919078
0.03075106
0.01062104
0.03334749
0.02626406
0.00867491
0.02919368
0.02785065
0.03711442
0.01851965
0.02297876
0.03393840
0.04574261
0.00633217
0.02514865
0.03716178
0.01322192
0.04409913
0.02230924
0.03271008
0.01635430
0.01717860
0.03530023
0.04361009
0.01736840
0.02162714
