1611382046
2137821912
1188047431
1235645366
1706093363
1717163517
1893913248
1427088210
2061419213
1846844593
1351457067
2135205331
1222323908
1217508205
1465285832
1256018922
1119815028
1668380293
1468476422
1937284396
1131496463
1888352079
1170603552
1495663527
1745968281
1536805736
1204115927
1739482736
1272061327
1160070133
1785641924
1374361477
1339004076
1264338310
1160957236
1818949296
2012278166
1969220113
1443760533
1727122928
1691012608
1143312082
1358893080
1922531646
1287566997
1761369586
1099419108
1452717294
1709533683
1295319832
1866867781
1391708445
2080547843
1538758854
1353600279
1230904209
1119375203
1565416679
1287149537
1206825692
1223330285
1173674868
1384917260
1319234346
1504169282
2120624037
2060606657
1972023061
2046420459
1471152641
2069112411
1349440585
1396654605
1353749372
1805426562
1688492936
1106426478
1660746732
1103206069
1854478154
2013903280
1445862744
1093626845
1192207125
1141157688
1427103119
1459143201
1240006336
1376217684
1623585306
2106527295
1098159272
1763397251
1811897198
1073804933
1659114164
1331765612
1658454428
1218850041
2104700906
1489841446
1253201065
2122621883
1303281397
1474455051
1380660655
1436600342
1838614660
1596152198
1089385150
2033751283
1284301861
2091796909
1344855976
1313076806
1607759086
1086291471
1837787194
1780900767
1090249889
1215853272
1767870040
1843102359
1819202754
2064997445
1728464765
1985635250
1646150529
1828625431
1797241358
1978970794
1352892087
1477362364
1722814141
1627633181
1561435897
1325123519
1751812726
1269974025
1248601546
1407482483
1876812283
1353242456
1139234389
1485323929
1270167846
1723164509
2008893756
2140826136
1576509197
1810048445
1084994362
1954310815
1721211391
1458025004
1133032121
1637450954
1760042659
1080432116
1143215171
2005151522
1792321289
2102136507
1894733259
1590292843
1695485397
2115808333
1433946487
1331437607
1464346546
1245619686
1125830930
1441635958
1648968387
1486069394
1136550715
1543380736
1110638355
1392580639
1096627342
1793991131
1121760691
1732926372
2016244040
1813216671
1775071231
1846665681
1086000739
1080133930
1324542057
1562941736
2028007476
1947139442
1224537939
1401634311
1093723756
1487947966
1149879628
1418217178
1403576247
1611784597
2035581400
2037295969
2066376555
1199057948
1905438135
1237240661
1822937533
1313606086
1387504023
1332399257
1830578549
2128555783
1995624480
1872786772
1471503010
1469930079
1252485418
1690885879
2069992060
2081546766
1254572720
1753229109
1424985999
1606633434
2111380272
2082113319
1310765865
1886562964
1224396300
1263190294
1133166304
1104413723
1900458430
1325369523
1471845923
1776055245
1139644394
1663996959
2005762803
1133949042
1317296138
1401533673
1938581505
1846904230
1433901759
2081099487
1349082762
1306214802
1854835977
1521195701
1730790615
1828774524
1550649019
1794952780
1468912519
1375569130
1886518236
2057423522
1935592191
1648912477
2027843474
1660418728
1492159842
1153651680
1609801660
1169880451
1718311533
1085982103
1196180453
1671242878
1489811628
1834745697
1082966697
1482297341
1206057863
1082340507
1535538446
1137788187
1083600342
1193295504
1105584103
1787908137
1596763479
2105550736
1935957469
1242257640
2081129306
1226763151
1116728803
1321500560
1698094524
1480791502
1760072477
1105226279
1171229743
1400534750
1247326801
1074632399
1953416257
1118689376
1876961375
1327031909
1800431948
1529880367
1107473856
1158855025
1641998290
1532839863
1712377632
1389770237
1740198383
1715001669
1778783647
1391085982
1399207822
1473739404
1666345174
1187160328
1509626085
1595220366
1864750660
2052160539
1797569362
1414296032
1716492598
1772387558
1365438262
1257644035
2142853801
1185945220
1590479210
2113109750
1924581674
1187872247
1322205024
1770479167
1634685279
1152451482
1621147636
1628989927
1616585391
2115122506
2055768589
1710454333
1663400587
2008118472
1115498786
2104484721
1401779676
1569397462
2117985091
1748040674
1162164889
2044951894
1475125969
1224098114
1600997720
2115420692
1480284586
1380910386
2088106857
1198968492
1974121545
1601750639
1230971301
1729821511
1111316728
1089884611
1909620193
1382375225
1219334594
1575316453
1451092180
1207429519
1746385741
1991106963
2000216544
1743567884
1360149188
1646426351
1377738433
2034150107
1538833400
1100887674
1428042405
1828685068
2128868879
1485428294
1335619665
1263257386
1074736764
1123743628
1338079699
1713264735
1572506051
1754116213
1426909298
1112830022
2040203282
1327099001
1384999261
1603778304
1150267269
1909985471
1961169092
1802485703
1571015121
2124515364
1213452875
1336290584
1269951661
1525579034
2103642346
2001886386
1204887484
1143319536
1973677993
1124533821
1504057462
1865242667
1145317382
1127851139
1688910397
1360831289
1239067050
1301902287
1901561718
1383538150
1847731696
1419424831
1801781239
1704684434
1316640129
1319936947
1730149516
1110157530
2098334636
1580191794
1498459021
1324855152
1426924208
1301201550
1706175364
1482908623
1956383207
1147523959
2071050620
1503707094
1380287923
1111160180
1522313898
1082675966
1339809178
2048448124
1495268431
1253968893
1504616561
1380019555
1195069711
1385066353
1329313032
2124351361
1617822863
1540130509
2046912466
1896805651
1905050493
1772245919
1258821870
1464421093
1879928326
1873248960
2054054020
1452583110
1169138714
1444546998
1653053534
1456705531
1363529872
1835677529
1632508521
1200824700
1624979326
1841708340
1639650075
1274372268
1842163073
1585976602
1394720124
2118387642
1586796613
1646731992
1842095982
1978478787
2080301840
1606588706
1598142589
1976533124
1202524360
1648610563
1598351319
1464629823
2035700674
1345310709
1443622622
1312035019
1763471797
1074520580
2143718540
1913802251
1132883028
1944150128
1187913247
1841149241
1691400249
1865108483
1625419150
1433611028
1372169810
2011473064
1259120056
1967460816
1082176504
2000842735
2079936562
1998039787
1311257872
1737253796
2095263320
1383448694
1422868879
1892645957
1446872849
1329081938
1724625621
2138887927
1185333939
1339346990
1678116065
1247446075
1524714295
1569084367
1698459802
1150170359
1100395667
1993224083
2142525796
1206341140
1131522554
1239499419
1380273014
1103653348
2112334467
1809258252
1865514762
1280440352
1389740418
1799861667
2061016662
1317445231
1995311385
1226945790
1283869491
2077185796
1407959580
1223158829
1193153866
1105990381
1966148798
1541636349
1349023124
1770166072
1536090090
1486568855
1330833781
1349761135
1734204845
1248534454
1177327646
1156491901
1731163348
1638039871
1379035542
1169231897
1495551708
1223926657
1277943045
1430562077
1188889807
1353570460
1724260343
1901919541
2117466993
2114675227
1088542775
2059302093
1994953562
1832613668
1569636011
1568107808
1611810688
1116609529
1254535447
1216792558
1944709227
1486330307
1755107681
1878347940
1935182185
1579893608
1467287405
1203866197
1740943848
1917648850
1604136127
1758193906
1199907778
2092698921
1408675227
1226095960
1341285199
1348009292
2115629422
1131906469
1291890694
1874680253
1155649526
1886249868
1473120668
1213251600
1228019260
1867274059
1336484405
2143345807
1703178595
1800320128
1951239499
1795810065
2039353452
1577120478
1761593226
1741242034
2051668532
1653418812
1971426689
1482684983
1280089984
1181524613
1524949116
1176164720
1408995777
1410583617
1864139379
1216117912
1945477056
1358110342
1970994320
1911491310
1850609191
1535109803
1467924778
1289855574
1306859629
1420468482
1328828480
2016348405
1341165924
1407624121
1465121830
1158728296
1899101683
