0.0018940077
0.0013455395
0.0012684172
0.0012857682
0.0011549674
0.001363402
0.000808985
0.0018696599
0.0010716124
0.0016894141
0.0014565813
0.001891212
0.0013700627
0.0014181576
0.0014316611
0.0017719576
0.0016115936
0.0018031584
0.0009946531
0.0012684832
0.0013698065
0.0011883446
0.0010131304
0.0015710039
0.0011910731
0.0012578089
0.0019382905
0.0013244048
0.0012214953
0.0014206762
0.0013331951
0.0011270319
0.002274566
0.0015797927
0.0011337377
0.0014597196
0.0023992176
0.0016740506
0.0013917129
0.0021120852
0.0021665916
0.0013016851
0.0016467805
0.0010884632
0.0013195422
0.001055269
0.0016641329
0.0010343249
0.0017114906
0.001026294
0.0011029006
0.001459109
0.0012153359
0.0014070219
0.0026066608
0.0015756605
0.0012349291
0.0009935022
0.0014440225
0.0017679888
0.0013182933
0.001660378
0.0014734453
0.0017081818
0.0011961695
0.0013293163
0.0013617529
0.001278972
0.0015596491
0.0014212489
0.0012771698
0.0015172685
0.001241952
0.001560299
0.0012418355
0.0013562809
0.001488634
0.001398463
0.0011715017
0.001106258
0.0012327775
0.0019004227
0.0011781023
0.0012744807
0.0014547806
0.0012173831
0.0013076429
0.001860548
0.0014255133
0.0012379603
0.0022445873
0.001277655
0.0022027928
0.002338191
0.001332102
0.0011572181
0.0011445748
0.001229327
0.0013962988
0.001891622
0.0044298368
0.00086550054
0.0018009088
0.0016902819
0.0022566505
0.001048501
0.0010586882
0.0013596464
0.0010097182
0.0017421256
0.0012067711
0.0019075497
0.0012055106
0.0012618491
0.0011601694
0.0016117024
0.0014619371
0.0013921439
0.0013282212
0.0013334962
0.0013664977
0.001563407
0.0019034533
0.001396519
0.00084952597
0.0016772918
0.0016604902
0.0012864447
0.0017640851
0.0015826444
0.001327593
0.0012823653
0.0011435247
0.0016844588
0.0013945297
0.0011731809
0.0016579294
0.001662555
0.0017263275
0.0011417445
0.0022634566
0.0015097699
0.0017289711
0.0020011424
0.0010531506
0.0012658632
0.0012779909
0.0026083556
0.0014559517
0.0014447072
0.0014155208
0.0011906228
0.0011331947
0.0020473087
0.0022413693
0.0013588923
0.0014640709
0.0012956513
0.001833057
0.0017652789
0.001501198
0.0022774625
0.001943061
0.0012180611
0.0018579946
0.0013785631
0.0016905292
0.0010798775
0.0015790613
0.0014504563
0.0014756131
0.0013905254
0.0015925529
0.0011790675
0.0014268795
0.0013614167
0.0014911909
0.0010751955
0.0012628442
0.0012749892
0.0016866983
0.0014772844
0.0013923952
0.0013232877
0.0015632939
0.0013624327
0.0013099728
0.0024427956
0.0017324127
0.0016711066
0.0013816656
0.0017198892
0.0012236555
0.0013498516
0.0013406936
0.0018409532
0.0014056369
0.0016150045
0.0012466516
0.0011462552
0.0014169379
0.0014066083
0.0014169435
0.0031601107
0.0010685155
0.0010413162
0.0012426564
0.0014140337
0.0016816616
0.0016672956
0.001965792
0.0012172507
0.0016821583
0.0014294218
0.0010703121
0.001498014
0.0015759675
0.0017159695
0.0018869615
0.0011683571
0.0015795646
0.0013199833
0.0015884198
0.0010301885
0.0011907504
0.0015259592
0.0019331531
0.0009430569
0.0014071874
0.0016553296
0.0012286349
0.0016572543
0.0016720657
0.0011762894
0.0009863452
0.0012110736
0.0011621263
0.0014384218
0.0016117694
0.0015234817
0.0012185781
0.001066566
0.0015037243
0.0011923256
0.0020039147
0.0008510207
0.0016233783
0.001395118
0.0012136033
0.0013490458
0.0010816081
0.00071228715
0.0012386966
0.001441997
0.0010119197
0.00177523
0.0014299945
0.0010309427
0.0012355029
0.0015381734
0.0011179558
0.001673283
0.002017175
0.0011939397
0.0011249805
0.0016714352
0.0010257754
0.0010996561
0.001691114
0.0024752796
0.0013833707
0.0016331106
0.0016785748
0.0011196405
0.0013561622
0.0011478227
0.0018147379
0.0012163976
0.0016187823
0.0014783398
0.0016534509
0.0017928941
0.0011962397
0.0012827576
0.0013984562
0.0014886275
0.0011904379
0.0020677096
0.0014419911
0.0007954741
0.0014237928
0.0016062303
0.0012518287
0.0019184592
0.0015259102
0.0012431872
0.0016487204
0.00133799
0.0012450558
0.0015160957
0.0013519953
0.0019340566
0.0010567034
0.0012498436
0.0016136644
0.0017799927
0.0015558328
0.001217737
0.0012957308
0.0013452442
0.0012522178
0.0014567677
0.0017552058
0.0015510941
0.0013772857
0.0015330355
0.0018348699
0.00129795
0.0011583506
0.0012057739
0.0013754551
0.0017796837
0.0013087373
0.0021727118
0.0016463075
0.0012573604
0.0035957638
0.0010853864
0.001319729
0.0013837941
0.0012718899
0.002294327
0.0012651432
0.00095616153
0.0012795116
0.0018918614
0.0017432986
0.0016192468
0.0015816416
0.0011937179
0.0011428674
0.0013048393
0.0021558956
0.0008931434
0.0011836785
0.0018035921
0.0014990873
0.0011686527
0.0017497286
0.0018549404
0.00093091663
0.0010091055
0.0013191508
0.0015483644
0.001308421
0.0011630967
0.0015456885
0.0019414822
0.0017800381
0.0018193509
0.0029700024
0.0015537954
0.0011059126
0.0015254868
0.0014999099
0.0011625917
0.0012935799
0.0014527302
0.0013512324
0.0014197014
0.0016540053
0.0018230353
0.001085177
0.0014217958
0.0016140459
0.001428136
0.0013320051
0.0016291774
0.0014495206
0.0015428878
0.0014273458
0.0016857217
0.0011679872
0.0018669846
0.0026444711
0.0013709213
0.0011656318
0.0012649434
0.0012669986
0.0021928907
0.0016049066
0.0011707344
0.0024291098
0.001041173
0.0012305261
0.0015383305
0.0020380649
0.0017325296
0.0014721694
0.002284474
0.0016409142
0.0009944602
0.0012732925
0.0025637462
0.0015010291
0.0018920067
0.0020094698
0.0012848575
0.0015094834
0.0019686727
0.001307139
0.0011125293
0.00124805
0.0015085067
0.0014156183
0.0018264926
0.0012657155
0.001294431
0.0015542745
0.0033312873
0.0010807343
0.0011153617
0.0015715349
0.0014461505
0.0011864462
0.0014562305
0.0017368075
0.0016994065
0.0020071205
0.0013217193
0.0013790729
0.0013303036
0.0018932017
0.002725128
0.0017367792
0.0012428663
0.0013503315
0.0016949732
0.0010987506
0.0011488019
0.0020828927
0.0013439733
0.00087670004
0.0016489163
0.0047215093
0.0022391656
0.002472089
0.0016511994
0.0022333558
0.001240608
0.0012914262
0.0010336295
0.001366781
0.0012352545
0.0026936014
0.001556811
0.0025715611
0.001273513
0.0012487996
0.001490291
0.0016275871
0.001655412
0.0013264247
0.0010634373
0.0012079079
0.0013196191
0.0015951394
0.0015834132
0.0012574401
0.0015596201
0.001425937
0.001489022
0.0011004861
0.001485998
0.0015059246
0.0024021058
0.0011958105
0.0011638583
0.0012885738
0.0014303669
0.002232038
0.0012884247
0.00195364
0.0016873886
0.0020141175
0.0022924214
0.001924111
0.0013597388
0.0014636584
0.0013623356
0.0014275509
0.0012931639
0.0013259785
0.00082988193
0.0015521081
0.0017711668
0.0019711757
0.0013550599
0.0008954441
0.0017512536
0.0017103783
0.0013985547
0.0016647638
0.0013182755
0.0021323117
0.0013998474
0.0011464059
0.0011734171
0.001952472
0.0016070929
0.0013673345
0.0015370048
0.0016361971
0.0016606364
0.0013956686
0.002201697
0.001288693
0.0011648695
0.0017418141
0.0011715407
0.0018576476
0.0014194333
0.0018236483
0.0012453819
0.0012907003
0.001457884
0.0012597252
0.0009463536
0.0023332355
0.0014953364
0.0015716736
0.0012624263
0.0017070589
0.0013548351
0.0011169378
0.00118619
0.0009654101
0.0035146761
0.0016934514
0.0012637943
0.0015598778
0.001591856
0.001954727
0.002136078
0.0016474623
0.0016216007
0.0015026176
0.0013179837
0.0016024642
0.0014834007
0.0015730573
0.001646579
0.0017051194
0.0019218416
0.0012789576
0.0011679217
0.0010437632
0.0016022783
0.0013035872
0.0012400569
0.0010901145
0.0017404679
0.0020931181
0.0011367344
0.0012204603
0.0015708272
0.0013771249
0.0011799457
0.0012958248
0.0017746979
0.0013317297
0.0010197087
0.0014895091
0.0013227995
0.0014429808
0.0015073784
0.0017136546
0.0012433971
0.001333176
0.0012954929
0.0015006826
0.0013957993
0.0011841008
0.0011670091
0.0013196904
0.0018704926
0.0015518683
0.0012127098
0.0013060224
0.0016299797
0.0017353009
0.0011672179
0.0014969591
0.0017645865
0.0038085445
0.0020465488
0.0016927486
0.0013765786
0.0014886424
0.0015501706
0.0015104937
0.000948854
0.0011678027
0.0039966605
0.0011236252
0.0015426293
0.0011818155
0.0009692981
0.0012967775
0.0018554636
0.0012807626
0.0015563099
0.0016680273
0.001868563
0.001956942
0.0012682829
0.0014473556
0.0014361456
0.0012595674
0.001447558
0.0022631846
0.0014932436
0.001777938
0.0017044782
0.0012874982
0.0015484847
0.0012600821
0.0018577386
0.0016706615
0.0013061248
0.0018258012
0.002090385
0.0026322599
0.0014758235
0.0015125892
0.0011717167
0.0013201007
0.00142106
0.0023693426
0.0015870724
0.0012941429
0.0015369429
0.0014157073
0.0007819164
0.0020896003
0.0014217702
0.0014097621
0.0017481636
0.0015771012
0.0017181034
0.003514418
0.001450261
0.0016087785
0.0009224139
0.001050905
0.0013521389
0.0010265718
0.0014039311
0.0013937644
0.0012253756
0.0015091705
0.0015419038
0.0011345054
0.0012636998
0.001699035
0.0011753094
0.0014535319
0.001508289
0.0011239208
0.0019125694
0.0009626515
0.001527125
0.0011603294
0.0010930999
0.0015787055
0.002291173
0.0014690821
0.001269389
0.0011269755
0.0024096905
0.0014864487
0.001555715
0.00189671
0.0010840892
0.0011509478
0.0013576504
0.0015194822
0.0015910926
0.0019364334
0.0010950265
0.0020312404
0.0011000488
0.00103525
0.0014896116
0.0017450696
0.0014002103
0.0017242037
0.0015594229
0.0022179505
0.0012847347
0.0010477446
0.0012067724
0.001124025
0.0013741724
0.0021240623
0.0013476405
0.0012544653
0.0009858129
0.0015982445
0.0018714597
0.00071389595
0.0014970858
0.001229982
0.0013715647
0.001232742
0.0016983595
0.0013908303
0.001368476
0.0016216278
0.001575635
0.0018684426
0.0014156937
0.0020165534
0.0010181552
0.0012948607
0.0014278006
0.0014025754
0.0010646837
0.0013283346
0.0010146367
0.0008220569
0.0017324034
0.0017841338
0.0015966148
0.0017422037
0.0010890306
0.0016297067
0.0012753041
0.0017251697
0.0011546995
0.0016810352
0.0014908387
0.0013633819
0.0012670312
0.0011411208
0.0012490096
0.0017715379
0.0015408552
0.0016218991
0.0013165096
0.0010845464
0.0013571967
0.001704241
0.0015686154
0.0014799548
0.0014122772
0.001381674
0.0016599189
0.0019835238
0.001542605
0.0011843737
0.0011344522
0.0018768688
0.0015675704
0.0011859626
0.0015695735
0.0018366739
0.0012046981
0.0014436663
0.0012355036
0.0014842307
0.0015055033
0.001122953
0.0027654273
0.0016146133
0.0010508071
0.0016065052
0.0025657692
0.0016261614
0.0010714877
0.0014378702
0.0011326758
0.0015748324
0.0026494185
0.0014665314
0.0010855139
0.001388179
0.001440701
0.0012781557
0.0013624118
0.0014414511
0.0020783362
0.0014065386
0.0009649365
0.0010954278
0.001599882
0.0009481652
0.001669242
0.0020685375
0.0013371641
0.0014588269
0.0014001982
0.0015035976
0.0012592949
0.0014002628
0.0013245333
0.001369693
0.0015640536
0.0014723343
0.0010477765
0.0027349165
0.0014099153
0.0012079439
0.0013345219
0.0019047891
0.0012582504
0.001263483
0.0014760543
0.0014493975
0.0014258601
0.0014919154
0.0013614696
0.0013895065
0.0034300075
0.0017063059
0.0024668763
0.0014782215
0.0018795877
0.0016647908
0.0016726071
0.0012633274
0.0015760547
0.0017623606
0.0014878953
0.0019428974
0.0013232894
0.0011768293
0.001336626
0.0013971757
0.0013980267
0.0014479473
0.00093798205
0.0013462405
0.0022492665
0.0012484873
0.0015224181
0.0012221759
0.0017186966
0.0014022856
0.001507156
0.0019977987
0.001972103
0.001280298
0.0018598867
0.0015529462
0.0015163908
0.0012420601
0.0013223877
0.0013420134
0.0012736341
0.001374413
0.0014043208
0.0012689403
0.0014221359
0.0015464774
0.0015282497
0.0015981876
0.0013540783
0.0014914873
0.0013524771
0.0019714825
0.0017254679
0.0014293804
0.0015145212
0.0019308941
0.0009782355
0.0012122537
0.0011064583
0.0011538662
0.0010427163
0.0012219
0.0022550372
0.0013264903
0.0016535742
0.0014849941
0.0020024364
0.0013824754
0.0012533094
0.0021886188
0.0015793185
0.0013582495
0.0010948422
0.0016171144
0.0016096177
0.0014741215
0.0014341315
0.0010507655
0.0016527296
0.001513123
0.0016961897
0.0013508457
0.0014802396
0.0015072384
0.0015820297
0.0012993565
0.0010079006
0.0017984195
0.0013056315
0.001775205
0.0011975922
0.0013206137
0.0012559585
0.0017173375
0.0014857788
0.0016740517
0.002788275
0.0014871743
0.0011899607
0.0012931429
0.0014160313
0.0012453347
0.0013878348
0.0019198686
0.0015020426
0.0015678153
0.0011399854
0.0021420289
0.0020825723
0.0014142217
0.0014006512
0.0014025945
0.0015286179
0.001830929
0.0027089058
0.0010832687
0.0024620376
0.0013557917
0.0011568614
0.0013262667
0.0024487765
0.0017546614
0.0013974429
0.001084169
0.001902382
0.0014518779
0.0019251191
0.0012549285
0.0009706311
0.0019728376
0.0011384009
0.0018474731
0.0014898559
0.0013564322
0.0018546381
0.0019218415
0.0013804843
0.0015051106
0.0018143128
0.0008918293
0.001517635
0.0022274435
0.0014130289
0.002149867
0.0013567316
0.0010797974
0.0015016829
0.0012020573
0.0011206296
0.0013385928
0.0010709342
0.0016985171
0.0018930162
0.0010789706
0.0024341112
0.0014968584
0.0012731353
0.0018337021
0.0019124215
0.0014820157
0.0018185622
0.0015665974
0.0012445602
0.0010014224
0.0017454185
0.0017576162
0.0023411443
0.0018484198
0.0014815938
0.0014157111
0.001311146
0.0010670628
0.0012565551
0.0014832487
0.0011198564
0.0012295812
0.0014768897
0.0011248355
0.0018334917
0.0012511556
0.0010499283
0.0014513345
0.0014654078
0.0014364823
0.0012510802
0.0015483253
0.0017080392
0.0012848736
0.0015354574
0.0013790638
0.0011237644
0.0012206231
0.00093681365
0.0014130286
0.0012958494
0.001739506
0.0030056527
0.0011452188
0.0009051058
0.0015112984
0.0013743766
0.0010144364
0.0013596795
0.0011663799
0.0013893065
0.001752073
0.0017855185
0.0013092824
0.0018609989
0.002430753
0.001466152
0.001029312
0.0014852033
0.001832647
0.0021391737
0.0013470217
0.001254362
0.0013837096
0.0013610015
0.0020585593
0.0017438832
0.0014396356
0.0013433627
0.0013411772
0.0013261252
0.0013335737
0.0029513456
0.0010695861
0.0018396167
0.0020060798
0.0016138357
0.0018832795
0.0013538622
0.0019619458
0.0014743038
0.0015048423
0.00114326
0.0011315794
0.001430101
0.000682334
0.0013109209
0.0012179508
0.0010711979
0.001621701
0.0014358215
0.0014346302
0.0017608395
0.0016629638
0.0015549464
0.0012635257
0.0014786739
0.0014718208
0.0026125957
0.0016196662
0.0016469928
0.0017224733
0.0017493728
0.0012649526
0.0015292895
0.0011556786
0.001792222
0.0017903324
0.0012435277
0.0013974734
0.0018323322
0.0017504835
0.0020179655
0.00128475
0.001613559
0.001430385
0.0010996258
0.0011627284
0.0018221011
0.0019570468
0.0019357527
0.0016366501
0.0012298991
0.0020008488
0.0018415535
0.0012729954
0.0019406339
0.00096732355
0.0018771683
0.0026352427
0.0019162664
0.0016359902
0.0012634484
0.0016702551
0.0011316267
0.0009079214
0.0017176418
0.0013977245
0.0013873124
0.0015864276
0.0015192622
0.001846874
0.0012639941
0.0013625132
0.001258497
0.001488525
0.0012704418
0.0015697515
0.001025004
0.0022971127
0.0013030312
0.0013278365
0.0014196162
0.0011305605
0.0010506453
0.0011044741
0.0014912637
0.0010897492
0.0013020741
0.0012120379
0.001206417
0.0022468746
0.0009548298
0.0014110962
0.0013829069
0.0014662368
0.0013153729
0.0016368958
0.0030644059
0.0013888412
0.0014079226
0.0021602171
0.00153938
0.0023357922
0.0011568175
0.0013658201
0.0018971054
0.0013988803
0.0014812816
