0.00036823004
0.00025958763
0.00058278214
0.00010153171
0.0008862177
0.0016989284
0.00089367776
0.0002723334
4.7498237e-05
5.6281944e-05
0.00010311594
0.00026296664
0.00023300633
7.6494536e-05
6.264367e-05
0.0003747202
0.00041522464
0.00047235884
0.0007730067
0.0012290061
0.00083264493
4.854458e-05
0.00069118285
0.00013923002
0.00022168065
0.00010326176
0.0004494537
8.975773e-05
0.0006322065
0.0005160516
6.311799e-05
0.00010713318
0.00037960045
0.0003206113
0.0004379974
0.00061668153
0.00018680807
0.00014700303
4.840621e-05
6.7258996e-05
0.00041147342
0.00030989802
0.00068881613
0.0006733737
0.00053125154
0.0003452897
8.5020874e-05
0.00022832937
0.00023715645
0.00036830956
0.0009960871
0.00034786706
0.00043195247
0.00027891935
8.398411e-05
0.00014214606
0.00028081244
0.0010420822
0.00043004332
0.00057614903
0.00018609305
9.7176744e-05
0.0005012719
9.941699e-05
6.500782e-05
0.00027751733
0.00022378235
0.00044964362
0.0005776399
0.00028349576
0.0008126344
0.00081924
6.599249e-05
4.830661e-05
9.7408076e-05
0.0003664171
0.00017770559
9.246861e-05
0.00026316012
0.00019595669
0.000584194
0.00021111724
0.0002987868
0.0005260129
0.00020325503
0.00050562253
0.0003642083
0.0003439841
0.00018407512
0.0008953881
0.00044039212
0.0002713097
0.0005733389
0.00096990995
0.000102071404
0.00044750152
0.00051577174
0.000116850366
0.0002510964
0.00014786546
0.0003081985
0.000984526
0.00073233654
0.0005402365
0.00010942796
0.0006379594
0.00011506492
0.00032332932
0.0005752669
0.000450871
0.0003708316
0.00022393791
0.00033711956
9.454262e-05
0.00020041518
0.0002228073
0.0007375025
0.00042352735
0.00022197526
0.0003673695
0.00073370116
7.800829e-05
0.00043689378
0.00048587332
0.00012176548
7.6539596e-05
0.00026922004
0.00027262903
0.00010159736
0.00025327166
0.00068607385
0.00060172495
0.00025702547
0.00047491014
0.00026367337
0.00026879171
0.00014600062
0.00071614364
0.00012092011
5.5707762e-05
8.534517e-05
0.00010138689
0.00032847095
0.00070229813
9.832988e-05
0.0008598959
0.00084675895
7.9620906e-05
0.00072361814
0.00028502248
0.0008812187
0.0005568887
0.00017801624
0.00055321946
0.00016640061
0.00038574953
9.864781e-05
0.0003249004
0.00045146956
0.00040588534
8.711913e-05
0.0002968079
5.5762917e-05
0.00057717756
0.00075102993
0.00051498687
0.0005293676
0.00053407514
0.0007497622
0.00041902883
0.0006530194
0.00026277843
0.0005389745
0.0005075263
0.00011420674
0.0007156521
4.3056567e-05
0.0007740021
0.0007440036
0.00025166047
7.7345234e-05
0.00025158262
3.9201146e-05
0.00044397873
8.960268e-05
0.00035297888
0.000120750075
0.0002781225
0.00016410698
6.678852e-05
0.00025563585
0.0002081591
0.0002145065
0.0005208901
8.203607e-05
0.0011285304
0.0005094538
0.00080351974
4.4009368e-05
0.00058877066
0.0003480775
8.7923625e-05
0.00035698645
4.8359256e-05
0.0006783409
0.00011275685
0.00031747879
0.00033167086
0.00042689682
0.00026655596
6.670948e-05
0.0011246656
0.00035137017
0.00062349695
0.0005329097
0.00021937508
5.354385e-05
0.00016723237
0.0002677613
0.00019551908
6.824666e-05
0.0001996266
0.0003240326
7.622388e-05
0.00036091992
0.000103244754
0.00016089671
0.00016667026
0.00054209144
6.823844e-05
0.00040029135
0.00088197994
0.0003650227
0.0002323121
0.00032698287
0.00043512293
0.00057344197
0.00038758398
0.00032126304
0.00038622844
0.00016353003
0.0004936191
0.00044079605
0.0009887314
0.00045241902
0.00032419545
5.6902358e-05
0.00041739937
0.00011229887
0.000117176394
0.00031898494
0.0004964886
0.00026354913
9.070749e-05
6.4276916e-05
0.0007600091
0.00025849542
0.00015832309
0.0006029583
6.695651e-05
0.00060171075
0.00011705146
0.00037998127
9.324772e-05
5.2389445e-05
0.00015073664
0.00018991556
0.00024042858
0.00043083745
0.00031078674
0.00021025377
6.627977e-05
0.00014883501
5.7837755e-05
0.00091738027
0.00047994376
0.00016133505
0.00016902786
0.00050311274
0.00053358404
0.00056881586
0.00012747424
0.0002941102
0.00025024248
0.00018370945
0.00040019257
0.00022576177
9.333985e-05
0.00057220896
6.390908e-05
6.0318605e-05
8.2621606e-05
0.00018302635
8.254328e-05
0.0010641967
0.0002573479
0.000238369
0.00033419384
0.0003894741
6.513483e-05
0.00048712353
0.00034141712
0.0001765109
0.00020954493
0.0009465449
0.00069983565
8.743957e-05
0.0006261916
0.00044953404
0.000115372655
0.00046485133
0.00032864226
0.00021400573
0.00040563504
0.000760885
0.00086946494
5.6243054e-05
0.00058033183
0.00042088822
8.8433444e-05
0.0004732352
0.00041997552
9.162987e-05
0.00011651284
0.00010739852
5.1450985e-05
0.00017046448
0.00079021323
0.0002907042
0.00030577244
0.00089059403
0.0004496293
8.913615e-05
0.0006008386
0.00013678928
0.0007153393
0.00030844644
0.00012056057
9.8050165e-05
0.0006030903
9.760244e-05
0.00021770669
0.0005513316
0.0002061218
0.00021025674
0.00033793994
0.0008305166
0.00013465171
0.00016365768
0.0005284316
0.0002986167
8.541333e-05
0.00031100193
0.0006131581
0.00043232334
0.00040808562
9.832624e-05
0.00035600687
7.0012575e-05
0.00014252593
0.00037366245
0.00012346717
0.00017929406
0.00017564696
0.00045037025
0.00012001624
0.000816962
0.0007257597
0.0005017918
5.5233162e-05
0.00018815088
0.0013305406
0.00039002748
0.00015316639
0.0010452839
9.464702e-05
7.9722995e-05
0.0005276066
0.0004772054
0.00020178463
0.00027825838
0.0009793941
0.00063707435
0.0009194004
6.597501e-05
0.0006824373
0.00088988995
0.00029542545
0.0008543935
0.00081696105
0.0007963592
0.00021811387
0.0005450657
0.0007268805
8.643782e-05
0.00053451216
0.00064948545
0.00018164127
0.00033541446
0.00033478346
4.912827e-05
0.00022518479
0.0001869912
0.00061556604
8.5173975e-05
5.7613677e-05
4.4386627e-05
0.00020618211
0.00035853306
0.00051710254
0.00047993995
9.065232e-05
0.00023673795
0.0004330902
0.00056118
4.4086457e-05
0.00063814095
0.0003313396
0.00011394004
0.0004975016
0.0006265696
0.0011824367
0.00019071707
0.00034532914
5.6382047e-05
0.0003888991
0.00052919256
0.0004785953
0.00035746564
0.00025497784
0.00042251823
0.0001375784
0.0011052337
0.00029503036
0.0005629535
7.2077375e-05
0.0001254111
0.0008583465
0.00013666728
0.0005406471
0.00032257286
9.467653e-05
0.00047379342
0.0010441769
0.0007773947
0.00070172106
0.00018046862
0.00028168067
0.0010249525
6.122756e-05
0.00044358737
6.5155684e-05
0.00042492716
0.00034368914
0.0001681774
0.00017358123
0.0003652019
0.00013226797
0.00037259446
0.0004904685
0.0005369934
0.00021232739
0.00020646836
7.19621e-05
0.00044297075
0.00023957076
0.00028008365
7.255107e-05
0.0008969414
0.00035529418
0.00083741185
0.00023460566
0.00019324338
0.00016504878
0.00014743602
8.31881e-05
0.00042869526
0.00034006746
0.00088078395
0.00024953662
0.0005023224
4.8078327e-05
0.00060467207
0.00021522577
0.0001857833
0.00022891407
0.0002744998
0.00017567922
0.00021801665
0.00028205858
0.0006173913
0.0010351033
0.0015932671
0.00018347336
0.00013069008
0.00048746594
0.00033927328
0.0005321177
0.0004379876
0.0004930682
0.000447644
6.866146e-05
0.00018351027
5.698589e-05
0.0001221014
0.0006516008
0.00090172974
0.00011392063
0.00038297
0.0002281658
0.0007053477
0.00010514998
0.0001468976
0.00015080938
0.00047733408
0.00035765505
0.0004036336
0.00022538405
0.00023908615
0.00044729066
0.00011443699
0.00015037887
0.0002890673
0.0002508706
0.00014937224
0.0003013334
0.00035560926
0.00027531871
0.00037545952
0.0006036444
0.0003916252
0.00042585548
9.162849e-05
0.00058988814
7.197422e-05
0.00021731175
0.00020957229
0.00030993702
0.00056065514
0.00056610996
9.112769e-05
0.0004874464
0.00029602845
0.0003480893
0.00014751725
0.00034299755
0.00032249995
0.00012248788
0.0005248699
0.0005432379
0.00036589496
0.00047458537
0.00028755658
0.00023230586
0.00020661303
0.0002576827
0.00036286926
5.6981033e-05
0.00065364444
0.00090719335
0.0005436403
0.00018031053
0.00018770648
0.0009047329
6.299689e-05
0.00012766129
0.00022676017
0.0007704821
0.00036717116
6.166351e-05
0.000112896196
9.758704e-05
8.3955216e-05
6.798944e-05
0.00024504273
0.0008226063
