1940146322
1413804515
1452873109
1651379195
1659248616
1489844328
1418641552
1553095265
1665867570
1338208051
1665384435
1641017364
1642336039
2120580305
1300631492
2002973805
1986845612
1596242089
1101368021
1579667706
1541679062
1937281614
1654269481
1802935897
2033621635
1126157125
1878754035
1636927765
1351249862
1117332801
1281610171
1683305912
1633028579
1360557321
1521913144
1390608337
1132864180
1427605133
1194532138
1476620630
1751456409
1523371076
1674757259
1465684721
1439655096
1909669011
1363737488
1350812198
1372945479
1867337832
1461683224
1850905548
1513321862
1508001689
2099356456
1500791605
2044068725
1595193401
1601099020
1627134329
1489497607
1601641837
1762699252
1673080496
1959832665
1426573497
1149245309
1700715835
2082861648
1888419583
1283467400
2085803090
1890227078
1931125902
1239787706
1333140814
1947265463
1641565864
1683769154
1495673213
1468445697
1829130356
1154829784
1548988615
1578044940
1601539526
1793301610
1420179059
1463860175
1120382237
1701449064
1461677540
1700892037
1576436384
1244532379
1624002475
1711475542
1957385727
1857712072
1320388884
1513051874
1916256703
1678616658
1288862885
1767894378
1926672531
1557375275
1116792826
1717662516
1773399278
1821357562
1782101397
1665785153
1786395618
2100297149
1441789417
1652675134
1180146074
1328593658
1612915941
1542983527
1432808785
1406250553
1519355369
1361458227
1343928941
1268423419
1481477561
1132734870
1643714395
1621097979
2111045488
1485828621
1573659777
1502965714
1676601699
2067983923
1509272051
1742237051
1670426094
1693727425
1199215708
1557130865
1823525986
1366434520
1718972665
1530345276
1846307237
1475441212
1788234374
2037643026
1388510961
1524513549
1728413698
1519710615
1778668295
1782624320
1159084217
1732798861
1487670219
1191700113
1575359276
1494928616
1621095137
1454836912
1866539238
1859465569
1480701703
1624016685
1699067491
1741341830
1418786493
2034789686
1418758073
1188544102
1410666978
1951247066
2040456579
1628700255
2064820808
1579977481
1338338781
1649608646
1435522868
1574859089
1628219962
2120725246
1156434078
1850337154
1188539839
1860383526
2058318375
