0.00005877
0.00004593
0.00004912
0.00008228
0.00004770
0.00009326
0.00005109
0.00004332
0.00004199
0.00009587
0.00009331
0.00003847
0.00006256
0.00004663
0.00009116
0.00003823
0.00004115
0.00003719
0.00004802
0.00006184
0.00003923
0.00012763
0.00003980
0.00005199
0.00005082
0.00005290
0.00003888
0.00003984
0.00002552
0.00008317
0.00004436
0.00004147
0.00003124
0.00003069
0.00007446
0.00008535
0.00004574
0.00008180
0.00008210
0.00004886
0.00003117
0.00013572
0.00004083
0.00003539
0.00004109
0.00004152
0.00004472
0.00004693
0.00007979
0.00003507
0.00003239
0.00002887
0.00005854
0.00004828
0.00002808
0.00004323
0.00003759
0.00006543
0.00004412
0.00008361
0.00005606
0.00003638
0.00003411
0.00004638
0.00002986
0.00003947
0.00004165
0.00004253
0.00005241
0.00003980
0.00010918
0.00003406
0.00005935
0.00006178
0.00003466
0.00003197
0.00006504
0.00004601
0.00008935
0.00005010
0.00005320
0.00003892
0.00006053
0.00004108
0.00018599
0.00004400
0.00006600
0.00005050
0.00006029
0.00006029
0.00005479
0.00004508
0.00006747
0.00004327
0.00005533
0.00005872
0.00006453
0.00004214
0.00005126
0.00004824
0.00004495
0.00005753
0.00003651
0.00013763
0.00005102
0.00007498
0.00008396
0.00011087
0.00004752
0.00003635
0.00004719
0.00004488
0.00006487
0.00004054
0.00003524
0.00004714
0.00003578
0.00004064
0.00004773
0.00009034
0.00005181
0.00004785
0.00004471
0.00010060
0.00003599
0.00003801
0.00004831
0.00005464
0.00002611
0.00003943
0.00005059
0.00003686
0.00004237
0.00007941
0.00004927
0.00006955
0.00003774
0.00009638
0.00005914
0.00003915
0.00004711
0.00004187
0.00004369
0.00010503
0.00007175
0.00004130
0.00004801
0.00008161
0.00007449
0.00008755
0.00004967
0.00005496
0.00004104
0.00005025
0.00005272
0.00005215
0.00014451
0.00005776
0.00004773
0.00004278
0.00007172
0.00008986
0.00007790
0.00006288
0.00006371
0.00016583
0.00005210
0.00004958
0.00005153
0.00004597
0.00009209
0.00010439
0.00005857
0.00010462
0.00004375
0.00004766
0.00017376
0.00005600
0.00003740
0.00015541
0.00006351
0.00003651
0.00007198
0.00004167
0.00004845
0.00004012
0.00006465
0.00008900
0.00007579
0.00005353
0.00018846
0.00009581
0.00004490
0.00002718
0.00004410
0.00004328
0.00004524
0.00006641
0.00004226
0.00003004
0.00005667
0.00008487
0.00003677
0.00005309
0.00002965
0.00004166
0.00005151
0.00005943
0.00007130
0.00005670
0.00010349
0.00003057
0.00005773
0.00008308
0.00003058
0.00003308
0.00006894
0.00003040
0.00003094
0.00003041
0.00007156
0.00006707
0.00005529
0.00002690
0.00013175
0.00011621
0.00004541
0.00007248
0.00003734
0.00006823
0.00004218
0.00004542
0.00004798
0.00002736
0.00014772
0.00004427
0.00006677
0.00004639
0.00003780
0.00002808
0.00009992
0.00005767
0.00005491
0.00009514
0.00004886
0.00005046
0.00004146
0.00005435
0.00003983
0.00006197
0.00005328
0.00003992
0.00009062
0.00004838
0.00004880
0.00005852
0.00002649
0.00003944
0.00004795
0.00009590
0.00003791
0.00003400
0.00003865
0.00004952
0.00004154
0.00003764
0.00005242
0.00007233
0.00006766
0.00002954
0.00005309
0.00002754
0.00005131
0.00005277
0.00007222
0.00004341
0.00004499
0.00003172
0.00008294
0.00011413
0.00004666
0.00006149
0.00007557
0.00007985
0.00005781
0.00011790
0.00005783
0.00005440
0.00004888
0.00005931
0.00005567
0.00008442
0.00004769
0.00003459
0.00004078
0.00002596
0.00008129
0.00006057
0.00004220
0.00009152
0.00005400
0.00004006
0.00003490
0.00004178
0.00009132
0.00006046
0.00004358
0.00005549
0.00003573
0.00005530
0.00004229
0.00003287
0.00003772
0.00005558
0.00004938
0.00004989
0.00004450
0.00004270
0.00006724
0.00004866
0.00004777
0.00004359
0.00004951
0.00012255
0.00005394
0.00003677
0.00003424
0.00005658
0.00003830
0.00006055
0.00004136
0.00009168
0.00005717
0.00006564
0.00003280
0.00008462
0.00002955
0.00006917
0.00003923
0.00007134
0.00002837
0.00004650
0.00002917
0.00005361
0.00007878
0.00003773
0.00009999
0.00003727
0.00006543
0.00004481
0.00005870
0.00005366
0.00004298
0.00007595
0.00005819
0.00004396
0.00004867
0.00003306
0.00003328
0.00002416
0.00006878
0.00002725
0.00004503
0.00003078
0.00003419
0.00006026
0.00004940
0.00002983
0.00005548
0.00004417
0.00004600
0.00009824
0.00005580
0.00004084
0.00004362
0.00008593
0.00003643
0.00014207
0.00005888
0.00004621
0.00004015
0.00006708
0.00008844
0.00006351
0.00003895
0.00004725
0.00007194
0.00003802
0.00009437
0.00004514
0.00004241
0.00004613
0.00006888
0.00005049
0.00005762
0.00014099
0.00003154
0.00003703
0.00004210
0.00005153
0.00005059
0.00002262
0.00005887
0.00004840
0.00006016
0.00005782
0.00004935
0.00005480
0.00002066
0.00014168
0.00005443
0.00004274
0.00002582
0.00004119
0.00003918
0.00009570
0.00007031
0.00004632
0.00006814
0.00006026
0.00012067
0.00007116
0.00007362
0.00014713
0.00004806
0.00002790
0.00003863
0.00002810
0.00004736
0.00013046
0.00006052
0.00010608
0.00003531
0.00004663
0.00006354
0.00008775
0.00004178
0.00003757
0.00004254
0.00004651
0.00004635
0.00003926
0.00008280
0.00003973
0.00007163
0.00007468
0.00004701
0.00004538
0.00004157
0.00003615
0.00006634
0.00005191
0.00006874
0.00004559
0.00004531
0.00004740
0.00005443
0.00007660
0.00004918
0.00005459
0.00008990
0.00008853
0.00003732
0.00004570
0.00004688
0.00006273
0.00004719
0.00003141
0.00006772
0.00003163
0.00010544
0.00004395
0.00009786
0.00003141
0.00003061
0.00003100
0.00007928
0.00006100
0.00005784
0.00009774
0.00004586
0.00005727
0.00005769
0.00005951
0.00006672
0.00006376
0.00002944
0.00005235
0.00007710
0.00002882
0.00006449
0.00004536
0.00004527
0.00003863
0.00007273
0.00005445
0.00010351
0.00004423
0.00005302
0.00003591
0.00003205
0.00008600
0.00008788
0.00006611
0.00004425
0.00004356
0.00008041
0.00003906
0.00002887
0.00005828
0.00005289
0.00006283
0.00006549
0.00009013
0.00009410
0.00005637
0.00007098
0.00005087
0.00006875
0.00008996
0.00004406
0.00005191
0.00011790
0.00004892
0.00008055
0.00003565
0.00007177
0.00004138
0.00004097
0.00005745
0.00012648
0.00003585
0.00004884
0.00004406
0.00004533
0.00006440
0.00006942
0.00005116
0.00003326
0.00003565
0.00004666
0.00005954
0.00005002
0.00004221
0.00004592
0.00003085
0.00004586
0.00006010
0.00020409
0.00005196
0.00004785
0.00011474
0.00003960
0.00012276
0.00004612
0.00007935
0.00005246
0.00006070
0.00005185
0.00004396
0.00006141
0.00007656
0.00004876
0.00007272
0.00008363
0.00009920
0.00006863
0.00007587
0.00002903
0.00005545
0.00004425
0.00013473
0.00005298
0.00005082
0.00004094
0.00006122
0.00014984
0.00006170
0.00009993
0.00003355
0.00007703
0.00007480
0.00006593
0.00005091
0.00003607
0.00004344
0.00007602
0.00004009
0.00007948
0.00005300
0.00005696
0.00005651
0.00003359
0.00004794
0.00008141
0.00006632
0.00002924
0.00006003
0.00009058
0.00005588
0.00012715
0.00004434
0.00005643
0.00005520
0.00010028
0.00004905
0.00007439
0.00002991
0.00003321
0.00004448
0.00006118
0.00004827
0.00005325
0.00006044
0.00004070
0.00005444
0.00004769
0.00005956
0.00003563
0.00010111
0.00004827
0.00005958
0.00007015
0.00005042
0.00018056
0.00003349
0.00010781
0.00004140
0.00007550
0.00006548
0.00004421
0.00010855
0.00004767
0.00011581
0.00005193
0.00008409
0.00004077
0.00004773
0.00004046
0.00004660
0.00005058
0.00004274
0.00005772
0.00006034
0.00004166
0.00006532
0.00003328
0.00006516
0.00004783
0.00005454
0.00002773
0.00005498
0.00003158
0.00007761
0.00004058
0.00006689
0.00005025
0.00007390
0.00005192
0.00006458
0.00005243
0.00006108
0.00004937
0.00005906
0.00004427
0.00009343
0.00006893
0.00005635
0.00005328
0.00004855
0.00003311
0.00006515
