1373057436
2146064604
1147677114
1922364417
1114389454
1089546891
1193703101
2024529506
1962380692
1119962976
1090108282
1797792153
1461708752
1089421689
2129966010
1786499712
1922687520
1737985834
1121941981
1444794324
1833155749
1491050521
1859892501
1214720935
1187459140
1235989173
1816725974
1861798807
1192523776
1943196467
2072946453
1937841039
1459842834
1434026925
1739770977
1994182080
2137260055
1911265838
1918277167
1141675481
1456401790
1585513648
1907970190
1653849879
1920021922
1940005827
2089650865
1096481484
1864165535
1638954842
1513558666
1349180143
1367815094
1127927459
1312249499
2020183774
1756790414
1528768728
2061621701
1953438824
1309721220
1699988951
1593882009
1083613917
1395561542
1844512810
1946451727
1987243449
1224519025
1859860191
1275512717
1591491049
1386643907
1443364594
1619859470
1494010950
1519738006
1075027462
2087566852
1170463936
1243032813
1818761521
1414164183
1919698820
1086394620
2056145110
1542072483
1180011622
1408534118
1408606816
1280133086
2106355277
1576297142
2022170856
1292717938
1371999275
1507645886
1969311246
1197725730
1127168168
2100620203
1344277059
1706030973
1607815815
1192168363
1751814632
1961766797
1295238139
1110342592
1698421903
1102555816
2097421486
1515618446
1894399874
1646580067
1101384568
1671814392
1899246416
1115302219
2110854483
1210439823
1118032437
2089214676
1175290283
1681992128
1776208889
1128775604
1276675886
1220197526
1842638814
1181950238
1722218420
1980135188
1855490226
1151207012
1625077579
1763559417
1125940377
1381740822
1829585463
1100770673
1956451757
2041460090
1226934218
1676426683
1929715005
1121643111
1906774710
1740352562
2045676581
1160560837
1284058784
1917695582
1174179617
1231675751
1218428539
1688260321
1349470935
1115294142
1999036699
1675683547
2099610507
1820102398
1469180503
1488502048
1937243299
1217402687
1158436436
1203872760
1074066231
1075879645
1219510933
1368428989
1222253267
2044481101
1113581697
2029941477
1308356111
1747678917
1815518377
1483792825
1706192524
1681701336
1947275639
1132014709
1874739072
1510497267
2079473128
1770910004
1250811512
1100813080
1119280422
2098116157
1269890729
2060700859
2022493959
2114174363
1551676712
1974755528
1403800662
1324042749
1982873484
1718228101
1240528767
1385723064
1946807140
1203420416
1388566368
1665812758
1324874739
1208953551
1428388782
1348929738
1941112454
1428776505
1545755855
1610675274
1420747402
1445787865
1421118970
1671854779
1566983705
1291926336
1257225101
1539188791
1357601008
2122009605
1693413810
1744770992
1594261655
1971217553
2122542724
1121037293
1278469107
1725703891
2068923823
1560109694
1083840089
1766321945
1312007172
1167309645
1347524241
1282976390
1111509801
1141538162
1179001926
1937243299
1269769565
1861184912
1447896110
1244801800
1865320627
2117268072
1130439583
1140197286
1367209276
1237903557
1842800366
1120383010
1120342622
1771604675
1588857761
1806305910
1157030939
1941233618
1759035978
1224769430
1689932378
1580836735
1380230317
1240359138
1286902088
1198783892
1232935852
1687371789
2028455204
2102445734
1482136924
1937824884
1333247139
1090164825
1436692522
1765594964
1865692195
1350755269
1377290082
1351159147
1270948890
1141974351
1385706909
1300633955
1972364567
1114252135
1616531511
1905660005
1213008490
1899327191
1415117336
1972138395
2138285906
1261651609
1871992699
1630941894
1952186801
2133600916
1412694066
2036387377
1296619404
1669633448
1292039422
1976257955
1536111238
1762525488
1298517632
1153662593
1165633550
2079586214
1995240242
1571030567
1137022801
1116166519
2036888186
1156748224
1431680391
1260310732
1718098860
1600166357
1322055667
1789892291
1414810389
1932655240
2142138906
1335836000
1533558726
1532912520
1977009169
1380973453
1616038780
1833284990
1666749756
1325803659
1086424911
1363122027
1252540111
1840570957
1763187849
1168141635
1741491499
1528809116
2093899666
1371441922
1253792134
2008196662
1774496445
1359470966
2054077252
1137127810
1544915787
1555012748
1129131017
1607072679
1273574100
2104158178
1438453432
1597807707
1408057541
1154300721
1393849098
1296215525
2064190368
1074857833
1147656921
1303703431
1908584085
2038406769
2007817016
1702363756
1659718232
1375593793
1079599366
1876209190
1567363351
2066411700
1483986687
1820183173
1103993623
1680812803
1776693543
1102454846
2109295512
1981831478
1077733447
1609382863
1179745062
1346167210
1647121264
1473946269
1730215213
1967162613
1204034311
1181926006
2113576623
1375569560
1130754608
1405593883
1350860277
1152951767
1280262327
1931055881
1655198833
1271675871
1997227324
1206465659
1924642292
1830780943
1118004166
1642783610
1082192265
1592080711
1407968688
1409648822
1662589808
1720005166
1718781415
1122935522
1303558035
1804965034
1312976480
1106594600
1524116048
1414002632
1239296937
1649827250
1089542853
1484681358
2050208097
1952364507
1755659555
1987808879
1086691471
1082951557
1834722797
1934601934
1856516077
1673631845
1744762914
1098371635
2120426401
1942493718
1689358871
1550061199
1212951947
1606062982
2130313346
2117211529
1107563908
1271797035
1789763050
1148985681
1275448096
2100466729
2068576488
1743850149
2135353748
1095366780
1465658684
1102685057
1467920403
1582323008
1477823502
1231784798
2053527978
1143222335
1467936558
1430295088
1448631169
1852323819
1425133521
1351498405
1141780489
2142833577
1338113874
1347960430
1390375743
1558954602
1489616752
1375706879
1223234692
1801313973
1346773028
1506878517
2119521714
2115240602
1805126585
1699375056
1272265534
1209232227
2066662104
1238727469
1677985654
1497710476
2009351754
2053334116
1544544219
2067599102
2035644240
1878672848
1825110490
1349115522
1361732685
1235738768
1467920403
1530036906
2105886778
1099276323
1316966799
1658421783
1188573845
1606329542
2101944924
2059085345
1212951947
1377322392
1143016357
1881928108
1665772370
1676887105
1933769944
1914335314
1342338442
1477601369
1675449298
1141118129
2058697622
2118019286
1504705651
1621959638
1195399390
1554172681
1665982387
1090213291
1391231966
1168711103
1972348412
2145886898
1441619839
2143205145
1404139920
1192129994
1213977798
1118000127
1340420020
1850506366
1434148088
1077628439
1853939333
1225771049
1418186812
1211473752
2054319579
1434818526
1788858362
1139211823
1699019643
1953939633
1158884741
1603478160
1772678992
1356369179
1295537009
2067970670
1573995035
1237935867
1187362209
1912881352
1430497027
1750421251
1441522908
1167418692
1567969169
1799690382
1747775848
1540529668
1189454300
1685481638
2030054563
1776128114
1873155869
1856928033
1238258970
1330892527
1320238214
1569730078
1120124528
1902227038
1549608855
1366385364
1402685958
2116298764
1305642048
1485436610
2071944834
1318461149
1289705005
1171469593
1145964670
1738187774
1397451693
1551717100
2078584596
1429471176
1127903226
1244155595
1412080170
1901685841
1271902043
1114155204
1391635844
1665093854
1181243451
1127903226
1391967024
1639124471
1178016462
2109356094
1564754296
1259438355
1934561546
1763987528
1529980363
2065935123
1268166168
1113783636
1352968523
1213420446
1964658567
1905256127
1115286064
1890474176
1088832027
1181820997
1997405030
1348566248
1409778063
1946629434
1526280837
1555319696
1522516690
1117604326
1274341469
1295852035
1284551516
1475739489
1813301085
1896322336
1562775292
1174179617
1726749936
1213186197
1508897909
1225044067
1427193301
1153468731
1379826439
2068891513
1091473392
1610513723
1316498300
1244898731
1134462212
1547096731
1522177432
