1601628673
1265156253
1265644799
1884900574
1303856811
1585884952
1621885070
1493994212
1726987912
1711316543
1471266144
1744072550
1848832239
1297459546
1571267850
1827272823
1626142793
1877068679
1256494726
2132616803
1538861198
1553877268
2119836055
1125487234
1373918022
1839088193
1115160930
1177540462
1403201839
1592448970
1183247975
1984373079
1377928371
1492925475
1955528884
1736778814
1387746836
1518396704
1527208446
1433781784
1359743988
1910282225
1212376752
1873219915
1356797552
1472476140
1458807189
1476986060
1178148216
1453430427
1139716394
1795524226
1579290615
2087053174
1871168229
1413550882
1865125832
1711126361
1317521627
1147115557
1650430900
1390359075
1804317364
1342162535
1767628183
1582970903
1445840394
1703316517
1283578364
1219777293
1439256393
1426654112
1986451294
1569577577
1458523984
1605559780
2017776117
1280846572
1354643540
1417638406
1647303930
1726099709
1794919228
1803010900
1517939165
1650244853
1297589090
1248768258
1411347257
1763763226
1485327861
1364565364
2025544618
1581722665
1382381788
1624513847
2083352903
1158101984
1591177648
1879280573
2060159029
2132177180
1571163801
1462434419
1952723018
1346262462
1499957367
1085950154
2129396809
1233484832
1420360896
1784849256
1264407241
1197815464
1547602656
1886939512
1196445262
1684414818
1672137086
1193493659
1447546515
1253352597
1124868455
1155057702
1274856199
1520981380
1327800386
1834764320
1919957364
1485364382
1585386759
2017025038
1761952368
1265467710
1556048506
1474673563
1874805106
1684508531
1393924289
1124455017
1498843840
1588531645
2115971787
1854716840
1177805752
1316133164
2075246072
1754699286
1089219071
1172899620
1367296812
1815624895
1118735102
1468196367
1399915006
2034368764
2016065861
1521837714
1659455563
1232072941
1658047807
1680471997
1746464978
2063144052
1455410795
1958707534
1095197385
1392168555
1442066393
1089428546
1472418258
1470176046
1641151283
1373798125
1225175416
1771033534
1409212539
1406670584
1324166955
1784652184
1512516236
2066182821
1873043171
1302201680
1579049443
1311064414
1935430283
1899142136
1320620345
1330741309
1415518847
2076462269
1536126305
1618838721
1586999857
1440063975
1651569922
1956056018
1258573630
1105756593
1416069409
1702932019
1819397517
1873083825
1398680205
1740970387
1538245175
1701431928
2067584376
1780736236
1688831026
1785966227
1210416367
1889014971
2123610744
1643159903
1550197669
1717521559
1949795877
1464784814
1270919580
1338659336
1605481226
1391974240
1622844246
1491615565
1415884740
1909678605
1407112963
1504154969
1340887078
1082093466
1126446411
1557201310
1559884522
1558975648
1092564474
1894030664
1452132232
1691334393
1085251444
1330691696
1603573899
1578375539
1582878396
1557064186
1362101963
1367001203
1376689435
1316514906
1557523102
2093686098
1877909336
1908188161
1502761166
1663740160
1579144534
1634603113
1804038294
1907520458
1637982280
1586602267
1789785706
1141407355
1875801492
1924720859
1395058487
1859870345
1585330256
1575223763
1961986787
1195044051
1432147326
1592014860
1504698123
1127718422
1886123661
1457783930
1703911178
1687752641
1610864879
1973937902
1452151181
1507913982
1756766821
1717915014
2068305137
1931468857
1833136752
1472288714
1750210038
1493017120
2005198642
2022277079
1446204219
1422480455
1649088604
1247230958
1753749757
1086457305
1755776292
1651711180
1676791710
1143627518
2135943256
1291464350
1578607753
1482429661
1669921748
2057774870
1732258558
1769013889
1651456915
1990700748
1737695957
1586720786
1410160001
1404999605
2106502678
1891096632
1830057328
1674451650
1241653678
1830932094
1410144842
1472325924
1973827652
1112315098
1861554416
1804280844
1159673048
1790359007
1328688589
1310857695
1673373955
1216886672
2131868480
1748126310
1422417750
1554505693
1647830375
1484855853
1480061350
1500182001
1094715041
2084223879
1171041216
1594846911
1822894514
1363739866
1170837943
1095682486
2031684173
1157282687
1289254868
2042542434
1237136179
1607654532
1699103583
2007285815
1259827726
1266433260
1746980398
1233439354
1088973936
2011861196
1802532690
1669973427
1314890783
1392646765
1243506225
1773271957
1224768180
1401570137
1975776324
1870608710
1157042204
1453253338
1925842655
2145288679
1809776125
1544692741
1162333522
1194589958
1454406141
1142792373
1362473368
1091838890
1416879748
1711705864
1347274007
1697855689
1711795442
1813388884
2133279682
1378060671
1431166788
1377510799
1703005749
1701857769
1150362423
1553485191
1895106292
1545436241
1305496093
1609051953
1385273787
1739105092
1321011044
1816300866
1387298255
1808543390
1189517763
1245779790
1639501665
1352747238
1908816587
1279338556
1628874240
1306512461
1383599363
1203893004
1910094110
1374994339
1622843557
2015536661
1226464654
1583582102
1521501623
1516166205
1248221831
1422758147
1809473626
1531797609
1278275332
1399255573
1481945249
1565348106
1474476491
1968295851
2110380727
1354006846
1761979241
1416688188
1928316392
2146873525
1577875968
1599947358
1202885593
1842806379
1095382226
1784635646
1845420686
1404817693
1277001253
2088882982
1736115935
1306113493
1924796656
1359195493
1831966723
1295435767
1424741961
1723758961
1687290280
1287315843
1445785269
1914015570
1787840480
1538515977
1248826829
1218357134
1721513992
1778576711
1402952398
1644326487
1840925236
1651725650
1483929752
1578793112
1352836816
1143517267
1210343326
1311725915
1253164483
1120432265
1349968934
2055222579
1102414635
1662186322
1183058482
1859528570
1091966367
1561951024
1174275680
1885365692
1629126437
1704988185
1592003146
1934914863
1865812828
1704211610
1227341831
1878827858
2146989287
1632785364
1108762976
1377378498
1143531049
1535049299
1188616468
1628170017
1669881782
1487901513
1723774120
1524814640
1180540645
1863547188
1412120387
1351449042
1495408170
1602441079
2120739417
1261788111
1504393557
1684126790
1249880407
2079715338
1187921203
1092055945
1377484614
1426878058
1584253250
1391381990
1132867792
1518886628
1805916680
1975025245
1155704043
1618554137
1552495695
2074767173
1779145189
1183925324
2144387384
1482405543
1428402955
1902473758
1511612185
1536820192
1136499501
1374739386
1923528780
1632665467
1099877504
1716582365
1687796052
1510475231
1884274215
1681236858
1337064844
1188693298
1350966698
1234614207
1258218074
1415987410
1751092039
1344221456
1284104808
1085580127
2061786597
2082696915
1515504704
1652070871
1483573506
1514338120
1753984038
1433374547
1661365647
1307848210
1527930585
1130163908
1433171963
1612260232
2076225231
1266812073
1137736025
1707185608
1598367336
1760303439
1593087043
1792341442
1631968824
1755991280
1801690655
1566443717
1793268922
1706644004
1214647905
1302913483
1578881312
1095422709
1364676304
1618855258
1576439960
1433922353
1725573954
1441131334
1108693381
1782386543
1077251417
1565819426
1630354693
1717007518
1696783506
2125192834
1340240048
1493615916
1156422047
1636156951
1251341910
1186044194
1781428745
1966358205
1088806322
1111517163
1754159060
2003757811
1478622585
1660333430
1460442336
1626996542
1742398126
1240888818
2047498178
1225705995
1555127918
1548406793
1090067997
1689527669
1358903330
1171097031
1570764834
1586438270
1872857813
1289603534
1622126587
1286965885
1553931704
1958706156
1672986013
1675075942
1660709659
1941065443
1152095418
1630893885
1256237016
1142008908
1550952193
1615358261
1079517058
1997989316
1903452917
1877005974
1809232454
1723708659
1870432998
1785410842
1250087815
1149296442
1102455290
1681226522
