31939
55432
40722
26548
49613
27516
39765
49170
74105
15815
25319
76950
38678
52775
19559
50689
76633
90252
64720
32466
73837
21015
64456
57440
52818
26725
76054
74692
119737
25417
35398
67901
82430
94105
26612
20918
62495
16388
32637
50734
93760
19398
69310
66655
72832
82257
73116
57308
30814
84700
118710
103956
59009
59247
109039
50058
56721
41791
69165
26319
49625
75110
76226
63795
101189
74329
66031
60036
73327
76685
21949
79577
62297
50743
87621
92864
46916
65808
18865
48669
34919
99810
43821
64481
8481
72808
45275
55252
35249
51138
58559
51202
48090
59336
54223
47571
56947
43024
50160
52510
67553
47159
89407
7239
54098
24415
28977
12749
58108
58224
57446
69455
28043
39318
83647
67146
82369
56494
34695
35118
45578
62789
63245
17347
84513
81268
68442
40735
152846
40876
66303
69162
93302
31109
52146
43394
45186
21604
52238
64470
57150
83342
70489
15764
15576
77436
64492
32733
37966
24543
45501
50817
64118
59723
55227
39038
14197
49325
49093
83092
31068
31103
29956
39739
50140
9854
47117
51772
15388
55228
18634
16458
35454
23583
69488
57556
11886
45038
80846
13691
35789
82908
22607
72068
61940
71309
48677
22635
35569
51340
9291
18848
50360
122514
52388
71895
50859
41746
43111
83585
53544
30253
79324
57373
96878
73524
44933
52535
38757
47687
19861
107907
43695
23595
93329
99503
34483
101380
124139
111042
24199
22617
55944
102188
16240
16894
74216
24657
88658
43794
62537
67932
50658
112902
15239
98191
43199
74109
48160
102609
26494
46336
41681
20203
48229
47456
75890
44527
60412
8507
46804
76959
8489
51776
51592
36803
104457
75604
60648
22239
48663
89103
77382
57008
79581
78533
39607
25639
50066
52729
56445
109859
61216
48345
31676
39637
63456
99135
29181
2349
46040
37630
38173
24314
69040
8023
33530
38638
50956
53278
43409
24778
53122
59370
78850
134136
33360
26091
51614
9048
50377
63947
80616
56264
17505
35440
57977
45145
94097
49888
61108
82946
78011
45128
65001
53889
61271
60512
36173
51290
62342
70442
63911
8768
28357
86715
93817
43376
73204
27965
67119
28973
36232
23340
84173
22776
101244
28659
71521
29959
117925
73504
104998
49400
13025
75535
18778
77481
22961
54722
39310
31999
74494
28796
55032
63642
68305
80304
97695
132563
49274
99745
71335
113784
91904
38261
61162
96622
60005
64906
50844
13055
49678
44995
83995
12545
92779
3393
49685
55096
66159
36088
5758
35651
77176
57693
42061
67218
24837
49483
59303
62182
37728
61862
47617
12883
43098
73397
66514
46428
52731
138463
40070
59453
51638
44642
58652
55230
156369
8260
27167
62554
106254
83467
90029
20103
39051
27693
40068
42111
7899
40537
38260
14760
69342
130838
74177
105266
67583
16322
14542
21453
88696
42696
49934
24534
76958
81443
63969
63549
64669
72261
27167
65558
26482
27750
65109
77082
80279
93954
48574
48297
38338
67144
51535
48854
50829
5311
60971
48149
27224
26349
65932
57089
82006
36330
61623
92591
16172
100473
13458
79760
21784
100333
107412
109037
11894
30822
58938
24912
58475
50493
58925
24440
23475
53888
117130
69102
32594
113335
38971
53696
65523
79014
28717
61208
32545
55096
55181
73268
94051
20109
20577
23534
52568
64594
17101
89154
90883
26842
57090
41614
42333
23179
18546
32817
36733
55721
41861
35108
93981
59097
20751
41878
30081
69225
32614
73831
40639
52816
24399
83637
68713
53855
69954
43561
30577
59615
80668
85950
53012
24361
56871
67680
63997
85631
73886
38405
10179
36652
66695
14338
57210
12566
61862
42274
41439
35290
52989
54030
46177
28366
58961
22235
30918
18081
24627
20084
68559
37493
58282
7830
50093
45435
75373
7048
14698
50576
14102
96270
38973
26918
28738
52494
64714
76455
26093
73045
31760
58933
48031
46186
86876
40400
30968
27768
108182
43177
25559
36545
20566
75530
39742
40468
27812
61806
32454
106765
91816
43542
45629
71876
25948
44895
62977
46887
64301
56595
66337
33854
71207
34797
42827
60599
9925
75724
19134
88147
27299
33423
44802
25503
26247
20633
54401
28360
89806
43511
66628
69027
56114
58964
61380
38217
66781
8233
95309
37953
26264
51247
121136
50325
91152
15928
69569
40928
51265
27741
52743
30688
44433
49684
37008
56506
72778
23586
35865
62902
46317
36387
71428
31666
