1469268323
1706318573
1075232587
1893843561
1478804103
1108588181
1601754312
1403037687
1184465641
1694574901
1763730749
1794859327
1310358915
1602603213
1782833083
1798926187
2026019701
1535425678
1745812446
1620156989
1215445848
1354372687
1993353365
1675113220
1685429240
1496000092
2014656287
1582973625
1836768198
1635933066
1741200416
1158579340
2142621379
1075487095
1433920707
2135785478
1727998507
2066973434
1370145643
1573123626
1972095759
1947054926
1349588006
1281161713
1398957095
1699790274
1380616962
1596000760
1859648204
2144613300
1555137598
1772434107
1517072563
1716450831
1147101012
1457244701
2126558673
1998318712
1109979131
1166402900
1493137922
1381794438
1388500943
1313610081
1331000007
2083060109
1568174096
1673049891
1516400682
1802519785
1551524088
1572208935
1560214837
1770452797
1523777757
1614187192
1883875590
2050023003
1116761226
2054664619
1991810737
1193165566
1905648404
1332637949
1254915690
1095806166
1482459746
1375902066
1712035921
1894237551
1836973932
1645661347
1801067540
1494407279
1281230499
1965308046
1571931170
1362561211
1336751748
1935702872
1141758678
1520589510
1799306070
1764256569
2128533616
1075787893
1895024282
1177839469
1707065606
1158908814
1977734459
1342396815
1206031523
1531916846
1635785132
1869577225
1507786709
1985092684
1404184078
1477490429
1736294143
1350136546
2103375560
2061236112
1299587734
1838206711
2030227878
2072384804
1451090106
1567357466
1298506883
1349249569
1078642073
1572377217
1323652456
1444834079
1090195554
1405095398
1372142807
1269965457
1722927447
2094225155
1100340047
1826703602
1180739028
1803467807
2055998767
1434988263
2011042278
1693511028
1360869526
1584566188
1110096292
1119837881
2037445348
1799026557
2051800951
1795893425
1987702555
1787942780
2007583818
1296531815
1497256590
1412114062
1815384880
1846575003
1261469830
1214818722
1198875924
1100157502
2098555300
2006672497
2008756112
1569711231
2025485767
1639540521
1904255707
1581283438
1787111731
1130849363
1219935973
1702848440
1185059248
1883430541
1859097292
1105911334
1657007034
1750886752
1075462440
1405272294
1294162195
1575883678
2085607312
1726219809
1847769581
1931137157
1745898959
2066015175
1679783674
1422675889
1605240674
1910897234
1079821110
2104930047
1306324388
1630272269
1543472636
1745138443
1414513581
1967945132
2079775736
1987351509
1384669872
1686050436
2089316260
1509589437
2037688470
1564819876
1238147896
1487089253
1699860683
1434900938
1474140141
1169229927
1101694244
1081567474
1187410953
1755294171
1089187297
1698733767
1858220677
1547992535
1487172145
1438283310
1412173610
1300574332
1370786688
1307029538
1513020933
1137359710
1919157915
1651676373
1699900257
1659764714
1264757823
1111219213
1750778766
2119341516
1082422492
2015643134
1084659908
1376797407
1379617131
2082052538
1768732899
1181336567
1614039159
1153188007
2094117295
1448670738
1475414366
2108308299
1168011192
2033724415
2001017693
2052719886
1450062311
1603554482
1823644937
1285178762
1586187964
1380186020
1967835524
2032641504
2074874331
1811739100
1772628730
1363259370
1800857312
1944135081
1220751917
1787805833
2003050311
1088207004
1140703481
1651231137
1624474025
1984487966
1952694250
1445657264
1568963137
1920950969
1779675183
1288322193
1436328490
1341229139
2086471568
1750493261
1578589800
1759781362
1664300967
1205256851
1350096597
1916079775
1225834337
2068921837
2094077721
1668380561
1784954274
1228580282
1710253354
1085226924
1263090607
1665629310
1863963492
2030682165
1880016710
1497866925
1374832825
1962657228
1275026280
1744133619
1425054123
2129295255
1296232328
1669640055
1492401563
1580466745
1618757675
1333428925
1328582199
2105080977
1575956084
1568769513
1826240077
1807281995
1847509168
1524082675
1962803288
1151082358
1348792411
2098572590
1904133615
2083262222
1489385780
1488932367
1885490000
1749737989
1401542373
1641461784
1780937849
1500570176
2102792939
1405966770
2046829512
1265304865
2096611004
1707391184
1133179784
1551900226
2146242691
1157034403
2027876672
1246138427
1796852746
1077506806
1546921609
1126953344
1356072611
1237853153
1348003183
1908757129
1174545483
1455936956
1346777769
1105185399
1366083402
1512259294
2039000771
1115106930
1976624271
1142400472
2092103901
1088483021
1251000383
1368287673
1673013937
1450337455
1239838770
1184176578
1208472937
1095389643
1141075687
1170363023
1137514859
1253018521
1078156889
1267231995
1392040549
1681961729
1919377755
1736398258
1783792403
1590602624
1077774571
2061307944
2045193130
1744271191
2086668787
1319908053
1566286253
2131405024
1359532382
1357382540
1289691358
1150939418
1406531290
1465172250
2066235015
1170269769
2120848315
1360148210
1428548537
2039993861
1877614196
1285199361
1778751929
1143177653
1603223910
1192782687
1138627981
1120420739
1122435131
1163614010
1316341171
1385762176
1087116166
1700754775
1197246096
1458504757
1559369931
2096629792
1255765465
1994147711
1527677459
1114009226
1080005433
1274925411
1525333993
1773809327
2067800738
1561758214
1144949984
1095410678
1086998730
1795778636
1883017701
1833658973
1632280794
1163761819
1669190637
1162276741
1563860867
1672330697
1414322578
1561266351
1250420134
1585574633
1712415430
1178092766
1455508136
1675635668
1080430571
1268333694
1847783813
1137323357
1121804060
1487356656
1154521655
1128295607
1393766564
1397150309
1301341089
1959532398
1435951953
1100830911
1691790006
1476221696
1229680233
1884946828
1646573416
1803563558
2062425697
1809237588
1853275454
1260707317
1162010024
1444212571
1891366767
1810238417
2101204495
1993217790
1660596013
1380656848
1981159650
1626967922
1811064598
1332854855
1266818156
1853836477
1548368548
1730052972
1127902803
1112255084
1862829211
1448182120
2063958088
1340163207
1236102607
2080433010
2141737648
1515086509
1113015949
2075470310
2085741887
1393740723
1494142247
2043242405
1501581741
1991888636
1862371054
1573969281
1419070682
1476340792
1386283501
2004033289
1090861879
1227691995
1199737059
1965306922
1764768032
1651544106
1578335754
1334953576
1809255815
1615574421
1634772443
2146681498
1549180372
1973038913
1192944477
1837999979
1443631511
1938266553
1353042159
1883420929
1506602866
1731227577
1247946961
1411369776
2101548175
2094859085
1104855951
1314769830
1119119860
1340560443
1797863687
1159386046
1240981978
1324392123
1269141586
1500304769
2012170380
1687233904
1108536935
1697204372
1176022197
1681066763
1121106413
1322025312
1819393316
1201721802
1170287571
1168488075
1163757636
1762884220
1837002020
1131178000
1721769945
1493015331
2054448773
1574497722
1102385898
1961774121
1475184789
1946862799
1569019939
1574796960
1809563791
1613030340
1576615356
1358490856
1078173056
1414926047
1905578369
1308455816
1787076777
1502667461
1864521021
1849107662
1089937825
1451699317
1109816404
1209486550
1531712610
1532457646
1678168452
1938241086
1936533546
1361102662
1145009594
1557571509
1309998881
1244318596
1274898571
2074478094
1418015672
2050527475
1102194459
1227978000
1580030185
1544476961
1922628148
1508797400
1990710910
1473747899
1583559741
1092657867
1224127359
2056264922
1093732788
1720561385
1510022689
1314542125
1095916024
1302771862
1486570424
1462241607
1089831526
1667802809
2127063145
1865370795
1731283629
1441470309
1553833099
1958736303
2021031783
1421122775
1548628337
1825867934
1607657295
1506886124
1244778875
1674648571
1805569836
1089894881
1146091506
2116448261
1592058614
1766781862
1306793656
1235704060
1085974207
1614003205
1482940374
1306119341
1736808102
2117484545
1191574189
1157012119
1360144215
1973093093
2072402656
1144691007
1156283375
1210787254
1167224898
1151920148
2141295969
1625850493
1438655515
1843158925
1141264880
1083706892
1555059761
1518628548
1310484003
2063643245
1355118846
1433311871
2138440166
1699123387
1420213452
1600924262
2014033343
1617834558
1791881432
1726358879
1154193830
1469690838
1400601591
1502307895
1144848803
1200125182
1185528578
1874704712
2017453915
1289966814
1601790453
1727438856
1084892045
1706789089
1944491744
1523409109
1126686502
1605735159
2038355232
1952344266
1420674730
1117100037
1374151207
1627105618
2134001787
1315333475
1798421465
1455219260
1648441248
1635887250
1306557961
2029050278
1365707264
2023649894
1854744302
1572871078
1802893551
1272386073
1947079219
1306694222
1757914279
1323371320
2095018628
1695876590
1828312145
1610414851
1254016416
1254083142
1373593305
1130973078
1903856174
1264589666
1268955577
1091254995
1611440772
1391664161
2063052260
1188148374
1943593407
1398121801
1167236321
1124439349
1263571235
1702892009
2014025478
1242717481
1567724241
1888555032
2086991395
1999277446
1821011596
1325979693
1693516583
1860986846
1359936547
1252535022
1079080506
1881843845
1422810216
2124515693
1640976662
1221337658
1870510142
2000451301
2091336395
2067332095
1798024729
1307158433
1833414789
1102132913
2121555899
1653741886
1712659239
1819905403
1440559800
1783012163
1377828572
1232088366
1169419432
1570869794
1302645276
1267449339
1629439098
1291182740
1988850569
1406085117
1174574540
1909006556
1255403308
1796841136
1459934406
1942491209
1167488869
1424361457
1297458615
1884081948
1435599159
1691521478
1682576433
1330976350
1673071363
1159211210
1659046769
1206917264
2047146476
1221083612
1393153233
1625849495
1516045892
1355255419
1779770672
1873917981
2110407706
1672701717
2126910093
1946089176
1167842286
1102650680
1226546415
2131367198
1078813789
1489172618
1922916050
1469811120
1886462241
1498772628
2114804389
1175566287
1442894278
2056942045
1616819684
1691870901
1813516049
1524992560
1535768609
1751762243
1686742165
1281100167
1574688226
1242726220
1144017466
1751596957
1255780695
1610225221
1182358556
1849895454
1848280295
1588187750
1521944568
2140622841
1614703299
1219161788
1200652749
1811626246
1830335151
1625591204
1395447888
1293226844
1318783759
1796661494
1081672993
1237276275
1695743887
1907211630
2021158494
1087016245
1731007037
1358546284
1233084576
1333721546
1818178264
1080170782
1516154875
1832798587
1454271612
1961373989
1654143491
1425375644
1506064251
1544642996
1476077882
1278087442
1128322372
1770423398
1322226552
1896997852
1863895955
2092496268
1533848220
1783607143
1120560533
1987647876
1972073413
1920575205
1493851530
1672544608
1999066219
1421633489
1240862944
1335367041
1100562758
1611722283
2054458386
1091747545
1565914084
1580037301
1734618936
1520244956
1159127755
1758558695
2075775227
1635790500
1195803963
1384309744
1623151487
1850272653
1646390653
1395311814
1148121254
1952287152
1755665191
2076425823
1471426966
1123002958
1126688687
1624044581
1557815194
1511371043
1336160888
2014250437
1402879142
2142699153
1625477975
1682868805
1215886465
1439675882
1702076315
1127010470
1267008909
1661784724
1394429955
1230053344
1194082254
1830999291
1583467111
1541919647
2087397619
1173349969
1531507501
1728842165
1565331089
2098884299
1888797718
1644490051
1613343559
1842646089
1458403981
1438916989
1240918435
1699754945
1289810766
1273708611
1183688553
1077389807
1612144549
2015122745
1513221049
1857606322
1978310214
1248460546
1231869025
1650998563
1552572980
1322248898
1852072136
1107305030
1910055573
1643594647
1098886241
1780302421
1478069180
1208407959
1310133956
1318539949
1453433447
2087991163
1206134090
1676127282
1614865838
2078240349
1717648406
2090636176
1286135836
1784829935
1686828678
1111697406
2020446666
1232886707
1927195635
2067881259
1701282592
1110849629
1703429563
1232161521
1230177777
1891344296
1562419109
1956237663
1416202644
1211935455
1734395351
1605330932
1227294946
1078214127
2052052251
1906903529
1403770239
1196509425
1541685450
1960253589
1726466240
1918221128
1214382724
1311166120
1883877463
1345960202
1144930946
1119253999
1255008445
1119445127
1916529567
1928232667
1332019624
1776836845
1479095476
1548738694
1971055506
1232321814
1840840926
2118398736
1883921530
1185761589
2046624777
1538385846
1462035811
1430884825
1210880259
1530888427
1980997485
1474360730
2113150281
1675782728
1504154536
1753919950
2004810533
2120388036
1253657693
2074727896
1111537925
1912480684
1387474460
1529826052
2139282201
2125636492
1747998865
1195238570
1543323954
1477142504
1317886670
2061702757
1343924587
1845374682
1611826024
1656304569
1125026776
1945785494
1353152891
1896734069
1485364798
1298094729
1469039494
1610229840
1111087134
1162126685
1133236148
1417604580
1590704492
1914563488
1157734621
1789616738
1272798851
1277137547
2044331121
1718062120
1240950581
1912821992
2129734437
1227064619
1357284417
1274647021
1813637580
1248354434
1443242015
1245426349
1270069198
1673157626
1223754717
1300679134
1285531556
1688466184
1645638252
1175989988
1610017365
2093973731
1419202261
1670131794
1077171165
1397343683
1853974673
1498535372
1120531657
1157693674
1546668998
1234756287
