1517948687
1571865512
1811842267
2146501471
1582970856
1529356003
1570063041
1295431907
1346961438
1285805438
1369049386
1325916254
2010592955
2044760509
1252488453
1532076676
1242985216
1664823755
1308814175
1328034345
1593646326
1989469299
1769486785
1137560024
1837582239
1931010385
1177788699
2057075220
2104418156
1117231503
1708215661
1234282757
2072209809
1222971191
1164610812
1568062047
1788684513
1257347216
1190083038
1408729866
1237044051
2013435122
1545227908
1089121210
1831914366
1664309990
1508925725
1520927193
1283612915
1767380401
1414154251
1130001548
1328319804
2115278172
1207204926
1843211874
1401669103
1769477890
1273257360
1689233050
1534539045
1523761488
1966026086
1790521286
1773896063
1537341773
1423934440
1386849827
1374923634
1830830987
1787439924
1250185437
1491144808
1491326599
1306900874
1086853948
1482720221
1095119119
1509671911
1670728982
1183782493
1090015263
1490730350
1339867037
1777333328
1434108005
1359059499
1433789496
1356034933
1750297493
1470275152
1379651292
1187080198
1576246775
1893256303
1516572206
1387976377
2014719738
1798878423
1256071801
1999223059
2080190340
1436797678
1185182336
2053151489
1351249252
1268315863
2101940328
1654024982
1082105637
1138224493
1783886512
1623243827
1264373074
1989633091
1183971819
1134842950
1425516202
2105913544
1426656627
1511533324
1560490658
1106165061
1607559177
1327502432
2077202734
1494272260
1226866754
1977376146
1297654847
1954720808
1772426031
1874773491
1161365991
1614128823
1120797900
1651309441
1791656169
1542849868
1684968547
1170918591
1415938778
2075374958
1155276678
1990329152
1491060285
1103463579
1501319477
1234547563
2009450403
1298964461
1580538167
1506823456
1359774220
1215726699
1774294754
1888095794
1215219886
1391216316
1587319044
1123287384
1117206249
2100312844
1310363189
1543411788
1257960564
1138604321
1399699876
1577944857
1557390177
1194008099
1715943603
1167115096
2102248280
1079131016
1532349385
1261046731
1532040359
1931059410
1995406068
1930018896
1551997948
1732022293
1836941081
1395548452
2122998650
1367789819
1287159671
2081788583
1982631678
2131155496
1868910540
1312119497
1468686264
1732882299
1764194344
1862084677
1430546414
1194210742
1408377643
1295980127
1189078616
1848630073
1076662593
1487980942
1535696473
1281744907
1280894256
1456059665
1564748208
1137390354
1138617076
1320064805
1748901842
1509947044
2062620812
1116690005
1584138610
1675793169
1800965586
1233522590
1749148142
1401755548
1275759062
2089311325
2088307107
1442525261
1179894700
1185331967
1279900568
2133386616
1743561807
1491845920
1199213430
1172558743
1136613777
1573257789
1182894882
1875373036
1767559835
1410276886
1823172799
2010375589
1548635728
1655806442
1417350328
1769293344
2025041451
1447947140
1108329366
1628284090
1932334774
1381424267
1088688676
1694081251
1885123525
1434528321
1950594944
1217007379
2010507378
2062030059
1139287041
1440189241
1335893105
2112431455
1634949229
1633360903
1181994106
1409522240
1077158466
1910003030
1574246108
1628629667
2120308057
1399262077
1106672078
1254848070
1755828107
1769943295
1830170122
1987030016
1526412974
1963191434
1569205539
1890682306
1444481043
1229640982
1146575497
1429060780
1410289155
1130360365
1266966247
1403539053
1909686899
2036664445
1301799114
1263326773
1638592000
1864420390
1878009851
1542429859
1100700343
1593336124
2076554930
1245408652
1697345575
1876961055
1340842551
1877357753
1683123237
1874632755
1211590305
1088988551
1424674752
1300197394
1543378764
1175146440
1284957854
1626892886
1808335580
1467403130
1716758061
1344558512
1656206821
1890910305
1378728561
1107238702
1907384721
1389747971
2089127699
1422736269
1986311972
1375517403
1757931730
1319942678
1107013259
1459051923
1452055622
1850604003
1512340727
1417239498
1587858114
1739350316
1380600658
1607037335
1318942038
1317631145
1757978557
1116891779
1277027371
2012560904
1181476840
1549682090
1091331267
1522688819
2082996773
1459040267
1285839254
1231513284
2017316474
1491155829
1349089856
1586734682
1687835406
1400882199
1711090954
1216774881
1115644200
1187903551
2097760276
1519604492
2021650194
1679301083
1781170256
1814614654
1794307604
1918024150
1171559902
1953248322
1692264416
1506749944
1168662320
1381236602
1297400674
1597193296
2102675650
1197004907
1331481681
1854088555
1320370304
1720191390
1835056868
1759804288
1544854113
1958771012
1404201580
1419090661
1122750206
1518890027
1448268333
1125295003
1332354825
1760673036
1234831795
1150923889
1862902305
1206084663
1410767749
1911363357
1806952300
1423629811
1613233952
1745647896
1738139263
1540805687
1446831131
1529570853
1707440924
1651015394
1688594142
1835598903
1756688675
1132969114
1112782760
2020664686
1365983668
2139585941
2037126527
1502486873
1782786954
1641726834
2077872724
1513565686
1205904897
1727934515
1192890443
1520867075
1882916381
2006128773
1986689040
1923354370
1572420429
1628156799
1329150947
1656898230
1562444702
1104054639
1129116007
1768722580
1228118296
1955428525
1119850988
2147407537
1560162973
1501779973
2023000297
1216784338
1254932445
2036506482
1123625088
1081507906
1273848215
1717261755
1135885560
1635740069
1344604664
1579333300
2116291081
1507375741
1086864326
1610926765
1262211929
1263796778
1792107055
1218983303
1775358835
1184651293
1834131274
1459734591
1303316688
1516592041
1903378379
1643086138
1225563837
1551547828
1241098294
1573502632
1117177980
1652116844
1229757333
1715664841
1541132104
1715592914
1205545977
2057263345
1795939689
1745696257
1378438757
1780681847
2001726960
2119615854
1922306801
1505877260
2061549319
1580256645
1218919657
1371582221
2042755548
2091023568
1432586392
1084213351
1682499716
1223076040
1791479291
1442535689
1746091421
1358316610
1988099056
2020431064
1257245076
1146005090
2075105295
1186918401
1806526821
1435813601
1248712134
1488056269
1779962065
1508309172
1463296846
1395179308
1166911226
2048504550
1874733310
1299183770
1543556869
1476814687
1709111810
2144680443
1972562963
1760698392
1180603925
1459613179
1444882137
1327867486
1280925746
2004473684
1560277688
1270932281
1375209604
1881198975
2138393803
1455722957
1143407792
1534593029
1464156597
1216720079
1657488421
1147233115
1927864969
1975046159
2009312479
1089829285
1125961721
1972731713
1093678252
1317976518
1266610900
1148041950
2119487873
1161205267
1231338399
1530059809
1195124093
1503368094
1373870289
1112624925
1228440050
1984867756
1341415667
1822412734
1242650323
1265124055
1636121814
1845709844
1322328642
1755790891
1409822524
1368832276
1977945735
1531558187
2084035345
1981229893
1925023364
1497759470
1545329741
1828149212
1344880921
1321951677
1344689013
1404132106
1114468880
1433846675
1721682176
1381824492
1671082483
1690301272
1117854360
1998038282
1839570105
1971206879
1304060854
1523572494
1529675125
1512410456
2022124085
1237479089
1741233507
1719790193
2142746540
1773120610
1886068903
1101380761
1453784428
1281902564
1589803110
1303405127
1684543119
1335497838
1676245793
1266067465
1558579862
1950863840
1096746552
1477528386
1530240854
1875617599
1496823744
1640721695
1407269139
1663209051
1453389034
1227819034
1160643500
2099830467
1498415095
1717804914
1237180697
1252904748
1695744725
1400013911
1245477307
1216665738
1903082287
1434280282
1232520237
2124315524
1209896568
1157271823
1808452136
1428586670
1697971754
1546839749
1370518549
1160247773
1361514425
1661221011
1826573258
1076344008
1885812532
1145261792
1589095750
1838462336
1783489610
1341584494
1645740333
1216079126
1206439084
1218416117
1140304193
1604903959
1276248800
1292052204
1384278907
1300492464
2122991596
1980080031
1358535203
2077835201
1982897814
1495900204
1316680476
1471277274
1150042923
1930607297
1150854661
1631781013
1643023157
1598930179
2024392625
2054509157
2118879024
1771348710
1941487506
1860994576
1496786303
1289989426
1589863381
1420907548
1854492042
1431490923
2050148649
1597008443
1221448249
2134798881
1140011474
1857170377
1111358175
1270653416
2138180935
1488352003
2052262701
1522093516
1099391955
1093649139
1271875410
1095456977
2079029998
1511372887
1652511395
1294298915
1768325319
1342130107
1462480906
2091795698
1200227055
1262624628
1594256607
1694258539
1736289301
1925563508
2102904365
1218279368
1279905783
1832992608
1803295625
1082280726
1280714413
1933485198
1445696391
1225253891
1258356393
1851110253
1721732019
1327505090
1119496976
1185185506
2118167575
1260231915
1192867183
1500396796
1352412866
1516460763
1919536561
1236686384
2032338321
1523793489
1463993777
1425386426
1201912612
1948546429
1588655548
1492145223
2143377219
1425908728
1708827578
1533993177
1913116905
1260166276
1571983754
1511355935
1493734468
1948400305
1587337499
1353321508
1769322790
1076407449
2050870782
1918336243
1457034131
1436619727
1522367933
1318024674
1081946038
1414831756
1106814399
1088580709
1803330847
1632639997
1991856491
1540353022
1587828975
1792825099
1112891597
1103757780
1951611738
1598559348
1225996677
1516102457
1422243771
1413765579
1924845362
1613186563
1902961488
1583540138
1473377033
1193588499
1851731270
1202465229
2071460020
1528680369
1667255472
1625519984
1655059668
1121440489
1940039200
1831892486
1599397321
1319364449
1430559705
1163257208
1388477413
1289041133
1508798128
1544006426
1252193976
2026846426
1178043025
1877545776
1942111538
1973426139
2056191647
1649936718
1340135166
1521968321
2073040063
1363528537
2129480081
1226985253
1509285591
1970217895
2032429030
1627695586
1079564572
1437943553
1628611570
1351813218
1146037961
1094471878
1214404611
1147759763
1213293856
1912119179
1182193145
1078752108
1545671637
1483044634
2093111753
1322840260
1248135899
2001548241
1128065856
2050029435
1727994837
1792888284
1143770111
1942610375
2049086459
1524932309
1210309420
1241233406
1791153907
1796786353
2134264872
1167612553
1307562378
1260172697
2006865578
1164015688
1375512465
1988694818
1692954803
2049155881
1216124879
1788610132
1271049654
1266713940
1423801403
1285012860
1506242621
1168320475
2098794656
1359383299
1483996454
1126209044
1562434478
1211459946
2109718470
1815082564
1142001814
2127458435
1419145999
1673284259
1326025294
1459696046
1187835765
1758252923
1569544624
1753309893
1651301977
1284409991
1449402960
1159353721
1198268512
2071634444
2126228671
2132980716
2139305267
2063218517
1169942540
1147574245
1693343577
1184664942
1388828971
1895095673
1806640514
1151460096
1463614051
1103330154
1742718977
2092150579
1105042958
2145195128
1448418352
1814079828
1964462605
1668899029
1851720227
1742979898
1153764113
1315293694
1661186377
1676650875
1829115115
1876727944
1196707971
1415654648
1123311104
1514700978
1082043525
1783160800
2028229962
1193990667
1225298877
1418592769
2011449127
1271593836
1215478200
1115595840
1198403574
1538984312
1100678258
1428157714
1108206931
1873347116
1605128993
2062845437
1920765200
1810988038
2053091626
1522086870
1425492195
1627779118
1405815772
1572658601
1169174040
1679148845
1721440733
1138574262
1586750325
2022417825
1132219938
1712605615
1113612401
1972810643
1482959799
1214801667
1922435524
1336386907
1750740046
1871595000
1711243039
1289621509
2103573537
2073787042
1531528282
1705404320
1184607891
1202309617
1762112293
1869318894
1554820075
1271643832
1769165900
1644854153
1511956810
1664234587
1202801604
1719975634
1085767221
1680860167
2044482462
1837373973
1935862727
1947753340
2110619425
1497168360
1991370280
1126334085
2138378569
1579569861
1190695211
1419777802
1407886219
2072194524
1077789400
1093896666
1100915664
1115643433
1352576146
1719002829
1516625986
1157435614
2120468678
1690582744
1227990902
1798119125
1960597101
1582997848
1232015188
1319932300
1659469968
1540673039
1746443951
1246562246
1684833333
1856827918
1122812573
1635805861
1845508582
1175944437
1617392584
1996428741
1153663303
1254348082
1781297547
1344491763
1445295501
1639604193
2083951762
2141720851
1963573358
1435996129
1090761934
1221712850
1295649580
1185659856
1650177983
1856841286
1233004147
1298609887
1776681435
1356819025
1515074978
1448638090
1209812321
1639868590
1132440576
1819809660
1783405260
1593917512
1424448205
1954849939
1169236305
1216203861
1510298755
1322866791
1689576992
1899166939
1577756988
1583275537
1332490858
2006441531
1324768360
1864466296
1266759437
1159813246
1532524985
1401251394
2016363069
1756840300
1244295444
1755267617
1429619183
1788024287
1341787801
2056090427
1846391797
1381917787
1735400207
2077260603
1419885079
1574426054
2030655340
1230760784
1776494843
1514061865
2112348844
2007128800
1724528075
1990451536
1547595367
1907020536
1192647108
1395036016
1424655347
1440436104
1871683643
1468318961
1086014185
1670851110
1115678042
1838879176
1802602068
1590813820
1546031631
1639343886
1176690137
1611571654
1668909335
1410750725
1246588982
