0.059386652
0.0153740095
0.03544232
0.020994375
0.007741314
0.02991647
0.003839095
0.012670284
0.013174281
0.02515226
0.05356127
0.025936887
0.019665089
0.039998546
0.0061251326
0.0074924226
0.024314633
0.01628321
0.05120469
0.01298916
0.015587042
0.019458484
0.017306892
0.04450472
0.017972916
0.07554685
0.09215717
0.01005986
0.041165538
0.021854704
0.03341523
0.0482888
0.040535495
0.047846258
0.045563027
0.0076684044
0.06997864
0.024595575
0.011639894
0.027556844
0.024198415
0.07877155
0.030226948
0.021304825
0.00447937
0.0081390925
0.059033647
0.05950318
0.025109371
0.03457258
0.027662953
0.022104505
0.012991952
0.010344494
0.047229435
0.036055956
0.027418725
0.06922722
0.0124534005
0.033043902
0.030017858
0.0149035165
0.009614596
0.017512625
0.034700036
0.060145367
0.013927134
0.013564419
0.013447772
0.071627535
0.017482487
0.02445548
0.0072922506
0.058345117
0.025564918
0.042520948
0.0145021025
0.021422153
0.11812568
0.032681935
0.04631308
0.021322314
0.05832179
0.026209785
0.034767274
0.056106556
0.026585218
0.056094095
0.026526053
0.068476826
0.057521522
0.026988024
0.023221048
0.030833723
0.0046293624
0.0593328
0.05430175
0.009852726
0.017594364
0.012285313
0.019553883
0.020345803
0.028105892
0.023183923
0.040162686
0.026432438
0.012405069
0.0051396335
0.008088795
0.08467036
0.011132679
0.008723866
0.06350611
0.0015458132
0.019460086
0.046320487
0.04439842
0.0069713024
0.04119479
0.013953759
0.014783916
0.06105102
0.021638228
0.03144624
0.025967915
0.010158291
0.02923018
0.005999833
0.019340204
0.025384052
0.019118618
0.06934256
0.0045841685
0.02271804
0.031574752
0.010962234
0.01615103
0.03504745
0.0075451075
0.065920964
0.022904903
0.027697861
0.04059741
0.022598924
0.019466894
0.029167349
0.021585383
0.029368034
0.02414958
0.019653914
0.012704835
0.030917669
0.0589514
0.026599199
0.011890708
0.06941567
0.018466976
0.023771502
0.027214253
0.031050313
0.010986583
0.02185421
0.010271308
0.0064081615
0.015095711
0.024607573
0.022272788
0.013690102
0.06173388
0.12185944
0.046713136
0.0335664
0.022830501
0.0051403865
0.021109402
0.029975025
0.049335886
0.01498449
0.037774384
0.01951655
0.07550806
0.007589845
0.033880923
0.017966645
0.027298996
0.01038225
0.006688999
0.0062946877
0.020361435
0.019391607
0.02084428
0.01827933
0.012833501
0.02872968
0.016948873
0.008627564
0.036425136
0.013991804
0.023360532
0.027549954
0.012675646
0.01163007
0.036161944
0.005265279
0.058214225
0.060080998
0.05014566
0.012528095
0.028482685
0.015304397
0.022249041
0.044546075
0.006455606
0.008552778
0.029536802
0.01008698
0.043688223
0.061976198
0.016390499
0.017614778
0.02412953
0.017107965
0.027420416
0.012477869
0.040870026
0.040850382
0.0035272415
0.023080489
0.02318685
0.025036752
0.020866102
0.034106653
0.0072956793
0.011729196
0.0057342467
0.02223385
0.015387627
0.023139177
0.036685076
0.03457609
0.027587106
0.017831981
0.039325926
0.03029361
0.016195014
0.055450946
0.017305
0.009903203
0.003540499
0.04336113
0.015925825
0.018899666
0.027022706
0.010648182
0.01656937
0.07375162
0.0280615
0.009539132
0.023806468
0.039328504
0.010084091
0.044572286
0.028172236
0.0130660245
0.020661145
0.03198203
0.01597548
0.046243113
0.013786172
0.002633852
0.018681245
0.061589174
0.06371682
0.020738184
0.02737164
0.021648146
0.012273344
0.0343466
0.017311357
0.01790042
0.009717313
0.01492945
0.019201467
0.061391972
0.018492274
0.014128095
0.0240536
0.005607179
0.0069886367
0.013793673
0.022111524
0.09913495
0.054910608
0.018678153
0.07968035
0.02546512
0.024712544
0.032053288
0.018235413
0.036736656
0.030172214
0.04306266
0.015584008
0.010155123
0.048724078
0.06640519
0.03671614
0.052457735
0.0367239
0.13169754
0.036670595
0.023700502
0.010651115
0.0034835937
0.025433788
0.007547694
0.091950424
0.02513568
0.015912218
0.017686862
0.05740916
0.008395583
0.0065753893
0.03239786
0.018494504
0.013484987
0.010829615
0.009327818
0.013592765
0.020433217
0.0069577075
0.038855206
0.053814318
0.03438775
0.025820035
0.02165482
0.014270609
0.02840436
0.072401114
0.014791813
0.05544661
0.015530429
0.03402427
0.10802638
0.007859008
0.025800461
0.051549636
0.017194333
0.043696117
0.012490274
0.039368674
0.023111438
0.0075785196
0.021348057
0.0595721
0.010186626
0.014270495
0.050305843
0.024090225
0.009865425
0.014584609
0.026390197
0.031038882
0.016508281
0.027403332
0.06694295
0.04760384
0.010911827
0.046474308
0.010258825
0.029725716
0.019773237
0.016424809
0.03484233
0.004437069
0.008774829
0.07503879
0.022917448
0.019104216
0.0165516
0.029474262
0.022860767
0.05403807
0.00634477
0.031243468
0.020565726
0.011707595
0.026045755
0.03626872
0.0258284
0.033649493
0.004487054
0.01721219
0.015109818
0.009579116
0.013734132
0.055519033
0.021962658
0.05942348
0.05666055
0.011006219
0.026062835
0.034441374
0.04831028
0.022513777
0.07288226
0.047185607
0.013798354
0.0747782
0.07069333
0.055696618
0.031557247
0.01707373
0.06800116
0.0075351107
0.0070755403
0.0074801682
0.06680015
0.016148154
0.033031404
0.07181407
0.017181717
0.04432511
0.01088384
0.039527196
0.05344133
0.020926736
0.019924607
0.02939087
0.034873955
0.016057305
0.04064627
0.029607588
0.047178574
0.01690048
0.04666941
0.014875207
0.14733054
0.019621426
0.019431291
0.018811831
0.015379437
0.01592458
0.0065000406
0.12964554
0.015281867
0.04319389
0.08834873
0.034598835
0.024023814
0.07650216
0.04381189
0.0105016185
0.0610382
0.014688521
0.009893221
0.04760421
0.049096677
0.039837085
0.021979772
0.042311795
0.049836718
0.06718437
0.04443921
0.01599875
0.006575615
0.01544705
0.04139779
0.058973007
0.021260677
0.031512115
0.024690736
0.012360869
0.03505627
0.01192256
0.03472865
0.023173535
0.017939163
0.007138643
0.025494806
0.014833394
0.018616451
0.0642824
0.0119869225
0.030350575
0.024277722
0.061560087
0.021853657
0.016158927
0.024055876
0.033560947
0.030146828
0.01677977
0.011791133
0.04024312
0.035131242
0.017074203
0.0134821525
0.034832776
0.039156746
0.082925655
0.018801585
0.0147285955
0.02016348
0.015456081
0.04768775
0.026830181
0.039959326
0.02045176
0.028023513
0.02120882
0.016456094
0.02392518
0.07008798
0.014109068
0.034156136
0.013285343
0.009722541
0.039522626
0.024593577
0.022417558
0.08118427
0.046435766
0.017669171
0.0070216605
0.006106665
0.029108586
0.008704674
0.0073761907
0.028624255
0.05458355
0.022826513
0.08014357
0.018336281
0.05082792
0.0037742825
0.057777368
0.01671638
0.010488282
0.07717251
0.03444187
0.09237745
0.057104394
0.028264036
0.006493764
0.012528403
0.039210476
0.030521344
0.049722638
0.013450569
0.03679904
0.010457538
0.056952197
0.044733502
0.030018914
0.028641073
0.023800848
0.03242293
0.02244158
0.018855948
0.07726966
0.07861026
0.021318676
0.02202548
0.019294778
0.08557587
0.025781574
0.0061941966
0.011228701
0.010365081
0.045429792
0.012043402
0.059860475
0.046756797
0.007352027
0.0134374695
0.08705837
0.012015054
0.07765391
0.052480157
0.017824547
0.012154041
0.049495403
0.064009935
0.07220964
0.051733416
0.017172936
0.055156436
0.013388194
0.019345775
0.007489887
0.02038341
0.038755793
0.018828155
0.05859679
0.03022894
0.071522616
0.013153932
0.025859334
0.02630411
0.05493381
0.021800663
0.014024083
0.06735731
0.027030535
0.03268885
0.016532399
0.010933444
0.07816918
0.0044980897
0.019279864
0.025509363
0.014901668
0.059845425
0.05916998
0.019777872
0.024206925
0.008515277
0.06728329
0.041915298
0.034684867
0.073788606
0.02154464
0.014219089
0.025075914
0.12439562
0.012748268
0.01647608
0.026124317
0.016394926
0.006191539
0.030488132
0.0047702235
0.021453988
0.11561058
0.029933779
0.01834493
0.0073200227
0.032094948
0.02752827
0.0081337085
0.056860887
0.04803592
0.022703907
0.020537898
0.007327805
0.03360281
0.012100544
0.098034695
0.03317128
0.054772694
0.024363382
0.04759957
0.07445422
0.028056648
0.048219845
0.04155476
0.04733474
0.022637952
0.008844001
0.055890545
0.008303711
0.015129239
0.013404687
0.011348083
0.01331662
0.06499189
0.00893262
0.021054884
0.009222322
0.011201509
0.031085068
0.004495381
0.01744385
0.026243381
0.01609656
0.02378831
0.047199473
0.023834025
0.01115302
0.01569715
0.012482659
0.025274456
0.027078547
0.01271978
0.020764431
0.01936665
0.026574962
0.020322768
0.07757684
0.029262025
0.051512443
0.014390182
0.022496544
0.03776554
0.0056281057
0.06384011
0.064279936
0.007819361
0.01980006
0.020094622
0.041448414
0.017325103
0.037978373
0.036403812
0.0036599198
0.05046821
0.007775021
0.055590115
0.0045345766
0.007000521
0.0100259865
0.007809963
0.023893338
0.020879915
0.0055750785
0.036329005
0.021739813
0.012427932
0.020912994
0.029114371
0.0050181625
0.05954881
0.010752868
0.042786796
0.024879768
0.042857524
0.020334454
0.0073911734
0.008081393
0.025318405
0.034591064
0.026254054
0.028608294
0.010229656
0.04695644
0.024698809
0.015593011
0.004142776
0.016982196
0.037666876
0.041135926
0.011915675
0.012518427
0.008964013
0.035275135
0.08468406
0.006263168
0.018910918
0.014139982
0.011983891
0.024615316
0.01810523
0.016839815
0.025967967
0.02189902
0.04636797
0.041434497
0.012326002
0.0466685
0.029349985
0.0132276
0.02966422
0.03754898
0.048382837
0.0049694437
0.059615318
0.028637888
0.055765342
0.023511192
0.019058228
0.031076457
0.007297143
0.08385527
0.027892888
0.0668544
0.01500359
0.037423402
0.02465072
0.015375166
0.014782181
0.02921966
0.0047641997
0.015525337
0.0066182436
0.017305288
0.0105280625
0.005014759
0.075051
0.057003494
0.028102411
0.059559546
0.025782516
0.010582234
0.027676206
0.02165093
0.010647126
0.017637912
0.015968429
0.07792733
0.015065794
0.031060288
0.008767579
0.021769809
0.0053977845
0.019088209
0.03127019
0.011991156
0.059314422
0.055642392
0.0553107
0.037652828
0.03155632
0.037224747
0.015488196
0.0072053596
0.04669672
0.009055652
0.011761001
0.010130207
0.0037379067
0.016306994
0.007949395
0.008093855
0.010968519
0.018975021
0.071669064
0.031286582
0.025808724
0.013991934
0.09102014
0.027160676
0.05043111
0.23611462
0.030203054
0.04898954
0.00991203
0.046088535
0.018363789
0.03799058
0.01930157
0.020111078
0.064550415
0.013107515
0.029771956
0.010137934
0.0133363195
0.0052069733
0.012000825
0.029523863
0.019270191
0.009939331
0.031840138
0.021117883
0.028128307
0.015929028
0.05288694
0.089672804
0.010704746
0.023755554
0.011225941
0.023733826
0.07480777
0.02312545
0.010550995
0.030235628
0.029010551
0.020472184
0.012938358
0.012207694
0.0783065
0.08826656
0.020050807
0.01690107
0.008767888
0.044747677
0.019000169
0.010020792
0.007457484
0.011837723
0.04856073
0.07007525
0.017573902
0.020874692
0.022840232
0.025577858
0.0061627114
0.07851453
0.045539744
0.0033633828
0.019450909
0.06623341
0.0100211315
0.023789205
0.06997573
0.09945446
0.024778802
0.0034814582
0.012568378
0.014732169
0.01142704
0.020527767
0.026591552
0.05805834
0.022030318
0.015281767
0.023697952
0.02063461
0.07101141
0.011169624
0.04161624
0.027760599
0.06546384
0.01296951
0.014276909
0.011617914
0.034394033
0.030702619
0.06859468
0.0080754785
0.025124963
0.02835247
0.022678677
0.011719954
0.01013106
0.041592184
0.020862132
0.0052309977
0.010089903
0.02288581
0.022448253
0.03312431
0.011586901
0.027167553
0.03707088
0.017670283
0.011262133
0.007157615
0.021582773
0.017045083
0.020462783
0.021616278
0.010490799
0.0070833024
0.07097218
0.0768556
0.0040807673
0.004527799
0.03409527
0.011284668
0.012864547
0.064990535
0.016398888
0.071560405
0.07342316
0.046818763
0.055384606
0.010986815
0.014814898
0.021166375
0.008720317
0.039675184
0.023356227
0.011984331
0.055499554
0.0098367315
0.02487426
0.023776555
0.021822708
0.0468851
0.030104814
0.021530898
0.055873763
0.02167817
0.018322723
0.015699351
0.020176157
0.018786507
0.07085122
0.08032303
0.05954855
0.02788474
0.007960443
0.02749984
0.0153817665
0.022870777
0.01642332
0.008418483
0.0445444
0.031039188
0.03956149
0.0442958
0.008375276
0.021783909
0.0385911
0.058017783
0.023763321
0.037605688
0.052283417
0.017123535
0.009152793
0.016737225
0.012613454
0.041149016
0.010141587
0.029958963
0.008340059
0.023172686
0.011759479
0.004308691
0.018283324
0.030414585
0.012437619
0.034607507
0.06435157
0.007394029
0.032554895
0.011764291
0.067290545
0.021239216
0.008220029
0.039993107
0.017970879
0.009467086
0.019050471
0.020643422
0.014643416
0.019477077
0.011016382
0.020914927
0.061797455
0.046583526
0.013886479
0.027540341
0.020267598
0.021083158
0.00534956
0.043071084
0.021823639
0.013229197
0.033626243
0.014833726
0.022641156
0.020739755
0.016535152
0.024021322
0.07034775
0.07670437
0.015482892
0.048200086
0.025819832
0.016230846
0.060275696
0.017081516
0.024384605
0.065915674
0.018161153
0.010981939
0.031998787
0.036100883
0.011501608
0.015819298
0.039053105
0.011283682
0.049073815
0.01742241
0.052600503
0.028272122
0.064146176
0.08153037
0.020947617
0.07682081
0.056180425
0.08534768
0.023898514
0.025344826
0.023193264
0.032279927
0.072645135
0.048238777
0.050805468
0.069509044
0.026541391
0.014818556
0.014168754
0.023665722
0.03207826
0.011076108
0.035598174
0.03488605
0.0038974236
0.027864318
0.038239762
0.022871995
0.02379075
0.014771841
0.05175447
0.016525315
0.004643815
0.06172653
0.061942432
0.013032748
0.019624485
0.051828865
0.018235862
0.024779692
0.022687666
0.02997846
0.027410554
0.019721525
0.0085916
0.024340263
0.008583909
0.013982735
0.06995281
0.013123679
0.010055044
0.07223632
0.01351618
0.067894
0.010158574
0.055550113
0.030798107
0.019861314
0.04815101
0.004343859
0.014808647
0.020660337
0.019631207
0.033734325
0.019468091
0.030273259
0.018652074
0.023329945
0.006822243
0.02786837
0.05635413
0.018306453
0.05744499
0.042488094
0.008171081
0.010912158
0.0089928005
0.017630784
0.031118676
0.03024267
0.032067996
0.023017803
0.06304946
0.03264634
0.0137981875
0.024385128
