-2581
937
809
-42
739
-1022
-1149
403
729
-1565
8464
-649
696
3447
1817
719
2878
-616
-1176
-2725
-453
-1214
-135
700
829
89
-7016
862
-328
188
4633
1008
434
1547
-1805
661
1436
2737
-1925
-283
497
670
-122
-552
1693
-27
2467
-308
130
1101
-165
426
238
-3250
886
1415
-270
-1791
2482
1393
259
-419
1980
-8847
1457
-5169
-2540
-2468
-472
874
-229
-125
-1572
-849
-308
-1382
108
-200
1156
4647
2422
335
981
554
-2563
134
869
-266
-789
139
430
-1089
-1022
-4231
-443
305
-6486
-1624
140
2097
1664
956
1067
-2702
-1651
-788
2958
1338
649
-4323
638
-437
-4993
817
-1480
1475
-2432
123
-84
-248
-229
-515
1103
-488
-3770
254
-1944
759
828
1288
-117
808
-390
285
-280
-2575
3248
1379
1480
-281
1148
-630
2194
-1093
276
844
-1783
1127
-409
-4156
-195
1151
-1433
-589
-863
-1368
-2986
-1393
-574
2008
1002
677
-156
2289
285
182
3539
-1352
-209
1207
798
-608
1268
-1389
-331
-315
1649
-271
522
-271
-2074
1058
200
185
1306
-970
-1840
-1171
-3381
-266
-1279
-794
-841
-837
714
-453
1119
-288
-886
-1085
508
-138
-2012
622
-1267
1219
537
728
-2350
1872
691
-636
-1691
2438
-169
1045
293
651
1205
-10142
-65
811
1414
483
-62
-9705
-975
-731
-477
-118
-541
-20262
-700
19
137
1169
-2370
-288
874
-562
-193
4880
-2351
179
-666
1636
-740
1582
-1502
-1510
2488
2408
-804
3681
11089
784
1239
-1646
-1028
191
-256
-4062
-1671
221
-372
860
-1404
-727
-232
1917
1433
2011
-653
-1179
1132
-683
-302
20
366
-72
-65
1926
132
1118
1284
1049
-12133
-1611
-1696
-613
-1966
-2584
465
546
-6701
803
617
852
-1164
1639
67
454
826
332
1106
301
-382
1396
95
-1320
-1781
-197
409
546
-878
-1217
12345
-150
576
907
-456
-690
-16713
-941
-328
-3139
-1193
1233
2675
-960
1374
725
-2034
-969
-909
5485
6848
-1218
1631
859
-842
-15695
1759
657
-285
-718
2828
-890
-761
-300
26
-552
3045
-5367
6456
-405
749
-1079
1302
-836
-1149
-128
-345
-1543
-424
-606
-246
-2117
2163
459
-617
-1365
1521
-377
-997
-81
-190
3313
-1698
593
-871
-6
-34
-220
-377
1397
39
-521
600
-812
413
1880
-2764
-996
-127
97
-243
690
-1490
992
1240
-589
-7030
1129
1012
-24002
178
619
-508
-1369
2159
1225
691
-849
42
-1544
609
-577
-1229
-3762
-590
-327
-1111
-2206
1168
711
-863
-525
366
-1748
-13772
-996
-275
410
2299
572
-178
1210
-939
-1047
-1208
-259
-6
-419
2719
1094
-127
284
-462
-787
412
-884
-334
-395
-268
-941
3451
-8849
-515
1189
-731
2307
-363
952
-1978
-212
-1279
-1812
321
2032
380
1569
444
-6744
515
2506
737
-544
879
-822
-2231
-735
-211
-1532
272
998
670
1494
438
-73
590
-241
409
-534
1529
404
454
-496
2901
-5693
-868
-1363
1198
-2164
-467
919
404
-339
-1606
-4766
-310
381
-656
1997
-1343
199
-801
864
-94
794
374
136
321
6
795
-254
2761
5460
-928
1152
532
-864
-431
1129
6348
654
-900
-276
417
1907
-1601
624
481
450
3713
-1430
-643
-109
-849
3529
539
-420
2238
-956
-2411
7629
-5673
609
-1274
2554
2214
-1940
-412
-1820
-471
1108
1611
-1139
831
-661
993
1188
-447
963
281
2612
114
-2108
-88
-4329
-203
1371
-2202
542
1110
-17609
224
-289
88
225
-196
-878
140
774
2229
1238
1508
-474
-461
-655
-509
-667
-269
-735
-7068
2028
-645
562
-137
-1119
-9809
-400
5365
1908
2330
-491
-1649
684
835
154
37
-472
578
-696
-655
96
328
1334
-1770
86
899
-248
-190
-1232
883
484
721
909
-5286
384
-71
-141
-3478
1060
648
100
90
541
-1668
-1891
702
-1055
2440
1640
3977
1961
3558
-482
676
1956
-1829
-4675
-1204
-1740
-198
712
-1964
-640
2095
-119
348
-2732
