0.00055997
0.00108601
0.00041453
0.00050432
0.00104140
0.00080737
0.00036755
0.00082361
0.00069475
0.00035484
0.00011614
0.00046064
0.00057870
0.00027972
0.00025960
0.00064561
0.00023292
0.00077395
0.00156909
0.00036480
0.00031722
0.00152205
0.00462861
0.00086984
0.00017868
0.00089250
0.00053286
0.00067382
0.00337707
0.00172083
0.00015177
0.00222076
0.00166159
0.00042757
0.00159723
0.00215095
0.00103480
0.00024375
0.00026943
0.00064638
0.00047811
0.00171292
0.00336792
0.00108722
0.00049818
0.00570828
0.00029284
0.00087662
0.00119144
0.00051877
0.00172251
0.00189147
0.00060914
0.00094236
0.00090520
0.00068365
0.00448388
0.00155889
0.00025477
0.00063206
0.00222078
0.00265580
0.00033171
0.00040082
0.00057532
0.00047239
0.00077822
0.00037215
0.00197255
0.00193471
0.00235681
0.00054970
0.00096795
0.00125976
0.00396026
0.00022357
0.00207316
0.00127762
0.00256300
0.00035285
0.00027694
0.00282042
0.00045131
0.00190461
0.00118891
0.00133964
0.00031082
0.00208151
0.00145857
0.00138682
0.00321688
0.00046461
0.00108531
0.00050176
0.00265970
0.00399145
0.00043756
0.00062952
0.00076285
0.00026176
0.00038089
0.00332977
0.00099930
0.00081408
0.00118472
0.00207015
0.00043766
0.00045054
0.00186939
0.00032382
0.00251785
0.00100302
0.00041633
0.00205645
0.00147876
0.00232842
0.00087570
0.00306341
0.00069178
0.00137097
0.00145547
0.00224761
0.00200387
0.00079865
0.00057283
0.00094100
0.00068762
0.00145406
0.00068667
0.00039419
0.00102741
0.00152301
0.00351817
0.00125759
0.00083437
0.00085752
0.00032469
0.00053434
0.00033729
0.00123202
0.00169199
0.00167768
0.00139926
0.00217737
0.00240816
0.00056640
0.00049611
0.00166761
0.00115238
0.00099910
0.00364774
0.00092441
0.00053678
0.00178166
0.00032097
0.00058131
0.00045673
0.00059452
0.00083167
0.00037792
0.00052089
0.00239970
0.00128471
0.00020164
0.00187390
0.00092517
0.00033624
0.00035712
0.00349454
0.00040945
0.00095810
0.00218943
0.00050905
0.00127003
0.00200674
0.00360948
0.00048704
0.00043787
0.00157673
0.00071378
0.00049584
0.00218610
0.00198704
0.00037728
0.00080157
0.00150012
0.00080012
0.00104288
0.00119125
0.00174650
0.00080530
0.00083207
0.00102909
0.00094634
0.00229127
0.00218753
0.00136542
0.00381684
0.00150312
0.00224678
0.00049573
0.00134264
0.00120693
0.00127421
0.00024727
0.00040221
0.00118314
0.00059794
0.00057116
0.00113230
0.00134384
0.00178299
0.00045646
0.00034792
0.00120311
0.00320899
0.00363052
0.00147689
0.00247161
0.00028554
0.00061597
0.00253778
0.00038373
0.00029987
0.00460971
0.00034639
0.00048938
0.00136720
0.00146630
0.00030277
0.00194187
0.00019938
0.00140223
0.00444704
0.00515294
0.00154760
0.00081879
0.00452464
0.00070172
0.00326944
0.00377716
0.00029563
0.00137747
0.00036788
0.00160933
0.00058300
0.00067314
0.00145620
0.00057667
0.00118945
0.00024977
0.00029126
0.00052751
0.00031303
0.00015328
0.00251175
0.00169177
0.00060689
0.00229949
0.00238994
0.00142369
0.00061560
0.00032395
0.00107949
0.00260966
0.00054765
0.00062113
0.00142931
0.00130700
0.00073719
0.00030467
0.00048876
0.00073257
0.00108859
0.00053814
0.00298066
0.00395686
0.00140823
0.00039865
0.00106016
0.00023442
0.00065244
0.00085745
0.00083986
0.00030472
0.00413889
0.00031337
0.00044049
0.00033617
0.00194205
0.00140244
0.00057997
0.00069908
0.00147995
0.00042822
0.00023674
0.00200063
0.00059799
0.00124388
0.00028038
0.00205701
0.00127279
0.00031366
0.00098964
0.00241540
0.00129111
0.00317280
0.00142408
0.00297655
0.00065987
0.00035870
0.00063254
0.00038743
0.00071840
0.00062735
0.00230944
0.00013019
0.00523311
0.00092516
0.00050120
0.00224521
0.00166739
0.00020990
0.00040171
0.00322076
0.00089891
0.00179208
0.00027160
0.00048553
0.00111183
0.00070489
0.00268906
0.00097944
0.00038613
0.00123426
0.00017542
0.00016614
0.00045170
0.00099336
0.00048784
0.00124946
0.00027552
0.00083799
0.00210013
0.00464340
0.00186397
0.00020656
0.00067723
0.00155931
0.00155155
0.00284338
0.00154121
0.00013737
0.00072122
0.00016522
0.00315252
0.00280000
0.00094364
0.00046227
0.00137317
0.00055045
0.00373866
0.00075979
0.00030889
0.00344714
0.00297434
0.00341881
0.00046700
0.00019665
0.00204908
0.00113372
0.00058522
0.00201536
0.00263734
0.00181807
0.00065402
0.00295273
0.00024048
0.00123434
0.00324663
0.00138143
0.00057241
0.00060302
0.00417294
0.00122350
0.00280990
0.00083492
0.00119451
0.00344260
0.00104725
0.00037548
0.00019446
0.00072546
0.00087681
0.00103546
0.00195034
0.00225875
0.00120466
0.00067350
0.00036103
0.00170645
0.00265187
0.00032608
0.00041057
0.00112302
0.00013078
0.00252937
0.00048781
0.00193289
0.00081984
0.00051409
0.00265558
0.00235448
0.00075860
0.00107125
0.00111002
0.00053996
0.00154614
0.00121668
0.00037372
0.00063530
0.00086072
0.00033879
0.00048082
0.00108750
0.00419623
0.00074081
0.00171474
0.00083701
0.00034645
0.00026491
0.00042576
0.00281014
0.00193585
0.00103146
0.00157095
0.00140691
0.00099036
0.00091235
0.00151146
0.00045420
0.00286667
0.00188209
0.00227526
0.00013980
0.00083426
0.00110114
0.00212823
0.00245939
0.00160125
0.00192530
0.00092990
0.00143017
0.00034225
0.00335194
0.00149768
0.00020974
0.00024810
0.00062954
0.00027725
0.00045519
0.00029223
0.00300197
0.00620436
0.00032374
0.00129174
0.00091326
0.00022504
0.00446155
0.00022379
0.00142418
0.00049494
0.00089832
0.00056497
0.00050498
0.00025746
0.00288844
0.00182839
0.00303350
0.00089376
0.00126197
0.00190972
0.00121493
0.00129215
0.00105565
0.00163892
0.00045177
0.00086312
0.00120342
0.00247696
0.00052275
0.00132275
0.00078096
0.00094636
0.00055134
0.00132178
0.00179355
0.00174698
0.00035780
0.00048740
0.00197233
0.00109160
0.00151678
0.00076745
0.00059150
0.00058991
0.00379641
0.00453995
0.00052825
0.00052458
0.00042568
0.00118697
0.00066671
0.00159936
0.00124579
0.00106997
0.00046508
0.00202660
0.00133603
0.00152495
0.00045947
0.00040104
0.00158067
0.00101474
0.00127008
0.00508022
0.00059791
0.00021628
0.00052798
0.00039377
0.00090771
0.00168074
0.00184044
0.00062236
0.00017240
0.00225252
0.00216493
0.00278543
0.00059612
0.00058332
0.00064633
0.00154841
0.00140850
0.00114194
0.00026409
0.00056353
0.00094951
0.00263945
0.00272813
0.00044800
0.00059818
0.00224413
0.00022185
0.00085592
0.00034364
0.00016864
0.00026128
0.00212506
0.00057342
0.00021835
0.00030978
0.00064076
0.00272549
0.00075305
0.00154056
0.00083767
0.00063355
0.00082829
0.00069790
0.00119601
0.00172862
0.00058790
0.00238096
0.00099787
0.00206393
0.00054830
0.00069407
0.00133621
0.00292371
0.00071500
0.00412257
0.00076218
0.00047661
0.00201703
0.00155155
0.00022421
0.00125032
0.00043188
0.00185546
0.00245817
0.00373315
0.00048202
0.00132356
0.00261839
0.00061140
0.00200142
0.00040524
0.00207765
0.00142802
0.00210163
0.00095864
0.00155430
0.00492001
0.00183683
0.00032527
0.00021391
0.00070694
0.00162490
0.00132937
0.00029371
0.00036443
0.00055947
0.00028031
0.00032847
0.00036529
0.00240412
0.00055705
0.00030929
0.00176059
0.00156668
0.00313971
0.00251045
0.00034080
0.00182823
0.00189513
0.00252264
0.00044543
0.00029882
0.00053560
0.00208053
0.00026071
0.00102987
0.00136312
0.00069992
0.00104865
0.00072513
0.00134588
0.00058947
0.00037279
0.00230269
0.00512622
0.00039044
0.00059814
0.00274457
0.00132316
0.00172872
0.00173738
0.00176499
0.00083660
0.00034612
0.00054770
0.00049574
0.00031737
0.00035874
0.00037097
0.00036456
0.00031152
0.00094966
0.00056034
0.00027602
0.00034113
0.00074893
0.00031733
0.00058832
0.00198675
0.00103056
0.00052795
0.00195500
0.00037564
0.00480092
0.00208286
0.00066903
