39419
60457
8489
-89202
18619
-2102
-18549
19723
12489
7195
-58256
-5929
8616
2967
-11983
-15361
2158
14504
18744
-1165
60267
23986
4425
100
-117611
43289
21184
12142
6272
7028
-45527
34368
59354
-12253
25315
39181
47396
-96143
11155
8117
-8023
58390
-5162
22368
-56867
5493
25267
-10028
27370
-2619
21195
32826
30958
11870
44686
-81985
3090
37089
3202
48673
44419
4621
-2700
21633
-1063
25311
33220
13012
4688
36754
-11029
-23645
10308
36351
-2708
778
15348
18280
35356
-53673
68542
-19945
29541
43154
44597
64454
4949
454
17331
30379
30910
-6969
58
28169
-1163
-21895
47754
18776
11660
7977
5744
32276
57707
29818
5549
5692
-68562
35058
48769
17757
30758
283
21887
66577
-57880
45995
15328
-8517
3636
17272
49691
-3635
42263
40912
37390
-2386
-93744
33279
31668
88
-117
38128
-37710
34845
-1360
68585
1448
38699
45760
-4361
35828
450
69034
24827
22236
13924
23297
32927
61031
27764
1725
65351
-9953
37331
-87503
10632
25574
-6913
15266
-9872
-7518
29957
-3636
11889
33645
48902
-21541
-2672
2791
19327
44838
-1208
35828
13251
18389
2325
66809
10529
39882
23849
52406
48818
-29560
-9535
-3854
17870
36200
-3211
22419
-2546
-2599
32686
47279
-5637
35274
7587
30279
-2568
12554
24475
-54452
2502
46948
29422
-12427
6619
39657
69608
18770
48072
25531
-1116
13189
-682
25271
36445
11693
27411
35285
64258
-305
30931
50254
723
-422
34335
-84375
-611
9963
2282
-2221
23178
20660
5299
2297
50729
40710
-5448
30994
13718
-4633
-85120
15529
69179
-5346
43636
-3860
54502
23938
10970
9328
-6232
-6684
-16839
-62111
35584
51639
28594
7852
27671
27584
33378
21849
41501
-12372
6860
74076
-5407
34208
78237
-89647
11131
17227
8781
42292
6877
-3182
17420
47526
10488
-98945
-11994
14292
59678
5244
28529
30827
-16491
10784
32267
19754
42176
8145
7866
28699
-94477
46697
47412
9876
-2081
22147
14134
9346
31532
-42454
34741
-6982
56836
1535
19440
12739
3763
-54791
-8694
18442
23503
-62055
-750
32016
1627
264
29070
35247
-84701
-10168
33341
28087
5673
68795
-2760
35094
30005
30246
-10329
-1149
-33035
-94312
-18
73151
21619
4198
27265
116359
36657
435
-1198
-32332
-32570
3199
31740
26546
5688
-91995
7833
-21024
-3885
28949
42121
33342
39964
16251
3712
15015
12257
-5944
4314
-9126
-109277
-102357
48579
18823
-24765
47601
-3977
8483
53319
2930
-25007
12822
23993
25649
-4686
1286
380
343
37997
6639
-3281
21720
5428
8093
-102400
20996
-5076
13193
28417
22677
17970
23710
-68488
42520
3851
31490
8809
-21548
59518
22258
19
14732
-13129
55799
40945
37411
58671
59322
36976
5529
35663
211
19398
55450
21033
35009
61874
28768
25071
-69263
-525
-8514
12892
15388
30084
-16115
26930
-18941
-10228
22862
58450
-12579
40593
-89648
2381
9234
6301
-114401
49334
4553
12524
1458
12653
56812
-47084
25466
28405
-1948
34219
-92549
63391
325
-66731
30469
1347
-1203
24232
13982
36388
-11599
11028
-19119
7432
26420
-10551
31884
22656
15035
-71294
26897
22376
31599
22698
27769
-12855
27629
30268
37712
52478
14950
86694
11958
27527
-7090
-2281
13129
13746
-871
41084
31774
-5536
-939
35347
18572
42677
46798
44396
10933
2359
-19516
141
1874
40594
6410
19821
61264
73397
2017
-1721
-95241
39024
30866
56234
-87706
-8384
-61599
-594
24435
346
-38639
-31980
27152
13632
17932
-1344
-551
54769
-66972
35094
13140
-5196
4857
50387
42919
33144
25441
37410
-83887
1090
-8443
24011
7311
-19391
-1021
14100
-100122
-9716
13789
-96891
-10713
-6711
19726
-13526
1614
-18860
14348
-84860
29409
31228
56571
28861
58911
-6781
42393
40908
-1047
21243
-55879
66092
5874
6172
2192
37911
-563
-51789
13878
26582
50430
21271
6224
4871
-42272
47025
-28636
8482
7100
29814
91389
44438
16868
-6114
39859
18425
24331
30653
-8309
-3735
13572
5628
17835
23362
-16577
25401
30511
6080
-87275
30708
-10150
-731
8311
6444
32755
-5126
-33203
-952
41018
-2736
27065
13296
14128
-94186
28230
56246
-95101
-1688
17450
22408
45643
17284
47161
19149
-1446
32784
3889
34779
48242
36580
-105432
37780
51810
45181
-69228
9509
7542
20305
-1640
-61720
-34903
-43519
-39522
52918
3796
-65004
10651
29285
29636
-3660
-2238
40072
-12884
-1240
-66905
6001
32148
21268
