0.01184705
0.02297617
0.00877009
0.01066957
0.02203247
0.01708123
0.00777611
0.01742471
0.01469847
0.00750727
0.00245712
0.00974563
0.01224339
0.00591783
0.00549231
0.01365885
0.00492783
0.01637411
0.03319647
0.00771794
0.00671125
0.03220128
0.09792531
0.01840277
0.00378023
0.01888224
0.01127341
0.01425561
0.07144719
0.03640677
0.00321096
0.04698352
0.03515349
0.00904599
0.03379197
0.04550666
0.02189274
0.00515701
0.00570017
0.01367522
0.01011515
0.03623954
0.07125356
0.02300176
0.01053987
0.12076748
0.00619547
0.01854627
0.02520678
0.01097541
0.03644242
0.04001699
0.01288734
0.01993703
0.01915087
0.01446375
0.09486335
0.03298079
0.00539015
0.01337217
0.04698396
0.05618755
0.00701784
0.00847991
0.01217179
0.00999419
0.01646451
0.00787347
0.04173232
0.04093178
0.04986194
0.01162984
0.02047850
0.02665210
0.08378536
0.00472987
0.04386092
0.02703000
0.05422428
0.00746501
0.00585912
0.05967039
0.00954819
0.04029498
0.02515316
0.02834225
0.00657587
0.04403756
0.03085827
0.02934038
0.06805803
0.00982946
0.02296150
0.01061555
0.05627006
0.08444529
0.00925731
0.01331849
0.01613931
0.00553800
0.00805828
0.07044654
0.02114180
0.01722318
0.02506469
0.04379719
0.00925938
0.00953192
0.03954993
0.00685094
0.05326891
0.02122039
0.00880812
0.04350743
0.03128546
0.04926132
0.01852686
0.06481121
0.01463566
0.02900507
0.03079280
0.04755170
0.04239504
0.01689677
0.01211911
0.01990836
0.01454762
0.03076291
0.01452758
0.00833973
0.02173650
0.03222173
0.07443242
0.02660629
0.01765246
0.01814213
0.00686922
0.01130473
0.00713600
0.02606538
0.03579664
0.03549400
0.02960361
0.04606553
0.05094839
0.01198307
0.01049588
0.03528090
0.02438045
0.02113750
0.07717364
0.01955723
0.01135650
0.03769369
0.00679067
0.01229847
0.00966275
0.01257799
0.01759535
0.00799555
0.01102015
0.05076929
0.02718002
0.00426603
0.03964536
0.01957335
0.00711366
0.00755550
0.07393242
0.00866247
0.02027001
0.04632070
0.01076975
0.02686951
0.04245561
0.07636422
0.01030410
0.00926381
0.03335819
0.01510108
0.01049025
0.04625043
0.04203894
0.00798188
0.01695854
0.03173734
0.01692782
0.02206380
0.02520274
0.03694991
0.01703744
0.01760367
0.02177190
0.02002124
0.04847547
0.04628058
0.02888764
0.08075119
0.03180080
0.04753408
0.01048785
0.02840557
0.02553449
0.02695792
0.00523135
0.00850942
0.02503118
0.01265032
0.01208371
0.02395550
0.02843102
0.03772198
0.00965706
0.00736071
0.02545364
0.06789114
0.07680921
0.03124581
0.05229064
0.00604112
0.01303184
0.05369056
0.00811831
0.00634422
0.09752553
0.00732836
0.01035356
0.02892522
0.03102175
0.00640560
0.04108330
0.00421809
0.02966644
0.09408405
0.10901844
0.03274196
0.01732279
0.09572580
0.01484593
0.06917007
0.07991177
0.00625447
0.02914244
0.00778314
0.03404780
0.01233423
0.01424125
0.03080820
0.01220043
0.02516463
0.00528433
0.00616197
0.01116023
0.00662268
0.00324294
0.05314007
0.03579209
0.01283961
0.04864922
0.05056289
0.03012032
0.01302398
0.00685366
0.02283829
0.05521145
0.01158638
0.01314107
0.03023927
0.02765164
0.01559638
0.00644584
0.01034046
0.01549866
0.02303074
0.01138516
0.06306039
0.08371343
0.02979322
0.00843411
0.02242932
0.00495958
0.01380343
0.01814060
0.01776860
0.00644692
0.08756472
0.00662987
0.00931923
0.00711209
0.04108706
0.02967079
0.01227011
0.01479011
0.03131066
0.00905970
0.00500867
0.04232640
0.01265139
0.02631619
0.00593187
0.04351927
0.02692779
0.00663598
0.02093732
0.05110158
0.02731541
0.06712557
0.03012871
0.06297344
0.01396050
0.00758875
0.01338239
0.00819672
0.01519880
0.01327262
0.04885979
0.00275445
0.11071461
0.01957323
0.01060368
0.04750080
0.03527614
0.00444073
0.00849879
0.06814016
0.01901785
0.03791426
0.00574606
0.01027206
0.02352240
0.01491307
0.05689114
0.02072161
0.00816911
0.02611263
0.00371133
0.00351499
0.00955642
0.02101607
0.01032110
0.02643422
0.00582898
0.01772894
0.04443159
0.09823836
0.03943517
0.00437006
0.01432787
0.03298971
0.03282547
0.06015605
0.03260674
0.00290624
0.01525853
0.00349551
0.06669652
0.05923823
0.01996407
0.00977999
0.02905143
0.01164564
0.07909711
0.01607443
0.00653497
0.07292955
0.06292674
0.07233020
0.00988011
0.00416053
0.04335148
0.02398559
0.01238121
0.04263808
0.05579701
0.03846405
0.01383674
0.06246966
0.00508780
0.02611434
0.06868745
0.02922622
0.01211022
0.01275783
0.08828500
0.02588506
0.05944779
0.01766404
0.02527163
0.07283343
0.02215623
0.00794392
0.00411418
0.01534813
0.01855028
0.02190679
0.04126239
0.04778738
0.02548638
0.01424890
0.00763818
0.03610263
0.05610444
0.00689881
0.00868626
0.02375932
0.00276692
0.05351283
0.01032034
0.04089327
0.01734503
0.01087635
0.05618284
0.04981271
0.01604927
0.02266405
0.02348411
0.01142379
0.03271100
0.02574080
0.00790663
0.01344077
0.01820983
0.00716763
0.01017258
0.02300765
0.08877782
0.01567297
0.03627791
0.01770824
0.00732963
0.00560465
0.00900768
0.05945277
0.04095587
0.02182211
0.03323597
0.02976528
0.02095270
0.01930214
0.03197724
0.00960922
0.06064879
0.03981847
0.04813657
0.00295758
0.01764997
0.02329637
0.04502608
0.05203225
0.03387699
0.04073261
0.01967353
0.03025750
0.00724083
0.07091554
0.03168577
0.00443746
0.00524895
0.01331891
0.00586562
0.00963022
0.00618268
0.06351124
0.13126287
0.00684922
0.02732887
0.01932140
0.00476107
0.09439097
0.00473453
0.03013065
0.01047126
0.01900537
0.01195283
0.01068355
0.00544706
0.06110948
0.03868245
0.06417832
0.01890896
0.02669885
0.04040300
0.02570370
0.02733736
0.02233400
0.03467384
0.00955797
0.01826072
0.02546019
0.05240383
0.01105957
0.02798488
0.01652231
0.02002170
0.01166448
0.02796428
0.03794525
0.03695998
0.00756971
0.01031170
0.04172762
0.02309445
0.03208988
0.01623653
0.01251419
0.01248054
0.08031892
0.09604959
0.01117603
0.01109828
0.00900584
0.02511223
0.01410520
0.03383688
0.02635659
0.02263692
0.00983943
0.04287589
0.02826586
0.03226260
0.00972090
0.00848460
0.03344153
0.02146830
0.02687051
0.10747982
0.01264977
0.00457577
0.01117024
0.00833080
0.01920392
0.03555861
0.03893743
0.01316703
0.00364737
0.04765554
0.04580237
0.05893010
0.01261175
0.01234096
0.01367414
0.03275912
0.02979896
0.02415960
0.00558717
0.01192229
0.02008842
0.05584165
0.05771782
0.00947812
0.01265541
0.04747813
0.00469351
0.01810833
0.00727029
0.00356783
0.00552776
0.04495888
0.01213156
0.00461944
0.00655397
0.01355627
0.05766193
0.01593202
0.03259302
0.01772212
0.01340364
0.01752368
0.01476514
0.02530336
0.03657161
0.01243784
0.05037279
0.02111156
0.04366570
0.01160022
0.01468405
0.02826957
0.06185556
0.01512684
0.08721937
0.01612503
0.01008333
0.04267344
0.03282538
0.00474353
0.02645247
0.00913719
0.03925505
0.05200641
0.07898065
0.01019797
0.02800204
0.05539608
0.01293506
0.04234307
0.00857346
0.04395598
0.03021200
0.04446332
0.02028155
0.03288366
0.10409050
0.03886093
0.00688168
0.00452562
0.01495648
0.03437724
0.02812492
0.00621394
0.00771008
0.01183643
0.00593039
0.00694929
0.00772820
0.05086282
0.01178527
0.00654360
0.03724793
0.03314558
0.06642537
0.05311245
0.00721022
0.03867908
0.04009433
0.05337034
0.00942367
0.00632202
0.01133142
0.04401678
0.00551566
0.02178839
0.02883897
0.01480795
0.02218578
0.01534127
0.02847428
0.01247119
0.00788692
0.04871690
0.10845302
0.00826031
0.01265466
0.05806564
0.02799344
0.03657373
0.03675687
0.03734103
0.01769957
0.00732278
0.01158750
0.01048817
0.00671435
0.00758971
0.00784837
0.00771278
0.00659078
0.02009147
0.01185482
0.00583954
0.00721713
0.01584481
0.00671356
0.01244692
0.04203285
0.02180311
0.01116965
0.04136095
0.00794719
0.10157095
0.04406620
0.01415428
