-119
-113
-127
-127
-122
-118
-116
-125
-113
-127
-125
-125
-123
-126
-120
-122
-103
-105
-103
-66
-116
-119
-117
-125
-105
-127
-125
-127
-103
-111
-128
-128
-99
-127
-125
-117
-106
-123
-124
-120
-105
-113
-120
-128
-121
-118
-88
-126
-101
-118
-123
-122
-111
-127
-120
-128
-121
-116
-127
-120
-116
-123
-128
-126
-120
-120
-126
-121
-121
-124
-128
-122
-126
-126
-124
-127
-127
-125
-124
-119
-114
-120
-114
-126
-120
-120
-123
-120
-116
-126
-121
-119
-110
-61
-122
-76
-116
-119
-127
-119
-121
-126
-113
-119
-104
-124
-125
-116
-109
-124
-114
-112
-121
-124
-114
-128
-128
-92
-121
-124
-121
-114
-128
-128
-128
-120
-125
-118
-119
-127
-128
-123
-120
-110
-124
-128
-119
-116
-125
-128
-128
-120
-128
-120
-123
-126
-128
-118
-102
-125
-107
-125
-124
-120
-126
-124
-118
-125
-106
-128
-104
-123
-124
-118
-119
-115
-126
-126
-116
-126
-122
-116
-128
-115
-111
-126
-125
-121
-112
-119
-125
-126
-126
-127
-116
-124
-126
-111
-123
-128
-120
-116
-123
-120
-125
-94
-120
-119
-121
-126
-94
-122
-121
-122
-120
-126
-120
-127
-120
-98
-122
-124
-106
-123
-124
-125
-126
-122
-119
-111
-122
-125
-125
-103
-124
-121
-124
-101
-127
-120
-128
-113
-111
-127
-121
-124
-113
-123
-78
-121
-127
-123
-122
-127
-124
-122
-120
-124
-120
-114
-124
-115
-122
-115
-104
-123
-112
-128
-127
-124
-122
-127
-128
-128
-118
-128
-122
-125
-116
-121
-128
-123
-127
-124
-126
-123
-123
-116
-118
-127
-119
-118
-120
-115
-127
-128
-127
-117
-111
-125
-121
-114
-117
-126
-115
-125
-121
-127
-128
-121
-127
-123
-126
-112
-116
-127
-120
-126
-127
-77
-116
-128
-104
-120
-126
-111
-126
-123
-115
-122
-126
-121
-117
-117
-124
-112
-117
-124
-109
-88
-121
-119
-99
-124
-104
-100
-126
-124
-121
-124
-126
-125
-116
-122
-121
-124
-119
-106
-124
-93
-124
-116
-123
-104
-120
-112
-118
-121
-124
-100
-128
-117
-125
-122
-98
-128
-123
-120
-110
-113
-123
-124
-125
-100
-122
-114
-126
-114
-126
-128
-125
-123
-124
-124
