33557
-47760
40371
267901
-75626
35782
3283
160456
-262283
-131253
150022
-120733
-19948
-326470
-125596
43801
27586
-195792
-53930
-43291
179857
380573
-20058
-33304
175394
-33193
62444
55503
-47084
-242205
92384
-268799
-53382
-74274
-424145
-49323
-387658
90305
141786
-276918
85123
-91739
-41527
-167455
107470
-362628
10880
48871
-199689
-13853
-71928
-373239
-152069
254608
-95792
-16294
28045
-43174
-45549
10428
-41959
105266
84380
191147
-465647
331824
61413
47945
80603
-192730
62500
-549147
56103
8898
24896
-84170
-128664
12649
41523
55335
-97884
141220
-1930
-186586
-38690
-102442
65975
-131288
589619
276869
-124556
-3077
30849
-215166
-12091
30741
203578
64273
-137995
-80492
104518
-440815
-210120
-252746
-203871
-30828
-223494
-12199
-23343
-168003
-60924
-179922
