0.00013555
0.00013173
0.00014482
0.00012804
0.00014998
0.00012040
0.00010982
0.00020022
0.00013239
0.00010571
0.00013966
0.00013179
0.00014339
0.00013286
0.00013737
0.00017118
0.00014857
0.00012912
0.00014400
0.00014712
0.00014406
0.00013271
0.00014906
0.00014473
0.00010917
0.00014537
0.00013705
0.00013288
0.00014477
0.00013033
0.00014210
0.00013293
0.00014123
0.00013617
0.00009802
0.00031389
0.00013415
0.00012959
0.00014081
0.00013258
0.00013603
0.00015160
0.00013684
0.00022680
0.00012152
0.00013524
0.00013900
0.00013791
0.00013216
0.00012304
0.00013186
0.00023156
0.00014019
0.00013183
0.00014901
0.00013423
0.00015609
0.00014302
0.00013897
0.00011899
0.00014126
0.00013392
0.00011032
0.00013928
0.00013771
0.00012492
0.00014192
0.00012786
0.00014511
0.00014456
0.00014017
0.00013921
0.00024621
0.00013051
0.00015836
0.00013889
0.00013994
0.00014492
0.00013312
0.00013977
0.00013946
0.00010849
0.00013146
0.00015634
0.00023990
0.00013544
0.00012803
0.00012736
0.00013528
0.00011170
0.00014012
0.00013537
0.00012894
0.00014295
0.00013615
0.00012884
0.00014588
0.00022636
0.00014282
0.00013935
0.00013967
0.00009961
0.00012267
0.00014281
0.00013756
0.00014552
0.00013885
0.00011333
0.00013583
0.00016317
0.00012885
0.00013000
0.00012704
0.00013835
0.00014320
0.00013515
0.00011685
0.00013583
0.00014748
0.00012806
0.00014169
0.00011100
0.00016954
0.00016064
0.00015112
0.00013150
0.00014296
0.00017064
0.00012972
0.00013762
0.00012689
0.00013404
0.00014107
0.00013277
0.00009913
0.00013770
0.00013654
0.00013289
0.00013338
0.00014151
0.00010956
0.00013975
0.00009845
0.00011197
0.00013931
0.00013334
0.00009422
0.00013944
0.00012740
0.00012204
0.00013501
0.00013187
0.00013696
0.00012321
0.00011226
0.00012936
0.00013144
0.00013583
0.00012900
0.00013453
0.00012652
0.00014036
0.00022605
0.00013410
0.00015865
0.00013112
0.00012107
0.00012283
0.00013097
0.00012997
0.00013252
0.00013234
0.00013757
0.00011674
0.00013343
0.00012538
0.00011441
0.00011655
0.00013468
0.00011792
0.00014304
0.00022398
0.00013523
0.00014677
0.00013584
0.00011778
0.00013820
0.00014609
0.00011401
0.00010921
0.00011849
0.00013341
0.00012244
0.00010942
0.00014077
0.00011868
0.00015302
0.00013804
0.00014090
0.00009914
0.00012292
0.00014709
0.00013996
0.00014932
0.00014729
0.00013436
0.00013845
0.00014014
0.00012361
0.00015667
0.00013140
0.00014147
0.00013579
0.00014258
0.00012330
0.00013302
0.00015523
0.00013399
0.00013330
0.00008080
0.00013616
0.00017906
0.00013933
0.00011875
0.00013989
0.00013230
0.00014286
0.00013418
0.00013830
0.00013584
0.00013874
0.00013237
0.00015111
0.00011555
0.00013163
0.00013287
0.00012902
0.00013599
0.00013406
0.00012576
0.00010111
0.00013868
0.00013101
0.00012747
0.00015119
0.00013546
0.00013101
0.00012955
0.00023017
0.00013936
0.00012233
0.00011278
0.00013904
0.00013608
0.00011599
0.00013758
0.00014202
0.00014187
0.00014546
0.00013967
0.00013210
0.00020715
0.00013408
0.00018904
0.00011198
0.00013124
0.00012521
0.00013263
0.00010524
0.00014274
0.00017028
0.00013107
0.00012281
0.00013816
0.00013665
0.00013697
0.00010954
0.00010552
0.00014348
0.00013996
0.00013491
0.00013878
0.00009981
0.00014287
0.00011607
0.00015068
0.00011466
0.00013558
0.00013772
0.00016287
0.00014707
0.00013768
0.00014050
0.00009432
0.00013735
0.00013236
0.00012008
0.00013179
0.00013662
0.00012900
0.00013705
0.00012582
0.00013038
0.00026810
0.00014429
0.00008969
0.00013232
0.00014335
0.00010345
0.00017368
0.00012285
0.00013008
0.00013255
0.00013244
0.00010476
0.00013109
0.00015879
0.00014134
0.00013416
0.00014545
0.00012524
0.00014559
0.00014496
0.00013796
0.00013164
0.00006231
0.00013628
0.00013509
0.00012982
0.00013084
0.00014789
0.00013167
0.00013409
0.00014537
0.00013503
0.00012712
0.00011242
0.00013361
0.00014139
0.00013488
0.00010246
0.00013949
0.00013269
0.00015820
0.00016815
0.00012874
0.00014506
0.00013351
0.00013452
0.00013512
0.00013888
0.00022796
0.00013035
0.00011216
0.00012774
0.00012473
0.00013574
0.00012502
0.00013385
0.00014602
0.00012713
0.00013575
0.00013369
0.00012964
0.00011204
0.00021196
0.00014065
0.00014048
0.00012194
0.00012568
0.00012699
0.00013243
0.00013947
0.00012754
0.00014113
0.00013071
0.00012720
0.00013680
0.00012960
0.00013139
0.00010879
0.00013341
0.00013992
0.00013812
0.00014079
0.00014654
0.00014332
0.00014161
0.00019789
0.00012591
0.00013320
0.00014815
0.00015269
0.00025716
0.00010615
0.00014950
0.00014723
0.00013665
0.00014441
0.00014286
0.00012535
0.00013462
0.00012916
0.00013657
0.00014327
0.00014193
0.00010402
0.00011274
0.00014284
0.00019321
0.00015278
0.00012236
0.00012903
0.00020582
0.00012461
0.00014035
0.00010055
0.00013570
0.00012866
0.00013449
0.00011542
0.00011097
0.00013510
0.00014114
0.00013226
0.00013456
0.00011000
0.00012480
0.00020352
0.00014046
0.00014731
0.00013647
0.00014299
0.00014072
0.00013092
0.00012892
0.00015468
0.00011446
0.00012196
0.00013421
0.00013604
0.00013922
0.00012160
0.00013196
0.00011322
0.00016766
0.00013413
0.00014192
0.00013090
0.00013944
0.00007642
0.00014492
0.00014373
0.00013618
0.00013229
0.00010441
0.00013759
0.00013558
0.00012152
0.00013181
0.00011875
0.00011641
0.00013594
0.00012285
0.00011577
0.00013550
0.00014381
0.00010900
0.00013170
0.00011151
0.00015997
0.00013699
0.00013101
0.00013482
0.00016626
0.00013682
0.00012802
0.00013141
0.00013945
0.00011723
0.00014763
0.00011413
0.00013805
0.00013199
0.00015179
0.00015905
0.00013004
0.00014283
0.00014468
0.00014120
0.00014427
0.00015157
0.00013077
0.00013385
0.00027169
0.00012860
0.00013118
0.00014247
0.00012929
0.00013778
0.00011336
0.00013360
0.00013384
0.00013129
0.00007614
0.00014673
0.00013355
0.00013691
0.00013360
0.00017269
0.00013865
0.00013258
0.00013162
0.00013499
0.00011825
0.00013494
0.00013251
0.00010892
0.00014253
0.00013342
0.00012931
0.00011140
0.00013519
0.00011426
0.00013888
0.00014258
0.00013833
0.00014902
0.00012396
0.00031454
0.00013482
0.00013531
0.00013405
0.00012692
0.00012708
0.00010701
0.00014914
0.00014935
0.00014893
0.00014427
0.00009846
0.00014570
0.00014896
0.00013464
0.00013111
0.00013002
0.00012731
0.00014620
0.00013341
0.00013334
0.00010109
0.00013740
0.00014017
0.00011561
0.00013693
0.00013277
0.00013758
0.00012852
0.00013252
0.00013390
0.00013052
0.00027936
0.00013877
0.00013164
0.00012380
0.00013126
0.00013764
0.00013502
0.00010994
0.00013527
0.00012808
0.00013150
0.00014809
0.00013091
0.00013801
0.00013444
0.00014029
0.00013802
0.00012012
0.00013139
0.00014787
0.00014723
0.00010065
0.00013676
0.00012723
0.00013221
0.00013404
0.00013699
0.00014202
0.00013204
0.00010921
0.00012782
0.00012887
0.00014705
0.00013327
0.00018195
0.00014006
0.00013314
0.00013695
0.00013161
0.00013769
0.00013662
0.00014032
0.00012571
0.00013728
0.00013070
0.00013227
0.00013553
0.00013106
0.00010148
0.00013775
0.00013392
0.00014074
0.00012748
0.00009026
0.00011891
0.00012448
0.00013608
0.00009577
0.00019653
0.00013300
0.00011966
0.00013761
0.00014105
0.00014439
0.00010958
0.00014521
0.00012215
0.00013541
0.00011514
0.00012527
0.00011707
0.00013888
0.00013695
0.00013260
0.00014806
0.00014379
0.00011112
0.00014589
0.00016705
0.00013626
0.00015380
0.00014664
0.00013147
0.00014602
0.00013026
0.00013249
0.00010259
0.00014721
0.00013467
0.00014168
0.00014177
0.00013552
0.00012552
0.00023640
0.00013152
0.00013880
0.00014135
0.00012406
0.00014650
0.00015353
0.00012274
0.00013908
0.00016970
0.00013466
0.00009897
0.00014522
0.00013067
0.00012098
0.00013889
0.00013410
0.00013676
