0.012432877
0.0121208895
0.013861603
0.012774818
0.012138763
0.013363471
0.01012478
0.010441153
0.012744754
0.010685682
0.011414104
0.009909429
0.012236067
0.01362303
0.015056639
0.017896319
0.014472829
0.013295293
0.015014954
0.012665378
0.012247339
0.012387992
0.0121628735
0.014897937
0.0128228655
0.012148798
0.013186663
0.01711271
0.010623928
0.010982771
0.0122918645
0.010326377
0.013754173
0.010581696
0.01158733
0.012176947
0.014612802
0.013046702
0.011549161
0.012304863
0.014551525
0.0118805235
0.013075265
0.015166666
0.011252296
0.011692325
0.0109400535
0.009159408
0.011520193
0.015711816
0.013954618
0.011645347
0.014343758
0.013294247
0.017107338
0.0112111345
0.0150224585
0.012846481
0.01292633
0.012954232
0.012811771
0.013030439
0.010986125
0.026212675
0.01052199
0.012179461
0.010227635
0.013401377
0.015662402
0.014066197
0.013390676
0.011657689
0.014035265
0.012307293
0.01663021
0.013468252
0.01152599
0.016576322
0.011813591
0.014296511
0.014174068
0.014836571
0.012488282
0.012031069
0.0127682
0.012721726
0.012092263
0.011372568
0.013405375
0.014323163
0.014522272
0.011436399
0.01011439
0.014372436
0.0125598265
0.017230883
0.016948804
0.015727952
0.013213741
0.017969402
0.012446127
0.013094707
0.014239433
0.013621912
0.014073646
0.015012306
0.0112243155
0.012304265
0.012932381
0.01384702
0.012627784
0.011531778
0.014197303
0.0149477795
0.0117999315
0.012345541
0.011395728
0.008945413
0.009735278
0.012715085
0.012212686
0.015453076
0.011361685
0.011064994
0.012559967
0.013506527
0.01998908
0.015510839
0.013041301
0.009680633
0.012863039
0.016474713
0.012029019
0.012336393
0.012520532
0.012765311
0.011884126
0.012918228
0.011646777
0.013576981
0.012383766
0.009713975
0.011970455
0.0136404615
0.013010603
0.014126571
0.011168357
0.013123442
0.011995162
0.011688873
0.015288745
0.012543876
0.011280574
0.013421153
0.013876727
0.0125323245
0.013205877
0.009652561
0.013144231
0.014398221
0.012835149
0.012544646
0.012724296
0.013213939
0.01250684
0.011941767
0.012859993
0.011393186
0.011299826
0.017166024
0.011563233
0.0133174
0.0116690425
0.01038592
0.01182245
0.013357639
0.0120336665
0.011886543
0.010863677
0.014726752
0.010269237
0.015080971
0.014313283
0.012444958
0.010903434
0.012938717
0.014971038
0.011392314
0.011609694
0.012640168
0.013262257
0.011359871
