-126
-124
-124
-124
-126
-125
-104
-121
-125
-122
-126
-127
-125
-121
-124
-127
-123
-121
-122
-126
-126
-119
-123
-128
-126
-125
-117
-124
-127
-110
-128
-128
-110
-123
-123
-122
-126
-127
-118
-123
-117
-115
-126
-127
-123
-122
-124
-123
-120
-123
-123
-126
-125
-127
-122
-126
-123
-124
-122
-127
-122
-125
-126
-119
-122
-127
-126
-122
-127
-122
-103
-114
-126
-125
-128
-127
-126
-127
-122
-125
-123
-108
-118
-121
-122
-123
-122
-124
-122
-125
-126
-122
-125
-128
-124
-127
-122
-122
-120
-125
-127
-125
-126
-122
-125
-122
-118
-123
-124
-128
-126
-126
-122
-126
-122
-123
-124
-123
-126
-125
-119
-128
-122
-124
-123
-125
-122
-126
-125
-128
-125
-123
-124
-123
-125
-126
-127
-122
-124
-127
-128
-126
-127
-127
-125
-128
-123
-125
-123
-126
-125
-123
-127
-127
-125
-123
-97
-127
-126
-126
-126
-122
-125
-123
-123
-123
-125
-123
-125
-123
-110
-128
-119
-125
-126
-123
-124
-128
-123
-126
-107
-122
-122
-128
-124
-126
-125
-127
-127
-127
-123
-125
-126
-124
-108
-122
-123
-122
-122
-128
-124
-120
-126
-127
-122
-123
-128
-123
-124
-122
-127
-124
-126
-128
-123
-122
-113
-127
-127
-125
-123
-126
-128
-126
-126
-121
-117
-125
-123
-126
-120
-122
-124
-123
-123
-125
-124
-105
-125
-125
-125
-121
-127
-125
-125
-122
-126
-123
-127
-111
-127
-125
-128
-122
-125
-124
-122
-125
-127
-128
-125
-126
-128
-122
-124
-127
-126
-127
-123
-118
-123
-125
-123
-122
-123
-119
-128
-122
-127
-121
-120
-128
-127
-124
-125
-127
-126
-122
-127
-127
-122
-121
-125
-126
-127
-113
-123
-122
-127
-128
-126
-126
-126
-127
-125
-114
-126
-126
-126
-122
-125
-122
-124
-124
-123
-125
-124
-124
-123
-112
-128
-123
-127
-120
-111
-128
-116
-123
-128
-125
-123
-128
-125
-125
-120
-111
-128
-123
-127
-123
-128
-128
-125
-127
-125
-125
-128
-105
-116
-125
-114
-124
-122
-127
-125
-127
-122
-124
-124
-108
-116
-123
-126
-126
-123
-122
-122
-128
-126
-127
-123
-128
-126
-126
-128
-122
-128
-126
-93
-127
-122
-123
-128
-127
-125
-123
-127
-123
-126
-120
-122
-128
-123
-123
-123
-127
-111
-122
-122
-123
-128
-123
-126
-127
-109
-121
-128
-125
-127
-116
-123
-122
-123
-126
-108
-123
-122
-126
-124
-124
-125
-126
-112
-107
-122
-126
-122
-124
-98
-127
-123
-124
-122
-115
-122
-106
-125
-122
-127
-126
-113
-122
-123
-123
-127
-123
-126
-118
-124
-113
-124
-127
-127
-125
-126
-127
-127
-118
-123
-127
-123
-107
-124
-125
-125
-127
-118
-122
-127
-125
-106
-127
-116
-128
-122
-126
-127
-109
-125
-122
-126
-128
-126
-126
-123
-118
-128
-126
-122
-121
-125
-122
-122
-127
-126
-125
-124
-122
-127
-127
-122
-128
-124
-109
-124
-123
-121
-122
-127
-126
-124
-126
-126
-124
-122
-103
-126
-126
-124
-126
-128
-122
-123
-109
-125
-127
-127
-122
-125
-127
-123
-124
-125
-123
-128
-127
-124
-107
-125
-127
-128
-128
-124
-123
-122
-126
-123
-125
-110
-125
-114
-128
-104
-123
-127
-128
-127
-120
-120
-123
-127
-115
-128
-126
-118
-124
-124
-116
-126
-120
-125
-122
-122
-128
-127
-123
-128
-125
-111
-122
-127
-128
-123
-124
-125
-123
-128
-122
-128
-125
-124
-123
-123
-123
-123
-124
-128
-127
-127
-127
-124
-125
-122
-116
-126
-125
-120
-123
-128
-125
-128
-122
-124
-128
-120
-123
-128
-123
-123
-122
-127
-108
-122
-125
-124
-118
-121
-125
-103
-122
-114
-123
-128
-123
-128
-128
-122
-124
-126
-123
-126
-128
-128
-122
-128
-126
-124
-117
-122
-128
-128
-127
-122
-122
-125
-99
-105
-123
-123
-122
-118
-123
-124
-126
-124
-122
-126
-128
-127
-128
-103
-126
-127
-121
-125
-123
-110
-122
-123
-126
-125
-126
-123
-125
-127
-120
-124
-123
-108
-126
-128
-124
-126
-127
-126
-122
-122
-124
-128
-125
-123
-125
-125
-108
-126
-121
-117
-123
-128
-125
-122
-124
-125
-127
-123
-126
-122
-125
-126
-124
-123
-110
-126
-124
-124
-119
-128
-126
-128
-122
-126
-123
-122
-124
-122
-127
-128
-126
-124
-124
-125
-126
-121
-117
-126
-128
-125
-122
-124
-122
-123
-123
-128
-125
-126
-125
-125
-125
-122
-126
-128
-127
-123
-125
-127
-122
-109
-125
-122
-123
-123
-125
-125
-101
-121
-122
-128
-123
-126
-112
-127
-123
-122
-126
-127
-124
-126
-121
-123
-125
-123
-128
-123
-128
-125
-128
-125
-124
-125
-124
-122
-122
-125
-123
-128
-126
-118
-128
-123
-126
-128
-113
-127
-120
-122
-124
-115
-126
-128
-126
-126
-126
-123
-125
-128
-124
-128
-126
-123
-123
-123
-122
-123
-111
-113
-109
-121
-112
-125
-124
-127
-123
-123
-127
-128
-128
-123
-122
-113
-126
-127
-126
-123
-126
-99
-126
-115
-121
-124
-126
-123
-124
-125
-126
-120
-123
-122
-126
-124
-119
-125
-125
-102
-123
-123
-126
-112
-128
-128
-103
-128
-114
-127
-121
-123
-116
-123
-122
-123
-124
-127
-124
-124
-122
-123
-115
-125
-122
-123
-124
-124
-122
-123
-126
-122
-125
-121
-126
-128
-119
-107
-123
-126
-124
-123
-126
-122
-124
-123
-123
-121
-122
-105
-122
-126
-118
-126
-125
-111
-123
-124
-123
-125
-101
-104
-112
-118
-126
-122
-125
-127
-123
-127
-128
-127
-121
-124
-125
-126
-128
-127
-122
-118
-128
-119
-122
-123
-125
-127
-126
-122
-123
-123
-126
-127
-122
-126
-124
-128
-111
-127
-127
-125
-127
-121
-118
-127
-109
-125
-124
-126
-123
-128
-125
-123
-123
-122
-128
-126
-128
-128
-125
-126
-127
-122
-122
-115
-126
-124
-122
-123
-121
-123
-123
-123
-111
-126
-127
-126
-123
-128
-118
-126
-125
-126
-123
-125
-124
-124
-126
-122
-125
-123
-128
-125
-126
-128
-125
-119
-124
-125
-123
-123
-126
-126
-126
-124
-122
-123
-114
-126
-127
-128
-128
-121
-123
-119
-122
-127
-122
-125
-116
-111
-127
-127
-122
-126
-110
-126
-127
-121
-128
-128
-122
-124
-124
-128
-123
-127
-122
-125
-118
-119
-121
-123
-123
-120
-127
-122
-125
-126
-123
-128
-125
-128
-123
-125
-126
-101
-126
-126
-124
-126
-124
-128
-119
-112
-124
-126
-126
-127
-103
-127
-121
-128
-127
-122
-123
-124
-124
-128
-123
-123
-124
-123
-122
-107
-124
-123
-128
-124
-126
-123
-111
-127
-123
-125
-126
-128
-126
-122
-117
-123
-126
-125
-123
-125
-128
-119
-123
-126
-122
-128
-123
-123
-122
-113
-122
-125
-124
-125
-123
