-4
-2
-2
-2
-4
-3
18
1
-3
0
-4
-5
-3
1
-2
-5
-1
1
0
-4
-4
3
-1
-6
-4
-3
5
-2
-5
12
-6
-6
12
-1
-1
0
-4
-5
4
-1
5
7
-4
-5
-1
0
-2
-1
2
-1
-1
-4
-3
-5
0
-4
-1
-2
0
-5
0
-3
-4
3
0
-5
-4
0
-5
0
19
8
-4
-3
-6
-5
-4
-5
0
-3
-1
14
4
1
0
-1
0
-2
0
-3
-4
0
-3
-6
-2
-5
0
0
2
-3
-5
-3
-4
0
-3
0
4
-1
-2
-6
-4
-4
0
-4
0
-1
-2
-1
-4
-3
3
-6
0
-2
-1
-3
0
-4
-3
-6
-3
-1
-2
-1
-3
-4
-5
0
-2
-5
-6
-4
-5
-5
-3
-6
-1
-3
-1
-4
-3
-1
-5
-5
-3
-1
25
-5
-4
-4
-4
0
-3
-1
-1
-1
-3
-1
-3
-1
12
-6
3
-3
-4
-1
-2
-6
-1
-4
15
0
0
-6
-2
-4
-3
-5
-5
-5
-1
-3
-4
-2
14
0
-1
0
0
-6
-2
2
-4
-5
0
-1
-6
-1
-2
0
-5
-2
-4
-6
-1
0
9
-5
-5
-3
-1
-4
-6
-4
-4
1
5
-3
-1
-4
2
0
-2
-1
-1
-3
-2
17
-3
-3
-3
1
-5
-3
-3
0
-4
-1
-5
11
-5
-3
-6
0
-3
-2
0
-3
-5
-6
-3
-4
-6
0
-2
-5
-4
-5
-1
4
-1
-3
-1
0
-1
3
-6
0
-5
1
2
-6
-5
-2
-3
-5
-4
0
-5
-5
0
1
-3
-4
-5
9
-1
0
-5
-6
-4
-4
-4
-5
-3
8
-4
-4
-4
0
-3
0
-2
-2
-1
-3
-2
-2
-1
10
-6
-1
-5
2
11
-6
6
-1
-6
-3
-1
-6
-3
-3
2
11
-6
-1
-5
-1
-6
-6
-3
-5
-3
-3
-6
17
6
-3
8
-2
0
-5
-3
-5
0
-2
-2
14
6
-1
-4
-4
-1
0
0
-6
-4
-5
-1
-6
-4
-4
-6
0
-6
-4
29
-5
0
-1
-6
-5
-3
-1
-5
-1
-4
2
0
-6
-1
-1
-1
-5
11
0
0
-1
-6
-1
-4
-5
13
1
-6
-3
-5
6
-1
0
-1
-4
14
-1
0
-4
-2
-2
-3
-4
10
15
0
-4
0
-2
24
-5
-1
-2
0
7
0
16
-3
0
-5
-4
9
0
-1
-1
-5
-1
-4
4
-2
9
-2
-5
-5
-3
-4
-5
-5
4
-1
-5
-1
15
-2
-3
-3
-5
4
0
-5
-3
16
-5
6
-6
0
-4
-5
13
-3
0
-4
-6
-4
-4
-1
4
-6
-4
0
1
-3
0
0
-5
-4
-3
-2
0
-5
-5
0
-6
-2
13
-2
-1
1
0
-5
-4
-2
-4
-4
-2
0
19
-4
-4
-2
-4
-6
0
-1
13
-3
-5
-5
0
-3
-5
-1
-2
-3
-1
-6
-5
-2
15
-3
-5
-6
-6
-2
-1
0
-4
-1
-3
12
-3
8
-6
18
-1
-5
-6
-5
2
2
-1
-5
7
-6
-4
4
-2
-2
6
-4
2
-3
0
0
-6
-5
-1
-6
-3
11
0
-5
-6
-1
-2
-3
-1
-6
0
-6
-3
-2
-1
-1
-1
-1
-2
-6
-5
-5
-5
-2
-3
0
6
-4
-3
2
-1
-6
-3
-6
0
-2
-6
2
-1
-6
-1
-1
0
-5
14
0
-3
-2
4
1
-3
19
0
8
-1
-6
-1
-6
-6
0
-2
-4
-1
-4
-6
-6
0
-6
-4
-2
5
0
-6
-6
-5
0
0
-3
23
17
-1
-1
0
4
-1
-2
-4
-2
0
-4
-6
-5
-6
19
-4
-5
1
-3
-1
12
0
-1
-4
-3
-4
-1
-3
-5
2
-2
-1
14
-4
-6
-2
-4
-5
-4
0
0
-2
-6
-3
-1
-3
-3
14
-4
1
5
-1
-6
-3
0
-2
-3
-5
-1
-4
0
-3
-4
-2
-1
12
-4
-2
-2
3
-6
-4
-6
0
-4
-1
0
-2
0
-5
-6
-4
-2
-2
-3
-4
1
5
-4
-6
-3
0
-2
0
-1
-1
-6
-3
-4
-3
-3
-3
0
-4
-6
-5
-1
-3
-5
0
13
-3
0
-1
-1
-3
-3
21
1
0
-6
-1
-4
10
-5
-1
0
-4
-5
-2
-4
1
-1
-3
-1
-6
-1
-6
-3
-6
-3
-2
-3
-2
0
0
-3
-1
-6
-4
4
-6
-1
-4
-6
9
-5
2
0
-2
7
-4
-6
-4
-4
-4
-1
-3
-6
-2
-6
-4
-1
-1
-1
0
-1
11
9
13
1
10
-3
-2
-5
-1
-1
-5
-6
-6
-1
0
9
-4
-5
-4
-1
-4
23
-4
7
1
-2
-4
-1
-2
-3
-4
2
-1
0
-4
-2
3
-3
-3
20
-1
-1
-4
10
-6
-6
19
-6
8
-5
1
-1
6
-1
0
-1
-2
-5
-2
-2
0
-1
7
-3
0
-1
-2
-2
0
-1
-4
0
-3
1
-4
-6
3
15
-1
-4
-2
-1
-4
0
-2
-1
-1
1
0
17
0
-4
4
-4
-3
11
-1
-2
-1
-3
21
18
10
4
-4
0
-3
-5
-1
-5
-6
-5
1
-2
-3
-4
-6
-5
0
4
-6
3
0
-1
-3
-5
-4
0
-1
-1
-4
-5
0
-4
-2
-6
11
-5
-5
-3
-5
1
4
-5
13
-3
-2
-4
-1
-6
-3
-1
-1
0
-6
-4
-6
-6
-3
-4
-5
0
0
7
-4
-2
0
-1
1
-1
-1
-1
11
-4
-5
-4
-1
-6
4
-4
-3
-4
-1
-3
-2
-2
-4
0
-3
-1
-6
-3
-4
-6
-3
3
-2
-3
-1
-1
-4
-4
-4
-2
0
-1
8
-4
-5
-6
-6
1
-1
3
0
-5
0
-3
6
11
-5
-5
0
-4
12
-4
-5
1
-6
-6
0
-2
-2
-6
-1
-5
0
-3
4
3
1
-1
-1
2
-5
0
-3
-4
-1
-6
-3
-6
-1
-3
-4
21
-4
-4
-2
-4
-2
-6
3
10
-2
-4
-4
-5
19
-5
1
-6
-5
0
-1
-2
-2
-6
-1
-1
-2
-1
0
15
-2
-1
-6
-2
-4
-1
11
-5
-1
-3
-4
-6
-4
0
5
-1
-4
-3
-1
-3
-6
3
-1
-4
0
-6
-1
-1
0
9
0
-3
-2
-3
-1
