0.00070434
0.00047958
0.00053758
0.00133584
0.00103535
0.00039551
0.00045802
0.00041838
0.00078027
0.00071667
0.00051659
0.00041171
0.00035463
0.00074698
0.00039727
0.00048471
0.00034248
0.00053788
0.00030479
0.00064809
0.00041287
0.00084900
0.00061342
0.00040248
0.00034347
0.00048584
0.00035077
0.00043623
0.00043537
0.00048893
0.00061581
0.00050275
0.00046496
0.00040194
0.00079628
0.00049882
0.00046694
0.00050868
0.00048701
0.00057200
0.00042524
0.00060713
0.00081019
0.00077256
0.00070351
0.00060391
0.00060747
0.00048953
0.00037343
0.00083193
0.00040510
0.00067542
0.00046591
0.00079068
0.00046244
0.00055743
0.00093342
0.00039225
0.00042966
0.00054502
0.00077956
0.00063350
0.00042393
0.00069294
0.00090351
0.00090013
0.00040104
0.00065954
0.00049689
0.00076412
0.00051394
0.00065006
0.00051567
0.00031081
0.00079420
0.00056910
0.00027329
0.00059444
0.00032850
0.00047476
0.00056268
0.00061532
0.00059729
0.00041073
0.00047986
0.00040415
0.00035929
0.00072042
0.00074703
0.00058035
0.00223745
0.00060637
0.00033708
0.00041432
0.00057691
0.00042273
0.00055911
0.00039606
0.00051265
0.00044095
0.00077174
0.00080873
0.00057397
0.00080361
0.00034202
0.00061374
0.00059517
0.00057888
0.00031270
0.00095461
0.00047653
0.00058250
