32575
-48039
37857
257644
-73010
32064
5489
154188
-253590
-126636
144895
-116025
-20517
-316889
-124641
43879
26132
-189570
-52986
-41821
174171
367753
-18107
-31847
166377
-32208
62369
51751
-46112
-233963
89575
-258534
-54792
-68960
-409006
-48549
-378645
87400
139091
-269331
82681
-84704
-39739
-162473
103466
-350157
10644
48301
-195605
-12240
-66735
-363653
-146427
248971
-91447
-14404
26962
-46922
-42859
8486
-40581
100738
81283
187166
-448835
321895
59483
46173
78256
-188215
58367
-534053
58129
9904
22136
-80653
-122790
11412
39261
52506
-97009
136433
-117
-179685
-40359
-102615
60087
-126731
571653
269283
-121137
-1484
30077
-209799
-12738
28385
198547
61030
-134851
-82256
100444
-425838
-202503
-244087
-201653
-29451
-215878
-12195
-22017
-163125
-59428
-176691
