0.00077900995
0.00038101524
0.0005419533
0.00096614304
0.0011939394
0.00039222307
0.0003393377
0.00039078182
0.000621231
0.0009305705
0.00033998035
0.0005637514
0.00027960681
0.00080236106
0.00039104183
0.00031270421
0.000419472
0.0005441508
0.00041523366
0.000498892
0.00047260232
0.00081720494
0.00056036905
0.00042909873
0.00029445498
0.00044750777
0.00027506877
0.00063988485
0.00044974222
0.00054776197
0.00058751914
0.0004253437
0.00045615743
0.00051833154
0.00072924426
0.0005959579
0.00053004676
0.0004329863
0.00054163573
0.0005887242
0.0005800169
0.0005672972
0.0006627666
0.00068109116
0.0006304887
0.00066848844
0.000512394
0.00056546263
0.00039877524
0.0006834134
0.00034892984
0.0006195049
0.00046858325
0.00077802193
0.00046025967
0.000287136
0.0004693004
0.0004651175
0.000360802
0.0007436186
0.00064489816
0.0006820732
0.0004455468
0.0007622123
0.0009163885
0.0011225739
0.00053306256
0.00059675623
0.00050920265
0.00061328156
0.00054142904
0.0006331232
0.0006311954
0.00035606892
0.00071834377
0.00068457
0.00027527453
0.00045277152
0.0002799313
0.00033412868
0.00048318508
0.00060481386
0.00056049787
0.00048661986
0.00038994112
0.00034400556
0.00042850466
0.00061517284
0.0011586813
0.00063561206
0.0025822222
0.00062005484
0.00034727686
0.00057597825
0.00044328853
0.00037388105
0.0006426209
0.0002768263
0.00051353563
0.0004179334
0.0007964816
0.00091719994
0.0004463557
0.0009118897
0.00040563926
0.0006458354
0.00080798595
0.0005508732
0.00034394435
0.00090451527
0.0005130511
0.00070001255
