299
-3785
1575
-1373
3347
1015
2065
-357
3350
-1953
867
-674
-1369
-426
563
-343
-2375
-1428
1026
-1602
-1898
2275
2627
540
-161
187
341
-543
-1097
-47
-330
-1019
2181
1071
1462
886
945
-60
480
2711
1980
3315
-454
-2790
-1679
-582
101
3166
238
-1834
819
-2608
-796
228
1184
-1475
667
-1746
-176
1195
3834
-416
3365
2065
-35
722
-815
-3116
3487
-147
-1452
-1696
-87
352
4056
557
-1103
-2250
468
164
2194
-335
647
-1199
80
-5064
-399
-190
-1079
2696
1206
1422
563
-2046
3369
1924
1136
701
762
-1261
2771
951
-2262
997
1816
926
-1942
-1268
336
-1407
-1533
-641
