0.00191416
0.00247117
0.00175325
0.00291186
0.00373530
0.00065015
0.00329736
0.00148276
0.00099988
0.00059023
0.00191686
0.00165990
0.00067942
0.00098694
0.00111517
0.00201960
0.00115184
0.00112148
0.00279950
0.00290750
0.00128806
0.00053215
0.00068180
0.00097349
0.00135429
0.00200553
0.00315547
0.00079767
0.00034517
0.00506581
0.00136995
0.00075038
0.00223773
0.00180647
0.00116064
0.00165359
0.00093643
0.00159960
0.00073228
0.00288030
0.00194299
0.00111745
0.00339178
0.00149695
0.00189965
0.00090373
0.00092014
0.00106895
0.00082377
0.00099234
0.00100705
0.00248536
0.00080533
0.00104399
0.00043356
0.00042093
0.00188341
0.00123240
0.00188456
0.00202142
0.00109049
0.00129900
0.00418077
0.00180236
0.00259770
0.00253036
0.00090354
0.00131452
0.00102861
0.00186498
0.00230723
0.00126820
0.00321000
0.00287695
0.00092339
0.00183570
0.00189186
0.00103291
0.00315711
0.00100430
0.00268869
0.00165393
0.00296309
0.00198516
0.00167761
0.00095328
0.00154031
0.00154319
0.00175191
0.00144649
0.00103769
0.00120453
0.00130465
0.00138289
0.00208029
0.00057357
0.00261964
0.00074750
0.00180819
0.00181178
0.00054489
0.00130700
0.00105711
0.00200388
0.00111853
0.00163273
0.00132325
0.00253455
0.00141141
0.00022456
0.00122610
0.00155464
0.00117957
0.00153148
0.00087366
0.00039986
0.00051624
0.00143020
0.00154370
0.00345305
0.00162775
0.00056769
0.00147480
0.00216568
0.00186230
0.00155235
0.00228164
0.00087587
0.00225012
0.00202362
0.00247390
0.00152024
0.00158455
0.00242385
0.00072619
0.00121247
0.00333985
0.00133422
0.00082921
0.00119000
0.00191207
0.00174303
0.00116308
0.00195496
0.00128320
0.00180318
0.00027989
0.00207630
0.00142568
0.00117035
0.00110020
0.00129990
0.00117395
0.00182787
0.00077393
0.00201854
0.00098725
0.00148804
0.00047720
0.00148708
0.00115851
0.00110172
0.00317061
0.00170300
0.00208542
0.00131109
0.00056246
0.00198316
0.00124132
0.00131859
0.00260996
0.00051558
0.00331839
0.00084789
0.00211118
0.00070339
0.00093223
0.00087236
0.00133104
0.00354354
0.00322053
0.00227403
0.00155459
0.00153479
0.00174662
0.00185584
0.00039116
0.00173365
0.00071735
0.00109481
0.00127076
0.00294894
0.00216671
0.00152101
0.00097028
0.00072289
0.00420992
0.00075509
0.00099576
0.00144975
0.00126867
0.00079093
0.00109375
0.00101215
0.00140739
0.00254013
0.00362336
0.00296434
0.00091472
0.00073999
0.00112662
0.00098527
0.00313140
0.00172888
0.00136937
0.00097408
0.00188405
0.00130612
0.00106002
0.00216178
0.00214439
0.00109298
0.00089324
0.00059447
0.00325480
0.00125646
0.00325792
0.00137783
0.00089879
0.00131202
0.00167133
0.00115818
0.00068358
0.00101532
0.00225451
0.00071506
0.00173931
0.00172250
0.00126766
0.00235896
0.00075039
0.00155518
0.00330726
0.00112262
0.00829801
0.00117179
0.00100708
0.00240413
0.00121219
0.00138247
0.00301534
0.00220647
0.00158441
0.00125448
0.00118795
0.00115767
0.00114793
0.00087753
0.00151649
0.00129553
0.00176949
0.00262322
0.00182049
0.00077523
0.00140974
0.00131998
0.00190383
0.00200327
0.00161641
0.00155918
0.00185933
0.00113714
0.00178851
0.00174855
0.00102927
0.00274105
0.00117377
0.00192631
0.00156507
0.00103852
0.00067544
0.00171363
0.00134821
0.00064996
0.00073454
0.00127129
0.00100319
0.00105106
0.00158209
0.00111976
0.00232274
0.00225716
0.00319168
0.00148310
0.00206739
0.00108841
0.00137925
0.00219006
0.00078527
0.00202436
0.00105258
0.00093808
0.00237878
0.00110350
0.00096384
0.00101019
0.00160603
0.00103039
0.00122820
0.00091272
0.00174564
0.00039819
0.00102213
0.00164542
0.00859672
0.00239860
0.00111473
0.00205325
0.00153775
0.00076929
0.00200898
0.00084104
0.00172520
0.00079749
0.00274649
0.00105670
0.00389409
0.00106816
0.00076413
0.00155144
0.00196393
0.00102480
0.00162071
0.00125660
0.00107170
0.00103818
0.00141316
0.00176685
0.00139898
0.00154583
0.00869726
0.00081755
0.00134817
0.00073455
0.00311633
0.00255107
0.00144774
0.00175584
0.00198658
0.00116743
0.00120778
0.00164762
0.00164562
0.00266477
0.00138293
0.00140381
0.00180382
0.00162070
0.00144752
0.00146468
0.00174650
0.00074457
0.00059420
0.00173278
0.00134189
0.00281643
0.00103911
0.00147435
0.00122959
0.00169895
0.00231889
0.00196527
0.00163441
0.00076693
0.00112258
0.00242468
0.00354648
0.00128858
0.00105054
0.00092351
0.00102621
0.00102633
0.00118866
0.00116419
0.00132717
0.00149307
0.00180839
0.00225984
0.00066919
0.00096560
0.00185138
0.00176848
0.00154522
0.00301407
0.00216279
0.00330766
0.00130316
0.00066415
0.00038235
0.00038010
0.00127134
0.00133342
0.00208706
0.00109855
0.00186554
0.00067570
0.00202188
0.00581790
0.00077623
0.00163341
0.00106283
0.00394181
0.00168722
0.00138279
0.00209432
0.00099662
0.00129750
0.00054239
0.00267483
0.00135357
0.00176455
0.00157102
0.00110241
0.00099366
0.00136103
0.00179175
0.00123667
0.00248387
0.00065788
0.00113625
0.00195642
0.00317004
0.00110850
0.00370768
0.00286306
0.00223155
0.00197378
0.00263898
0.00166716
0.00343137
0.00262528
0.00107250
0.00314291
0.00168711
0.00127607
0.00184190
0.00173585
0.00223413
0.00153662
0.00312881
0.00205013
0.00298796
0.00125515
0.00127783
0.00206320
0.00128701
0.00027967
0.00084539
0.00157970
0.00309847
0.00140195
0.00195880
0.00117418
0.00164842
0.00266809
0.00233151
0.00148376
0.00183042
0.00207136
0.00083934
0.00082928
0.00099884
0.00069187
0.00154593
0.00267016
0.00042973
0.00076811
0.00205884
0.00069401
0.00093297
0.00200153
0.00083839
0.00225731
0.00241143
0.00107350
0.00122340
0.00215744
0.00174725
0.00132965
0.00209791
0.00100536
0.00276767
0.00087989
0.00098508
0.00428305
0.00123631
0.00201184
0.00206012
0.00528580
0.00101835
0.00111275
0.00202839
0.00234701
0.00271926
0.00219342
0.00063989
0.00251365
0.00158952
0.00154971
0.00099985
0.00105192
0.00205790
0.00119530
0.00112316
0.00127281
0.00138467
0.00260686
0.00119028
0.00095359
0.00240113
0.00102909
0.00156605
0.00122211
0.00113185
0.00114447
0.00155810
0.00128817
0.00112795
0.00498209
0.00100850
0.00157924
0.00128540
0.00257886
0.00218249
0.00250775
0.00126706
0.00190849
0.00212723
0.00143490
0.00402781
0.00088267
0.00215367
0.00194802
0.00173248
0.00189879
0.00091846
0.00353800
0.00134631
0.00098236
0.00086590
0.00326435
0.00321998
0.00126763
0.00236521
0.00106751
0.00088374
0.00130517
0.00113655
0.00177894
0.00295376
0.00213070
0.00144059
0.00219619
0.00128794
0.00099387
0.00091079
0.00238014
0.00072497
0.00153279
0.00161285
0.00214205
0.00150548
0.00212980
0.00160101
0.00185984
0.00144318
0.00125364
0.00131623
0.00531420
0.00152279
0.00026696
0.00073913
0.00036285
0.00168112
0.00537263
0.00118433
0.00281184
0.00154704
0.00423947
0.00178514
0.00095463
0.00164556
0.00302843
0.00248456
0.00101964
0.00158584
0.00112606
0.00091832
0.00570101
0.00256938
0.00097473
0.00093076
0.00057723
0.00144837
0.00052719
0.00190952
0.00154770
0.00271806
0.00303233
0.00100322
0.00304324
0.00123332
0.00137988
0.00180585
0.00100667
0.00192596
0.00133164
0.00205225
0.00111953
0.00225799
0.00151761
0.00122599
0.00093321
0.00070907
0.00107925
0.00134735
0.00074448
0.00147762
0.00176952
0.00063037
0.00146092
0.00088222
0.00458968
0.00186667
0.00133569
0.01194871
0.00169733
0.00428102
0.00146418
0.00104241
0.00105573
0.00163987
0.00156688
0.00123927
0.00168880
0.00278648
0.00187121
0.00172133
0.00185288
0.00103415
0.00076513
0.00468495
0.00228214
0.00246744
0.00257225
0.00082880
0.00094754
0.00127095
0.00050050
0.00299989
0.00162463
0.00250061
0.00276925
0.00185547
0.00131390
0.00037832
0.00242873
0.00141958
0.00371813
0.00276114
0.00128922
0.00146029
0.00057640
0.00209479
0.00115306
0.00085861
0.00118592
0.00180392
0.00145236
0.00130614
0.00150400
0.00267821
0.00272474
0.00066592
0.00244887
0.00761291
0.00194473
0.00059777
0.00329799
0.00291748
0.00130049
0.00191208
0.00161596
0.00118802
0.00109860
0.00102645
0.00156030
0.00142480
0.00072752
0.00127249
0.00090843
0.00192978
0.00152590
0.00036631
0.00141534
0.00127638
0.00089260
0.00197711
0.00124701
0.00148116
0.00103620
0.00410107
0.00143788
0.00136179
0.00109597
0.00248879
0.00123966
0.00074195
0.00209149
0.00155012
0.00120811
0.00083694
0.00039788
0.00179561
0.00096092
0.00364561
0.00062913
0.00244966
0.00054475
0.00049116
0.00174420
0.00171858
0.00091336
0.00205306
0.00187814
0.00205706
0.00290670
0.00139702
0.00128672
0.00293088
0.00188849
0.00030458
0.00063483
0.00108741
0.00363543
0.00087234
0.00204927
0.00094806
0.00131608
0.00354974
0.00187577
0.00158725
0.00118268
0.00175579
0.00218337
0.00118430
0.00150574
0.00258433
0.00032310
0.00122001
0.00117367
0.00030476
0.00143789
0.00066680
0.00153403
0.00158135
0.00116192
0.00119646
0.00134965
0.00516067
0.00112363
0.00146055
0.00121512
0.00073978
0.00029214
0.00249055
0.00138877
0.00087525
0.00066685
0.00137992
0.00179084
0.00106260
0.00100516
0.00066776
0.00137655
0.00076999
0.00117219
0.00089133
0.00331905
0.00074522
0.00163058
0.00273707
0.00210136
0.00362596
0.00035446
0.00092594
0.00150041
0.00162817
0.00047705
0.00183307
0.00219667
0.00164882
0.00097549
0.00101032
0.00304886
0.00100023
0.00312865
0.00167014
0.00239293
0.00151400
0.00079376
0.00038994
0.00070678
0.00226161
0.00071280
0.00043331
0.00055886
0.00111005
0.00091856
0.00065221
0.00022896
0.00087077
0.00184562
0.00330751
0.00126378
0.00182380
0.00173844
0.00104147
0.00138580
0.00079471
0.00149770
0.00135975
0.00144287
0.00165022
0.00188998
0.00109108
0.00114139
0.00158435
0.00152801
0.00129663
0.00292710
0.00144201
0.00036860
0.00195317
0.00244646
0.00290762
0.00051845
0.00270640
0.00155826
0.00195764
0.00134782
0.00192451
0.00125245
0.00143817
0.00100510
0.00470166
0.00125950
0.00199874
0.00277560
0.00110110
0.00093698
0.00229943
0.00210455
0.00501741
0.00338082
0.00087382
0.00128272
0.00126424
0.00154305
0.00162209
0.00240469
0.01093356
0.00243698
0.00118329
0.00028221
0.00107280
0.00119583
0.00148126
0.00186146
0.00138115
0.00125429
0.00157379
0.00083683
0.00127653
0.00127794
0.00203989
0.00189750
0.00169481
0.00155946
0.00170649
0.00201737
0.00115318
0.00079399
0.00295218
0.00071031
0.00060963
0.00136621
0.00094362
0.00094592
0.00096565
0.00071704
0.00365270
0.00129827
0.00069434
0.00147657
0.00309560
0.00090013
0.00091124
0.00144965
0.00096374
0.00169511
0.00104834
0.00142575
0.00167693
0.00376974
0.00122115
0.00176218
0.00022534
0.00161430
0.00105638
0.00099625
0.00159704
0.00070336
0.00155560
0.00049583
0.00080962
0.00385970
0.00141657
0.00170259
0.00076589
0.00158306
0.00260859
0.00233219
0.00179320
0.00374993
0.00185418
0.00115238
0.00115953
0.00256179
0.00161769
0.00242318
0.00087358
0.00110660
0.00186311
0.00141704
0.00297826
0.00252104
0.00210826
0.00178309
0.00081245
0.00249530
0.00200199
0.00124532
0.00299774
0.00177177
0.00153558
0.00074958
0.00189890
0.00229213
0.00243183
0.00087146
0.00086833
0.00055347
0.00160582
0.00264003
0.00217904
0.00116047
0.00094700
0.00220369
0.00114007
0.00128456
0.00141312
0.00054839
0.00063706
0.00262896
0.00075549
0.00386922
0.00115424
0.00208974
0.00318691
0.00343831
0.00054160
0.00098600
0.00097891
0.00171799
0.00169332
0.00165366
0.00160629
0.00066538
0.00153721
0.00245258
0.00312539
0.00149717
0.00119189
0.00261764
0.00554092
0.00106095
0.00114082
0.00272043
0.00154280
0.00200500
0.00144461
0.00152637
0.00118653
0.00151208
0.00156572
0.00098400
0.00158976
0.00191781
0.00158726
0.00112923
0.00093813
0.00173979
0.00132171
0.00125215
0.00095579
0.00076140
0.00048058
0.00177147
0.00052982
0.00236058
0.00188240
0.00121373
0.00175251
0.00084431
0.00133838
0.00182353
0.00355551
0.00134067
0.00215403
0.00062176
0.00295324
0.00119923
0.00115138
0.00104490
0.00430713
0.00121859
0.00181378
0.00086750
0.00082368
0.00199022
0.00092799
0.00105418
0.00057507
0.00082158
0.00108460
0.00073903
0.00099078
0.00093239
0.00121071
0.00063368
0.00108715
0.00123680
0.00169301
0.00276695
0.00117898
0.00100659
0.00200577
0.00163425
0.00234055
0.00279902
0.00056496
0.00133190
0.00196802
0.00158051
0.00291259
0.00076432
0.00183973
0.00030318
0.00086538
0.00197056
0.00153085
0.00126185
0.00085769
0.00161908
0.00083615
0.00099743
0.00070272
0.00192026
0.00176890
0.00161984
0.00165647
0.00154638
0.00171576
0.00212143
0.00100166
0.00241052
0.00174696
0.00146088
0.00113544
0.00120501
0.00136511
0.00072765
0.00161972
0.00203608
0.00394973
0.00148358
0.00151622
0.00081462
0.00235589
0.00109528
0.00102484
0.00133277
0.00091178
0.00498649
0.00069661
0.00076634
0.00040752
0.00232242
0.00140374
0.00077953
0.00088670
0.00198071
0.00096443
0.00121034
0.00245425
0.00111562
0.00171069
0.00227092
0.00203597
0.00394723
0.00257012
0.00116119
0.00098362
0.00293675
0.00327931
0.00073099
0.00144807
0.00125703
0.00178816
0.00099664
0.00170889
0.00127281
0.00101901
0.00104452
0.00128637
0.00244907
0.00020062
0.00142035
0.00234251
0.00169634
0.00115612
0.00173213
0.00150866
0.00115481
0.00195929
0.00143729
0.00098062
0.00132460
0.00149802
0.00087227
0.00098913
