0.03028939
0.03910345
0.02774320
0.04607699
0.05910698
0.01028790
0.05217701
0.02346309
0.01582200
0.00933981
0.03033223
0.02626607
0.01075109
0.01561717
0.01764627
0.03195786
0.01822665
0.01774614
0.04429895
0.04600794
0.02038213
0.00842061
0.01078866
0.01540437
0.02143006
0.03173533
0.04993184
0.01262225
0.00546199
0.08016077
0.02167797
0.01187394
0.03540951
0.02858534
0.01836579
0.02616626
0.01481804
0.02531183
0.01158757
0.04557760
0.03074560
0.01768240
0.05367119
0.02368756
0.03005978
0.01430058
0.01456019
0.01691500
0.01303523
0.01570271
0.01593541
0.03932814
0.01274338
0.01651995
0.00686064
0.00666069
0.02980294
0.01950136
0.02982111
0.03198680
0.01725573
0.02055526
0.06615610
0.02852037
0.04110564
0.04004008
0.01429756
0.02080079
0.01627660
0.02951127
0.03650930
0.02006779
0.05079470
0.04552453
0.01461162
0.02904794
0.02993662
0.01634471
0.04995771
0.01589197
0.04254553
0.02617155
0.04688767
0.03141303
0.02654633
0.01508461
0.02437370
0.02441933
0.02772207
0.02288913
0.01642032
0.01906036
0.02064458
0.02188275
0.03291831
0.00907607
0.04145282
0.01182831
0.02861260
0.02866944
0.00862226
0.02068186
0.01672763
0.03170920
0.01769942
0.02583610
0.02093902
0.04010636
0.02233394
0.00355349
0.01940173
0.02460049
0.01866542
0.02423398
0.01382470
0.00632732
0.00816900
0.02263133
0.02442727
0.05464074
0.02575728
0.00898314
0.02333703
0.03426954
0.02946879
0.02456420
0.03610436
0.01385971
0.03560568
0.03202160
0.03914678
0.02405605
0.02507367
0.03835475
0.01149113
0.01918595
0.05284937
0.02111254
0.01312134
0.01883036
0.03025631
0.02758147
0.01840437
0.03093510
0.02030521
0.02853328
0.00442888
0.03285520
0.02255984
0.01851947
0.01740950
0.02056946
0.01857638
0.02892397
0.01224662
0.03194117
0.01562215
0.02354662
0.00755117
0.02353133
0.01833208
0.01743347
0.05017132
0.02694816
0.03299944
0.02074660
0.00890028
0.03138137
0.01964256
0.02086528
0.04129971
0.00815841
0.05250989
0.01341684
0.03340713
0.01113039
0.01475149
0.01380415
0.02106224
0.05607258
0.05096128
0.03598395
0.02459969
0.02428631
0.02763828
0.02936660
0.00618968
0.02743308
0.01135126
0.01732419
0.02010844
0.04666367
0.03428575
0.02406832
0.01535367
0.01143901
0.06661733
0.01194844
0.01575682
0.02294064
0.02007524
0.01251561
0.01730737
0.01601611
0.02227042
0.04019476
0.05733569
0.04690740
0.01447446
0.01170955
0.01782750
0.01559079
0.04955096
0.02735767
0.02166870
0.01541371
0.02981306
0.02066791
0.01677365
0.03420771
0.03393263
0.01729517
0.01413452
0.00940685
0.05150357
0.01988206
0.05155290
0.02180270
0.01422238
0.02076119
0.02644701
0.01832687
0.01081690
0.01606627
0.03567517
0.01131504
0.02752261
0.02725672
0.02005926
0.03732789
0.01187405
0.02460903
0.05233376
0.01776416
0.13130674
0.01854234
0.01593585
0.03804276
0.01918159
0.02187607
0.04771442
0.03491486
0.02507145
0.01985079
0.01879802
0.01831880
0.01816472
0.01388594
0.02399673
0.02050034
0.02800024
0.04150953
0.02880729
0.01226716
0.02230750
0.02088715
0.03012592
0.03169945
0.02557787
0.02467228
0.02942187
0.01799393
0.02830120
0.02766891
0.01628711
0.04337406
0.01857355
0.03048167
0.02476546
0.01643337
0.01068816
0.02711635
0.02133400
0.01028486
0.01162336
0.02011675
0.01587434
0.01663191
0.02503474
0.01771890
0.03675482
0.03571700
0.05050478
0.02346846
0.03271414
0.01722286
0.02182502
0.03465528
0.01242595
0.03203326
0.01665585
0.01484411
0.03764161
0.01746169
0.01525168
0.01598508
0.02541358
0.01630479
0.01943495
0.01444278
0.02762275
0.00630084
0.01617413
0.02603686
0.13603354
0.03795514
0.01763936
0.03249047
0.02433317
0.01217312
0.03178990
0.01330847
0.02729931
0.01261940
0.04346013
0.01672108
0.06161966
0.01690247
0.01209157
0.02454977
0.03107702
0.01621631
0.02564586
0.01988433
0.01695842
0.01642798
0.02236163
0.02795839
0.02213729
0.02446101
0.13762444
0.01293689
0.02133323
0.01162345
0.04931243
0.04036782
0.02290894
0.02778425
0.03143535
0.01847330
0.01911176
0.02607171
0.02604007
0.04216695
0.02188333
0.02221378
0.02854348
0.02564579
0.02290539
0.02317693
0.02763640
0.01178205
0.00940249
0.02741925
0.02123395
0.04456684
0.01644274
0.02333000
0.01945690
0.02688397
0.03669378
0.03109815
0.02586265
0.01213578
0.01776363
0.03836779
0.05611916
0.02039029
0.01662360
0.01461352
0.01623870
0.01624058
0.01880930
0.01842197
0.02100100
0.02362615
0.02861574
0.03575949
0.01058912
0.01527956
0.02929595
0.02798430
0.02445144
0.04769437
0.03422378
0.05234002
0.02062114
0.01050941
0.00605030
0.00601463
0.02011756
0.02109989
0.03302547
0.01738333
0.02952016
0.01069226
0.03199405
0.09206180
0.01228295
0.02584689
0.01681807
0.06237483
0.02669841
0.02188105
0.03314029
0.01577047
0.02053148
0.00858273
0.04232624
0.02141878
0.02792205
0.02485966
0.01744440
0.01572350
0.02153675
0.02835249
0.01956890
0.03930441
0.01041022
0.01797988
0.03095823
0.05016228
0.01754076
0.05866988
0.04530472
0.03531180
0.03123292
0.04175896
0.02638089
0.05429763
0.04154209
0.01697109
0.04973313
0.02669665
0.02019245
0.02914602
0.02746796
0.03535270
0.02431525
0.04950991
0.03244099
0.04728111
0.01986131
0.02022031
0.03264781
0.02036554
0.00442539
0.01337735
0.02499692
0.04902991
0.02218423
0.03099577
0.01858014
0.02608440
0.04221957
0.03689357
0.02347889
0.02896442
0.03277695
0.01328156
0.01312237
0.01580550
0.01094806
0.02446261
0.04225229
0.00679999
0.01215452
0.03257890
0.01098187
0.01476314
0.03167202
0.01326664
0.03571949
0.03815826
0.01698687
0.01935888
0.03413907
0.02764829
0.02104028
0.03319711
0.01590869
0.04379532
0.01392325
0.01558781
0.06777453
0.01956321
0.03183521
0.03259905
0.08364192
0.01611422
0.01760810
0.03209697
0.03713890
0.04302934
0.03470848
0.01012548
0.03977572
0.02515238
0.02452247
0.01582151
0.01664542
0.03256402
0.01891432
0.01777269
0.02014083
0.02191093
0.04125067
0.01883487
0.01508954
0.03799529
0.01628419
0.02478094
0.01933846
0.01791023
0.01810992
0.02465514
0.02038381
0.01784861
0.07883608
0.01595842
0.02498965
0.02034006
0.04080754
0.03453550
0.03968239
0.02004989
0.03019978
0.03366102
0.02270564
0.06373555
0.01396731
0.03407948
0.03082524
0.02741454
0.03004629
0.01453354
0.05598484
0.02130391
0.01554469
0.01370183
0.05165478
0.05095257
0.02005885
0.03742675
0.01689222
0.01398414
0.02065293
0.01798471
0.02814977
0.04673995
0.03371603
0.02279571
0.03475222
0.02038028
0.01572695
0.01441219
0.03766308
0.01147183
0.02425469
0.02552156
0.03389556
0.02382252
0.03370173
0.02533428
0.02942995
0.02283669
0.01983749
0.02082794
0.08409129
0.02409653
0.00422439
0.01169595
0.00574168
0.02660191
0.08501587
0.01874076
0.04449421
0.02448026
0.06708489
0.02824789
0.01510601
0.02603908
0.04792157
0.03931540
0.01613461
0.02509410
0.01781863
0.01453141
0.09021214
0.04065762
0.01542401
0.01472825
0.00913403
0.02291887
0.00834213
0.03021607
0.02449067
0.04301033
0.04798329
0.01587477
0.04815588
0.01951588
0.02183502
0.02857557
0.01592939
0.03047621
0.02107176
0.03247455
0.01771539
0.03573024
0.02401449
0.01939992
0.01476705
0.01122022
0.01707797
0.02132039
0.01178052
0.02338164
0.02800068
0.00997498
0.02311751
0.01396017
0.07262652
0.02953802
0.02113575
0.18907510
0.02685828
0.06774234
0.02316910
0.01649499
0.01670570
0.02594906
0.02479411
0.01960999
0.02672335
0.04409302
0.02960983
0.02723806
0.02931970
0.01636425
0.01210725
0.07413417
0.03611227
0.03904456
0.04070304
0.01311481
0.01499385
0.02011135
0.00791992
0.04746985
0.02570794
0.03956943
0.04382036
0.02936080
0.02079095
0.00598650
0.03843196
0.02246333
0.05883525
0.04369196
0.02040055
0.02310740
0.00912086
0.03314772
0.01824597
0.01358652
0.01876580
0.02854501
0.02298194
0.02066826
0.02379908
0.04237964
0.04311601
0.01053750
0.03875071
0.12046577
0.03077322
0.00945898
0.05218701
0.04616580
0.02057888
0.03025660
0.02557081
0.01879914
0.01738420
0.01624235
0.02468995
0.02254581
0.01151221
0.02013581
0.01437487
0.03053659
0.02414568
0.00579639
0.02239623
0.02019724
0.01412437
0.03128554
0.01973251
0.02343776
0.01639663
0.06489487
0.02275281
0.02154876
0.01734245
0.03938231
0.01961627
0.01174054
0.03309551
0.02452887
0.01911692
0.01324362
0.00629604
0.02841347
0.01520556
0.05768772
0.00995521
0.03876315
0.00862011
0.00777201
0.02759996
0.02719458
0.01445296
0.03248746
0.02971946
0.03255075
0.04599528
0.02210623
0.02036089
0.04637791
0.02988319
0.00481956
0.01004543
0.01720703
0.05752670
0.01380385
0.03242746
0.01500206
0.02082545
0.05617073
0.02968199
0.02511652
0.01871455
0.02778347
0.03454939
0.01874023
0.02382660
0.04089415
0.00511277
0.01930526
0.01857202
0.00482243
0.02275294
0.01055138
0.02427434
0.02502317
0.01838616
0.01893271
0.02135678
0.08166187
0.01778022
0.02311162
0.01922787
0.01170615
0.00462283
0.03941025
0.02197571
0.01384979
0.01055221
0.02183576
0.02833806
0.01681440
0.01590549
0.01056651
0.02178233
0.01218430
0.01854867
0.01410430
0.05252034
0.01179220
0.02580212
0.04331110
0.03325163
0.05737675
0.00560887
0.01465194
0.02374230
0.02576390
0.00754874
0.02900631
0.03475980
0.02609072
0.01543599
0.01598713
0.04824486
0.01582748
0.04950736
0.02642814
0.03786544
0.02395740
0.01256038
0.00617036
0.01118408
0.03578742
0.01127925
0.00685665
0.00884342
0.01756533
0.01453524
0.01032057
0.00362298
0.01377895
0.02920481
0.05233761
0.01999799
0.02885960
0.02750882
0.01648017
0.02192876
0.01257537
0.02369942
0.02151657
0.02283185
0.02611292
0.02990679
0.01726519
0.01806127
0.02507062
0.02417899
0.02051769
0.04631809
0.02281818
0.00583274
0.03090677
0.03871249
0.04600981
0.00820386
0.04282576
0.02465780
0.03097747
0.02132775
0.03045319
0.01981868
0.02275749
0.01590457
0.07439850
0.01993025
0.03162787
0.04392081
0.01742376
0.01482664
0.03638599
0.03330210
0.07939497
0.05349779
0.01382716
0.02029761
0.02000520
0.02441712
0.02566775
0.03805154
0.17301144
0.03856248
0.01872432
0.00446559
0.01697583
0.01892273
0.02343927
0.02945559
0.02185522
0.01984776
0.02490345
0.01324191
0.02019972
0.02022192
0.03227894
0.03002577
0.02681846
0.02467670
0.02700323
0.03192271
0.01824784
0.01256404
0.04671503
0.01123986
0.00964678
0.02161875
0.01493169
0.01496811
0.01528030
0.01134630
0.05779996
0.02054375
0.01098716
0.02336507
0.04898450
0.01424354
0.01441936
0.02293909
0.01525007
0.02682325
0.01658876
0.02256087
0.02653553
0.05965188
0.01932334
0.02788455
0.00356580
0.02554457
0.01671607
0.01576451
0.02527132
0.01112990
0.02461563
0.00784595
0.01281137
0.06107541
0.02241571
0.02694153
0.01211933
0.02505016
0.04127803
0.03690425
0.02837540
0.05933848
0.02934038
0.01823520
0.01834820
0.04053745
0.02559809
0.03834414
0.01382341
0.01751066
0.02948157
0.02242303
0.04712762
0.03989262
0.03336081
0.02821545
0.01285605
0.03948539
0.03167928
0.01970584
0.04743583
0.02803633
0.02429880
0.01186126
0.03004798
0.03627035
0.03848104
0.01378995
0.01374043
0.00875807
0.02541034
0.04177549
0.03448086
0.01836312
0.01498521
0.03487094
0.01804033
0.02032679
0.02236105
0.00867765
0.01008078
0.04160045
0.01195477
0.06122610
0.01826452
0.03306788
0.05042930
0.05440747
0.00857021
0.01560242
0.01549016
0.02718528
0.02679490
0.02616729
0.02541773
0.01052889
0.02432472
0.03880931
0.04945586
0.02369098
0.01886039
0.04142131
0.08767888
0.01678833
0.01805214
0.04304783
0.02441315
0.03172687
0.02285940
0.02415315
0.01877550
0.02392701
0.02477578
0.01557074
0.02515611
0.03034721
0.02511670
0.01786884
0.01484486
0.02753029
0.02091458
0.01981382
0.01512436
0.01204831
0.00760462
0.02803159
0.00838384
0.03735351
0.02978686
0.01920591
0.02773153
0.01336027
0.02117845
0.02885532
0.05626197
0.02121454
0.03408518
0.00983868
0.04673170
0.01897648
0.01821935
0.01653444
0.06815559
0.01928281
0.02870107
0.01372729
0.01303377
0.03149310
0.01468442
0.01668129
0.00909980
0.01300056
0.01716266
0.01169426
0.01567806
0.01475407
0.01915819
0.01002722
0.01720302
0.01957094
0.02678996
0.04378385
0.01865611
0.01592815
0.03173904
0.02586020
0.03703665
0.04429146
0.00893992
0.02107590
0.03114168
0.02500989
0.04608845
0.01209459
0.02911167
0.00479747
0.01369369
0.03118198
0.02422395
0.01996737
0.01357203
0.02562011
0.01323119
0.01578325
0.01111968
0.03038592
0.02799083
0.02563217
0.02621186
0.02446975
0.02714995
0.03356935
0.01585013
0.03814378
0.02764376
0.02311673
0.01796702
0.01906791
0.02160136
0.01151423
0.02563028
0.03221874
0.06250008
0.02347605
0.02399254
0.01289051
0.03727934
0.01733163
0.01621690
0.02108956
0.01442787
0.07890565
0.01102304
0.01212645
0.00644860
0.03674972
0.02221265
0.01233516
0.01403101
0.03134255
0.01526103
0.01915221
0.03883579
0.01765340
0.02706981
0.03593475
0.03221702
0.06246053
0.04066931
0.01837446
0.01556470
0.04647086
0.05189151
0.01156709
0.02291409
0.01989114
0.02829565
0.01577073
0.02704132
0.02014081
0.01612470
0.01652842
0.02035535
0.03875378
0.00317460
0.02247547
0.03706763
0.02684268
0.01829432
0.02740908
0.02387280
0.01827362
0.03100356
0.02274352
0.01551715
0.02096031
0.02370452
0.01380274
0.01565190
