0.001028426
0.0013581375
0.0013423279
0.0010101863
0.001066606
0.0010006258
0.0012543343
0.0007283538
0.00096258457
0.0012588484
0.00093167555
0.00089051924
0.0011517982
0.0011023035
0.00093785964
0.001300969
0.0009984397
0.0011265354
0.0010836915
0.0008426
0.0015183167
0.0011194308
0.0007424864
0.0010630394
0.0008597591
0.0013111366
0.0010395028
0.00080725545
0.0009449008
0.0010138769
0.00060660037
0.00094007986
0.0011650076
0.00068848237
0.0009468233
0.0011884099
0.0007854244
0.00067949085
0.0005796902
0.0010213538
0.0010110134
0.0007789383
0.0009630137
0.001101655
0.0008752087
0.0010986492
0.0013399525
0.0011069194
0.00081623317
0.00058786146
0.0011315786
0.0008876281
0.0009410446
0.000993558
0.0011582484
0.00090871606
0.0007480098
0.0008867972
0.00116829
0.0008694767
0.0009378198
0.0010696275
0.00093240483
0.0009751215
0.0009396909
0.0009765982
0.0010447219
0.0010927971
0.0007815886
0.00095529354
0.0010393279
0.0010233447
0.0013140204
0.0008157718
0.0012446308
0.0011749048
0.0010476621
0.0006182406
0.00075948326
0.0011959109
0.0011376736
0.0007501204
0.0009988032
0.0008573423
0.0011984971
0.0011737862
0.0009487468
0.00094084314
0.002003886
0.000921605
0.00095809426
0.0006160433
0.0010483258
0.00080690946
0.0008983588
0.0009133653
