2315
6169
2317
10409
-7799
-3765
-15797
10997
-11741
4004
-8749
7215
2493
-10407
-4583
-2216
-11242
12073
-8457
8800
-2883
-3460
17172
-7675
10477
7127
3017
-29324
-7663
16
-8056
-22246
-21264
-19795
-447
1377
-21274
-4618
7439
-11637
-3060
-9853
793
-10403
24779
-4291
-11603
-8253
1597
6235
-5449
2333
-3085
-14376
5737
-4487
-557
-4367
16248
1922
4135
5576
-18735
8738
-524
-1774
2336
2789
-7194
1508
-2185
1255
4641
-13181
2785
-9416
-10895
7237
-7896
4745
2822
9674
13709
118
8156
12086
-1849
-1590
14300
-4755
52
14218
12686
-10747
-3621
5674
