1489114500
1966521931
1943630209
1462704289
1544397493
1448861093
1816219628
2109246902
1393779089
1822755646
1349024204
1289431732
1667752000
1596085836
1357978510
1883744506
1445695722
1631172521
1569136479
1220046876
1099227143
1620885271
1075086855
1539233101
1244892422
1898466855
1505153313
1168869482
1368173787
1468048090
1756659950
1361193281
1686878444
1993782998
1370957408
1720764069
1137259109
1967744340
1678730712
1478874277
1463901811
1127867597
1394400407
1595146692
1267262769
1590794597
1940190791
1602769490
1181868897
1702393801
1638474808
1285245501
1362590211
1438627196
1677091636
1315779956
1083084517
1284042444
1691631288
1258963074
1357920746
1548772477
1350080146
1411932034
1360630081
1414070304
1512710274
1582321089
1131705080
1383222017
1504900158
1481756946
1902642266
1181200844
1802169389
1701209180
1516967628
1790369120
1099697537
1731625006
1647300061
1086140540
1446222049
1241393117
1735369891
1699589663
1373742611
1362298415
1450768442
1334442519
1387277342
1784005915
1517928497
1168368541
1300783061
1322511740
