1583
-663
265
-857
-186
-2032
-590
-284
-151
766
-581
208
77
2536
-1045
-526
40
1197
916
320
-779
700
470
1476
-398
1303
1594
-36
103
-995
435
-1668
400
-1520
-1236
-168
5
204
-749
-429
968
506
1368
-694
278
80
-37
-1012
201
1840
-366
-2012
-91
169
-364
222
735
-238
1089
-1322
81
-1101
118
2164
-1118
-1059
167
-1210
-825
746
2756
1325
-1773
209
110
-126
-570
-1704
445
121
-1084
341
154
55
349
-598
-384
-1638
-570
-61
-144
231
-889
120
1647
-1208
347
-701
1192
-137
-967
1042
-930
315
-782
836
-1578
-792
-329
392
1358
11
-54
472
-376
-513
681
-1451
443
-582
726
-422
-1033
173
1259
2505
-2289
-29
348
986
108
-2898
-1356
1338
1644
-188
-305
-231
-446
-371
389
849
138
948
-141
-779
-1614
-129
592
384
-866
-1360
570
-566
-758
61
-2056
-269
-1920
-953
-1978
-1996
257
299
924
-896
-9
1249
384
-800
319
-83
739
-527
1324
-974
-262
-226
-914
-3853
1100
-476
-282
-939
334
590
766
-1069
252
507
1229
-68
