17377
20731
11823
9646
13044
18691
15320
17384
11123
12701
18451
20957
11047
20900
19124
38269
21971
10925
12342
14873
22015
13707
22007
9985
20852
10079
24651
17563
19209
16892
13722
20164
10656
14903
9924
15785
13025
9151
9865
33226
14702
10012
10584
7773
23791
18601
24293
5261
11879
18322
19284
16578
21576
17894
22777
18550
12591
10243
12116
10456
18861
13846
18507
27839
21467
10035
12222
16186
10372
15989
20396
16140
4829
12091
18778
15877
7588
10881
10526
11065
16955
18023
12900
6298
14902
17783
6049
9880
12541
13998
26879
11006
21656
16405
10466
21170
7631
16109
14933
26812
14937
28506
12163
20837
17847
21138
15659
18018
6163
15649
9656
19266
10402
14920
9523
20124
16732
11076
23553
8685
13569
16003
14130
12110
4040
17282
10200
17765
14074
18305
13681
13586
16112
15080
7733
20687
7815
30044
17050
20764
12570
17060
13776
16330
14584
16441
11224
14205
9837
12119
12093
11743
19006
8096
44510
14140
15998
17588
13001
6749
8744
10307
12401
12677
10441
15875
15594
20937
18480
13928
5306
16465
13240
19085
10994
11774
16551
14140
13917
16060
11906
15703
7310
12366
6797
16571
11182
12551
18017
17596
13729
17090
13934
11173
16254
12119
19894
20087
14396
10528
13773
13760
17627
12409
7968
13909
16974
12966
9109
20877
14049
20194
18857
9754
7687
13763
11355
10619
14834
14725
11572
16892
21446
24236
14109
18556
20728
19912
13047
23598
15387
11923
15512
18556
8470
17009
7279
20035
9462
11561
24798
15266
8037
5244
22312
14899
6354
19939
15286
16548
12270
11017
16579
9851
16706
45956
7858
26119
21150
20652
7229
14130
8650
20045
27066
11900
18297
23061
12654
9831
14854
11665
9392
18479
10076
17242
15131
15323
9576
16764
16006
23423
23721
13837
8594
22456
9770
10346
18971
11847
10671
11986
11267
11890
15304
19869
11748
11453
14369
16311
12787
13630
14212
10944
11396
12383
10809
8153
21130
6437
15425
12090
14055
9831
8680
16481
11705
15465
10515
13094
13722
19645
15691
10426
8336
8766
13951
8797
21824
7714
3361
14122
18105
6812
15312
16174
19587
18210
7430
15475
21666
8352
15914
18241
15689
21782
12193
17687
8633
22510
12058
7404
29135
13301
10799
15640
9176
7996
18416
11849
6492
17440
10736
14380
9106
14224
21691
11402
5732
13762
13152
15610
16237
16425
23112
20193
8392
20185
9398
12898
18803
14152
13250
22204
8250
8625
15963
5087
14706
17912
14366
5291
20023
12233
23508
7121
19305
20101
19260
24872
20624
16542
11005
15123
7064
17582
11397
15410
13826
14561
19091
14902
8729
15611
18185
5138
15075
12944
11422
9374
18835
13243
21695
18626
13787
16218
13511
14446
17569
13502
19195
11867
19828
17903
12320
13756
14589
9943
15225
9721
13211
20810
7532
22771
15451
12976
8250
6115
10286
15400
13255
6343
7470
20767
12003
11519
28906
17348
7010
19633
26394
13146
26227
12706
23188
14154
20003
15160
21870
17698
12718
15736
13601
9412
15773
17810
7994
13231
11241
14001
11797
13743
8212
16216
12863
12680
12064
8919
18506
11805
5286
20443
18752
16583
6398
16478
15700
22219
14267
19955
7505
13329
22588
12337
16032
14280
15354
14455
14307
23519
17466
18034
14367
14369
13353
26639
13638
9248
9275
9713
10941
17838
11258
30143
14608
17084
16621
17792
22522
14932
12960
7504
14334
11807
17622
14464
5155
4135
22220
15678
9441
21058
14147
5704
11780
14854
17722
11242
18954
6721
22866
14330
15736
16002
6618
17304
13536
6843
9841
18315
7876
19098
12221
21452
16599
17830
24088
9252
9864
12024
15296
17025
15559
23435
40665
16159
9030
21528
13448
16371
12965
12281
19278
8230
26749
16812
15507
20501
11018
17454
16593
22846
9565
10062
9484
22112
17782
27583
16325
15758
9293
5924
17978
14161
11028
9956
22192
20708
11134
16016
15340
24915
11450
15771
15301
13705
12169
12797
14609
20964
17732
21936
12232
6759
19094
8084
18605
13863
11518
12534
8901
35130
15588
6765
12841
12340
20711
20975
15894
15920
5092
10045
14925
14120
8504
15333
6888
9998
11683
6399
12772
11890
16092
10192
12400
15745
9852
22683
5655
10119
10072
10828
25815
16098
8968
13025
9412
15237
3906
14463
12361
13014
17460
23474
12491
12630
15351
12115
12542
21852
7830
21094
11387
18371
18580
9532
15326
17927
13157
10800
20363
18748
14616
20889
14996
9664
10033
10488
10051
12397
16343
20468
12888
13927
7054
15399
8318
8887
14045
13807
13661
14208
9040
5158
16139
9062
8118
19381
13155
6508
10324
8869
15519
13626
11255
6699
12757
7952
8434
10414
9433
16251
17025
8547
16006
6165
17088
11957
30022
23131
9600
13982
13969
13839
11633
16382
12936
9197
4373
7444
10703
16262
20649
12954
12201
20348
11413
20240
18341
3684
17862
16428
15931
15881
6877
13317
13210
17652
24875
33728
11148
13821
25881
16433
6840
14221
12835
16289
17653
13571
14558
14229
12030
8677
5799
14711
21446
11220
23932
14499
16391
10057
17261
11101
19059
33272
7854
12553
19612
18136
6865
17146
12406
26801
14478
13096
8177
8811
19045
10974
17738
14303
25768
16938
8385
9820
18149
15364
10857
10857
17533
18747
15420
18156
26913
8695
5379
18978
13359
8800
9242
10659
9378
7476
17275
17085
31125
17113
18106
8440
13365
26215
14527
15799
14881
12712
11569
13243
28163
9788
4356
5072
12617
10702
25999
15807
13955
9005
20064
10282
19978
6832
16348
6877
11541
19862
7305
12250
18459
21931
14819
17353
8929
19695
10331
13156
18036
10933
20849
9956
12470
19247
9946
9471
11492
16657
13588
9392
11071
14378
8853
8747
12764
15350
19697
12206
20611
18188
9731
14841
11419
7004
16961
9626
16724
11359
10414
28068
28822
11728
13444
10158
8814
10528
14984
12714
36559
18845
14578
7313
19033
9340
9016
16742
12912
16267
11652
11937
8102
20455
19964
20073
14171
21534
12678
16149
12476
22378
16407
18363
12132
5345
14012
12490
27748
22378
19580
12349
17164
17409
19812
10660
19963
7608
11705
9793
16561
19239
10515
20396
12038
17059
10547
12416
6682
9970
10744
13861
14821
12050
17350
11021
27980
16719
9266
7251
19409
21069
7816
17176
10301
8421
10213
15430
13034
23390
15676
20180
19211
19948
37983
13137
5113
10203
9363
5891
11299
11273
19675
10932
15277
16322
18350
13747
18748
7703
8790
17032
22749
12617
17477
11044
18288
12408
11948
13604
16422
27466
20792
9865
13257
12290
11445
13531
20083
8133
16341
16799
12396
12548
8689
16974
10120
17762
20126
16494
8483
26290
12839
22722
19762
10957
14341
9597
10022
19041
7799
18686
12061
24277
13913
12577
19554
12449
14492
14048
5470
12054
9408
12503
8868
19920
16102
14577
9556
8907
16648
11917
7932
13568
19090
8190
9523
13549
11377
9311
13380
17286
16262
14248
14519
12277
14897
10757
10031
12489
19021
11182
10210
19567
15231
12497
15474
19817
10739
6612
6050
7980
19010
14221
10356
21717
17630
17288
12669
11838
18748
11575
11824
15069
5140
12860
8866
13048
11044
6154
29335
18794
10675
14927
17119
11011
9363
18604
20581
15750
18835
10280
25665
13601
34139
18523
11807
20222
7695
8545
13269
13258
15789
18233
8083
25228
23190
11554
23783
7718
25087
22965
14783
8241
17698
7509
