-118
-764
-1671
-518
-138
-21
-2274
1338
-215
-167
-622
4035
-225
-399
19
3532
-299
-1270
34
-485
1729
4158
-230
187
-1376
-949
5737
1019
-1034
-139
5091
273
-161
-80
688
2296
-40
375
616
-806
323
557
3706
-389
-888
589
-736
-149
-992
2798
128
-133
-142
5890
-6
-1258
3134
-3268
83
-359
-854
110
1488
40
3529
9008
-74
-161
3934
-240
-503
223
-171
2248
1694
936
17
-102
-198
-151
-288
269
-236
2881
241
204
-449
3345
-1535
-391
-120
-786
688
1750
290
-355
-3254
-669
124
-468
668
4160
-2
1878
-853
-2208
-539
-164
-429
-125
-318
2396
-116
-547
84
310
-495
351
-26
253
954
-813
-1032
35
-867
116
4052
2644
-519
-244
798
-273
910
484
658
345
-139
168
554
5
-1095
-118
167
777
983
-365
-1105
-393
3275
3495
-1248
-224
2040
-374
3538
1240
-1038
-2131
-70
1813
662
100
606
5957
-326
9101
164
-317
-106
-1519
324
-131
-266
252
5684
1773
1894
-2027
-188
406
1032
643
-104
22557
523
30
-595
-275
1463
-1547
-120
-226
-684
-241
96
2143
-257
-74
-421
4508
578
-845
108
143
-168
455
46
-532
-5
176
-277
-213
1436
-1017
-144
129
-570
296
-395
-650
-976
736
-252
-512
-44
-487
217
-327
579
466
-1035
138
-1
-593
-874
-51
-107
-581
395
-60
-498
-104
-893
205
8601
3222
-2899
-1330
269
-122
40
-388
-375
-327
13
-262
491
-76
-105
93
1678
131
-1488
2365
-176
-154
3222
-171
-162
-201
554
6089
265
1121
-64
-1578
382
-134
840
508
591
-104
-607
-1167
-812
-148
588
83
-214
187
-504
-776
-394
1027
41
-452
2596
-265
-76
1212
3088
2750
-313
-698
-3713
525
-98
-161
731
1076
567
70
-1268
-405
-10182
-273
10976
279
1104
6
474
-1303
-2053
746
-258
-528
-267
-246
-3686
-1141
2865
1955
904
-991
-691
3476
-328
-606
510
-583
453
380
3049
-470
2866
1087
-589
-402
-794
-462
-96
167
4436
-198
-336
-1879
2394
1558
185
3478
-203
-25
41
-8652
-662
-401
-394
-123
-117
2562
20
4316
-25
185
2463
68
1692
-432
1733
-233
-403
-186
1233
208
