1310130018
1641478734
1145901434
1623611843
1925416632
1084871378
2014533275
1940040639
1568345640
1136183091
1333311170
1902138370
1555428847
1333984528
1177730197
1153913936
1663753142
1517640865
1854788476
1200301890
1601027323
1854700985
1294633966
1201137862
1261052067
1971398968
1199013349
1640142553
1304577563
1853358277
1716529752
1184936845
1143965415
2025402510
1899247053
1191770398
1793267143
1645880754
1759206450
1902010111
2133179873
1867645949
1729751389
1845037610
1531007251
1333210395
1623947606
1511996110
1074711459
1862898546
1997920571
1466822261
1625617717
1475663635
1800430390
1902482836
1174145825
1709955579
1669026864
1854205815
1413396799
1560934121
1379641866
1949445664
1952492724
2009021817
1757719222
1466341291
1102890805
1263583344
1294977860
1550551582
1738374952
2091312579
1768097067
1516690835
1325597098
1711230837
1331133635
1987494515
2044783998
1084104116
1137892596
2049668821
1119004674
1161033437
1854435306
1209716535
1788393085
1723153396
1707071592
1370250583
1097301475
1859572982
1576625195
1354919320
1185415181
1269395294
1827864691
2043242604
1574957833
1566100655
1264005223
1594925875
1810248362
1762921829
1933023974
1715581096
1407390629
2126165956
1499429966
1853372134
2028006619
1975172521
1496294042
1923620781
1436746290
1385078201
1139381083
2119064091
1977426209
1881257859
1183931961
1109182122
1254954284
1879664474
1304042541
1751592924
1833776499
1311397031
1483786073
1365578532
2018210634
1500886619
2052763520
1222328027
1079483712
1601068778
1277543842
1564721417
1533257733
1342148306
1474370742
1857132403
1231143978
1312291406
1921996477
1365207727
1171181217
1171102430
1518536844
1932922054
1948370124
1567494094
1296405654
1953888911
1117234705
1947802121
1530610794
1792671428
1972097062
2116000541
1100065450
1352425376
1541064563
1215826228
1714409591
1248971246
1249092862
1150568217
1392396274
1331538223
1779812580
1138604431
1139461016
1263860932
1599731911
1988187112
1556518817
1515597888
1716091841
1843971231
1667749774
1934367942
1202229435
1443722187
1495321795
1569374000
1898301604
1298327701
1816873152
1116681589
1142338133
1196381069
1650507686
1994455296
1190136475
1442719250
1687917533
1962269699
1290969318
1334494814
1080185814
1724012271
1248233758
1380825052
1262818372
1847804333
1111056988
1205577673
1306204845
1778301876
1246688929
1753618495
1541496062
1647287019
1297484401
1674700019
1957754994
1439118159
1099676093
2009031894
1225429023
1896220149
1215525736
1606823699
1990882376
1532738514
1147570629
1106607100
1483682092
1214573416
1096169592
1523958521
2080485257
1663188575
1967132420
1166546499
1748029624
1184122746
1454738691
1329894221
1347994039
1189902403
1765066497
1598813945
1195736340
1090977865
1764034473
1870450463
1800616594
1513317632
1266503061
1253879201
1189141096
1735011369
1193900867
1506588174
1812913394
1472672460
1726057539
1848395239
1682544869
1372651768
1915915184
1888142372
1265083054
1382216429
1970903340
1125252818
1644706729
1602243948
1196654305
1252453240
1367097710
2142647196
1370628488
1939452482
2064935267
1442036502
2137771534
1105617218
1670281966
1525067500
1624709371
1228591630
2086064051
1967095890
1110432071
1398276591
2122581127
1583942810
1277056001
1269697160
1078341179
1613401537
1490392311
1186173740
2001937357
1598854255
1691361737
1897539381
1099661206
1407537210
1245857079
1153370211
1984072070
1998959466
1408151936
1811185567
1139876024
1771418508
1457655202
1189955538
1534831192
1671964445
1321137590
1329820931
1761533887
1359984392
2077920542
1866117839
1817684617
1257205223
1789984867
1687863940
1577173501
1223072843
1613561860
1099092516
1780638932
1420684640
1832996870
1153093997
2142271581
1843075253
1214194137
1291996304
1369316585
1729053295
1087460829
1126656220
1286068005
1079623079
1224615611
1617738512
2073120003
1932018060
1326841436
1930554537
1420085260
1906425416
1087076511
2025193861
1437376590
1451155235
1828336499
1304460298
1852762447
2002214946
1995346236
1990194360
1850015879
1686781070
1186401170
1238152627
1617337704
2027502975
1769614183
1094927774
1097430650
2006603224
2049361000
1888313002
1222002799
1232650101
1099714570
1492019593
1358673405
1543034479
1458891524
1089194382
1649934186
1778417309
