0.05720259
0.03583493
0.02501604
0.00886122
0.08406709
0.01184185
0.00549738
0.01058820
0.06847674
0.04960776
0.00727684
0.00519067
0.06791277
0.01456103
0.05142178
0.00314887
0.03632120
0.00828286
0.04049167
0.02620365
0.00873796
0.00253061
0.11305201
0.01311095
0.00688247
0.02151869
0.00163597
0.01790288
0.00712002
0.16184179
0.00468417
0.10347287
0.09989510
0.08843265
0.00518278
0.01300870
0.07829721
0.03593103
0.03840503
0.00519032
0.01164230
0.01019309
0.00472025
0.04027880
0.00835581
0.05821032
0.03545221
0.06601642
0.01173095
0.00508359
0.04361637
0.12808810
0.07097734
0.00402688
0.07860997
0.01038322
0.00640816
0.00933246
0.07287266
0.08095790
0.01542785
0.03407657
0.00752970
0.01063953
0.00532808
0.00548234
0.15349025
0.12804610
0.00601927
0.05517028
0.02827051
0.13539964
0.07590052
0.00570690
0.00482489
0.01655535
0.05787791
0.00933942
0.11623929
0.02169438
0.04463944
0.04733390
0.04968240
0.00279663
0.02442886
0.05069277
0.02024198
0.01320459
0.00976055
0.03761796
0.00465836
0.01495689
0.02395506
0.01014903
0.00430239
0.05915817
0.01293933
0.01385601
0.03990390
0.04460579
0.01719136
0.00427367
0.02759435
0.00870466
0.03951932
0.01924307
0.02109981
0.07490530
0.01536229
0.01160402
0.00818347
0.04046075
0.17709270
0.04311976
0.06533084
0.02099717
0.00784136
0.03023748
0.04974739
0.09252208
0.01079224
0.02053476
0.01292314
0.09685770
0.01369838
0.16413894
0.00355855
0.01911941
0.01000824
0.11451582
0.00809809
0.05962357
0.01101483
0.00819142
0.01120341
0.05336900
0.09426433
0.06990549
0.02788991
0.06831850
0.03347237
0.11720113
0.06437363
0.02027142
0.00671924
0.01432424
0.01048972
0.02980369
0.00319599
0.01278310
0.00828775
0.08439479
0.01063366
0.01710989
0.00707542
0.01066378
0.01219511
0.00531528
0.06682917
0.00978390
0.02152631
0.04619416
0.00600385
0.00184529
0.03364280
0.00165891
0.14970830
0.05453229
0.02726880
0.00627948
0.01519862
0.05813731
0.03885488
0.01242837
0.00310943
0.00689780
0.00873089
0.01085097
0.06796036
0.00827171
0.00936595
0.01006388
0.03640845
0.00263931
0.05249146
0.03151773
0.06528839
0.03426082
0.01036040
0.00708591
0.07932789
0.04875629
0.02493825
0.05223611
0.03603204
0.00544259
0.05196346
0.06299167
0.03684873
0.00535476
0.00704575
0.00728330
0.02358141
0.03763671
0.10900018
0.06028926
0.02756844
0.02016960
0.04851071
0.05263765
0.05703121
0.07764380
0.01360816
0.00957076
0.01682611
0.03596173
0.02832523
0.03656018
0.01068488
0.01570861
0.01200345
0.02192947
0.10700879
0.01034904
0.05307200
0.03507838
0.04346272
0.06692207
0.00626312
0.04831642
0.03239009
0.02651521
0.04786070
0.03326936
0.04541883
0.07261775
0.17177695
0.02546674
0.07632206
0.10340178
0.03175823
0.05806553
0.01471395
0.01298831
0.00240831
0.00218147
0.01305199
0.02381701
0.03851043
0.16333434
0.07861810
0.06607412
0.01382444
0.05474658
0.02596000
0.07575366
0.02606391
0.03289015
0.07915500
0.01607487
0.00942034
0.08070420
0.00918286
0.00749155
0.01045653
0.08243963
0.01380894
0.06035001
0.01075664
0.09826105
0.01795270
0.00218615
0.05224804
0.01367108
0.11937980
0.01169397
0.02992203
0.08467992
0.01126984
0.03148093
0.02333472
0.04827320
0.03646373
0.03329357
0.00886721
0.10728496
0.02277031
0.04294344
0.19393370
0.12210245
0.02316891
0.03457887
0.01393963
0.02771861
0.04708228
0.03522198
0.01626829
0.05179044
0.08740812
0.00872610
0.00461549
0.00517812
0.04801315
0.03072778
0.01359908
0.02517909
0.08662809
0.04363905
0.00384265
0.01976989
0.02488450
0.03867163
0.03182190
0.01298889
0.00418834
0.07300092
0.00180260
0.05806233
0.00961396
0.01484483
0.02268142
0.01018475
0.01984083
0.02744590
0.03907695
0.00921189
0.03443109
0.05340152
0.01761274
0.01199708
0.00971823
0.00387685
0.02000797
0.01258653
0.02338384
0.01005899
0.02650693
0.01410271
0.02989339
0.01887338
0.02374023
0.02459590
0.00701900
0.04713825
0.00668361
0.01765833
0.02262902
0.04217766
0.01448306
0.04214571
0.06200343
0.04161895
0.00296648
0.04421177
0.00784480
0.01584000
0.00997855
0.00711938
0.02022372
0.01092753
0.04356017
0.04344770
0.02019374
0.00460299
0.05180037
0.05405993
0.03530791
0.04426218
0.15452896
0.00597581
0.04791576
0.00547574
0.00559242
0.04122354
0.00666935
0.00672746
0.01200387
0.06514421
0.00741526
0.06737161
0.03184889
0.04755615
0.00900488
0.03882442
