-112
-578
868
-17
1225
-748
1062
181
163
31
762
4
-7
954
120
20
-1121
329
-369
-1464
-549
86
-688
110
437
-961
305
203
270
120
402
89
394
405
-1930
-152
-49
656
-545
-619
73
-99
-862
-443
597
-1032
703
-397
144
-482
59
-1048
-525
666
-45
-2
-602
-155
-277
-197
-271
1381
124
1522
-354
0
22
767
390
-1461
271
-1876
998
-571
623
-729
-1262
52
-717
96
-782
-737
-923
-692
-483
-1211
-214
-577
-10
836
714
1094
-101
-1609
-573
-1098
723
628
-1264
-201
657
-47
-457
720
-712
-416
307
-117
-593
-478
648
-185
