5051
-3394
-1337
-658
-1412
-7320
-9518
-7355
-9201
-5262
-15588
10231
-18345
-7897
-5879
-2644
-12526
-7794
-30631
4610
-11954
-10652
2587
-10596
-17913
-9650
-7668
-7009
-7435
-6442
-2508
-1653
-4448
-1994
-5493
2134
1096
-1340
-3378
-303
4220
-14973
95
-15598
-6113
1590
-8024
-6273
-9338
237
-16258
-710
-8115
-2899
3602
-13275
4679
-13244
-8837
2865
-1118
-9395
-8502
-3869
-2603
-284
-5135
-2154
-713
-5502
-8362
-229
-1037
2256
8626
-12756
-11617
2694
-13056
-5791
-5160
-4069
12563
-7844
-4094
4043
6967
-2257
584
-13676
1894
127
4979
-9903
-4971
-15006
-11178
-4063
-3712
-1021
8773
-2204
-4688
-14439
-1192
-1474
3422
-5990
527
2624
-8256
4952
6793
-669
-1823
4850
-11509
-14648
-14710
-4268
-4395
-1257
937
5442
-6099
-638
-4194
-5795
-3295
4136
-7276
3900
-2832
-6761
-12495
-4752
-3928
-7534
2242
-1944
-6640
-16571
2313
-4292
-8907
-5391
-8215
-5625
14333
-2071
-7659
-570
-4476
-551
2314
-2674
-2346
3994
-12483
-7075
-4251
6677
588
-13087
4923
-20528
-3821
-6473
-224
-5181
-1628
-5129
-4410
-5828
-1930
330
-779
-5007
7701
3291
4034
-10361
-16404
-5859
-6582
-11338
-1447
4894
-6910
-11432
-6910
-12979
-8298
1821
-7812
-9592
2624
-2955
10365
-3255
-8888
-11443
-5837
405
-4521
2568
7091
658
-8084
6033
2388
-539
-1646
243
-5720
4977
-6179
1637
2091
178
1132
-8926
3818
-7533
-1697
11959
-6204
-674
-193
-5909
2126
-1774
8013
-13785
-2962
-13676
-10786
2857
-1101
3791
447
-18730
5550
-2412
751
-6989
-11658
4900
563
-15056
-1987
-4968
-14541
-9036
-3564
-7458
-1527
-7474
-1671
-4708
-3440
1477
5867
2635
-8980
-4585
3974
-5390
-3180
1585
-3666
-5741
-556
1444
-1845
12340
-1791
-11973
-3964
-5297
-8538
-16906
-7512
-3219
1329
-1145
-4275
4325
5886
5043
-10334
-2164
-3325
-4559
2493
-8778
-14091
2338
-2574
-1958
-4800
-6346
-7599
-3867
-13106
-7594
1938
-2541
1185
-1821
-10703
-1014
-2022
-5494
-2539
-3898
-3848
-2017
11565
-5959
-3551
2038
-4986
2940
-2872
-10104
2325
-1935
-20083
10206
-5736
-8935
1279
1398
5469
-4809
-9009
4612
2529
-11432
-2923
-4408
-3554
5660
2868
-3691
-10704
-12860
-15678
6320
-11907
10064
-11823
1990
-11038
9974
8855
5016
9052
-3083
8768
7098
-10785
-17164
-8523
-2595
-10364
-2689
2282
-1924
-11113
3220
-11953
-6439
-729
-2812
816
3950
-6268
-3963
-10814
-18745
5441
-8060
-6815
-5844
-12492
-5059
1915
4272
3958
-3143
-1854
-7866
-1891
1272
-4724
-17585
1765
2389
-6754
-177
-6979
2261
-2072
-3118
3026
-1873
-3588
5288
5
-6341
2871
153
-4370
-511
-7681
-14306
-11097
-3990
3481
-15936
-7370
6365
-7575
-6547
-12744
-1503
3528
-2496
-8447
-2157
1043
8813
-13046
-6819
-3150
-8066
-7546
-4456
-3330
-1873
-11960
-11567
4805
-3336
28480
301
4672
-4868
-10473
-3603
-17145
-18123
4074
-6381
-7985
-2888
-7340
5897
-11739
1727
3366
-3256
3260
5933
3740
-8294
-6179
-38
-17394
-9315
1241
321
-10953
-13376
-1053
-12059
-6630
-3446
-2306
-8532
862
-1158
6315
11006
-6578
641
-2882
-3679
2934
-8015
-3013
-2816
-13345
1602
-1369
533
9628
1145
-6298
6543
1841
-4727
-2631
1150
-3650
-4976
-11751
-12073
19
-9320
6457
-6373
-131
-5190
-8927
-4042
-10175
2204
1600
-8524
-6535
70
-9127
-3014
-3954
-88
-3620
-4145
174
304
-5832
-9924
4913
-8626
-17318
12651
-3950
-1207
11428
6845
2732
-9809
3553
-2411
-10175
4438
-3279
-4323
8526
-11658
-7166
-2957
-2304
3979
-8748
2587
-1699
-1188
346
-1170
-8320
-12636
340
-680
-900
-5991
-6180
-2419
-11913
-7990
-1375
-2822
-2199
-9699
-11036
-8460
-2915
-13409
-9179
-13684
-13988
1158
-3589
5820
9692
-727
4378
-1828
-10670
-1297
3469
-6274
201
-3723
-10581
-7436
3574
2112
-20105
-677
-11954
20430
-4997
-6430
-4276
3788
-3896
-3401
-6991
3051
-5442
7568
-8344
-15050
4608
-4275
1334
-4343
8269
-3547
-872
177
2949
-4906
-13986
-2151
3023
11351
-210
2279
-7019
-3826
-16946
-8361
-2770
-5088
6162
-4356
-7307
-5110
-8250
895
-11275
-5309
8511
414
4573
-8277
-8187
-6508
-4298
9577
-6381
6602
-6042
-8676
5376
3075
428
-8043
4232
964
-5899
-15375
-5794
-5480
182
-1124
9051
-13826
-8494
9415
-2092
720
-3903
-6675
-3979
1809
-9216
-9499
6433
-7334
-2148
-4301
5815
-7009
-4537
-799
3194
-17386
-961
8913
-7525
-6721
6664
-7008
3016
-10724
-3688
-793
3495
-5162
224
-2483
-4613
16524
-2210
-16142
13204
-1203
-4755
2472
6749
-5768
-3272
-1290
-6766
5000
-4553
-15180
-9946
-5
-940
-4805
4338
-6123
-7418
-2205
-1773
13851
-4430
-2632
-4656
-12340
-3476
-5022
3670
3150
3164
2729
-4207
3284
-10705
-14444
-7818
-1332
-13686
-5753
-1841
88
-9823
-9919
-12299
9324
-3293
3013
-5705
5734
12136
12238
-9696
-8285
3374
-11488
4418
-17318
4189
-5573
-1235
-6868
-3598
3667
-8631
1852
12750
-3014
-11789
-6859
5469
2531
-13565
-3022
-10528
-14496
-1543
-6154
-2646
1801
-8894
5369
-3690
-7585
-4507
-815
-249
426
-8411
-321
-1914
-6476
-1181
-3797
13060
-9480
-1650
-3643
3395
-5391
-3474
-15621
1684
-6476
-4942
-3626
1866
-4674
-3944
-9000
-10622
-7323
-5348
-817
-6411
3570
642
-651
-554
7349
2029
-9626
-1777
-177
-2316
3324
-5681
5561
-7022
-3982
-982
-5793
-2937
1393
-272
7046
-14865
-4361
-5684
-19732
272
642
-1043
-7021
-8348
-11609
-5879
-3738
-5208
626
-11579
-4246
-7778
-3471
989
816
2709
-7221
-6237
-2576
-5717
4944
-11769
361
-5909
699
-1077
-3276
-2558
-626
-6713
-3116
2900
-3925
-4093
4898
-2124
2691
-9377
-1757
-13837
-4695
-1390
-10021
-5410
-3977
-7753
-2052
7440
-11154
-1828
3028
11262
7030
-15151
1769
1687
-10300
-1143
-22395
-713
18211
-3975
-12698
-8154
4259
1838
5200
-9609
-6977
-3168
-4180
-13264
-5022
-985
-7722
-3032
5043
-5555
-8400
-1804
-1854
-272
-833
-4975
-2466
4313
-5188
-3474
-19869
-6991
2677
29454
1382
2893
1448
-2786
-5975
-3147
-6101
-3123
-6227
3555
-4453
3009
-2778
2541
15297
-6129
-1977
-11507
-8404
5014
-840
11119
3438
-1708
-10965
6295
-11805
53
-11839
-2998
1722
-2282
-3795
1976
-11174
-9721
-637
1609
-9967
-3236
-12888
-6864
8768
-4806
-5618
1993
-1331
-1970
-1518
-1807
1424
-3258
-915
-5521
-12038
2323
-3268
12734
-2238
55
-2793
-3467
-3196
206
-10109
-5551
-8685
-7389
-6613
-2409
-5580
-1886
1219
-10369
-12038
-3540
-1031
2690
1555
-10132
-3520
-5914
-13289
-14509
6035
-5296
888
-10609
1601
1860
-3861
-236
4661
2642
-2272
1782
-9551
-14747
-9819
-6565
-4755
-1419
24216
-10037
4255
4678
978
-8800
3015
12814
-10988
302
-10752
7711
-10804
3502
-15420
2344
-6295
1167
3391
-650
-274
3160
-2899
7443
6305
-7211
4586
1750
31
-561
15834
-1933
-6020
7704
-10676
-994
15346
1005
-3265
4685
-13805
8355
-3001
-11874
-7753
1517
-5544
-8495
5498
-217
-9077
410
-6773
1055
-5460
-6841
-10057
2611
2601
-9856
-5912
-293
-5535
-9998
-9837
-3064
-3219
2733
14778
-400
-3285
-10762
-1649
-5952
-588
-8930
-173
-4735
235
1250
-15278
5276
-5144
1795
-5308
-4744
-3640
-12324
-5539
6078
-10226
1964
551
-11015
945
-4149
2014
1967
3687
664
-4744
-3089
3889
-3550
6392
-4765
-3894
