0.00026984786
0.00019849562
0.0002293443
0.00034213392
0.00026088947
0.00025105517
0.00022152215
0.00021321893
0.00029764295
0.00030942453
0.00015960808
7.2625095e-05
0.00022439685
0.00026941404
0.00026227286
0.00024542192
0.00026954486
0.00023596223
0.00025064702
0.00014709306
0.00026137498
0.0001589306
7.272446e-05
0.00032517378
4.9454622e-05
0.00024185292
0.00032338375
0.00017055258
0.00032753448
0.00018137501
0.00023482877
0.00025374492
0.00023489613
0.00025090622
0.00019839063
0.00021157967
0.0002502634
0.00022585422
0.00022786407
0.00025047123
0.00027896056
0.00023169328
0.00013128157
0.00023345895
0.00014062047
0.0002403357
0.00026930356
0.00024601063
0.0002880907
0.0002654017
0.00023310518
0.00017472729
0.00023362272
0.0002901094
8.854591e-05
0.00023444014
0.00014894671
0.0002991601
0.00024118557
0.00019530761
0.00020924317
0.00025491073
0.0002629529
0.00017857364
0.00021177654
0.00019081665
0.00029829165
0.00014849563
0.00019694009
0.00025384044
0.00023834404
0.00021201913
0.00025901687
0.00022108186
0.00021249978
0.00021665297
0.00016862073
0.00017807193
0.00021594435
0.00021763443
0.0002767877
0.00025102554
0.00013854046
0.00031047096
0.00025882915
0.00021391606
0.00024748972
0.00016350012
0.00032415194
0.00025846993
0.00012715973
0.00022863582
0.000217098
0.00020443037
0.00021336207
0.00025407632
0.00040958333
0.00016463031
0.00019793717
0.00021800102
9.763828e-05
0.0002836031
0.00019242712
0.00023523532
0.00039072428
6.223781e-05
0.00027178615
0.00027898105
0.00012138667
0.00019430507
0.00018122491
0.00018647227
5.0744547e-05
0.00021267573
0.00021137357
0.00018156186
0.0002902937
0.00023333664
0.0002511605
0.00015821906
0.0001348882
0.00013919732
0.00019594611
0.00036062518
0.0001243105
0.0003250754
0.00029938048
0.00021850433
9.254412e-05
0.00024652496
0.00026723716
0.00021933907
0.00025020287
0.00023523619
0.0001817247
0.00026527245
0.000337095
0.00019947345
0.00014372717
7.190975e-05
0.0003514465
0.00021498898
0.00016746177
0.000322109
0.00022379911
0.0002336446
0.00033232803
0.00030156045
9.38372e-05
0.00028445202
0.00022410454
0.000246431
0.00021771734
8.741909e-05
0.0002463308
0.00016292522
0.00023799906
0.00024676934
0.00023774394
0.00024550527
0.0001868349
0.000117590826
0.0002663105
0.00026949804
0.0001250118
0.00019485131
0.0003028741
0.00030184348
0.00018152819
0.00016434117
0.00016920046
0.00021884838
0.00022596255
0.00026557758
0.00028540374
0.00017405799
0.00023248876
0.00024468024
0.00019141285
0.00023072382
0.00018531414
0.00019396846
0.00022059635
0.00013362244
0.00020577642
0.00015602961
0.00027848544
0.000135795
0.0002779349
0.0001253934
0.00023505966
0.00016949151
8.0186015e-05
0.0001640719
0.00025210166
0.00018639238
0.00010216347
0.00026093694
7.358266e-05
0.00027313814
0.00021354819
0.0002427466
0.00017553644
3.962699e-05
0.00029770614
0.00015766607
0.0002600753
0.00022632092
0.00021081716
0.00025431375
0.000272751
0.00015068748
0.00018835587
0.00024340855
0.0002303836
0.00024409442
0.0002061076
0.00010664909
0.00043550998
0.0002620566
0.00019250758
0.00021184958
0.0002669735
0.00037785879
0.00018089022
0.0001129822
0.00031797605
0.00021304147
0.00022315196
0.00019060697
0.00013238947
0.00020985154
0.0002611976
0.00027783072
0.000244923
0.0003056404
0.00025014934
0.00022675413
0.0001953473
0.00016171194
0.00017040777
0.00023892439
0.00013003858
0.00011523189
0.00018613362
0.00029513214
0.00020754684
0.00019273558
0.00031562155
0.00019640663
0.0002619464
6.439705e-05
0.00023340638
0.00023123831
0.00030079953
0.00023514315
0.00028990046
0.0003337364
0.00013908654
0.0002944947
0.00026911445
0.00018104824
0.00028799466
0.00022316935
0.0002613094
0.00020139615
0.00020057385
0.00021547043
0.00029177376
0.00015225656
0.00022328574
0.00018133532
0.00024148019
0.00024211047
0.00020636196
4.948003e-05
0.00012288538
0.0002452959
0.00024074437
0.0002580572
0.00021725877
0.0002004477
0.00012872572
0.00030294695
0.00017413423
0.00022946943
0.00035424333
0.0005857979
0.0002076173
0.0001544475
0.0002308837
0.00022115112
0.0002317282
0.00034861625
0.00014369444
0.00020875903
0.00022130828
0.0003898816
0.00031779901
0.00021029929
0.00015345977
0.00021030639
0.00024554975
0.00030832508
0.00022522225
0.00017951803
0.00024922812
0.0002938882
0.00021125075
0.00018895516
0.00017389462
0.00022023657
0.00021461706
0.00023540217
0.00020811349
0.00026769616
0.00023473165
0.00030142113
0.00019930025
0.00030076064
0.00029851022
0.00032991343
0.00020683574
0.0003789596
0.00025204595
0.00027461024
0.00029574955
0.00027951758
0.0002051647
0.00023298954
0.00026019875
0.0001950053
0.0002588316
0.00023084151
0.000107092535
0.00021323882
0.0002455794
0.00018960082
0.0001998137
0.00020208226
0.00019325616
0.00031993046
0.00035411154
0.00010196823
0.00016046948
0.00020288205
0.0002030285
0.00034428842
0.0002747744
0.00016633082
0.0003207492
0.0002547177
0.00022176646
0.00011790117
0.00022436908
0.00021958405
0.00021252086
0.000254231
0.00014397103
0.00024673998
0.00027645592
6.007448e-05
0.00028092717
0.00020139647
0.00023727385
0.00035768235
0.0002608733
0.00020987561
0.00029691594
0.00022285798
0.00026716437
8.8471344e-05
0.0003123569
0.00016748442
0.0002712639
0.0003448788
0.00025346858
0.00021766614
0.00018611742
0.00018469985
0.00021123754
0.00022993809
0.00028211524
0.00030264215
0.00019645623
0.00028716694
0.0002243815
0.0003540581
0.00027659518
0.00022905371
6.8633e-05
0.00019175255
0.00020429774
8.209784e-05
0.00019894623
0.00026839535
0.00026572013
0.00020799856
0.00023061388
0.00021092992
0.00019664632
0.00027325298
0.00015886582
0.00018482754
0.00021401655
0.00022245618
0.00032211945
0.00026673646
0.00028837152
0.00011170599
0.0002715308
0.00023173243
0.00024507238
0.00021373223
0.00020644433
0.00024468527
0.0004183412
0.00027835157
0.00023955309
0.0002968115
0.00021578361
0.0002530379
0.00019931805
0.0002583574
0.00023803118
0.00025924272
0.00027319274
0.00019225261
0.0002296362
0.00017952528
0.00022057517
0.00024370989
0.00011108751
9.071569e-05
0.0002807149
0.00030679625
0.00026917725
0.0002723183
0.00022460637
0.00026239853
0.0004318048
0.00013674576
0.00019937045
0.00019044816
0.00021124075
0.00027691544
5.1371153e-05
0.0002687053
0.00028697503
0.0001489957
0.00023304072
0.0002228864
0.00021591273
0.00021962501
0.00012233111
0.00018663918
0.00015898948
0.00019987958
0.00021540883
0.00015862373
0.00022005278
0.00022612004
0.0001643523
0.0003502274
0.00030028482
0.00029498327
0.00015462234
0.0001340248
0.000257464
0.00020699462
0.00020665851
0.00022997706
0.00026296233
0.00019774961
0.00024612824
0.0002358888
0.00027985356
0.00021099164
0.00025330525
0.0002162184
0.00029319274
0.00016969474
0.00019954784
0.00018098633
0.00019528682
0.00021214792
0.00021458039
0.00030029856
0.00012941852
0.00027829787
0.00026266783
0.00026122582
0.00020080646
0.00028729954
0.0002170474
0.00024072055
0.00020356169
0.00021481203
0.00014824112
0.00025116274
0.0002125354
0.000165985
0.0003068672
0.00019811864
0.00028212985
0.00014703539
0.00021859216
0.00019888752
0.00021111917
0.00027327306
0.00018327865
0.00024194359
0.00015317144
0.00024786964
0.00026960962
0.00023947627
0.00018925186
0.00020766018
0.00020633233
0.0002472751
0.00022257464
0.00028200386
0.00017111455
0.0002538295
0.00021472789
0.00018506804
0.00039425952
0.00030874365
0.00035072738
0.00020892985
0.00021880092
0.00022371997
0.0003054546
0.0002486802
0.00029047558
0.00030025898
0.00022556553
0.00011893273
0.00028498122
0.00018142935
7.352523e-05
0.00023238937
0.000197414
0.00031711013
0.00025125314
0.0002507573
0.00020309577
0.00032145513
0.00018969034
0.00024261136
0.0001319776
0.00021675718
0.00018010412
0.0002773972
0.0002779261
0.00026422637
0.00023398518
0.00021840115
0.00018411396
6.795316e-05
0.00017971246
0.00035870323
0.00020399124
0.00018562791
0.00021565492
0.0002217955
0.00026697104
0.00026431892
0.00014223291
0.00018919971
0.00027286922
0.00023476181
0.00026848423
0.00022353718
0.00020975596
0.00021887622
0.00026198188
0.0002825766
0.00024542565
0.00021551189
0.00021804696
0.00027652306
0.00018394801
0.00025628478
0.00023004002
0.00032059287
5.8328165e-05
0.00020841985
0.00026630212
0.00015290776
0.0001124335
0.00019807926
0.00025424652
0.00017876891
9.621405e-05
0.00026269234
0.00023032648
0.0002210864
0.00026882018
0.00016449048
0.00019955408
0.00024297235
0.00026336187
9.8209144e-05
0.00031393397
0.0002192759
0.00014821991
8.740067e-05
0.00019527192
0.00028449847
0.00018213365
0.00025132563
0.00030734128
4.6192145e-05
0.00021282134
0.0001808262
0.00020874337
0.00023672915
0.00030846268
0.00019884779
0.00022131354
0.00029600455
0.00016010704
0.00020587025
0.00018553995
0.00027484214
0.00017703226
0.00018766415
0.00019922268
5.8874277e-05
0.00017753773
0.00024150815
5.1267118e-05
0.00028709805
0.00022743069
0.00023558483
0.00033243568
0.00018288569
0.00028817425
0.0001708058
0.00018543702
0.00035264803
0.00015799297
0.00010376853
0.00021559309
0.00024674577
0.00016698684
0.00017588036
0.00010169949
0.00017161331
0.00023315131
0.00020335123
0.00018715905
6.0792012e-05
0.00022721519
0.00024929526
0.00026065123
0.00032005136
0.00011691368
0.00015331975
0.00025591787
0.00017422189
0.00018389513
0.00017415374
0.00021018581
0.00025172843
0.000303392
0.00019833157
0.00023468299
9.1837e-05
0.000119524826
0.0002460489
0.00017881655
0.00012127997
0.00017901875
0.00025233708
0.00018947686
0.00021451787
0.00019979499
0.0001931527
0.00019522604
0.00021750238
0.00022573947
0.000240544
0.0002865564
0.00022790693
0.00026063118
0.00016461064
0.00017903217
0.00029111851
0.00020218467
0.00022454266
0.00033488878
5.4142904e-05
0.00012842506
0.00020962086
0.00023704012
0.00030258548
8.144965e-05
0.00018894054
0.00022402014
0.00025156053
0.00015248348
0.00017750263
0.0002555034
0.00020396637
0.00018476961
7.751426e-05
0.00020644971
0.00020334829
0.00011041667
0.0002481744
0.00019948889
0.00021249913
6.25652e-05
0.00023491209
0.00019448649
0.0003075729
0.00016536207
0.00029451444
0.00023829377
0.00022099649
0.0002919517
6.543482e-05
0.00021960872
0.0002805197
0.0002503774
0.00021539596
0.00025423718
0.00020290462
0.00020166553
0.00023640088
0.00027467005
0.00017471507
0.00023841405
0.0001589261
0.00033931152
0.00026068863
6.5777065e-05
0.00019307919
0.00046633455
9.031851e-05
0.00025746823
0.00018485138
0.00019731236
0.00022036636
0.00014712354
0.0001918456
0.00022376563
0.00012835412
0.00012179292
0.0002616219
0.00025112877
0.00036908843
0.00018297035
0.00027386384
0.00019292347
0.00024303455
0.00013488987
0.00013388936
5.3017593e-05
0.00021125237
0.00028867455
0.00023594356
0.0001849037
0.00023443889
0.00015701476
0.00024904337
0.00019217747
0.00017896977
0.00017816851
0.00021469586
0.00022859628
0.00028417542
0.00022158273
0.00025322664
0.00010950793
0.00036242703
0.00028445176
0.00018407637
0.00012985128
0.00022742865
0.00023287369
0.0002297064
0.00024164493
0.00022398052
0.00021881679
0.00027046414
0.00020564726
0.00016971593
0.0002414958
0.0003977316
0.00023392774
0.00018928967
0.000258252
0.00022367113
7.093861e-05
0.00031922135
0.00016823517
0.00021305024
0.00020321681
0.00020670141
0.00019427612
0.0003448346
5.0172504e-05
0.00022132146
0.00017631844
0.00022025898
0.00022871429
0.0002922473
0.00013743932
0.0002804002
0.00018686784
0.00022962595
0.00023358113
4.8098675e-05
0.0002456975
0.00015101202
0.00025441337
0.00018093069
0.00024925586
0.0002307458
0.0003438211
0.00022114356
0.00024022705
0.00020679686
0.00027688904
0.00027683956
0.00020080684
0.00024346587
0.00015477429
0.00026241652
0.00041384602
0.00023665318
0.0002932221
0.00019581977
0.00022108674
7.158218e-05
0.00018026479
0.00025082103
0.00017110644
0.00024644748
0.00029381484
0.00029589774
0.0002588004
0.00015556718
0.00021040783
0.0001899647
0.00017983676
0.0001793402
0.00016903662
0.00029659405
0.00025549578
0.00021964584
0.00026342427
0.00023609275
0.00021050754
0.00018240853
0.00016943034
0.00017816106
0.00022461227
0.00027866755
0.00017049852
0.00030348712
0.0001915923
0.0002756317
0.00023422793
0.00022918064
0.0002143582
0.0002485306
0.00024061889
0.00026795856
0.00016156668
0.00033162025
0.00020751196
0.0002793821
0.00021906072
0.00030254963
0.00025091151
0.00029072785
0.00029119587
0.00023304729
0.00024249218
0.00016676658
0.00029089916
0.00022825957
0.0003223534
0.00023824608
0.0002201623
0.0002500559
0.0001675579
0.00018701475
0.00023767678
0.00017438372
7.278999e-05
0.000253351
0.00023896595
0.000268228
0.00018151836
0.0002449563
0.00034090472
0.0001732094
0.00015480188
0.00026210057
0.00027294297
8.4099076e-05
0.00016815611
0.00021652097
0.00027232905
0.00019937003
0.00021543802
5.7710356e-05
0.00017540331
0.00030991732
0.00020114631
0.00027709265
0.00027919406
0.00018129428
0.0002534054
0.0001793437
0.00026131823
0.00016957983
0.00022024057
0.00030885564
0.00029204125
0.00024002389
0.00024323197
0.000161104
0.0002329766
0.00021577641
0.00024218722
0.00025037312
0.00024235199
0.00016460301
0.00024651573
0.00022701484
0.0001633632
0.00018725336
0.00018304374
0.00020171986
0.00025152217
0.00019260046
6.5462016e-05
0.00018341147
0.00019309325
0.0003438164
0.00032243662
0.00020038967
0.00015342695
0.00022505088
0.00016667729
0.00027545096
0.00011433402
0.00022745303
0.0001354248
0.0002082274
0.00022122289
0.00011527345
0.00018888792
0.00022417578
0.00028751037
0.00033444975
0.00013731846
0.00028116856
8.220122e-05
0.00013100171
0.000228162
0.00019074943
0.00015998626
0.00018367278
0.0002050626
0.00018719962
0.00029089427
8.2486105e-05
0.00019392309
0.00012315232
5.4362838e-05
0.00023400753
0.00022285468
4.9494767e-05
0.00027495762
0.00014271741
9.8889184e-05
0.00022012899
0.00023434086
0.00023757451
0.00034216244
0.00024320003
0.00020812785
0.00016346178
4.838953e-05
0.00020457382
0.00018889716
0.00016442392
0.00022686314
0.00018685407
0.00022814228
0.0001504992
0.00022498137
0.00024365097
0.00013685247
0.00018989391
0.00017102163
0.00016167919
0.00017930307
0.00021169744
0.00027288368
0.0002356401
0.0002878552
0.00024056053
0.000218707
0.00013630385
0.00023478156
0.0003247046
0.0002633193
0.0003147971
0.00028062277
0.00021001256
0.0001852747
0.00013957893
9.476656e-05
0.0002152009
0.00021139838
0.00025756034
0.00028610145
0.00024098875
0.00019830489
0.00030412636
0.000107482796
0.00028803284
0.00028396014
0.00034396088
0.00015995593
0.000418828
0.00025491265
0.00017540144
0.00031192374
0.00016024303
0.00021790955
0.00022694841
0.00021193562
0.00031130255
0.00017704318
0.000367219
0.00023493246
2.4286606e-05
0.00020266189
0.00021402193
0.00018872796
0.00023757343
0.00028746115
0.00018102201
0.0001650281
0.00019577706
0.00022160144
0.00016258298
6.697624e-05
0.00022154111
8.411187e-05
0.00019513641
0.00010823175
0.0002551786
0.00023749503
0.00028057044
0.00018070657
0.000247491
0.0002125302
0.00017331564
0.00022507596
0.00018035226
0.00022821173
0.0001083067
0.00018634995
0.00023096296
0.00017792314
7.266054e-05
0.00018451354
0.00025195826
0.00018133325
0.00020647145
0.00017542538
6.1157756e-05
0.00024630586
0.00019058102
5.510059e-05
0.00038533992
0.00015657676
0.0002116438
0.000242337
0.00019221488
0.00024582623
0.00025102255
0.00020221251
0.00011220638
0.0002043126
0.00019319874
0.00035415575
0.00027128268
0.0002737631
0.00032128056
0.0003046816
0.00026188727
9.852183e-05
0.00012971522
0.00022607509
0.00020747674
0.00034752654
0.00024052282
0.00021008342
0.00028747832
0.00028154906
0.00018003023
9.5975796e-05
0.00018805677
0.00019601316
0.00022543092
0.00015231057
0.00032116318
0.0001847795
0.00024965385
0.00020314267
0.00034651614
0.00014882699
0.00017961852
0.00017391329
0.00025298068
5.379554e-05
0.00029943537
0.00020622122
0.00026420294
0.00027385534
0.0002810859
0.0002996343
0.0002778661
0.00012976245
0.0002680723
0.00027867066
0.00032972416
0.00020033708
0.00020124344
0.00028258385
0.00023791479
0.00010458612
0.00019207865
0.00026236608
0.00022173859
0.00023749893
0.00018684109
0.00019516928
0.00018471364
0.00030041332
0.0002595336
