1645904052
1181086394
1463981498
1711375334
1234159294
1349782704
2067134838
1372376977
1184064388
2084850175
1242803320
1275523752
1151387301
1949472682
1266195302
1344416237
1484223616
1672374980
2098428459
1315899507
1235740778
1637745928
1914998452
1456382535
1812750504
1303348823
1554187254
1207778496
1110201859
2022027290
1263352473
1426165136
1430575129
1269506481
1382052309
1095284078
1326535730
1901713416
1561233104
1638751292
1263719575
1531068389
1332647341
1945119880
1198150246
1386297607
1459820963
2051403960
2063490919
1605713329
1454213665
1207200034
1474539717
1543046926
1799094839
1280363196
1409219876
1388287996
1330643254
1772601734
1443823935
1223161899
1520918245
1946018215
1549551403
1132234035
1147414913
1364445038
1598368035
1750713143
1820410720
1358233454
1437967860
1494837900
1848553054
1295596046
1460312171
1485341524
1742765104
1473621222
2093309819
1624586451
1196076575
1476678672
1661121900
1244785585
1460818974
1353998770
1543829337
1990875059
1405830605
1499507194
1154261676
1687884417
1701259879
1883471797
1142163065
1931608245
1522561872
1178918680
1479214704
1386445847
1354275297
1297786145
1482826780
1549692231
1546560215
1665165533
1434609334
1394621078
1445499225
1336293483
1423549144
1397217680
1124631693
1104362239
1424389665
1642154349
2109121577
1556842441
1174584734
2137236784
1166160252
1204535923
1436830563
1089365386
1337305162
1413601733
1577153699
1795377868
1459345468
1842798969
1413730554
1274110342
1458817111
1338921453
1474894752
1396937981
1317500737
1275800960
1592610688
2072633298
1607266085
1407732524
1415357103
1478991217
1354633237
1224127357
1163871129
1793471798
1197448092
1304939824
1438258707
1795981798
1957595258
1117181504
1541910814
1869463498
1559844094
1472575566
1685359592
1252244728
1267572749
1291280364
1241457804
1452415631
1143613534
1125147124
1594977696
1209263624
1156859494
1375691476
1411185569
1245685995
2065560172
1340420515
1767451430
1886085803
2003439648
1908121033
2014025411
1365486009
1324398731
1444650729
2049539159
1274402879
1545613554
1715934546
1440663012
1450675293
1440956380
1335456312
