0.0055514826
0.0039836955
0.0049378746
0.0057723112
0.0041627055
0.0045526926
0.0034861276
0.004628901
0.00399374
0.0035160037
0.004191861
0.004302224
0.0038835232
0.0065753916
0.00427076
0.004534592
0.0050061494
0.0056407666
0.0070778057
0.0044384077
0.0041680397
0.005523966
0.0032295566
0.004912244
0.0061142403
0.0043960754
0.0052421303
0.008147451
0.0037446085
0.0034100558
0.0042611714
0.0048103235
0.004825198
0.0042819283
0.004661535
0.0036942922
0.0044742827
0.003207152
0.0052658953
0.005527357
0.0042624096
0.0051641525
0.0044948966
0.00656071
0.0040412503
0.004675854
0.0049238415
0.0034595982
0.0034799823
0.005415923
0.0049049286
0.0040717744
0.0049734865
0.005204555
0.006068181
0.004318547
0.0047531687
0.0046825674
0.004488137
0.0059788222
0.004869885
0.0041256123
0.005129917
0.01312748
0.005226494
0.003818921
0.0038701247
0.0046021473
0.005391148
0.005904994
0.012280155
0.0045811962
0.004850133
0.0050419504
0.012469998
0.004369926
0.0049254983
0.00500992
0.005878186
0.0049703885
0.007060541
0.0054795803
0.004034256
0.004980701
0.005602811
0.004198547
0.0049272077
0.004566913
0.005207194
0.006715038
0.004741737
0.0050576995
0.0038932182
0.0056930785
0.0057381927
0.0063527767
0.0038524107
0.0065151365
0.0051354608
0.003976384
0.0049892548
0.004676354
0.0045678457
0.004377313
0.005001438
0.005226969
0.005216405
0.0056164498
0.004838805
0.0047039283
0.0048755356
0.0045071947
0.0048015
0.0047126864
0.007586558
0.003724912
0.004804335
0.0027694176
0.0035569363
0.005251086
0.003961766
0.0072087026
0.003933351
0.0040627886
0.004846297
0.003674329
0.009021214
0.0047679483
0.005319594
0.003027822
0.0049222377
0.006215591
0.0047683828
0.0042974567
0.0049204556
0.0045160586
0.004974684
0.004711743
0.0044438085
0.004303159
0.005371729
0.0034954005
0.0054211603
0.004748152
0.004773869
0.004988501
0.009138106
0.0041288687
0.00392563
0.006049215
0.008077764
0.0044014417
0.004851114
0.006057681
0.0066027883
0.0037681502
0.005200723
0.003152764
0.0052612103
0.0049668616
0.0056845625
0.004223706
0.004275406
0.0043553696
0.0041873227
0.004898864
0.003857303
0.0037950175
0.0053797127
0.0040787347
0.0039019804
0.0046400805
0.0047597988
0.004201584
0.003483472
0.0045211148
0.0059614507
0.0063615935
0.0033787086
0.0064359163
0.003396561
0.0046056584
0.0044670748
0.0048726737
0.0034564533
0.0042984434
0.005213212
0.005787689
0.0048592235
0.004892994
0.004860213
0.004504371
