42680
45689
59350
6521
30938
45469
70417
25811
27542
59344
81613
64983
6795
40419
170016
91015
72375
47601
73329
38165
114989
14581
66388
17931
86700
97192
30254
70319
50454
90952
68830
42253
44360
62401
4077
69341
62314
77550
30173
25334
108655
36228
77767
50208
43158
12517
84230
96840
57716
74335
15079
61208
45019
58295
20042
4784
86941
125737
49704
46904
17268
75578
117693
90680
87598
68677
54810
58064
43948
14102
14077
51921
49870
39364
19826
111856
38388
70004
51338
42043
53354
63281
45734
71470
22812
65241
24703
46615
9875
60093
108479
55769
30450
13242
30482
43456
24149
63191
44178
67218
68425
37600
67885
17296
50693
55203
68235
61549
10104
71506
80612
58594
81784
62920
47459
34642
88149
13505
42198
15374
15793
64450
104915
89283
46176
28932
63016
48007
43630
93180
85661
92072
25795
61861
68628
45093
8375
41930
89234
33959
68402
70058
15047
43148
70122
48333
32288
74160
20256
16906
54778
58516
56950
34451
44575
36625
40762
106825
29005
66935
96849
12258
79961
69120
64570
94844
50030
31378
80142
36788
68794
42216
9737
61909
120033
62695
47670
2324
71666
73208
56677
99143
8648
44545
50464
15973
34760
38050
23732
59568
17230
61298
17364
46048
49815
36568
28608
18605
155611
36343
39652
27863
18825
59601
55952
59133
46829
21112
119532
69824
45361
18696
62405
50412
44789
83096
50863
39439
55075
54202
18222
22333
57158
91717
67835
24365
45796
29777
20405
49163
29035
35949
64427
85940
79373
166644
88942
25876
21596
45302
57100
52883
71110
63773
61480
41853
40937
2561
72238
41662
94251
32431
25463
84353
88360
12990
61224
95128
38213
47640
30405
35164
18889
73952
23629
78186
9306
62789
73466
21631
92653
30787
60293
33512
24989
59121
36831
90289
2524
62104
41010
54934
47250
93438
84302
67474
56621
22521
48905
29829
42502
47607
70713
14472
18115
16537
50135
49852
51825
28503
76196
23703
30571
53460
23171
87750
39802
128290
53248
38146
14453
11966
16902
53365
17737
13671
64349
28853
15129
76266
100416
9956
28804
112853
24369
23500
16391
56378
67859
59953
38319
48297
86674
36410
51073
43055
78069
38619
42037
11828
47234
113799
77595
24579
17154
55615
108367
36427
63125
124694
43902
103888
47570
30573
20752
33171
77990
11590
48179
16465
64004
33171
36649
42404
52556
63963
59528
57953
85700
99224
107222
47402
31403
60057
36868
72997
19805
46006
31842
53610
55643
81598
76962
61665
78365
55914
41992
94116
-266
75059
13684
21004
24305
40943
86215
64379
68906
39223
7753
76459
76221
73771
76611
64912
77482
77106
16947
106874
69459
13121
54809
110294
54929
32567
31835
55598
111401
66331
38840
168508
22175
38071
34722
46601
78601
33592
80500
14046
8054
49624
52142
40564
84085
74386
52449
105239
73174
66678
25612
26040
96493
93210
42006
53602
68996
41203
25194
69636
43034
15382
57651
79148
34245
35488
12639
9746
15792
24631
43144
54380
22525
125002
99036
8887
75343
110344
12783
50040
102974
49549
66397
100007
83140
45237
81146
60842
67199
66147
25636
43913
13028
97386
50889
23702
35232
79790
56596
49140
36721
75580
34694
37951
68584
49736
69227
55944
40485
74925
106145
79375
16963
29794
39215
37836
67238
52729
39403
57573
8310
103131
42160
82870
15236
29225
10968
84047
56769
105517
56395
79927
58305
124752
27521
73640
104875
102830
42570
83517
40479
69134
39642
88153
19961
68711
18204
50358
24672
6486
103303
44497
34555
109437
49424
23718
13819
53084
102826
44898
57080
42057
46057
97819
78366
94683
53608
30274
65463
73460
53216
58130
59577
20173
39873
82034
92350
63934
118518
14582
26352
64039
53139
16725
43485
74983
71295
26245
62404
72731
39854
25742
55970
17679
66110
86058
28235
11938
31983
71352
1889
51203
8031
46774
121237
15361
42533
34396
43884
23684
36684
41583
66976
99959
59478
78378
30469
87767
62344
44076
54809
18291
7022
67477
38724
43257
56781
34323
12497
10019
70786
5627
22178
62158
74049
8864
23350
63282
48231
63394
38503
31558
13198
2999
59046
19410
12118
105980
42000
66284
66102
45544
32558
109730
26900
53828
14660
55649
11493
62278
81008
18109
46697
53186
26685
17015
14356
39854
21586
52451
38591
14287
107527
56809
23230
37955
44997
176971
53920
9579
86270
63444
56038
31396
