5.9085287e-05
6.2651794e-05
5.2071708e-05
0.00015471292
9.56391e-05
6.636197e-05
4.6142475e-05
9.122269e-05
8.323827e-05
5.1335464e-05
3.752781e-05
4.7699974e-05
0.00016366733
6.706918e-05
2.0814106e-05
3.7708487e-05
4.3970173e-05
5.4363187e-05
4.309095e-05
6.51386e-05
3.3010012e-05
0.00012032055
5.0197938e-05
0.00012803894
3.9128383e-05
4.274168e-05
7.6687415e-05
5.607569e-05
5.8286398e-05
3.4050507e-05
4.6718964e-05
8.499929e-05
7.065119e-05
5.1742085e-05
0.000342262
4.2739386e-05
5.5577675e-05
4.49947e-05
9.5854906e-05
0.00012562238
2.9765226e-05
9.158895e-05
4.3210486e-05
5.778256e-05
6.659293e-05
8.772095e-05
3.8127146e-05
3.0461071e-05
7.022577e-05
4.265763e-05
0.00011666433
4.6235178e-05
6.670469e-05
5.0000424e-05
7.878649e-05
0.0003235661
3.5148107e-05
2.4244082e-05
6.227668e-05
7.392542e-05
0.00013448892
4.151838e-05
2.9996068e-05
3.4265493e-05
4.3221025e-05
4.9857947e-05
5.4676257e-05
4.8910842e-05
7.209363e-05
0.0001409176
0.00014403621
6.498303e-05
5.783973e-05
8.475534e-05
0.00012289002
3.4421577e-05
8.009879e-05
4.059268e-05
6.383164e-05
8.483429e-05
5.997108e-05
5.294683e-05
5.665557e-05
5.240169e-05
0.00010101259
5.1300354e-05
8.300064e-05
5.9428956e-05
0.00017234478
4.9925944e-05
2.967053e-05
6.596382e-05
9.915809e-05
0.000129472
7.155741e-05
8.077385e-05
9.801901e-05
5.2427655e-05
6.149574e-05
4.706461e-05
4.725402e-05
7.931854e-05
5.153189e-05
7.351642e-05
7.0678645e-05
5.193445e-05
5.363942e-05
5.8154463e-05
0.00017623727
3.9432605e-05
3.8127473e-05
6.375872e-05
4.06971e-05
4.957652e-05
6.623212e-05
6.3098414e-05
3.285063e-05
0.00018727356
7.7190794e-05
8.013644e-05
0.0001632313
4.469904e-05
3.130001e-05
4.2924927e-05
6.27581e-05
0.00010644216
4.481496e-05
6.76304e-05
6.962736e-05
3.7956932e-05
4.1090334e-05
3.3426466e-05
0.000116345625
4.2840802e-05
4.723121e-05
6.082753e-05
0.00016813948
6.5617256e-05
4.458628e-05
0.00010487686
4.883699e-05
4.657592e-05
0.00013839584
7.234946e-05
4.2900796e-05
6.3000756e-05
9.7720054e-05
4.3464464e-05
0.0001231208
0.00010924699
5.5507764e-05
5.9794693e-05
4.741281e-05
8.149985e-05
6.7052446e-05
7.823775e-05
8.380279e-05
2.779251e-05
7.267986e-05
3.7824615e-05
3.4731886e-05
0.00012866176
4.583387e-05
5.0335366e-05
4.556228e-05
3.6309895e-05
6.678913e-05
8.5955835e-05
4.2009793e-05
8.6977234e-05
5.1368097e-05
6.2961924e-05
0.00021985665
6.342984e-05
3.1764466e-05
5.06949e-05
7.509924e-05
0.0001704025
4.3066953e-05
4.300863e-05
5.311541e-05
3.1505646e-05
0.00025100462
7.624368e-05
6.4015774e-05
0.00011597744
7.970996e-05
7.7953795e-05
8.144885e-05
5.4052318e-05
0.00015351342
6.2533065e-05
0.0001315154
5.6327477e-05
5.6934103e-05
7.859361e-05
8.882892e-05
9.442835e-05
2.2036405e-05
7.418928e-05
6.515321e-05
7.026913e-05
0.00012451586
5.114081e-05
5.6519406e-05
5.194649e-05
6.262744e-05
0.000103071725
2.5782563e-05
4.8247806e-05
6.483568e-05
0.00010546409
4.318096e-05
5.7221685e-05
0.000107555796
3.7547306e-05
5.834097e-05
6.994256e-05
6.9556896e-05
4.884226e-05
8.766743e-05
9.261304e-05
5.5096236e-05
3.3942775e-05
4.800352e-05
9.2288516e-05
4.6606314e-05
0.0001034123
7.43707e-05
6.346389e-05
0.00010008316
7.732271e-05
5.1286028e-05
3.7583253e-05
4.0577197e-05
2.0297486e-05
3.4107914e-05
0.00012769231
7.339255e-05
6.139517e-05
7.0404974e-05
6.1871964e-05
4.6715028e-05
4.7236023e-05
5.5152752e-05
7.522035e-05
7.292156e-05
0.00020677029
4.3780066e-05
5.0113482e-05
3.335027e-05
9.4222836e-05
8.638415e-05
4.738682e-05
3.2741216e-05
0.00020446783
5.2829007e-05
3.4393546e-05
7.2240815e-05
6.303167e-05
8.874531e-05
7.209061e-05
0.000108775435
4.347088e-05
0.00012672316
5.975111e-05
7.550114e-05
4.9303584e-05
4.1366515e-05
0.00015172473
3.5798017e-05
9.395356e-05
4.657226e-05
0.000110228015
9.835359e-05
5.0558083e-05
6.110498e-05
3.985301e-05
0.00014675273
4.489961e-05
8.0205005e-05
5.599578e-05
6.889577e-05
3.7583723e-05
3.723992e-05
3.978614e-05
5.693992e-05
0.00011140568
7.028064e-05
9.2989496e-05
6.4695356e-05
6.088098e-05
3.9620412e-05
0.00014173596
0.00010133385
0.00013554018
7.550355e-05
5.8951355e-05
5.0522227e-05
0.000107357904
4.415578e-05
0.00013257984
9.926261e-05
7.038355e-05
0.000103021834
3.624646e-05
5.926083e-05
2.9129927e-05
5.0505936e-05
6.982031e-05
9.611468e-05
0.00020876822
0.00012494394
5.7952224e-05
8.375473e-05
0.00012689512
4.9002105e-05
8.010513e-05
0.00020420788
5.5054534e-05
2.980803e-05
0.00021787395
0.000102033526
2.818436e-05
0.00011018317
0.0001242017
0.00015047191
5.6045104e-05
4.9138915e-05
4.5934557e-05
6.796915e-05
6.014594e-05
3.7647893e-05
8.4291656e-05
5.874283e-05
6.1818944e-05
4.971394e-05
7.174391e-05
7.365865e-05
9.363835e-05
5.9432743e-05
2.7012245e-05
3.994927e-05
0.000115547
8.5877204e-05
5.3848038e-05
3.421552e-05
8.573395e-05
4.710404e-05
2.8904497e-05
7.2818555e-05
3.3131404e-05
6.8079105e-05
8.7580614e-05
0.00010536599
7.3147115e-05
3.781878e-05
0.00011361472
6.795879e-05
0.00011498506
4.9789018e-05
7.863246e-05
7.748774e-05
7.5601085e-05
6.2691885e-05
5.0336956e-05
5.238164e-05
5.126524e-05
3.580839e-05
3.6906906e-05
3.0449839e-05
6.705925e-05
0.0001001356
5.1727737e-05
0.00010838416
4.9547736e-05
0.00011980941
6.578994e-05
6.982763e-05
5.963276e-05
4.6918998e-05
3.6056248e-05
5.0824176e-05
5.0157116e-05
4.1990388e-05
4.7422553e-05
6.796122e-05
3.1181342e-05
0.0002491647
4.3532047e-05
0.00010010869
9.1449394e-05
9.9738645e-05
7.2969204e-05
3.871735e-05
4.2748183e-05
5.34884e-05
5.2067437e-05
0.00026414823
4.5394936e-05
5.1838542e-05
4.1621057e-05
4.1731768e-05
5.086991e-05
3.8157872e-05
4.279726e-05
9.149377e-05
3.246963e-05
4.594973e-05
0.000115819625
4.9598264e-05
3.3081888e-05
4.8127727e-05
4.9524726e-05
7.2169e-05
5.4856166e-05
2.9530964e-05
5.1251856e-05
7.907658e-05
2.1723868e-05
0.00011928789
7.868488e-05
7.1052105e-05
6.4336644e-05
4.3504e-05
9.3132905e-05
3.6339246e-05
0.00017798867
0.00013774396
8.564643e-05
5.085941e-05
6.0108097e-05
3.6850834e-05
4.0032523e-05
5.920622e-05
3.2120028e-05
3.793957e-05
4.577519e-05
8.313357e-05
9.523724e-05
3.4343466e-05
3.8426253e-05
5.7874928e-05
6.4800166e-05
4.4193697e-05
6.7588335e-05
0.00012374583
4.9079965e-05
7.8277284e-05
0.00010021185
5.3596417e-05
4.505544e-05
7.825264e-05
8.7558044e-05
0.00016058766
0.00013835066
0.00011134376
8.1015234e-05
7.631321e-05
5.5024557e-05
0.00010827626
2.5655807e-05
3.357834e-05
0.0001818166
3.992161e-05
2.8187813e-05
0.00019988675
5.928222e-05
3.0688498e-05
5.9374135e-05
4.905218e-05
3.6709327e-05
4.142027e-05
5.785733e-05
3.747044e-05
5.3313735e-05
4.3425724e-05
4.5472083e-05
9.376062e-05
7.193964e-05
0.00013589583
3.633084e-05
6.128305e-05
6.729674e-05
6.6724184e-05
3.7935886e-05
4.4765686e-05
5.3812666e-05
5.8724043e-05
4.408983e-05
8.78593e-05
6.32095e-05
4.5293593e-05
5.897611e-05
5.1751547e-05
6.243477e-05
5.7314217e-05
3.871955e-05
2.9529005e-05
3.872026e-05
0.00017032157
8.876546e-05
7.504184e-05
9.669216e-05
5.032413e-05
6.582575e-05
7.325331e-05
4.0910196e-05
0.00015074581
2.9461631e-05
7.5001604e-05
4.4880722e-05
9.277143e-05
8.332066e-05
0.0002296402
3.9624916e-05
5.088218e-05
3.0860472e-05
4.973605e-05
3.1601823e-05
5.4383865e-05
2.9500134e-05
9.636477e-05
4.4136585e-05
3.4431407e-05
2.8776454e-05
6.47732e-05
3.426294e-05
6.6379704e-05
4.9646937e-05
7.1983224e-05
3.556982e-05
0.000116704585
4.991436e-05
0.00011650434
5.426411e-05
9.691042e-05
0.0002830852
3.527823e-05
6.8237605e-05
8.6403146e-05
3.5200344e-05
5.8818816e-05
0.00010254426
0.000104217375
5.1259332e-05
3.9373903e-05
6.512158e-05
5.529179e-05
8.664674e-05
6.841063e-05
3.3561286e-05
3.7977312e-05
3.3866614e-05
5.454598e-05
8.071682e-05
5.3978314e-05
4.2002837e-05
5.580643e-05
5.249561e-05
5.5408087e-05
9.4730094e-05
5.980604e-05
4.1391388e-05
3.347927e-05
4.712416e-05
2.7450267e-05
0.00015419004
9.1204594e-05
4.6617435e-05
5.5518653e-05
0.00013136356
7.4206655e-05
4.3653603e-05
4.1499967e-05
0.000105953295
4.935472e-05
4.5683115e-05
8.066161e-05
0.00011896796
5.3787215e-05
0.00012058046
5.6606747e-05
3.865612e-05
9.908937e-05
0.00012954057
8.42383e-05
4.8096776e-05
0.00018768167
5.6643963e-05
9.5876996e-05
5.2871583e-05
2.5577348e-05
0.00015418635
7.356293e-05
7.853734e-05
7.7124896e-05
0.00012691032
8.3232706e-05
6.895682e-05
5.740856e-05
2.9910998e-05
5.1121955e-05
4.9454597e-05
6.3732594e-05
3.576848e-05
4.930364e-05
6.352033e-05
4.385711e-05
0.00011804135
0.00012616198
4.8391208e-05
7.0009955e-05
6.837743e-05
5.5665736e-05
6.2530715e-05
0.00019056431
0.00013086054
4.7913818e-05
0.00015624324
0.00013015248
4.935538e-05
3.4957367e-05
0.00013323751
9.149696e-05
5.0246592e-05
6.481915e-05
4.5836492e-05
5.6865272e-05
8.046475e-05
0.000114612805
0.00021172236
4.9516366e-05
9.683225e-05
0.00019182853
3.5877103e-05
6.744654e-05
4.5360284e-05
4.713185e-05
5.072762e-05
9.189411e-05
2.811418e-05
7.863893e-05
5.9597172e-05
0.00015752604
5.256789e-05
0.00015953023
4.72381e-05
4.108441e-05
0.00012258299
5.3764892e-05
5.0661874e-05
5.7775676e-05
0.00012721041
0.00014681192
7.331482e-05
0.00014189395
4.8483707e-05
5.5751247e-05
0.00019500646
4.2001226e-05
4.9617378e-05
6.593009e-05
6.634752e-05
5.6231747e-05
1.8847755e-05
4.9259015e-05
0.00012805877
3.516299e-05
4.4409328e-05
5.798363e-05
7.837188e-05
