1380505279
1463835384
1216635726
1807404318
1117285683
1550522221
1078101478
2131383566
1944830674
1199433668
1753646205
1114491837
1912012479
1567045993
1945254869
1762089057
2054692796
1270175277
2013607303
1521938819
1542532906
1405621962
1172855839
1495790693
1828439687
1997286301
1791772427
1310187188
1361839561
1591154429
1091570837
1985976187
1650738243
1208934214
1999205518
1997179020
1298551366
2102568302
1119806784
1467559578
1390906404
2139940910
2019193255
1350067560
1555918547
2049566895
1781652648
1423422763
1640798329
1993358660
1362908891
1080267392
1558529822
1168241020
1840816618
1889999839
1642444463
1132907542
1455071114
1727239387
1571141273
1940122396
1401693548
1601200561
2019685781
1164912026
1277490095
1142783261
1684440298
1646243173
1682675720
1518303832
1351403352
1980276382
1435639352
1608494116
1871477887
1896865188
1491402034
1982121034
1401201505
1237082597
1323735897
1224345647
1180060476
1198613404
1939278452
1388535013
2013385202
1166500750
1386481328
1541219517
1158395629
1512532071
1671911821
1887250306
1145088496
1224952316
1436824758
1099646673
1104072252
1853247575
1204023068
1717683364
1651379803
1213428704
1253264713
1358757023
2058858533
1842655741
1781667919
1489698297
1901744633
1158336576
1547488298
1474270530
1535084982
1093893928
1803533604
1872357397
1906918811
2088752454
1462625719
2005849250
1466319275
1243490312
2094169077
1580158523
1626816825
1773698591
1920120209
1561993468
1359185664
2001918130
1103539230
1421212197
1964257700
1533122418
2083483125
1225204088
1141057779
1088228698
1616783209
1690417777
2004721544
1471988733
1141596019
2031061423
1438335437
1276257234
1296917894
1397080372
1107782335
1904213060
1566654949
1827995293
1958020523
1298722919
1698137460
1767515538
1622994705
1503066658
2141781889
1176066727
2129090654
1696733917
1560502728
2008325409
1963085728
2032190095
1200196136
1471081484
1284216849
1482014181
1484329516
1184467112
1754665219
1990695049
2012485976
2009760654
1241021449
1472234918
1466156904
1781404839
1495704385
1354884473
1862392837
1821360887
1903021469
1262911973
1793391354
1461061254
1536403667
1316070145
1330243692
1836309950
2075453971
1103141324
2059489123
1733404366
1522280184
1641811602
1454633002
1194885634
1320554486
1213710050
1463266408
1204115900
1204799646
1127291706
1514861178
1232064219
2017813681
1336962956
1256500199
1754557242
1363114658
1634181417
1625170498
1141180813
2048316251
1081934305
1287302722
1586120151
1121584071
1078143134
1088938879
1208094523
1737643218
1482809800
1169202537
1806615755
1198278610
1756236855
1896141670
1896972276
1593836954
1491741273
1714789003
1434474823
1644985474
1445615027
1091478923
1103651827
1288623147
1757495018
1703784592
1207777368
2045809358
1170882547
1558432786
1100740455
2018332978
1107175086
1529972225
1194328354
1234329730
1607184322
1687879279
1472711187
2073500492
1684369841
1270748408
2031361229
1480419224
1396062073
1764055584
1151959548
1933025812
1772495353
1672814141
1097594660
1088143164
1287717831
1148997145
1181270431
1427694766
1862300943
1714411055
2098124939
1873959652
1308320211
1609723690
1756258775
1740193121
1859176150
1330379678
1301475737
1642080578
1086332146
1511582442
1422461005
1851431899
1655803593
1183813520
1583422375
1764111737
1377376059
1180432674
1254188344
2063366119
1548838829
1159616650
1644484926
1203533055
1693769542
1384606792
1361219362
1180052068
1631325039
1122841529
1219447622
1459633935
1354031734
1956897456
1482428179
1144915542
1871625954
1192809990
1286328302
1392906662
1272635610
1191987359
1317033817
1287193991
1450962883
1757859677
1309472562
1148112126
2146486978
1588073534
1405287071
1759257421
1969442557
1372503960
1444376174
1161547368
1676269359
1721006463
1093912267
1388623447
1262261715
1866799164
1349855946
2006488296
1258138939
1598865510
2003141325
1100568129
1350685150
1701377923
1548205340
1590642573
2046287966
1230918149
1709054597
1767242793
1327282449
1587831330
1343291176
1163301459
1837217682
1810471682
1766390635
1464772110
1176103841
1223877187
1197792947
1673298934
1724631688
1422897860
1566813938
1169815150
1208598937
1266177468
1157664089
1399650716
1537157146
1631496012
1393296739
1096244612
1684881213
1187487601
1171902005
1962179156
1108009944
1587888063
1457080359
1455409725
2034219540
1169500846
2136680537
1165177812
1704897800
1809232346
1997590167
1249736138
1216535984
1542930768
2121270939
1211187886
1944920462
1950093914
1188556158
1783088396
1999883465
2137717199
1517281184
2147196192
1353040788
1158844663
1545891552
1124486165
1157126429
1686201348
1281693477
1379959500
1197480189
1847594258
2030279722
1393558176
1838442424
1660105606
1503201194
2032908780
1088007516
1698105372
2079318983
1609167763
2001096416
1188310861
1404402922
1722011424
1870689421
1383330923
1500944525
1772887315
2139039943
1942384380
1112591080
1604844052
1795629707
1352225743
1514031346
2065138091
1579175791
1445637256
1146734775
1828919069
1170705968
1252259946
2105406510
1828343328
2045760453
1876034813
1616255454
1300752364
1892890189
1783029227
1285627883
1264916869
1198876426
1569090458
2124038207
1865506690
1317195144
1167569500
1385106663
1434050203
1387254215
1146085580
1715399054
1935537925
1351814596
1750965284
1245655211
2029251178
2124875964
1095340649
1680842522
1587577142
1697712512
1431855139
1572362970
1558985235
1772715202
2091866500
1257312586
1372065075
2060284354
2052799143
1476866148
2116535116
1377954506
1209155348
1458764670
1339125004
1809335278
1379868069
1809368429
1989749576
2073971272
1753324111
1129587807
1175804227
1537993744
1711535782
1911702427
1761059354
1376719616
1752384001
2097242143
1083784563
1946755545
1341364010
1851642324
1188842820
1442086471
1162063960
1476729311
1270658331
1378518843
1125763194
2062469212
1608953587
1344701891
1513401385
1601081218
1550936654
1159981840
1681860724
1662150805
1363379236
1166230131
1361039980
1267860329
1132137613
1653544606
1648524971
1594345891
2018776696
1644885345
1374279314
1197953917
1217499773
1197654835
1839912636
1521541009
1291871825
2024468189
1598388255
1568293351
1774650917
1582561325
1274446217
1885917800
1261182817
1962760793
1303896178
1226539977
1294588931
1106666372
1397345385
1934188118
1564460929
1101038038
1282730197
1801295879
2130960725
1089198672
1297172275
1534629860
1733810391
2039899823
1939262022
1237779295
1153154329
2134737303
1884627916
1389820644
1256717902
1408658301
1322595240
1806371193
1157592714
1513333199
1968195875
1123762937
1096277787
1323464698
1120064838
1235324447
1195210125
1801252773
1718769994
1834995227
1801994075
1482605869
1944700584
1611149946
1341329289
1397718259
1194445106
1155487930
1489087859
1671433986
1151960805
1484128485
2049409550
1378995711
1473863442
1130642252
1635756030
1597612739
1300608840
1461006357
1113115742
1528753572
1119488228
1825282149
1520481635
1153169793
1633531275
1556521978
2137791716
1173992533
1514474774
2141904633
1328635541
1880028465
1338942385
1236703224
1156931100
1131224469
1120500244
1676509900
1575862937
2119651674
1101217710
1185231609
2147071031
1313754346
1837368841
1392465264
1840268132
1228228830
1863681610
1103700248
1919843405
1432052497
1256196285
1183695463
1349906832
1486111490
1715102340
1712973056
1657649260
1132803431
1302606681
1139062982
1962685406
1159291280
1540431727
1550184721
1313833483
1761482640
1150918247
1496022361
1643139914
2075214184
1354765497
1831129152
