0.00188543
0.00175405
0.00181655
0.00218614
0.00187496
0.00211936
0.00149852
0.00197615
0.00169691
0.00205590
0.00151898
0.00159270
0.00149915
0.00196605
0.00192442
0.00176079
0.00221683
0.00269743
0.00239052
0.00197305
0.00179153
0.00208269
0.00154085
0.00230865
0.00201908
0.00238563
0.00187651
0.00208133
0.00177883
0.00131413
0.00166882
0.00188730
0.00231423
0.00178207
0.00165922
0.00222386
0.00227564
0.00151238
0.00194607
0.00158944
0.00222202
0.00129603
0.00162156
0.00177123
0.00172434
0.00187868
0.00182368
0.00149945
0.00143009
0.00196953
0.00202278
0.00218831
0.00155524
0.00185609
0.00184007
0.00171220
0.00207055
0.00186088
0.00225038
0.00272581
0.00271314
0.00172128
0.00173347
0.00400684
0.00176933
0.00155440
0.00121193
0.00182615
0.00216996
0.00183920
0.00369851
0.00134070
0.00220251
0.00182126
0.00260968
0.00185983
0.00205490
0.00243746
0.00221592
0.00175605
0.00197130
0.00222111
0.00173305
0.00172331
0.00189079
0.00178701
0.00194296
0.00151897
0.00196487
0.00245473
0.00228188
0.00185433
0.00137451
0.00209391
0.00237058
0.00212283
0.00163740
0.00167333
0.00188838
0.00163206
0.00185875
0.00205332
0.00188827
0.00194139
0.00202221
0.00214915
0.00167490
0.00172730
0.00197953
0.00200743
0.00228187
0.00224951
0.00223222
0.00198622
0.00248285
0.00181567
0.00176245
0.00131646
0.00151492
0.00203988
0.00169111
0.00224603
0.00141738
0.00156831
0.00178330
0.00160917
0.00328187
0.00182442
0.00211943
0.00175580
0.00179095
0.00229197
0.00188104
0.00212627
0.00207015
0.00163444
0.00197276
0.00194489
0.00180256
0.00181092
0.00186716
0.00139337
0.00217893
0.00192583
0.00187255
0.00176049
0.00144340
0.00214231
0.00172773
0.00234927
0.00204753
0.00146048
0.00208502
0.00188093
0.00225588
0.00145793
0.00183325
0.00119409
0.00214974
0.00191864
0.00165390
0.00186783
0.00141174
0.00189456
0.00154459
0.00182694
0.00169229
0.00187099
0.00189088
0.00169366
0.00209693
0.00167107
0.00233283
0.00163557
0.00154619
0.00197586
0.00193944
0.00230073
0.00164396
0.00236361
0.00152195
0.00162695
0.00212430
0.00168608
0.00134802
0.00194001
0.00181653
0.00185401
0.00168718
0.00195252
0.00157330
0.00176089
