107025
-67641
-403300
-16444
185857
-705844
252088
-67954
-17809
91796
199233
-38242
-254916
719439
-464944
76318
360293
288211
397747
347841
214684
-365108
73306
402245
347509
77970
364916
-330452
-226661
-172657
36107
-249972
149723
-596526
-523013
414577
-168073
-138385
12960
9795
167387
670231
-245814
-423720
-453906
478475
-56975
-232364
-86405
881001
102040
-413659
208800
183334
80212
-66106
202264
-107853
279823
-339925
98356
-199967
299848
1275121
-178325
-200846
49961
-95095
324013
267585
1028134
442965
-656064
-427824
-375568
107539
350618
-568539
45095
-573898
-460173
708504
-386141
40407
168176
-217586
-109783
23968
-295870
-298174
-80708
-236633
-52319
90705
852007
-455005
-506985
-68349
147564
138061
-327869
586422
-40950
320778
-305321
93338
227246
196606
-214283
177583
515602
-29564
-292580
354885
-893763
-266003
-12352
-192519
114519
29524
5642
705208
-170926
-204370
396167
819616
-964558
119572
533693
-17385
82233
-810925
-328639
148065
401050
-148045
820245
-114207
-286684
-381791
-381502
-135952
-60737
280731
-382309
334216
-442263
-351993
502946
249389
-3303
-33449
-86019
130158
8171
-313530
-580162
-5448
-994683
-328463
-167556
-109802
344703
98890
115225
-72909
-310326
258174
455037
-143664
302171
10187
440861
-300929
482607
183122
-10580
-44276
93944
-951803
109367
-116116
470303
-237198
-134789
-56323
54845
-769255
33916
775576
-143583
-3121
