1184496490
1101964096
1141229516
1373419500
1177924821
1331465240
1882851356
1241490981
2132124172
1291592707
1908565997
2001184574
1883641953
1235150015
1208995554
1106196353
1392697385
1694631249
1501817315
1239549566
1125510666
1308428646
1936037220
1450379938
1268465720
1498748017
1178897552
1307574639
1117529143
1651176744
2096833324
1185676989
1453886358
1119563649
2084766600
1397117173
1429644980
1900271474
1222593553
1997091278
1395959610
1628438310
2037454899
1112757229
1083296022
1180261534
1145708666
1884025109
1796875952
1237335624
1270787593
1374778085
1954121115
1166065865
1156003966
1075669324
1300797900
1169074451
1413773677
1712461506
1704500221
1081374844
1089035271
1258624406
1111561890
1953071483
1522768136
1147256132
1363251019
1155458913
1161772896
1684562605
1383701308
1144185485
1639502621
1168418768
1290964007
1531309552
1392128047
1103216099
1238444619
1395387574
1088769490
1082648434
1187866646
1122666675
1220641345
1908549807
1234409336
1542156651
1433566935
1164963616
1727044378
1315473864
1489290534
1333646802
2057349343
2102502417
1186350210
2050638712
1167738801
1289975086
1186285452
1219657821
1270431419
1350179185
2104477560
1085156488
1243614530
1261146626
1433561538
1413229973
1402366684
1247822503
1559819614
1140675018
1107240589
1654101683
1903460845
1281532157
2124846902
1411043014
1780907511
1970545566
1120338056
2021888502
2061798812
1146171422
1331509762
1103062297
1125146397
1439905202
1181741542
1335805429
1300545611
2053636505
1239362035
1221851525
1132437159
1137690717
1173022040
1750735306
1368887733
1209880591
1176407036
1106004775
1813599913
1345884867
1085429015
1475901652
1286337800
1835064757
1309891115
1181670038
1417230178
1831853800
1151716394
1500350798
1350546151
1205365013
2078085651
1173441623
1773821819
1190237088
1940737630
1147752616
2126325561
1175431607
1187921960
2128041669
1317374804
2099661125
1465573972
2055053104
1942755946
1241312894
1218428752
1445405653
2065592599
1484909871
1912295024
2044224892
1334568266
2118524824
1693752958
1218787624
1141214675
1164758547
2119903647
1226646375
1976819075
1106261112
