0.00877963
0.00816789
0.00845893
0.01017995
0.00873092
0.00986898
0.00697796
0.00920208
0.00790178
0.00957344
0.00707326
0.00741651
0.00698089
0.00915508
0.00896122
0.00819926
0.01032284
0.01256081
0.01113165
0.00918769
0.00834242
0.00969823
0.00717507
0.01075039
0.00940202
0.01110890
0.00873813
0.00969190
0.00828326
0.00611936
0.00777099
0.00878838
0.01077638
0.00829834
0.00772627
0.01035560
0.01059670
0.00704252
0.00906201
0.00740134
0.01034702
0.00603509
0.00755093
0.00824789
0.00802952
0.00874824
0.00849213
0.00698231
0.00665933
0.00917128
0.00941923
0.01019002
0.00724209
0.00864302
0.00856844
0.00797299
0.00964167
0.00866532
0.01047906
0.01269297
0.01263396
0.00801528
0.00807206
0.01865815
0.00823903
0.00723820
0.00564347
0.00850360
0.01010458
0.00856440
0.01722240
0.00624309
0.01025616
0.00848084
0.01215219
0.00866046
0.00956878
0.01135025
0.01031862
0.00817717
0.00917950
0.01034278
0.00807009
0.00802472
0.00880461
0.00832134
0.00904754
0.00707320
0.00914959
0.01143065
0.01062577
0.00863485
0.00640053
0.00975045
0.01103880
0.00988515
0.00762466
0.00779200
0.00879337
0.00759979
0.00865542
0.00956145
0.00879289
0.00904025
0.00941659
0.01000769
0.00779932
0.00804331
0.00921782
0.00934777
0.01062573
0.01047503
0.01039451
0.00924901
0.01156157
0.00845482
0.00820700
0.00613020
0.00705434
0.00949887
0.00787481
0.01045882
0.00660015
0.00730296
0.00830408
0.00749324
0.01528230
0.00849556
0.00986931
0.00817603
0.00833972
0.01067275
0.00875921
0.00990115
0.00963980
0.00761090
0.00918630
0.00905651
0.00839376
0.00843270
0.00869458
0.00648833
0.01014636
0.00896778
0.00871967
0.00819784
0.00672131
0.00997586
0.00804533
0.01093956
0.00953449
0.00680086
0.00970907
0.00875868
0.01050468
0.00678896
0.00853666
0.00556039
0.01001041
0.00893431
0.00770151
0.00869769
0.00657389
0.00882218
0.00719249
0.00850728
0.00788029
0.00871244
0.00880502
0.00788665
0.00976454
0.00778147
0.01086301
0.00761615
0.00719997
0.00920076
0.00903114
0.01071352
0.00765521
0.01100633
0.00708708
0.00757602
0.00989198
0.00785138
0.00627715
0.00903380
0.00845882
0.00863333
0.00785649
0.00909205
0.00732621
0.00819974
