0.01308804
0.00877266
0.00889538
0.01791916
0.01518504
0.00490147
0.00404015
0.00533629
0.01589906
0.01384308
0.00450748
0.00645117
0.00441992
0.01368408
0.00531197
0.00548129
0.00614209
0.01010763
0.00748429
0.01070916
0.01070826
0.01379105
0.01019232
0.00688389
0.00519706
0.00589004
0.00453305
0.01086542
0.00592871
0.01081903
0.01270636
0.00797250
0.00807869
0.00735301
0.01212739
0.01109088
0.00820497
0.00707946
0.00761490
0.00997626
0.01146398
0.01029994
0.01134235
0.01077093
0.00937090
0.01286252
0.00831421
0.00701002
0.00639949
0.01707497
0.00668306
0.01157404
0.00662278
0.01235930
0.00841791
0.00672880
0.00409248
0.00709067
0.00564861
0.01128397
0.01426439
0.01097910
0.00612034
0.01164327
0.01517248
0.01378448
0.00685531
0.01151311
0.00909400
0.01065613
0.00969396
0.01485083
0.01048881
0.00744438
0.01228078
0.01110585
0.00547162
0.00774001
0.00714426
0.00443896
0.00879391
0.01155828
0.00794519
0.00775443
0.00410847
0.00645458
0.00822677
0.01023318
0.01429145
0.01059443
0.02495024
0.00809360
0.00582974
0.00865205
0.00848734
0.00624748
0.00955305
0.00613245
0.00817569
0.00752550
0.01681141
0.01309066
0.00871215
0.01381131
0.00690255
0.01009626
0.01178197
0.00895568
0.00430731
0.02118387
0.00690602
0.00993225
