0.00447520
0.00096727
0.00148379
0.00467815
0.00289884
0.00101286
0.00110976
0.00572570
0.00240061
0.00287767
0.00267252
0.00126493
0.00064593
0.00106226
0.00048383
0.00760744
0.00045251
0.00018616
0.00050216
0.00125878
0.00060483
0.00028820
0.00037893
0.00061293
0.00088934
0.00146324
0.00204008
0.00374291
0.00009699
0.00008092
0.00179396
0.00233769
0.00064446
0.00265659
0.00146803
0.00064015
0.00020666
0.00053824
0.00048051
0.00235234
0.00030903
0.00392132
0.00069660
0.00462004
0.00026414
0.00421717
0.00067943
0.00142813
0.00591889
0.00198289
0.00260376
0.00955660
0.00240702
0.00213185
0.00022717
0.00340742
0.00049396
0.00196864
0.00294114
0.00038721
0.00157840
0.00188441
0.00235038
0.00211524
0.00027224
0.00037834
0.00276107
0.00065530
0.00355159
0.00285430
0.00088839
0.00026004
0.00185724
0.00193344
0.00067209
0.00033808
0.00150046
0.00428330
0.00030863
0.00359478
0.00019173
0.00468824
0.00060833
0.00492755
0.00085155
0.00033923
0.00071527
0.00076344
0.00025265
0.00824814
0.00142123
0.00044294
0.00026770
0.00159409
0.00065438
0.00055646
0.00038673
0.00047863
0.00220521
0.00025953
0.00237048
0.00572743
0.00109685
0.00627272
0.00152360
0.00627492
0.00305578
0.00176212
0.00136987
0.00136945
0.00175394
0.00351526
0.00264387
0.00304095
0.00042531
0.00068478
0.00057946
0.00019085
0.00398028
0.00036003
0.00062691
0.00194302
0.00260901
0.00066506
0.00049265
0.00215729
0.00225393
0.00149260
0.00032418
0.00218885
0.00152993
0.00376328
0.00057098
0.00018028
0.00060423
0.00091899
0.00048951
0.00025896
0.00144064
0.00138378
0.00084585
0.00019391
0.00251422
0.00167454
0.00568731
0.00080621
0.00230086
0.00558827
0.00166916
0.00112052
0.00029428
0.00108643
0.00041036
0.00051404
0.00031294
0.00023269
0.00021762
0.00138653
0.00500050
0.00287601
0.00470186
0.00057651
0.00262186
0.00032327
0.00433123
0.00038659
0.00778926
0.00241623
0.00080844
0.00284501
0.00061537
0.00418245
0.00045957
0.00061832
0.00021116
0.00046037
0.00220487
0.00383270
0.00031181
0.00076275
0.00241305
0.00054966
0.00046045
0.00387945
0.00119978
0.00357224
0.00603282
0.00135073
0.00061019
0.00178028
0.00064597
0.00018523
0.00071153
0.00036187
0.00217408
0.00032591
0.00200776
0.00116798
0.00177788
0.00207736
0.00064537
0.00031254
0.00035130
0.00132256
0.00058011
0.00179159
0.00428754
0.00330915
0.00038728
0.00012472
0.00181281
0.00548018
0.00021047
0.00177196
0.00466831
0.00437665
0.00495521
0.00056276
0.00048968
0.00012624
0.00128682
0.00088226
0.00117596
0.00062234
0.00148091
0.00279519
0.00317612
0.00061010
0.00200039
0.00043377
0.00216236
0.00125575
0.00014977
0.00161600
0.00117895
0.00715815
0.00329234
0.00107413
0.00055755
0.00027595
0.00205999
0.01065849
0.00028769
0.00720302
0.00061140
0.00048179
0.00108038
0.00185329
0.00228143
0.00039015
0.00362649
0.00026494
0.00092759
0.00016749
0.00101191
0.00017999
0.00051608
0.00168071
0.00263318
0.00060014
0.00032187
0.00075135
0.00038688
0.00147799
0.00298893
0.00489426
0.00035968
0.00042828
0.00077059
0.00129178
0.00101959
0.00062407
0.00112089
0.00060331
0.00138290
0.00089556
0.00093490
0.00024256
0.00020044
0.00677269
0.00150660
0.00016547
0.00036710
0.00093431
0.00089509
0.00320855
0.00090437
0.00114932
0.00388970
0.00151206
0.00367852
0.00029607
0.00273917
0.00208629
0.00020071
0.00121992
0.00044738
0.00092605
0.00265778
0.00221129
0.00207983
0.00570109
0.00745726
0.00178289
0.00027314
0.00206206
0.00013739
0.00372408
0.00086671
0.00068642
0.00013737
0.00160916
0.00175075
0.00040620
0.00172799
0.00033559
0.00635155
0.00036095
0.00042481
0.00250451
0.00408167
0.00532365
0.00261268
0.00045190
0.00627549
0.00022250
0.00022265
0.00029789
0.00073881
0.00149042
0.00113713
0.00259949
0.00077097
0.00491586
0.00041523
0.00024067
0.00164335
0.00024286
0.00030109
0.00048888
0.00262264
0.00381832
0.00030289
0.00281940
0.00244514
0.00069699
0.00127322
0.00021031
0.00050245
0.00056098
0.00255863
0.00013381
0.00044341
0.00016232
0.00155336
0.00376166
0.00048166
0.00051479
0.00046059
0.00041327
0.00373561
0.00071171
0.00206531
0.00040179
0.00082062
0.00031384
0.00102772
0.00037517
0.00166841
0.00015014
0.00032902
0.00331531
0.00305932
0.00032309
0.00239504
0.00105875
0.00406935
0.00025463
0.00253269
0.00090711
0.00252176
0.00137643
0.00216555
0.00037840
