1660153239
1435303802
1100875445
1735440503
1075373071
1502952319
1646733442
2124047706
1781093849
2135043575
1982833726
1876993535
1916954139
1576251710
1435891310
1411055374
1342922300
1104961462
1490284294
1867861539
1794962971
1710581460
1124563361
1819028832
1319667236
1085626777
1513602959
1388495116
1151413022
1921183830
1330997811
1734415338
1912601822
1971018594
1089181109
1899801104
1226603054
1597355324
1426040944
1745282404
1834247301
1454680124
2067332373
1713883904
1567793243
1564432002
2016369264
2119150205
1097857031
1471171069
1931817083
1772591342
1785851107
1581693937
1348387405
1264039754
1465942065
1460604162
1091067631
1149150842
1171070744
1398110524
1743829649
1569370455
1615884701
1122800837
2048534407
1944759187
1317522420
2117704771
1318257949
1543454675
1377950401
1434488429
1994587545
2006641524
1113241022
1588961830
1831878966
1333545509
1138030287
1739184264
1805377052
1827959730
1263584023
2013493953
2122741141
1132841549
1499613041
1529894407
2108921893
1314524254
1588910584
1182712461
1942026634
1651420694
1147701290
1420445892
1636118949
1540423793
1758742467
2124687604
1627585443
1163487248
1130409614
1163894477
1133595609
1307378071
2032705095
2032088304
1301309444
1304045199
1961574542
1128092298
1262195784
2032242959
1719675936
1132759188
1476554270
2136958467
1860491151
1441595261
1935710924
1973720948
1462056460
1600568772
1672268531
1107413072
1924192749
1623984898
1135107390
1396052645
1694513759
2140080861
1793189465
1363653460
1452731373
1537023202
2137723508
2053344743
1255126472
1150933498
1865384763
1242395303
2109806587
1196310706
1707083408
2073064007
1238409950
1662706886
1746714112
1612112571
1217828870
1525542090
1857451118
1381145089
1291653541
2057423439
1855021242
2133811364
1744236878
1710936527
1945246489
1918767910
1606745384
1147298636
1444780685
1792680658
1199621616
2110811161
1826252800
1551549610
1363867598
1835016003
1253317277
1366250574
1635865461
1421804618
1850770732
1131822104
1790323763
1631244098
1366495827
1439149142
1780320114
1325183359
1118989815
2004306134
1810891573
1320851861
1917071275
1099423147
2111629737
1073933357
1613025404
1934401843
1489624491
1733125475
1319070120
1541264790
1915290449
1855071802
2085125992
1962508881
1721619654
1329240778
1590534695
1227585437
1149348508
1480585837
1344989102
2032968193
1249217533
1314677995
1731791228
1623592082
1838220529
1670118454
1453229199
1498588105
1909476683
1309157982
1744972636
1846940034
1098737721
2073847122
1178237288
1810613376
1484161217
1287306714
1604327633
1863371038
1777919750
1198965931
1749405484
1327718360
1221350944
1593871457
1654665714
1637920823
1528374848
1976975005
1707583522
1336041274
1814488000
1429827716
1603146212
1375018810
1692671162
1157870118
1345310310
1572544553
1376416657
1988258566
1501547607
2136625362
1531594702
1246975028
1953645930
1781054956
1910451287
1114907916
1148171662
1096568884
1108794447
1815608795
2134868329
1271010233
1143450551
1916827853
1512937208
1852081186
1663254128
1790473385
2052038864
1328893490
1387264506
1439709196
1189723663
1256222558
1117797869
1964289707
1089461136
1386396971
1328201658
1190267931
1341967829
1705443968
1442950556
1121850942
1364610219
1757333180
2032284139
1547892099
1191283030
1810201572
1327694681
1374141666
1971898026
1640633243
1543095948
2114918455
1383198507
1322790545
1621210707
1529911337
1630929296
1381512511
1286081367
2037116895
1630724309
1193893413
1298942025
1205489374
1282057121
1991886107
1178108371
2142386966
1260735251
1858179097
1514167131
1974899624
1938438444
1341114021
1164000860
1320629944
1321512121
1768120631
1096301668
1105796052
1687347443
1928651678
1144016096
1823622970
1232293279
1428486148
1219258290
1441477211
1787133192
1450870017
1945828964
1416471977
1797777884
2091811412
1814132933
2068472614
1889288190
1248258486
1491137187
1664854675
1898337368
1588431060
1315939032
1926945434
1152491035
1395450495
1429447025
1527774986
1366902141
1226485918
1385788415
2112176980
1532326799
1192393987
1217693432
1862762482
1525002168
1113413523
1237848523
1782312333
1952872653
1229869808
1134908808
1917706369
1776964364
1571040094
1509595642
1511377841
1879087790
1346029137
1870983018
2042443817
1606697340
1122987522
