0.00921783
0.00331047
0.00803094
0.00801700
0.01525522
0.00952753
0.02378412
0.03455893
0.03512299
0.12035333
0.06193009
0.01133778
0.03015983
0.01925284
0.00641577
0.03430411
0.01040493
0.02823433
0.00748525
0.01023657
0.01514213
0.00678454
0.02629526
0.00405854
0.00842563
0.00754304
0.03586354
0.01051990
0.01836045
0.04454144
0.01444701
0.00898908
0.00892321
0.00683075
0.04546623
0.06635626
0.00699711
0.01093177
0.00482753
0.00976162
0.04018524
0.06250653
0.01228536
0.02982728
0.03376138
0.01591904
0.01030573
0.00931235
0.00389081
0.05807084
0.00268913
0.04006995
0.01430287
0.02151809
0.01943340
0.00108601
0.03356399
0.07033655
0.01927277
0.00451175
0.04218389
0.00913542
0.03710661
0.05527581
0.08048897
0.15419716
0.07396410
0.01190204
0.08545412
0.01774489
0.02426881
0.01406447
0.01125784
0.01753400
0.03695313
0.03053543
0.00661205
0.00975518
0.03224965
0.00599962
0.03676347
0.01087608
0.01792628
0.02961800
0.05620110
0.06145319
0.02527251
0.00756860
0.08380593
0.01660359
0.01892736
0.00547061
0.00489681
0.01365833
0.05275917
0.05030563
0.01236795
0.01058553
0.01129514
0.00835297
0.01570308
0.00819086
0.04564717
0.04720702
0.01321428
0.02983240
0.05201244
0.00444424
0.01722674
0.05519943
0.07128394
0.00371848
0.01546618
0.00725828
0.02954108
0.03197433
0.01660197
0.00299053
0.10264900
0.01425479
0.02608650
0.01080720
0.05041524
0.01256549
0.01221901
0.00861377
0.02059363
0.03694747
0.00917341
0.00672276
0.00906085
0.01131789
0.00698615
0.00982353
0.00872738
0.03068277
0.01396442
0.05552765
0.05017029
0.00764848
0.01874576
0.07847244
0.03811603
0.04444519
0.04453139
0.00472704
0.04977399
0.01072966
0.02248517
0.01822584
0.01700089
0.08542376
0.02535515
0.05355291
0.03205043
0.05247266
0.01688771
0.00725581
0.01808022
0.00947426
0.02359254
0.01145246
0.01417315
0.06782776
0.02459350
0.01224518
0.00916489
0.02956995
0.01071809
0.01698927
0.01325420
0.09936700
0.03906732
0.01095841
0.00871157
0.09316287
0.01512467
0.02364038
0.01537022
0.02757192
0.01956312
0.01508239
0.11258564
0.02307542
0.04779993
0.01280931
0.01102389
0.02379587
0.04272189
0.07202525
0.00605355
0.02797007
0.01666247
0.01216113
0.01124668
0.02441086
0.03552438
0.03344985
0.05144121
0.02805154
0.02030471
0.01947485
0.00811119
0.09114140
0.00924229
0.00984454
0.03227721
0.04557572
0.01199067
0.01379512
0.03435466
0.04597916
0.04023969
0.07933514
0.01006814
0.08068763
0.01560608
0.00880312
0.00275843
0.01470192
0.00739555
0.01611869
0.00489339
0.01333759
0.00687508
0.00858381
0.01059558
0.02008321
0.03516884
0.04114984
0.01180450
0.01994003
0.09825142
0.04005190
0.01179250
0.01486525
0.09033219
0.02720775
0.02505217
0.01145899
0.01161937
0.02464481
0.09749851
0.07110705
0.03209780
0.05046666
0.01258303
0.04608282
0.02453004
0.02315507
0.05674710
0.01398357
0.04331948
0.01165610
0.04015309
0.04590595
0.00855502
0.01045541
0.02328232
0.04268238
0.02751495
0.04964745
0.02195463
0.01147664
0.00590642
0.00447323
0.05299561
0.04429991
0.01335678
0.00479758
0.00648044
0.04998574
0.01577941
0.00801118
0.01587594
0.01731140
0.02082638
0.00304767
0.02263948
0.04078699
0.02373515
0.01746186
0.01430499
0.02785048
0.03751565
0.03437439
0.03410608
0.02947721
0.07071625
0.00889341
0.03861565
0.04149613
0.05971317
0.00531573
0.02697081
0.04895096
0.00358877
0.01678832
0.02875773
0.02998815
0.05952872
0.01455914
0.06249410
0.02885585
0.01761653
0.00695308
0.08186691
0.00481998
0.03452496
0.02245532
0.03612117
0.01062413
0.03699054
0.01202904
0.02794397
0.02449209
0.01219335
0.05709968
0.04760170
0.02117479
0.01462879
0.01305062
0.01196973
0.05740014
0.01632047
0.06499809
0.01341441
0.09140866
0.00986837
0.07543566
0.00776613
0.07041751
0.05664089
0.06156580
0.02045785
0.00798255
0.00731305
0.09288979
0.00810908
0.02523321
0.01009738
0.00944278
0.10322119
0.00453654
0.02240514
0.10067697
0.02715176
0.04914771
0.01260238
0.03269404
0.01296791
0.00837150
0.10162983
0.00593809
0.00808092
0.01740418
0.01821982
0.01755184
0.01660295
0.01918274
0.01983791
0.01191093
0.00607585
0.00961438
0.01201186
0.09112391
0.01039006
0.01385354
0.00622917
0.01222696
0.01728984
0.01088590
0.10107547
0.02744848
0.01150727
0.00620966
0.03947634
0.00420482
0.16528858
0.03219930
0.02818967
0.00938795
0.00490893
0.07022539
0.03704332
0.00994629
0.01505860
0.01588161
0.01760315
0.06062280
0.05994096
0.03506608
0.08283706
0.04622786
0.00928880
0.08809955
0.00643997
0.03523722
0.02754934
0.00862047
0.00874026
0.02280023
0.07612730
0.02650249
0.00690748
0.01054824
0.01915771
0.06133711
0.05250960
0.03676228
0.01455554
0.02560505
0.11460656
0.02602740
0.00755884
0.02673539
0.01126858
0.00839915
0.02063170
0.05259679
0.02864807
0.03791803
0.02277906
0.02954703
0.01451858
0.03074047
0.02011783
0.00556711
0.00820757
0.03185978
0.00676265
0.01542556
0.01446688
0.08013984
0.00916679
0.12127101
0.07432552
0.01160823
0.01716071
0.00729525
0.14782868
0.00985234
0.00973970
0.00984128
0.01031544
0.01406968
0.00460743
0.07425739
0.03580175
0.01679876
0.07905924
0.00782596
0.02968319
0.01356832
0.00771116
0.01039804
0.00713717
0.02506209
0.01280567
0.01217642
0.02874563
0.03435120
0.04284211
0.03616212
0.02292209
0.02535693
0.02466583
0.04379251
0.05218637
0.05014925
0.01682598
0.00916466
0.00946908
0.01633111
0.06851009
0.01044663
0.01143803
0.07601283
0.06275935
0.06299513
0.01645436
0.01020138
0.02154595
0.03387883
0.05641109
0.06804476
0.05460585
0.01039009
0.01725494
0.00605913
0.01268590
0.03844146
0.07394123
0.01314721
0.01085693
0.03451890
0.04840128
0.03292116
0.05537163
0.02997062
0.01226734
0.01221787
0.04519157
0.00691609
0.00938280
0.00457944
0.02968661
0.00519822
0.00763908
0.03740835
0.01815886
0.04991648
0.06847166
0.02634458
0.00635350
0.00960027
0.10107402
0.01604944
0.02154689
0.00680029
0.02662415
0.05427054
0.02087353
0.03583777
0.09613209
0.02814568
0.03160894
0.05222246
0.04655473
0.06322784
0.02248618
0.00979338
0.11786553
0.02102570
0.01734310
0.03212691
0.04106828
0.00257165
0.01114828
0.08327052
0.05660233
0.03121397
0.01229942
0.02903898
0.01688116
0.01082794
0.02248159
0.02708616
0.00778261
0.01283524
0.11029747
0.07436090
0.01698013
0.05722880
0.01424195
0.01915266
0.00546021
0.03812448
0.02787648
0.08687203
0.14175124
0.01769741
0.02023962
0.02722179
0.04348402
0.06691863
0.07114861
0.01109948
0.02132516
0.00383201
0.06704737
0.01804284
0.00871650
0.02036736
0.08140790
0.02347183
0.01381167
0.02519594
0.01289007
0.00969540
0.04895257
0.03771557
0.04166408
0.05441210
0.03359414
0.11602843
0.00774184
0.04354987
0.00692524
0.07713450
0.05893806
0.00878527
0.01790857
0.01374061
0.03554824
0.03722294
0.05593067
0.01469408
0.01062915
0.00935484
0.04642777
0.09167220
0.02000503
0.01346399
0.02545513
0.04279864
0.06758627
0.09034932
0.04760339
0.01882912
0.06083926
0.01037325
0.03744370
0.00934321
0.00519926
0.03710156
0.08701293
0.03418637
0.01538145
0.01082709
0.08188679
0.04586022
0.04846733
0.01285511
0.03241941
0.01580806
0.00626924
0.00659179
0.04894643
0.02544712
0.01521558
0.00969229
0.01449173
0.02774164
0.04446540
0.06861735
0.05147128
0.02405467
0.01265373
0.03409926
0.02471136
0.01245286
0.03429382
0.00674270
0.02697012
0.00867976
0.04018770
0.03746695
0.00679240
0.01868178
0.05706770
0.01659389
0.01419617
0.01656121
0.03284889
0.00702243
0.01296591
0.01963070
0.04503699
0.02524464
0.00273663
0.03559142
0.04977901
0.01220041
0.05503939
0.00790653
0.07127782
0.08030864
0.03419671
0.00626872
0.01780817
0.02130120
