0.0010069038
0.0011867817
0.0008694311
0.00034759528
0.00042826473
0.00074806594
0.0007996473
0.001254326
0.00021833502
0.0016807304
0.0012634522
0.0012395999
0.00046860595
0.0019117707
0.0012350242
0.00074567733
0.0018535333
0.0016790866
0.002003689
0.0058568823
0.0011253626
0.001445747
0.0010711619
0.0012961265
0.0013956664
0.0011466155
0.004336379
0.0014805302
0.001309874
0.001285711
0.0009301643
0.0012451595
0.0012503925
0.0016930804
0.0008445647
0.0015083606
0.0011835282
0.0011007271
0.00085439254
0.0031575994
0.0007291318
0.0022246253
0.0020745285
0.002462723
0.0008065309
0.0013139306
0.0028479288
0.0003977117
0.0017881978
0.0012415705
0.0005091474
0.0006055476
0.0010252205
0.0017580186
0.0010869015
0.001770393
0.0019046107
0.0016519445
0.00090509735
0.00085786916
0.0009383382
0.0011872619
0.001879651
0.0006949307
0.001744121
0.0032167877
0.0006529657
0.001399545
0.0013610661
0.0018322797
0.0012503259
0.0012315315
0.0013980746
0.0014747621
0.0013378926
0.0010398531
0.00129265
0.0029703148
0.0018083146
0.0007520305
0.0013770928
0.0020796813
0.0023198142
0.0011811826
0.0018912044
0.001030819
0.00033076867
0.0011615448
0.0017319699
0.0011908832
0.0007102889
0.0017105036
0.0023132658
0.002917411
0.0020799295
0.0016935335
0.00048201077
0.001978311
0.0017650852
0.001568508
0.0010132316
0.0038107175
0.0016633678
0.0019125151
0.00051617547
0.00065264467
0.0003321269
0.0013702896
0.0031412188
0.0017390867
0.0016434537
0.0012872466
0.0013058167
0.00077532337
0.0015459373
0.00063078344
0.0014453575
0.00058181793
0.0017880142
0.0018594695
0.0014981063
0.0010282382
0.001205079
0.001741925
0.0011278215
0.0029828968
0.0013609902
0.0039650854
0.0019029318
0.001926377
0.0010839842
0.0019203386
0.0010431211
0.0015501558
0.0019001395
0.0015134074
0.0012897267
0.0056348504
0.0016006546
0.0005489741
0.0014621412
0.00073006423
0.0015017161
0.0018597061
0.0017381789
0.0022591357
0.0005605085
0.00036633943
0.00027625725
0.0024324714
0.0018323304
0.0013007986
0.0013386166
0.0018187739
0.0030389344
0.002094071
0.000668416
0.0012837299
0.0008957872
0.0022847098
0.0025798474
0.0008699973
0.0013186496
0.0021694452
0.0013706405
0.0016151353
0.0010556021
0.0019378881
0.0012562143
0.0018303473
0.0020420677
0.004125645
0.0008909074
0.0023365165
0.0006161566
0.0017378442
0.0012658789
0.0007926655
0.0014088858
0.0013954116
0.0015715593
0.0011022771
0.0015360402
0.0034542736
0.0009725812
0.0014513376
0.0016227145
0.0015533201
0.0021144666
0.0011218952
0.00505013
0.001170319
0.0022765514
0.00158676
0.0013686724
0.0022659383
0.0016688764
0.00092168537
0.001185897
0.0014930508
0.0014914835
0.0009891655
0.000981878
0.00080839277
0.0005662824
0.0015372528
0.00089368416
0.0017631351
0.0011881065
0.0025284055
0.0010838012
0.0009091698
0.0015847086
0.0004211651
0.0010314253
0.0013974373
0.0014984214
0.0013736828
0.0005132684
0.002159587
0.0015898796
0.0032939757
0.0009337659
0.0019663705
0.0031010543
0.0025907676
0.0018423116
0.00092501054
0.000838432
0.0025605443
0.0013885754
0.0012321658
0.0013154097
0.0024101674
0.0028525416
0.0008527173
0.00088106253
0.0026424252
0.0015791584
0.002566223
0.0034035137
0.001160633
0.0036520765
0.001469008
0.00227233
0.0012582007
0.0011119784
0.00054131367
0.0018120678
0.0010351294
0.0010550648
0.0012181546
0.0010528015
0.00041640346
0.0011194517
0.0045341193
0.0017953701
0.0021351655
0.0013114088
0.00087154546
0.0014428633
0.0015224037
0.0013079611
0.00084690517
0.0032375518
0.0016382727
0.0017560703
0.0016460175
0.0007317436
0.0018504981
0.00065852085
0.002303011
0.0017971401
0.0010616976
0.0007474775
0.0010338828
0.001589996
0.0007589942
0.0019316513
0.0011153837
0.0017048054
0.0020858715
0.0028608062
0.0017491749
0.0027583484
0.0009947995
0.0010516164
0.0014879977
0.003245901
0.00065899984
0.0010856506
0.0007010182
0.002630368
0.002070227
0.0016840212
0.0029589096
0.0017535652
0.00086522155
0.0008576425
0.0008178429
0.0018352835
0.00087008876
0.0015342393
0.001933864
0.002812709
0.0014562974
0.0020356227
0.00061777694
0.0025336745
0.0016938292
0.0008717501
0.0015972534
0.0012521998
0.0021207966
0.00055999425
0.0012868779
0.0014608927
0.001087643
0.0011153147
0.0019749454
0.0021634593
0.0012698143
0.0018253515
0.0006881718
0.0030467787
0.002225091
0.0008338715
0.0017307476
0.0076872166
0.0019772397
0.0010836367
0.0027988902
0.00069967913
0.00366061
0.0010267977
0.0016728803
0.0027844256
0.0022114378
0.0015266457
0.002144613
0.0007918956
0.0008142508
0.0011643228
0.0018936538
0.0028886485
0.0017017345
0.0011325368
0.000989285
0.0011469234
0.004161285
0.0009240643
0.0026535967
0.0011885642
0.0023527064
0.0006845276
0.0012800561
0.001459937
0.0017424405
0.0023610475
0.00069604756
0.0023196724
0.0007666058
0.0014574063
0.0014246342
0.002521088
0.0022124888
0.0012217754
0.0015976304
0.0006734096
0.0028366314
0.000969171
0.0016804392
0.0011399417
0.0010550349
0.0006619189
0.0010647097
0.003933453
0.0011382027
0.001825033
0.0013852776
0.00094089826
0.0020682076
0.0011720733
0.0015131955
0.0017280248
0.0010763499
0.0017786155
0.0021513952
0.0030487364
0.00074864057
0.0016777014
0.0022033437
0.00074233353
0.0009182676
0.0008884931
0.0009864699
0.0010858227
0.0006422708
0.00080082053
0.0011017662
0.00074519345
0.0031551702
0.0021179707
0.0024370605
0.001030883
0.001465402
0.00042565083
0.00057806366
0.0012865601
0.00081989006
0.0004986038
0.0011621424
0.0012764694
0.001835563
0.0032029941
0.00070499984
0.0018182582
0.0021178464
0.0023023596
0.00079801097
0.0023639242
0.0017524126
0.00084057683
0.0010752998
0.0018134165
0.0014839703
0.0011516346
0.0016220822
0.0005379182
0.0039475095
0.0010320024
0.0010118502
0.0063724713
0.0006357033
0.0015113418
0.0012105381
0.0010527559
0.0013820061
0.00078422966
0.0006496695
0.0011755652
0.0054904604
0.0006524172
0.0024977457
0.0011058209
0.0018760202
0.0011202446
0.00067432853
0.0005858869
0.0015041318
0.000732501
0.0015395683
0.0019520773
0.000715698
0.0021832294
0.0011881085
0.0050540403
0.0037288577
0.0011686179
0.0015660325
0.0017577761
0.00200834
0.0009772687
0.0026497787
0.0007590018
0.0005687697
0.0011085196
0.0014612799
0.0010310198
0.0012296212
0.0016454651
0.0013669009
0.00052440556
0.001509471
0.00096612284
0.0021732948
0.0027562943
0.00048883376
0.001081012
0.002401338
0.0011182498
0.00067457993
0.002278978
0.0012741683
0.0024192592
0.00076025125
0.00080079935
0.0020451103
0.00083413045
0.000519121
0.0007160865
0.0011181622
0.0014201561
0.003403522
0.0014055644
0.0006774547
0.0044251774
0.0014038982
0.00090107403
0.0012017477
0.0015167418
0.0010599212
0.0033647968
0.0009725423
0.0010227907
0.0015574394
0.0013258684
0.001504898
0.0018477249
0.0013744583
0.001522783
0.0005969924
0.002290551
0.0031675375
0.0021483072
0.0016457029
0.0015531061
0.0014114586
0.0027428707
0.00096685265
0.0010202746
0.001624022
0.0012558379
0.0023054234
0.0014896094
0.0007550895
0.0012714557
0.0019757894
0.0013880199
0.0012154042
0.002045417
0.0011380516
0.0012303861
0.00046160753
0.001533388
0.0031244275
0.0005977109
0.00040586558
0.0024321813
0.0024521349
0.0010828399
0.00061914884
0.0007318964
0.001162519
0.0010266318
0.0012064691
0.0014418589
0.002059244
0.0011525274
0.0027272345
0.0038755324
0.00042742994
0.00077168044
0.0013342788
0.0011672142
0.0009813914
0.0013028228
0.0024363082
0.0022741733
0.001615882
0.0014388468
0.0021918511
0.0020894683
0.0010340632
0.0013256571
0.0009356063
0.0010888096
0.0017835874
0.0020126363
0.0012428727
0.0022868514
0.001057503
0.0007954243
0.00167114
0.0024575177
0.0053379224
0.0024433536
0.0011494836
0.0021732475
0.00097624294
0.0013467192
0.002152747
0.0007749553
0.0011626161
0.0010977254
0.0025069632
0.0006995487
0.00062658853
0.0015894889
0.001491819
0.001753705
0.0021696163
0.0019536929
0.002881618
0.0014539807
0.002810232
0.0012687068
0.0016503315
0.000983864
0.0014463695
0.0011438897
0.0015091656
0.0024734843
0.0005093924
0.0018532329
0.0012928605
0.00078648585
0.0008232136
0.0009249072
0.0021183018
0.0019384321
0.0015022606
0.001268357
0.0006092797
0.0016936278
0.0015476627
0.0029993642
0.001955261
0.0013232912
0.001116269
0.001536772
0.0021031753
0.0014660186
0.0015160149
0.00088517123
0.0026134301
0.001053161
0.0016430414
0.0011968344
0.0008968818
0.0014239707
0.0017568175
0.001980255
0.0005717514
0.0022073893
0.0016222567
0.0010377159
0.0016443551
0.0007474158
0.0011096504
0.0018499901
0.003472414
0.0008091376
0.0017962285
0.00063648814
0.001867622
0.003177826
0.0007289356
0.0034406928
0.00048723925
0.0014937116
0.001025265
0.00057428866
0.0006902715
0.0010345592
0.0017365018
0.0013624482
0.0016169117
0.0010169272
0.00048879907
0.0013306792
0.0019054301
0.0010973872
0.0012901191
0.0010500333
0.002310374
0.0021977855
0.0042559854
0.0028852308
0.0010248967
0.0012711489
0.0023167636
0.0011760461
0.001072149
0.0022926321
0.001820284
0.0011855465
0.00044364546
0.0009299028
0.00130812
0.0027891863
0.0025614894
0.0006167282
0.0021363334
0.0017962821
0.0029384305
0.0005054937
0.0011795337
0.0014893225
0.0013474707
0.001021347
0.004350697
0.0011028126
0.004855303
0.0025021927
0.00065054157
0.000890368
0.0015169095
0.0014729424
0.001123046
0.0019953728
0.0016243854
0.00026800536
0.0013831755
0.00276652
0.0009744061
0.0017434226
0.0028435837
0.001854176
0.0028714698
0.0013097666
0.0007611093
0.0012814472
0.0024191886
0.001144433
0.0028163418
0.0023210696
0.0027288336
0.0006183571
0.0017216827
0.000923758
0.0012455332
0.0016545239
0.00078373554
0.0017023836
0.00079039915
0.0010471769
0.0014099062
0.001345298
0.0011233612
0.0019056025
0.0010216834
0.0017249924
0.0015480827
0.0008691411
0.0017653973
0.00074038416
0.0011581345
0.0010537504
0.0009948845
0.0015237018
0.0010205245
0.0010168445
0.00022745226
0.001492572
0.0013967043
0.00069303124
0.0012307327
0.0012527683
0.00091793324
0.0011337177
0.0018199764
0.0006702013
0.0010076136
0.00035396355
0.0031714921
0.001094978
0.0015063192
0.0033066415
0.00037253698
0.0016771053
0.0014398636
0.0014182149
0.0006248791
0.00092171156
0.0017595727
0.0010669304
0.0015370224
0.0023963735
0.0056330236
0.0012778232
0.0010297289
0.0015448087
0.00049015944
0.002655808
0.0007767471
0.0027452223
0.0015831098
0.0017953578
0.0016732333
0.0022543166
0.0017673196
0.00079652725
0.0012726457
0.0027673421
0.0016681927
0.0014201753
0.00027914642
0.002913658
0.0010435974
0.0015159935
0.0022329702
0.0007699559
0.0016089514
0.0014773707
0.0020534454
0.0024769993
0.000897269
0.001122142
0.0009514168
0.0026865134
0.0014417799
0.0008750803
0.0013529862
0.0027628643
0.0019555767
0.0014494439
0.0009045694
0.0015974293
0.0014413301
0.00079764443
0.0022084154
0.0011878194
0.0011275508
0.001060094
0.0051895417
0.0020138496
0.0006261657
0.00083458854
0.0010419589
0.0019673728
0.0016452641
0.001954017
0.0024772163
0.0008738344
0.00085862965
0.0036953606
0.0020006925
0.000824954
0.0005617096
0.0020769816
0.0020297316
0.0029506858
0.00253151
0.0018971763
0.0013267916
0.0007884659
0.002073263
0.00047743256
0.0018108427
0.0008744571
0.0033761298
0.0015780528
0.0019427189
0.0014491464
0.00076217327
0.0017054862
0.0009824015
0.003428942
0.0018627334
0.0026867234
0.0042680562
0.00019945201
0.0024138978
0.0024085422
0.0013123213
0.0016535234
0.0016233051
0.0024260269
0.0016513299
0.00095023715
0.0011093365
0.0018088503
0.0009475609
0.001784164
0.0023515814
0.00044182345
0.0003568922
0.0012497333
0.0008781279
0.0017444477
0.0018353926
0.0010373443
0.0007453015
0.0022848463
0.0011352823
0.0015087855
0.001058992
0.0018454703
0.00363555
0.0013724221
0.0009300335
0.0015949416
0.002980584
0.0029385532
0.0006235742
0.00065313757
0.0018434583
0.0018016775
0.002128493
0.001538533
0.003126992
0.007935904
0.0017640502
0.0009197489
0.0012121088
0.00065065507
0.0011968818
0.0010461592
0.0013266695
0.0019396098
0.0036170525
0.0034586953
0.0017618544
0.0016879094
0.001066295
0.005328427
0.0030454507
0.004176511
0.0011992133
0.0011332995
0.0014933574
0.0012798058
0.0059475927
0.0014715589
0.0020115383
0.0031041629
0.0007090053
0.0014678993
0.0014335053
0.0005863865
0.002114286
0.0008820247
0.0017071369
0.0013013917
0.0012435431
0.0010689904
0.00039411816
0.002812252
0.0015237965
0.00060849194
0.001597254
0.0007539101
0.00169828
0.0022691188
0.0020239383
0.0008719164
0.0014946092
0.0010782722
0.0011929071
0.0009445877
0.00289134
0.0016773912
0.0005251141
0.00276742
0.0016322895
0.001972366
0.001078095
0.0016188292
0.0011558229
0.0008770712
0.0010472845
0.0014440012
0.00043635655
0.0050842836
0.0015260358
0.0013402437
0.0012681836
0.0026672618
0.0007120774
0.0020863244
0.0009411664
0.0012675555
0.001000655
0.0009580366
0.0022474919
0.000894513
0.000825313
0.0013166756
0.0015099966
0.0010008363
0.0009080635
0.0030918855
0.0028132182
0.0011227501
0.002751309
0.0013037892
0.0014467272
0.0018187431
0.0007489101
0.0010457214
0.0014661619
0.001203509
0.0007924527
0.0028920805
0.0011392308
0.000968954
0.00082602096
0.0012508822
0.0007783665
0.003862357
0.0009250505
0.00070063
0.0011418037
0.0013251974
0.0032162054
0.0013210523
0.0031231581
0.001266107
0.0025308102
0.0027729075
0.0020974376
0.00125272
0.0007289627
0.001312319
0.0002549986
0.0016439247
0.0007970212
0.0009330758
0.0010213928
0.0010049174
0.002314371
0.00084117946
0.0013004396
0.0006607494
0.0018366374
0.0018483656
0.0011430125
0.00041964295
0.001272808
0.0037017283
0.00095588906
0.0010043615
0.0009380396
0.0012251681
0.0006585155
0.0010702712
0.00075146364
0.0009366666
0.0025527533
0.0016814126
0.0020865216
0.0013973889
0.0062574465
0.0007081669
0.0018271604
0.0010105105
0.0016707729
0.0008537995
0.0020224138
0.0013285902
0.00028569056
0.0009307068
0.001077476
0.0019193664
0.0022294763
0.0023305905
0.00057906384
0.0025122694
0.0030898997
0.0008079326
0.001767326
0.001119256
0.0025147458
0.0015169263
0.001848244
0.0020113932
0.0021966228
0.0022193284
0.0012731256
0.0021712566
0.00085976685
0.002800047
0.00063761603
0.0025907247
0.0011225523
0.0012796721
0.0024175078
0.0017803547
0.0029681711
0.0015534731
0.0020432735
0.0002303289
0.00032066993
0.001593908
0.00041913116
0.0021912619
0.0015044033
0.0008493746
0.0016762582
0.0010573624
0.0017771006
0.0038649326
0.0013190507
0.001401489
0.0008427348
0.002308559
0.0002937375
0.001718707
0.0014117666
0.0010508829
0.0029911252
0.0016347452
0.0020646367
0.005629023
0.0006262756
0.0012036003
0.00047559434
0.0012531899
0.0011140131
0.0009422594
0.0011975688
0.0016989432
0.0008482499
0.0023070958
0.0024095192
0.0019425848
0.0015771597
0.00090993947
0.0013194603
0.0008862495
0.0052117365
0.0003541574
0.0006385141
0.0036574714
0.0012542518
0.0017523811
0.0014078921
0.0011125437
0.0026674676
0.0009354385
0.0006308936
0.0003659998
0.0022103097
0.0041082916
0.0025287452
0.001816737
0.0010211007
0.0005775233
0.0016951679
0.0020557065
0.0009756092
0.0019719186
0.0017747876
0.0008412218
0.0032460093
0.0022311844
0.0011185553
0.0013301662
0.0009269889
0.0013033514
0.0009876594
0.0017391843
0.0019423753
0.001394086
0.0032401572
0.0014914864
0.0013152263
0.00052893657
0.00288324
0.0016128647
0.001395243
