1724504191
2032577539
1489057456
1190639113
1466960994
1281197746
1369540109
1074129637
1495752210
1439276770
1081944776
2123038194
1605144199
1637125801
2115201442
1277106751
1587254818
1437869139
1715839303
1253870831
1927386231
1238051097
1834557860
1109925089
1195165099
1963785454
1856707506
1267837404
1121697598
1101005804
1593073916
2132560068
2141522434
1449852571
1446469183
1291669611
2027005405
1885193612
1463301092
1351989441
1248769581
1905035805
1776501786
2108928396
1381329457
1125171480
1219397760
1362305896
1531305514
2126413064
1744013407
2074218726
1755874736
1505461857
1861514674
1516058434
1630994405
1414626227
1550142277
1469255488
1607073231
2033399963
1609620508
1190194027
1493560647
1377332058
1118321399
1198486500
1165535409
1569054567
2141408504
2109219573
1197227263
1262897842
1145691050
1780935703
1106947990
1271799797
1548532289
1287987760
1179259746
1780914433
1986549898
2022987820
1619514156
1765463372
1133001832
1989354626
1483155249
2039602110
1216497689
1464772779
1980942216
1249147953
1781126932
1450240593
1651060667
1694106974
1511513147
1343176283
1735341725
1631635101
1424408505
1637763347
1768086914
1117771591
1137654255
1173433854
1344975727
1489249572
1407355284
1102320874
1118223175
1327880903
1323848055
1080330209
1237717529
1992936086
1531148208
1592338245
1282888430
1761043241
2063914900
1491680211
1931597606
1277187004
1165470419
1697730777
1629556789
1649633735
1856518197
1644462965
1786532750
1327460533
1627165637
1295991469
1104444631
1206337039
1370704667
1880434053
1252090046
1250366522
1285979657
1592540897
1488472297
1934588343
1919943655
1254844554
1892561213
2083022702
1569097894
1113926033
1146311068
1557488993
1301180603
1793236800
1144782810
1099309409
1534196896
1956488515
1104613310
1490027191
1129212551
1857782751
1173734385
1383105072
1807908765
1659491244
1075746715
1567399775
1748704331
1766477640
1525839432
2000852748
2110558374
1488185601
1084022842
1357582476
1206485433
1194946889
1345789288
1887848172
1315372821
1479016497
1665720618
1242838572
1389595392
1330170286
1810702464
1921447591
1081157137
2004382265
1949502151
1358806264
1172048968
1940413842
1429125770
1578552217
2031062378
1278559236
1277217087
1694124059
1681642958
1384518316
1939721202
1316411239
1530595150
1509843240
2034846392
1082587540
1856204667
1557117022
1357049506
1442642256
1766501642
1196681541
1283158337
1176339562
1758129113
1849341096
1361477614
1410381742
1599242288
1683881777
1327778568
1109288972
1577645208
1584247242
1435965857
1096348335
1189092736
2110306093
1126438054
2063922975
1221372875
1460432064
1508978278
1131407353
1352296595
1098779786
1457282641
1987793282
1563709603
1257970392
1945887309
1077447690
1904463348
1854194496
1551746259
1772845586
1806988659
2086309195
1803112280
1426331924
1917262803
1941373926
1537447398
1828427744
1123011930
1492678600
1235581710
1303695237
1120059497
1450477660
1386222688
1402918561
1503793427
1409550776
1253242739
1584655697
1127835592
1972160642
1538963150
1818348381
1280190001
1770710653
1361577315
1299914325
1654150367
1910295641
1459893186
1786215381
1224911477
1497888512
1181042082
1703773353
1801082514
1274232110
1389797650
1128655948
1859372257
1200620005
1126244806
1772818310
1442094840
1266916412
1501648105
1481847762
1468867319
1400703276
1571626806
1490183759
1313830581
1656045230
1204317734
1247085740
1743185370
2116108549
1084843493
1450493809
1493029154
1367792017
2144617747
1816123151
1918182023
1102005129
1251021004
1862784448
1910177280
1691224997
1852656884
1087392887
1563121736
1178618262
1304539423
1905434560
1428155100
1482108609
1645717820
1693189576
1855922944
1198400954
1198326584
1567363587
1758576069
1432554405
1192207669
1893742747
1307327952
1836518156
1356263960
1394551152
1994112609
1621611571
1236832774
1457263489
1939673149
1694328778
1964312959
1781737447
1582626619
1136190594
2035630313
2014716764
1172376825
1096163285
1250202520
1492121603
2021859646
1192106811
1986428485
1312950552
1248035485
1219971373
1079454341
1894642765
2092510554
1368114950
1153335343
1214560533
1659879956
1439027444
1952355621
1806937356
1133655379
1823507236
1684186813
1949377291
1562848973
1186268709
1611457814
1771089074
2007386788
1295809939
1479776835
1843443025
1523099745
1842326028
1305377527
1282181857
1436682917
1886811576
1271379870
1572698654
1521704471
1689507479
1859666979
1100004461
1371549493
1886973264
1276278075
1350949423
1813703147
2086952600
1765572871
1254882415
1458007432
1980076269
1101732958
1404209505
1707897680
1990378125
1093091900
1571866187
1371426134
1207439216
1557047305
1813596799
1971602808
1366737548
2024322928
1500661236
1439639288
1841644663
1552901216
1270783239
1972381806
1389053953
1842563587
1690205190
1767490086
1732975781
1364250658
1088756404
1294222500
2073264451
1803034095
1183467231
1343134531
1112676003
2013367181
1175425266
1117381993
2138919767
1893917581
1606511261
1918620609
1154909094
2006873759
1288048368
1254539887
1318394035
1671641928
1225761718
1869586820
2034849838
1081994257
1596585118
2001468630
1341056416
1505254134
1719822178
1673748600
1134555816
1299927373
1948241043
1898539576
1251352504
1765807230
2105947998
1409077775
1170531936
1796278053
1292620439
1654659360
1861079485
1180162619
1674431688
1851427778
2056361889
1915204382
1155339704
1951580119
1091121363
2071708621
1302067229
1371513157
1751309952
1428598610
1778176469
1226427032
1915054116
1216136549
1457286186
1203641121
1160263215
1894728434
1202214337
1543251528
2058209437
1298846859
1815306045
1440705130
1665653856
1751713286
1333697834
1135394314
1288704426
1582280841
1177003744
1304020091
2044913987
1961490802
1356244660
1839681512
1409281362
1329986984
1208688508
1174415036
1655909341
1747404130
1390715146
1075424274
1974226399
1275612219
1293226868
1088798451
1691947670
1188617027
2081598675
1751572572
1949118314
2107257849
1581172017
1313101605
1337786244
2047375349
1390235793
2082774360
2099861258
1854558344
2120807942
1253504472
1991023204
1758291786
2066295812
1234721622
1763413321
1973910753
1167720094
1659386964
1464101557
1321641731
1142596476
1999064676
1680809605
1115659404
2086308407
1947465787
1383744537
1232142145
1876969969
1789295382
1771019456
1135213375
1602394320
1864782605
1527357351
1723501173
2128643415
1958322474
1811164486
1362307373
1431064108
2104470895
1142769217
2092341678
1968697739
1861038964
1671991892
1153249674
1843483545
1327250595
1991189520
1880052481
2146813042
1198103156
2146291642
1361143061
1277504423
1501767894
1857929275
1673025435
1233822441
1245101910
1203257136
1086444471
1413245034
1685044317
1238584166
1959117276
1292359001
2118143732
1744852570
1586997565
1107128190
1346998700
1409901577
1584070193
1813986741
1659957107
1286446012
1086144974
2087002721
1450321388
1325325551
1284237817
1674368470
1133187252
1911811885
1315999486
1801033180
1255410511
1298224330
1516015157
1118992474
1803727916
1407002121
2049794566
1536071670
1219403151
1504433138
1695771663
1958454571
1890276054
1389203431
1777275466
1408127192
1280084244
1900476092
1584220655
1486783680
1385793900
1538182429
1090100621
1599319538
1360649971
1248433453
1473201584
1668970037
1279125144
1755950853
1967145750
1182214296
1771869156
1487036158
1166719021
1384626338
1741670898
1674312835
1139513914
1631696153
1879473279
1104780759
1798371136
1978465838
1882051870
1822285270
1235369359
1755320348
1088535781
1983937483
2014190687
1836248397
1963272867
1558782153
2030462005
1519645596
1592625975
1120195534
1194246052
1096752974
2112516356
1829427906
1538228365
1258147885
1731498235
2020163989
1275366634
1153893176
1749240698
1862838262
1888765225
2078895323
2142728005
1114169599
1524915683
1298990379
1261339650
1923418571
1708717641
1391026312
1836029930
1184468575
1184540999
1668845965
1492962687
1217537386
1587805267
1229477295
1121605627
1303536799
1097354627
2071648259
1960047721
1205873195
1987624898
1168404832
2118095875
1474345906
1582101970
2133200125
1416835111
1342288377
1457819304
1353700878
1793479135
1207359160
1152032631
1923958384
1631843809
1749816946
1477180126
1325685263
1488560674
1511780346
1268041238
1983513963
1804737433
1703918892
1304806917
1747831983
1741529594
1558211833
1278149206
1196053892
1186940817
2107851427
2145591519
1572126050
1941695924
1558518745
1147840507
1725719904
1212452630
1357937855
1875346983
1289921420
1415804768
1276073395
1436172447
1233012917
1214474273
2140436012
1578597119
1506792583
1827310550
1316213855
2052110684
1205945915
1094251289
1763596180
1322881668
1678972643
1137137483
1330319419
1175421992
1355680425
1537436861
1432856807
1930461456
1513426621
1364196426
1089817470
1184892981
1428540217
1216153043
1912354082
1247541066
1787348478
1298206015
1912181937
1318688215
1377809540
1265131787
1758447516
2121153819
1536734867
1921870225
1629472646
1150284489
1234653973
1498732697
1158616301
1182975717
1674638771
1241216816
1549238025
1367942725
1234268708
1366109801
1891154605
2034354632
1931134008
1815601849
1111003092
1724540132
2144843145
1429383270
1784542372
1684740191
1408905599
1673303023
2121339583
1496598847
1470557954
1582242684
1713273071
1412882369
1924057544
1778602648
1738140544
1263395289
1083916740
1624628059
1136184833
1350389916
1775418121
1635378496
1550697108
1497665428
1445557644
1351349803
1663627978
1240962123
1305358990
1460476178
1682539529
1468170248
1595133273
1150374441
1827453725
1366389988
2067117349
2062531197
1123793291
1415978371
1390101283
2077503939
1414100051
1627452333
1899938641
1548991013
1622868741
1527851130
2013753479
1513404534
1222484383
2140393276
1503952161
1493840450
1571720156
1776639053
1276463100
1956605301
1944375594
1292033507
1813714569
1580350234
1556633533
1175260033
1592849995
1365812420
1276196738
1258200419
2135966252
1118615727
1578627202
1542848686
1822713861
1317507459
1338884261
1698958085
1510626915
1575235641
2075954657
1114363979
2049875607
1791736114
1136080258
1660965541
1548713573
1480909685
1508746479
1445424414
1826222158
1140736422
1303970757
1788256915
2053868869
1940979652
1278821758
1095948965
1273290513
1260154905
1722560782
1329109516
1214299242
1257020943
1227568105
2008584974
1810547718
1510626275
1461889768
1114433893
2129791578
1830838738
1349996724
1204122049
1304888007
2084304243
1367792558
1291206850
1454305148
1943137380
1733179565
1493313979
1279893754
1846735475
2043068360
1617776648
1237985122
1436417343
1798705147
1184926264
1397794909
1689015916
1846431892
1386268329
1979554968
1502142376
1793663275
1236556171
1494678392
1088468920
1306805715
1147704421
1085996382
1142041547
1219560900
1786603206
1611917079
1085458636
1713801954
1640810311
1924617396
1532014648
1413497118
1127522014
1293070645
1714112529
1555222356
1323852757
1204535772
1922911744
1178028031
1116486948
1238890457
1557462652
1282643485
1790986066
1255533205
2061225974
1357218038
1238302196
1951137938
1659508329
1414709681
2142361006
1333092932
1653745605
1584315679
1199955085
1955544481
1134819642
1377082830
1131270037
1337242688
1084218108
1083617145
1187275911
1796119910
2145508804
1248479931
1123791272
1746924108
1407758618
1365042383
1598060448
1749319179
1721102241
1981888761
1440671355
1113618511
1131652396
1572786096
1582829566
1957614817
1437428337
1089956411
1584969078
1637132251
1720150133
1606561875
2098321184
1127826434
1833032359
1287016843
1604210307
1093012484
1439860945
1786771984
1196640085
1339625520
1212863448
1564670673
1730681228
1430749791
1462285470
1731873997
1137725055
1957186275
1594003081
1845371663
1643630498
1909189919
1995778035
1983502245
1075678475
1323002442
1383730062
1513432135
1916927512
1076738803
1299004904
1582725434
1722436562
1881056139
1900499922
1090228534
1859334100
1472505596
1198896136
1092032311
1109270681
1922573007
1095834493
2070208772
1524589008
1270881931
1330301252
1749736988
1577918876
1098410031
1364927272
1435675232
1876465408
1288280856
1454707005
1435447066
1810923726
1521802449
1654848226
1129555916
1200151188
1443335171
1976911338
2012313648
1471797743
1208952408
1799826132
1280710219
1399897839
1768031180
1205089544
2145219695
2061382344
1629081916
2146313404
1907948209
1613788998
2051052326
1454873124
1452780731
1975658501
2063367701
1663513113
1350585084
1558435243
1129906815
1517861867
1115754650
1213116713
1093570416
1566019715
1074066075
1500634157
1205634404
1905431606
1142129677
1602106885
1080518976
1253681128
1892776902
1759047299
1082732882
1555744691
1748818753
1978225423
1451640150
1760383835
1670906454
1688632965
1519821671
1440743829
1389843931
1910652546
1915727357
1139074590
1587635406
1116111974
1691544730
1489333222
1663333799
1193811725
1387338208
1277219647
1126281043
1811798142
1234517001
1381160679
1194802532
