1793573402
1856858660
1270637319
1169272014
1591387250
1420587512
1569128518
1714883179
1181954687
1514426483
1816824970
1689742022
1322488956
1891703985
1404542008
1368383579
1302536164
1532393603
1277555141
1947398856
1135803849
1530920363
2012381543
1607720996
1864705264
1874633619
1707837250
1718374117
1842574640
1719879384
1530151717
1725644236
1588280636
1711936700
1664696945
1419754811
1648587387
1121599895
1670301661
1659220336
1549912346
2000339408
1449892173
1724939643
1752322687
1272014478
2001748594
1795270831
1971579205
1747486617
1656882368
2027530291
1652686837
1737526235
1614670845
1954989243
1805007024
1224022090
2118038459
1739832176
1811348361
1923987153
2069741815
1147173417
1634559582
1679781639
1502896780
1907781515
1809362690
1765485765
1705819552
1221507974
1748063102
1651181571
2044152280
1692464313
1731697330
1220579192
1554716389
1333410146
1713922371
1611404095
1461421876
1321047743
1451205278
1421580347
2034576221
1204309500
1499021519
1273743934
1320535311
2009306955
1176526119
1544083441
1444351510
1634687690
1881775630
1338406351
1537229673
1288011941
2011805057
1756390110
1508373389
1549399915
1284569044
1324378546
1185221437
2013886809
1846898278
1527653614
1862271215
1856346229
1586262938
2099687015
1570217434
1977408110
1519358634
1119101793
1119742332
1708958193
1156701435
1539055209
1493673017
1860349598
1798825822
1994286314
1435319910
1356341445
2034960544
1100205891
1345772550
1982116072
1623702445
1672415440
1999410627
1725932478
1594109541
1844784499
1116427542
1677187456
1177695103
1230763763
1299173334
2059749406
1681703256
1694353903
1275121093
1842734774
1226504179
1076073582
1383180031
1432501538
1471574420
1804654728
1466738350
1687916485
1749792558
1607368699
1542257905
1920079865
1641445377
1942626840
1323257602
1456777968
1751361878
1748319318
1380842063
1296611178
1702873072
1484193040
1898237483
1323257602
1936733880
1396759459
1254655870
1416520089
1387375562
1288444305
1299813873
1366558042
1371778436
1931289298
1779513570
1179040235
1565253257
1656305883
2107245376
1217952982
1999346573
1719334926
1637794304
1239250906
1359255897
1434102886
1920496215
1649740358
1576526744
1423245749
1210586783
1531977253
2059973594
1180385367
1817401455
1751746202
2011036411
1523938488
1142401401
1945509265
1599618177
1598112910
1755397275
1853848127
1744091760
1096522791
1425615743
1666906804
1658163446
1240259755
1915788253
1688076620
1736949750
1737302046
1523746326
1424462773
1580882410
1937278339
1655921560
1700054700
1642918617
1568487979
1612877335
1204181393
1995407258
1457386480
1516444181
2120728723
1343082286
1404285793
1417544951
1859677032
1554812470
1683400685
1976863652
1877419964
1464784706
1718213982
1407008084
1877003614
2086716100
1377959638
1204261460
1745308784
1946470074
1379977336
2020580442
1840076537
1579985655
1616048004
1867907959
1347982410
1644904288
1898013295
1736757588
1981795803
1720487896
1115034370
1075977501
1578864712
1510295006
1553050988
1739159610
1588664959
1439227198
1693905525
1572939725
1883024681
1562146642
1587319827
1385998403
1385421918
1262886797
1267786920
1417801167
1864449048
1545620735
1086162072
1269228133
1447073801
1383916651
1610667476
1310414794
1500686920
1468403752
1685450410
1585718479
1731601249
1267370570
1271662182
2045305250
1165220605
1878636988
1473175768
1330495694
1537934266
1231116060
1615759761
1276242036
1243414410
1531400768
1238322124
1483904797
1754052143
1666810723
1751169717
1555869360
2009819386
1799882712
2058180085
1503056915
1702809018
1850997728
1470357396
1136348307
1371330058
1242773870
1643142805
1468916183
1116363488
1772115344
1419434541
1288764574
1480221697
1718181956
2047483083
1355220501
1602276414
1581106598
1443262594
1468083482
1218753656
1784637882
1767503463
1623766499
1360889272
1331264341
1555773279
1446257114
1558815839
1745693108
1696563763
1832678311
1398873238
1859324736
1632285669
1904578820
1912745693
1524643081
1586006722
1605543163
1650573059
1337029192
1860733922
1411459830
1621620693
1988905786
1681671230
1801323925
1488004247
1620627858
1789281790
1090405643
1198032218
1254607829
1421676428
1587479962
1399513777
1640196326
1620035359
1894073979
2085563129
1789666114
1225030939
1252670199
1752835118
1424654935
1657586961
1645736989
1568327844
1310799118
1381226387
1964789491
1662711274
1814102679
1866947151
1674753408
1631324860
1369824792
1984934444
1411523884
1219778518
1543154659
1631068644
1610090990
1634367420
1075561151
2106957134
1735700699
1847730979
1993485640
1532713873
1888148993
2122009801
1626200548
1546261274
1630652294
1469332533
1921553105
1752642957
1993934018
1116939974
1845681254
1112648362
2133539504
1349615784
1212540427
2083641512
1732722192
1486851277
1931161191
1713666155
1546677624
1286010257
1387279481
1319574503
1354323747
1176526119
1452742572
1555212807
1792420432
1880270363
1780986810
1598817503
1226071815
1786783688
1303496973
1622805691
1310751077
1812725520
1322488956
1384877459
1287675658
1719751276
1599650204
1519678903
1649868466
1201955519
1728718823
1482623719
1541040880
1251645336
2016833289
1672831791
1763852390
1686475272
1153995158
1767503463
2124571958
1636128903
1089524902
1429939382
1201395048
1530183744
1277939464
1101230753
1711424269
2111793204
1441885435
1654608455
1433430320
1309261824
1886419538
1650701166
1752674984
1308493177
1611179907
1209097530
1570121353
1555453009
1928567007
1118140984
1830436425
1168006950
1848147329
1919087029
1540720611
1486931344
1458091073
1916781089
1864641210
1436216664
1940737249
1537133592
1228553903
1820764285
1846545982
1575117558
1729327335
1769937511
1734163405
1693329040
1711424269
1280853917
1882256034
1560225025
1953451950
1098524476
1635872687
1892504659
1306187237
1422156832
1508725685
1750497151
1447362044
2009371009
1314097894
1857146903
1656690206
1516412154
1482879934
1170104715
1756422137
2104779301
1838443163
2000627651
1216976160
1719206818
1579088900
1450756901
1935837126
1826913460
1520895927
1191210477
1642822536
1073959803
1474072522
1790050437
1495690716
2096003916
1236272399
1116891933
1907237057
1638210655
1523682272
1633470666
1113625184
1669693149
2020068011
1893913845
1373187622
2041237827
1298564822
1596575616
1146484837
1757991458
1668700314
1090741926
1279124462
1629755539
1585750506
1193548444
1154507589
1783965316
1329278670
1526532671
1551833963
1240275768
1694834307
1404317820
1925204177
1615215303
2089886768
1471926717
1612076661
1668476125
2069069249
1719270872
1473335903
1464944841
1670173554
1157005691
1782171807
1396455203
1952651276
1923250533
1321111797
1611500176
1504177858
1862047027
1427665468
1326300163
1612012608
1323577872
1783452885
1377030856
1821084554
1866690935
1840460861
1672863818
1935388748
1596639670
1497676387
2053696311
1422925479
1827265756
1443198540
1689998237
1133690070
1927638226
1515803642
1376390317
1686283111
1510583248
1795783262
1420843727
1079916816
1243190221
1120238750
1377447206
1173211329
1162850610
1711103999
1084576738
1190762099
1341096615
1225127020
1196270735
2023687057
1433686535
1798089202
1366782231
1643463075
1099933662
1640644703
1432885861
1850549351
1423501964
1543218713
1692880663
1858395954
1907525300
1214381977
2139624625
1780922756
1672415440
2086043534
1753699846
1660437360
1404221739
1873224433
1304489808
1678980965
1827041568
1175901593
1805295267
1727725987
1588408743
1307756557
1805135132
1975070143
1392339739
1123841782
1598529260
1083311673
1550072481
1720872220
1855481502
1201459102
1529831447
1241588873
1108757087
1413445501
1756294029
1117084095
1795206777
1216559810
1846610036
1473528064
1523394030
1905251386
1371266004
1897853160
1456201483
1920240000
1892120335
1412772935
1259427886
1919983784
1964437194
1156877583
1399737965
1471126043
1690670803
1905315440
1622133125
1646729824
1250236150
1571418445
1460364987
1174412340
1516956612
2077300176
1188904536
1870470115
1690030264
1852695157
2120760750
1532009280
1151112732
1594942242
1280245405
1507764877
1373507891
2120184265
1311631819
1845969497
1724138969
1764300767
1359864409
1666714643
1699638350
1827521972
1450436631
1131336089
1286202418
1165172564
1375781805
1672703683
1517437016
1213389141
1276065888
1500718947
1622165152
1592924544
1882896573
1759656859
1862303242
1608137346
1445376373
1630908510
1197647894
1811188226
1798217310
1457258372
1711264134
1853527857
1520927954
1382603546
1480349805
1358935628
1872455786
1558271381
1600899255
1418153463
1772787910
1213693397
1803822027
1654288185
1549688158
1864769318
2066955470
1498445033
1608425589
1832838446
1890775203
1428338034
1752354714
1361529811
1582067407
1377351125
1351633483
1830148182
1736052995
1407904838
1968824887
1399994181
1413317393
1398328779
1089797131
1377062883
1857371092
1459308097
1259251738
1898781942
1615663680
1365917503
1848307464
1358615358
1205750713
1497452198
1285161542
1472855498
1344907822
1374468700
1685578518
1671166389
1107860332
1733650974
1756454164
1560289079
2052863611
1607720996
1198288433
1846321793
1314514244
1549335861
1417480897
1886099268
2095363377
1934588075
1686891623
1611724365
1681831364
1097019209
1504113804
1333025823
1764589010
1720680058
1876138886
1993485640
1858748251
1449379742
1503217049
1376070047
1502032052
1979457835
1526660779
1088804296
1508949874
1416808331
1763307932
1804558647
1196831207
1282551346
1300934816
1534315220
1735188267
1278900273
1677059348
1525379701
1937854824
1358519277
2075538693
2112978201
1081998568
1713506020
1802476895
1266922193
1703193342
1222244594
1313105058
1537133592
2063976963
1764685091
1646986040
1601059390
1494409637
1196831207
1366205746
1836073168
1515739588
1942274543
1445568535
1841421669
1346509170
1698357272
2101352417
1088500040
1563363666
1406399572
1529831447
1441693273
1720840193
1415399145
1635616472
1912553531
1190762099
1283672289
1615343411
1679557451
1560961645
1840653022
1734643809
1626777033
1212076036
1647914821
1926645390
2085723264
1721000327
1572139051
1644744153
1764236713
1478716431
1643975506
1300134143
1674080842
1985190660
1645128477
1497131928
1887604535
1136540469
1807377019
1670814093
1458027019
1398136618
1865569992
2014303160
1699734431
1829699805
1831877637
1958768424
1329662993
1629819593
1795847316
1346509170
1392499874
1658868039
1083343700
1421900617
1754948897
1387952047
1478780485
1660949791
1437305581
1820604150
1920848512
1791203408
1688428917
1447009747
1678148265
1502192187
1783164642
1641957808
1585654425
2093794056
1375973967
1504081777
1939360091
1690222426
1326748540
1573484183
1428241953
1527813749
2063784802
1875626455
1961490715
1260484775
1532265495
1258178835
1402620391
1137933641
1574797289
1347405925
1376902748
1664280594
1866210531
2117237786
1674369084
1411523884
1816664835
1919215137
1740728930
1107636144
1587544016
1493128559
2108110104
1384493136
1697588625
1408801593
1638562951
1561185834
1585174021
1428498169
1724203023
1182082795
1903521930
1131544264
1832101826
1847763006
1265256791
2008538308
1539663721
1747134321
1447362044
1881006983
1774036961
1560641375
1692304178
1694930388
1100333999
1597312236
1570377569
1503793535
1949128311
1762539285
1541777500
1528454288
1649548196
1245576229
1390546230
1131832506
1469556722
1259235724
1344331337
1860637841
1103232438
1094232864
1452710545
1654352239
1780090055
1681030690
1245816431
1381930980
1707228738
2023687057
1888693451
1914859472
1739255690
1585462264
1768336163
1426384390
1788817400
1419594676
1572235132
1339879591
1825664409
1231340248
1711680484
1856666499
1801420005
1930328490
1695122550
1903137607
1769969538
1581554976
1994926853
1928823223
1118269092
1699862539
1778744923
1161089128
2080534898
1593853325
1501871917
1437577810
1627065275
1410851318
1847859087
1480894263
1362362512
1632926208
1370209115
1742394332
1603845735
1090005306
1896347893
1659028174
1532169415
1676771106
1318485587
1678020157
1599810339
1086434301
2133123154
1477531433
2077812607
1897949241
2065482230
1663832217
1624855416
1904770982
1162001896
1235279564
1701207671
1077370674
1695923223
1205590578
1701303751
1627833922
1176365984
1607560861
1765133468
1720744112
1688653105
1530247797
1535692379
1153722929
1930360517
1503088942
1724042888
1755237140
1530536040
2069998030
1409570240
1596607643
1569737030
1305610752
1920175946
1578928765
1525988213
1998289683
1247577913
1409025782
2131137483
1799946766
1712897508
1819963611
1486883304
1561922454
1198384514
1611532203
1705339148
1679269208
1888725478
1387471643
1215647042
1295169965
1841485723
1547318163
1943683729
1374917077
1256385325
1425327501
1540368314
1474456846
1397464052
1346925520
1638306736
1780122082
1555100713
1901151936
1172282548
1700182808
2122458179
1412292531
1670557877
1965333949
1775990605
1648363199
1865602019
1650220762
1080781544
1772435613
1751393905
1685674599
1239891445
1709278463
1171722076
1817305374
2033359197
1415911576
1276210009
1615215303
1702264560
1414566444
1244823595
1572171078
1189673183
1485410064
1999826977
1517821340
1152585972
2013054109
1910535833
1254912086
1421003862
1814903353
1477051029
1653583592
1880558605
1897981268
1198977013
2011805057
1612813281
1115626868
1341801208
1424206557
2014175052
2086363803
1608489643
1325979893
1774004934
2092064601
1595550754
1680774475
1180641582
1690862965
1819483207
1514490537
1498541114
1803277569
1872936191
1447746367
1359576167
1377831530
1521504439
1335267710
1702072398
2083033000
1462334644
1657939258
1826369002
1485634252
1179264423
1134186488
1329823128
1446241101
1532697859
1574412965
2106348622
1591002927
1470325369
1498284899
1538286563
1304297646
1553435311
1384653271
1833286823
1599842366
1722697756
1237905774
2095171215
1538318589
1579088900
1648395226
1357558469
1996175905
1936797934
1652014271
1444735834
1787328146
1559872729
1088115716
1448034610
1889558179
1391218796
1611468149
1701431859
1705307121
1441597192
1317396670
2022117736
1828610888
1473688199
1502448403
1204789905
1809650932
1667643424
1539055209
2091840412
1286154378
1874057134
1389649475
1853591911
1443102459
1621620693
1692368232
1559392324
1569929192
1756934568
1607528834
1667899640
1711103999
1660021010
2100519716
1316724104
1209754082
1687948512
1667739505
1991307808
1895515192
