0
-128
21
-15
-20
10
-42
-38
-5
21
-119
5
32
96
68
18
61
6
7
-19
-2
-4
16
9
25
-128
-45
14
-1
-19
32
-80
-123
33
-36
-108
-27
-29
-63
12
18
-94
-14
-114
23
-61
28
22
-43
42
-21
-107
-46
32
-42
58
35
12
40
-57
-114
-30
67
4
11
-114
-43
-29
-19
-128
9
12
-11
-119
17
34
-86
-80
-128
-82
21
-58
13
-89
2
-79
11
-13
5
-106
-87
1
4
13
-66
-93
-46
-54
-19
45
67
-74
-108
-11
-60
31
21
37
-128
-62
-69
43
-128
-98
19
-128
-8
-33
-26
-46
-35
5
-128
-95
13
4
11
-28
-21
41
41
-128
31
-54
15
-9
-48
0
9
-75
-48
23
-63
46
-42
2
-54
-91
-52
-61
44
-88
-18
-64
5
21
-78
17
31
21
77
-128
-6
39
-54
-128
38
33
-41
32
-128
46
-29
37
-33
36
-14
9
-84
-78
-56
-107
-79
41
25
8
-75
3
-34
-5
1
-71
-99
-22
-85
-41
-39
56
-33
4
5
-20
2
-66
-19
21
-41
-23
-35
28
-100
-17
-72
76
-62
-128
-57
-8
-91
-34
29
-128
-67
5
-21
-26
17
10
-42
40
3
57
-100
24
54
-90
-19
16
20
18
-11
-37
-24
-128
41
-26
17
-94
-44
-10
77
66
-10
-40
-21
-18
-110
-84
13
-92
-12
-47
-2
-88
3
22
-103
7
-60
-61
61
-5
-71
-12
15
15
-48
-15
3
-9
52
13
15
-115
43
-95
-11
5
-39
-97
-1
17
24
-2
37
52
-124
-18
40
67
-89
-21
41
-67
-62
18
-7
-74
29
-31
-72
3
35
1
-99
48
-35
45
-76
20
-47
-14
-35
25
-8
-8
9
48
17
28
25
-107
36
21
12
-45
-36
-34
-107
0
4
-18
-98
-128
28
9
25
12
-27
-63
-3
-25
52
58
-16
6
-107
-110
52
-21
-76
20
-53
-30
24
39
6
29
39
-128
-128
-1
-128
9
-9
-45
-23
43
-15
-102
-128
54
0
-2
-2
-18
-5
24
-77
-9
-26
-17
-56
9
-75
-108
-67
12
-33
-44
-128
23
1
30
49
-40
-31
15
26
-20
-10
-97
-128
1
-73
-30
37
-21
3
-80
1
-21
-75
-3
50
-109
-80
23
25
-99
65
-83
12
-49
-101
36
-66
-119
-19
-28
-11
6
-13
11
-50
-46
-49
-22
7
-20
-93
27
-58
-9
16
5
33
-10
5
43
-70
68
12
-67
-37
4
-30
21
-59
68
-48
27
-15
18
5
-128
-92
-7
-112
-66
-18
28
-128
-41
-107
-128
1
-86
61
5
-11
34
6
-27
40
-118
-19
-26
8
-46
3
32
-128
-40
-10
2
-104
8
34
-33
-1
-72
-128
-80
-2
30
7
-93
-128
-115
-101
33
26
-34
-49
39
48
28
-44
58
-4
24
6
-32
4
-75
22
24
13
1
-79
-126
-82
-46
-59
4
-7
-126
62
48
33
-13
7
-31
-102
17
21
24
-50
59
93
-20
26
-21
-107
-33
-15
-89
-128
-7
-116
-12
-24
-1
-31
-35
-20
-43
-43
24
42
-6
-71
-98
-128
84
-30
-1
37
-128
30
-3
-17
-128
-81
-50
43
20
-32
-27
-27
-67
13
-35
-1
70
-39
-4
64
-11
-15
-43
-5
21
12
37
-35
57
-87
63
61
9
-9
2
-16
48
-17
-28
-4
-84
-14
-25
-45
-8
-76
2
-90
38
-3
-112
34
-75
-96
-128
-23
-60
-101
-103
-8
-53
-15
-115
49
62
-65
29
17
-101
46
-67
-5
30
16
-33
42
-81
-14
36
-109
-48
-93
-61
