0.0011626278
0.0013685306
0.00085855473
0.001531799
0.0011832891
0.0017814324
0.0012744453
0.0022547115
0.0018814222
0.0013584729
0.0014028611
0.0014319832
0.0020835756
0.0012934629
0.0028560613
0.0014247895
0.0016361042
0.0012311147
0.0014075335
0.0026125882
0.0009641311
0.001083303
0.0031806466
0.0013485018
0.001339299
0.0011968643
0.0016219472
0.0012787248
0.0014669023
0.0013157788
0.0013910462
0.0018575118
0.0017093114
0.0017197892
0.0011480019
0.0016948333
0.0013856032
0.0016534459
0.001095893
0.002508965
0.0015800378
0.0007844123
0.0010934037
0.0010106885
0.0011274114
0.0013622332
0.001105846
0.0012812561
0.0014835267
0.0017241454
0.0024820063
0.0014477663
0.0012188716
0.001374879
0.0018367204
0.0023214514
0.0017067307
0.00081084046
0.0017848461
0.0018499874
0.0011841147
0.0011104374
0.0044495855
0.004202306
0.0021330176
0.0008397194
0.0025222998
0.0013462934
0.0012103693
0.0014641621
0.0012428703
0.0025117851
0.0012579199
0.0014217924
0.0012186093
0.0006348184
0.0015238101
0.0016375518
0.0017749759
0.0016489361
0.0007967632
0.0019064669
0.00076629635
0.0010667687
0.0020080982
0.00086632796
0.0011951218
0.0011037714
0.0013488634
0.0015006601
0.0014865986
0.0013169576
0.0014502296
0.002384594
0.0020608164
0.00078217004
0.0012652852
0.0021930954
0.00107066
0.001544955
0.0018234149
0.0012157429
0.0014391189
0.0014023337
0.0017041245
0.0017263482
0.0030271967
0.0018786055
0.0027341673
0.00092814234
0.0015918602
0.0021506813
0.0009704647
0.0048978925
0.0013180646
0.00075871445
0.0012160547
0.0015981128
0.0011396195
0.0011903888
0.0013941948
0.0010797323
0.0016975697
0.00165717
0.002090986
0.0014862146
0.00082685327
0.0016565553
0.0011716655
0.0012638426
0.0020716623
0.0010903246
0.0017330772
0.0012717982
0.0010576072
0.0011619236
0.0017420774
0.0011316976
0.0010887141
0.0020261263
0.0013906091
0.0016884388
0.0017682981
0.0014653692
0.0018964924
0.0014561806
0.0016383423
0.0023082139
0.0032022235
0.0013666939
0.001095408
0.0012735053
0.0008954089
0.000894268
0.0032755057
0.0007107908
0.0016368033
0.0028695832
0.0015807722
0.0014311497
0.0016084012
0.0020770263
0.0011981266
0.0011362126
0.0014580722
0.0014552132
0.0020180875
0.001955452
0.001905786
0.0035259482
0.00084517966
0.0015898625
0.0032349795
0.0025256686
0.001622389
0.0013019481
0.0015180333
0.0012567923
0.0014285701
0.0018066361
0.0019536226
0.0027333708
0.0018967333
0.001500339
0.0014870755
0.0017623412
0.0013160609
0.001395262
0.0017206972
0.0011264278
0.0020859204
0.0012569885
0.0016687912
0.0013703582
0.0014785338
0.0015570535
0.0013974616
0.0016597989
0.0013376827
0.0011295713
0.0012869549
0.0015478188
0.0017234931
0.0016790781
0.0010603938
0.0012903251
0.0006194818
0.0014002118
0.0011274425
0.0015784501
0.0016642604
0.0015870504
0.004434409
0.0013528031
0.0016779832
0.002431063
0.0016270642
0.0012500662
0.0009809698
0.0011928064
0.0013625238
0.0011669337
0.0011973676
0.0018765441
0.00088589406
0.0017341983
0.0019059654
0.0013991452
0.0017515776
0.0013497553
0.0014914522
0.0012284386
0.0011950007
0.0023073242
0.0022550398
0.0010280285
0.0010995824
0.002100671
0.0012025585
0.0009140553
0.0015391152
0.002641259
0.0013664783
0.0013276541
0.0010154977
0.0017828166
0.001410193
0.0017030368
0.0017369272
0.0016183825
0.0017620825
0.0010938331
0.0011080208
0.0016605756
0.0014434581
0.0009502424
0.001283086
0.0018574793
0.0016588287
0.0011609424
0.001172807
0.0017023818
0.0018765173
0.003249014
0.001606792
0.0016454783
0.0011713508
0.001300418
0.0014663852
0.002058744
0.0012628312
0.0010944101
0.00078756234
0.0016196094
0.0016716028
0.0014425803
0.0014266793
0.002183374
0.001421066
0.0015558519
0.0009876129
0.0014217243
0.0016066093
0.0017417596
0.0018219594
0.0013213427
0.0013026425
0.001600453
0.001564799
0.0022999956
0.0012456764
0.0015124825
0.0007311842
0.0010320628
0.00057068345
0.0021583918
0.0016714333
0.001398385
0.0012646815
0.0014169093
0.0013314639
0.0019261014
0.0021721462
0.0015266564
0.0019698043
0.0008432648
0.001674581
0.0013386036
0.0014227437
0.003921158
0.0013767154
0.0017360745
0.0010163682
0.002669114
0.0014952814
0.0016370649
0.0015005777
0.0012014707
0.0011119863
0.0015719477
0.0010280974
0.0014200888
0.0022737975
0.00085828727
0.001040644
0.0013408181
0.0047733714
0.0025419418
0.001296118
0.0021323063
0.001079979
0.001691486
0.0012684233
0.0025093267
0.0014705453
0.0014612564
0.0014850011
0.0024415192
0.0007772786
0.0018399549
0.001092118
0.0033629488
0.0015314043
0.00166802
0.0047721365
0.0011845761
0.00151496
0.0014075984
0.002245126
0.0026241038
0.0014277524
0.0011949473
0.0016790064
0.002268091
0.0016157761
0.0020394546
0.003357023
0.0013557978
0.0009002432
0.0012486042
0.0017295105
0.0018541317
0.0016265508
0.0020105406
0.0014410904
0.0008530437
0.0024693413
0.001806324
0.0021693192
0.0009979792
0.0010790472
0.0030698138
0.0018833728
0.0011686833
0.0021556057
0.0017615163
0.00219102
0.001218537
0.0016373137
0.0017862227
0.0015763321
0.0018307642
0.0016701261
0.0017385074
0.0010041631
0.0010932626
0.001344655
0.0011569648
0.0019947041
0.001899126
0.0019385242
0.0017488985
0.0009203684
0.0018742624
0.0018167571
0.0020098258
0.0017357306
0.0020375515
0.0011155916
0.0013559035
0.0015314438
0.001389899
0.0028585133
0.0012621897
0.0017110474
0.00082222925
0.0008104685
0.001392042
0.0008294507
0.0020980348
0.00064907246
0.0017124645
0.002181697
0.0010947026
0.0020453979
0.0018505022
0.0011380123
0.0011754421
0.001650213
0.000929096
0.0017000748
0.0010976989
0.0011421411
0.0032622912
0.0030086772
0.0010366312
0.0014096183
0.0018517277
0.001281896
0.0019099044
0.0018382245
0.0018057798
0.0018055608
0.00092439825
0.002109891
0.0011124876
0.00088444276
0.0027375983
0.0019251022
0.001177584
0.0024906644
0.0016943476
0.0010008122
0.0016006456
0.0024334067
0.001781223
0.0017246302
0.0010256493
0.0012189235
0.0014255205
0.0016513298
0.0012457612
0.0018230926
0.0008792861
0.00087065867
0.0014471525
0.0015070984
0.0014766888
0.001312691
0.0018750563
0.0013333258
0.0018553772
0.0012643314
0.0013529118
0.0011366253
0.0025058605
0.0010283083
0.0012657745
0.0013793274
0.0019013238
0.0011768693
0.0013398076
0.0017330569
0.0020278853
0.0029747756
0.0018193026
0.0008958045
0.0011875579
0.001843287
0.0017966105
0.0011080488
0.0011118377
0.0010329307
0.0015583058
0.0011522407
0.0017631414
0.0013579351
0.0011789706
0.0009810732
0.0015020868
0.0013356007
0.0014327547
0.0016464225
0.0014555461
0.0014748732
0.0010080957
0.0018506646
0.002314012
0.0015263531
0.0014522104
0.001670553
0.0015975086
0.0013209108
0.0022017364
0.0015731051
0.0012903672
0.001459089
0.0021204897
0.0020051391
0.0014674924
0.0012398467
0.0013784867
0.0018032611
0.00089220644
0.0014814783
0.0011699207
0.0016406794
0.0010750267
0.0019743794
0.0016678954
0.0017242263
0.0012232228
0.0017878698
0.0016709573
0.0016702178
0.0011207943
0.0011823244
0.0016436207
0.0012020787
0.0016017884
0.0014930485
0.0012663354
0.0011499192
0.0011771441
0.0022117363
0.0016043801
0.0017537556
0.0019610291
0.0019290763
0.0007925119
0.0014208206
0.0013270112
0.0012609425
0.0021281708
0.0014417331
0.0012985495
0.0013040621
0.0017265747
0.0012397735
0.0015847158
0.0019124092
0.0014700792
0.0011682283
0.0015523798
0.0010872778
0.0015089848
0.0012232735
0.001383869
0.0020053533
0.0011301774
0.0016827078
0.0016711111
0.0017727898
0.0010442105
0.0017882673
0.0010678421
0.0014614864
0.0018592001
0.001987812
0.0010568501
0.002032144
0.0011984622
0.00080427696
0.0013510607
0.0017483983
0.0027226834
0.0018890677
0.0013391527
0.0009101054
0.0010597978
0.001470397
0.0019250398
0.00093596015
0.0018826257
0.0018700404
0.00071237655
0.0014727338
0.00090288266
0.0027603044
0.00119423
0.0016406178
0.005037439
0.0017656075
0.0015693501
0.0011889887
0.0015607626
0.0012636374
0.0012519262
0.0014433655
0.0012995019
0.0012492235
0.0010887389
0.0017231476
0.0011344049
0.0015387891
0.0021046165
0.0014345635
0.0012128152
0.000734454
0.002962949
0.001736732
0.0011641434
0.0017678968
0.0009793671
0.001240984
0.0012321894
0.005378611
0.001548216
0.0015523208
0.0021871487
0.001835465
0.0012690807
0.0010469027
0.0019834437
0.0020422968
0.0016569777
0.0011384017
0.0016609392
0.0017637422
0.0019681985
0.0025354775
0.0012367716
0.000774204
0.0012052839
0.0031800456
0.0011953964
0.0012573282
0.0017418799
0.0019519143
0.0016378652
0.0017535469
0.0013649915
0.0012136699
0.002094792
0.00088319706
0.0010362458
0.0011947886
0.002352451
0.0017452386
0.0013273692
0.0017070895
0.0015167359
0.0013769123
0.0011524091
0.0012433421
0.0007910732
0.0016179373
0.0011457255
0.0024848976
0.0014701585
0.00064679765
0.002407547
0.0019889297
0.0013317358
0.0014437473
0.0017432624
0.0018328457
0.001692577
0.0012805422
0.002834926
0.0010446748
0.0019889039
0.0017330477
0.0013128007
0.002374282
0.0020925582
0.001393603
0.00084045966
0.0019100421
0.0018606839
0.0011067227
0.0015810108
0.0016613948
0.0018294357
0.0009257273
0.0019576438
0.001868706
0.0018347943
0.0017125121
0.0013217103
0.0023042448
0.0014827816
0.0018181478
0.0017517157
0.0012588255
0.002427747
0.0010382133
0.001656597
0.0021737793
0.0011578283
0.0017098482
0.0013653673
0.0011286902
0.0012676476
0.0016125157
0.0025894498
0.0014437872
0.0013866943
0.0018546286
0.0023458065
0.0011257522
0.0048144218
0.001857735
0.0038363428
0.0009422823
0.0015058425
0.0016104738
0.0010341882
0.002568207
0.002761855
0.0017162471
0.002737864
0.0015609869
0.002439194
0.0018102603
0.0012627844
0.0008173999
0.003127964
0.0022715952
0.0017924664
0.0011180674
0.0013071594
0.0017030308
0.0010675496
0.0014435325
0.0023322895
0.0013122467
0.0013019986
0.0021000705
0.0016251089
0.0010925588
0.0016240401
0.002967185
0.0012675222
0.0014432756
0.002049379
0.00078269653
0.0020921568
0.0013992239
0.0010594628
0.0016825028
0.0013472955
0.0014618752
0.0012769382
0.0020115678
0.0010073446
0.0010971474
0.0017946928
0.0007576295
0.0010180904
0.002018525
0.001738775
0.0012933919
0.0011215765
0.0016464067
0.0009723776
0.0015565511
0.0011166843
0.0018632243
0.0017870994
0.0010233906
0.0027169993
0.001608014
0.0010199554
0.0012467715
0.0015268575
0.0016752913
0.0016232443
0.0014541814
0.0042531276
0.0027145492
0.0015018418
0.0021822245
0.0010029853
0.0017302338
0.0015053712
0.0022770844
0.0016977236
0.0013175172
0.0009722493
0.0014877617
0.0008024482
0.00083616364
0.0016594973
0.0014373414
0.002084025
0.0007368999
0.0017658699
0.0016968152
0.0013296456
0.0013616147
0.001465282
0.0022853662
0.0014281601
0.002200243
0.0009873235
0.001883813
0.0012493797
0.0010456963
0.001023101
0.00065534725
0.0010425183
0.0015975023
0.0022440127
0.0037662203
0.0015243278
0.002006307
0.0014514817
0.0023454337
0.0015393016
0.0018737011
0.0011458432
0.0020798878
0.0015022065
0.0011413116
0.0013351341
0.001341127
0.0010905792
0.001354324
0.0036861484
0.00133502
0.0019270764
0.0016312557
0.001978466
0.0022305758
0.0012887171
0.002431087
0.0021632942
0.0028562732
0.0014982034
0.0016911278
0.001342203
0.000851061
0.0015577691
0.0018534365
0.0017734427
0.0009963489
0.0016946087
0.0017283028
0.0023861437
0.0015471114
0.0011763244
0.0015157692
0.001210131
0.0016915476
0.00093617686
0.0023054038
0.0016560035
0.0013127897
0.0013488834
0.0028980055
0.0012106436
0.0012308398
0.001395349
0.0013367275
0.00204354
0.0012671847
0.0019843352
0.0009176746
0.0014043982
0.0009995647
0.001286491
0.0018946166
0.0014784613
0.001466496
0.0025421544
0.0024231682
0.0017176126
0.0012983538
0.0019525022
0.0019333699
0.0007153342
0.0014687184
0.0026113936
0.0011241568
0.0010322178
0.0021178375
0.0014442008
0.0034643158
0.001986648
0.0013481966
0.0015376419
0.00081125693
0.0008739249
0.00069570076
0.0010931671
0.0009901616
0.002142341
0.001478929
0.0017334509
0.0012113865
0.0014670752
0.0023299952
0.00077187544
0.0026510856
0.0022940864
0.002409884
0.001244556
0.0011989253
0.0010245426
0.00090463355
0.0028410098
0.0010508099
0.0015160787
0.0014936209
0.0008590364
0.0012107438
0.0014282691
0.00089502824
0.0015936691
0.0015904346
0.0015397213
0.0047815363
0.0026777273
0.0016027427
0.0022877625
0.0020028849
0.0021330449
0.0017609345
0.0025837615
0.0016455626
0.0008808788
0.0012391008
0.0012572403
0.0013925538
0.0024394249
0.0018413397
0.0014170872
0.0033340878
0.0013014107
0.00095991755
0.0022241857
0.0013022184
0.0029690913
0.0013226043
0.0011198607
0.0018402693
0.0015601974
0.0014195943
0.0016663026
0.002349974
0.0017830852
0.001800928
0.0013168259
0.0012526977
0.0006080011
0.0010835406
0.0016289342
0.0011417241
0.0017219956
0.0013078988
0.0013482752
0.0009784467
0.0011533176
0.0013768845
0.00090050075
0.0010044336
0.0013445766
0.0011147936
0.0039523216
0.0019107865
0.0014700564
0.0025299927
0.0012255713
0.0016781081
0.0018750497
0.0012309224
0.0006913245
0.001266387
0.0008376106
0.0015078497
0.0026283027
0.0012978689
0.0014744387
0.0046924693
0.002314681
0.0009870663
0.0013653578
0.0010269979
0.0020474608
0.0037923872
0.0008687281
0.0025930714
0.003215993
0.0024251917
0.0007301615
0.0031786363
0.0009794567
0.0009819624
0.0013194999
0.001250137
0.0010642371
0.0014785778
0.0017796787
0.0015385943
0.00131878
0.0017509628
0.0028656465
0.002358807
0.0019508834
0.0020921293
0.0021040782
0.0011550151
0.0033552956
0.0009734501
0.002683893
0.0013070143
0.0016676104
0.00068357843
0.0016742515
0.0020459227
0.0014227659
0.0013496208
0.0017916563
0.0016144078
0.0019786346
0.0015435588
0.0016584242
0.0027266857
0.0017935066
0.0013816947
0.0019770162
0.0039255074
0.0015218265
0.0025037618
0.0031346881
0.0022720303
0.0019290817
0.002773286
0.0012782762
0.0019566668
0.0034572757
0.0016464678
0.0015282631
0.0011265073
0.0019165165
0.00062148925
0.000789817
0.0013802546
0.0015403212
0.001956369
0.0010360813
0.0015074385
0.0010843704
0.0018478133
0.0018022782
0.0020105573
0.0017954585
0.0015356808
0.001529642
0.0021368102
0.0028259926
0.0011883217
0.0024900865
0.0007981391
0.0019620769
0.0007565942
0.0017141167
0.0014954457
0.00094990514
0.0016424834
0.0012271532
0.0011596424
0.002284168
0.0019440317
0.0012416448
0.0015888305
0.0023567688
0.0008526435
0.0013444166
0.0011958017
0.0014004165
0.0016051248
0.0016935127
0.0020062686
0.001663891
0.001775164
0.0030616003
0.0011057103
0.0012338104
0.001697001
0.0017101897
0.0028099455
0.00095893064
0.0012386569
0.0011856763
0.0010587802
0.0016517326
0.00215079
0.0014794148
0.0012901373
0.0013270398
0.0017935177
0.00077907124
0.0010890408
0.0015428764
0.002386016
0.0020715555
0.0011800104
0.0025861063
0.0035527751
0.0018509419
0.0018241658
0.0011354716
0.0006388882
0.001537569
0.0018542074
0.0007157847
0.0020331037
0.0020347747
0.0016468738
0.0013851451
0.0019947384
0.001536227
0.0016960138
0.0019661556
0.002176591
0.00202959
0.0029099488
0.0020000297
0.0023133797
0.001998229
0.001011076
0.00133485
0.0019801669
0.002079393
0.0020706186
0.0027166442
0.0013251043
0.000938913
0.0012875963
0.0016930131
0.0011347285
0.0013261737
0.0017199828
0.0011077408
0.0014942865
0.0023990418
0.0018031548
0.0018541423
0.0012344547
0.0009942937
