0.001164468
0.0009537064
0.000631279
0.0046588173
0.001729569
0.00044615558
0.0004074801
0.0027048446
0.014535101
0.01019111
0.010601324
0.0010452991
0.0025630314
0.012227967
0.011568005
0.0018448288
0.00093055895
0.00065979536
0.0003259538
0.00039634155
0.0010961837
0.0144829
0.00053998537
0.003150746
0.0025458073
0.006778084
0.00084180245
0.0017618677
0.00068635656
0.00096449035
0.014034681
0.0044334186
0.00085633603
0.000848572
0.0007274913
0.00039262814
0.0019234724
0.0023210803
0.013516234
0.004065948
0.00095755275
0.00089316146
0.00024371037
0.0006058584
0.00062593207
0.0017378109
0.008629891
0.0013956535
0.0016863624
0.0032481092
0.0004789134
0.0014056338
0.0001903597
0.0009148422
0.0057450514
0.0052913567
0.00082974794
0.00032827328
0.0015496754
0.0006290051
0.0034085845
0.005027633
0.00068232033
0.012779624
0.009231998
0.0006266286
0.0036120496
0.001584088
0.0010283483
0.0016846574
0.0005996393
0.0006810538
0.014193783
0.007064422
0.0026722942
0.0005882735
0.0049559237
0.0071006604
0.0050198436
0.0019771713
0.0006683216
0.003747423
0.00063762337
0.00035965
0.0022705004
0.00064325106
0.003629457
0.0015002396
0.0035680057
0.00027666078
0.00087145716
0.0030429137
0.00076237373
0.0005913231
0.004909169
0.00079712045
0.00076236215
0.0068344953
0.0023101124
0.004923475
0.0008977548
0.0005058632
0.00042199815
0.0068971314
0.003033529
0.0003795822
0.006315242
0.0014653819
0.0002738614
0.0004436436
0.0006585874
0.002291053
0.0007624904
0.0031653254
0.0013464297
0.0013675569
0.0005973819
0.0006306972
0.003510528
0.0008739948
0.0005789402
0.0069767744
0.0013462125
0.00053223135
0.010780337
0.012382207
0.0014770722
0.0015846114
0.012180572
0.008464415
0.0003705017
0.00039085784
0.0010767457
0.0005618899
0.0031444104
0.0008545961
0.0042228857
0.0006639908
0.003961958
0.012087068
0.0065868776
0.0072078547
0.0012160223
0.0007194946
0.009874946
0.00016780096
0.0006637616
0.006496291
0.00029880324
0.002231673
0.00017030274
0.0009069904
0.004334978
0.0004997957
0.0026554437
0.0007166481
0.006194163
0.0020488033
0.003472221
0.0015724339
0.008721469
0.004195897
0.012677264
0.0009309609
0.00084037817
0.00091385376
0.0008764537
0.0005327803
0.00015451918
0.0113126645
0.00033920043
0.00059693976
0.00057839963
0.0006798128
0.0047787633
0.00034355288
0.01411278
0.00035426437
0.0004329768
0.0013039875
0.010737263
0.0012143254
0.0072243004
0.009621561
0.00494171
0.006775886
0.0049319514
0.00082726416
0.0020659445
0.009213771
0.0016302309
0.0036108233
0.0017321386
0.007102114
0.013361612
0.00016403016
0.00063866534
0.0004392634
0.013013956
0.0015069423
0.001255153
0.0068788994
0.0008518678
0.007500209
0.00054142624
0.0047216415
0.0012316543
0.0005621249
0.000999699
0.00060099206
0.0077148033
0.00040838026
0.0036405397
0.0002551539
0.00051342574
0.0012081269
0.013625988
0.002366049
0.00089100975
0.0034351428
0.014443947
0.0021732294
0.00066631095
0.007330518
0.0022075302
0.0050671855
0.007210187
0.004595278
0.001249138
0.011039579
0.0005997304
0.00018657594
0.0006090066
0.0011143396
0.0056464565
0.0013018765
0.00045481065
0.001112182
0.00066916796
0.0020190978
0.004660062
0.0006853657
0.0036282036
0.00040538525
0.00080087327
0.00067464804
0.014426548
0.0007352302
0.007801557
0.004260862
0.00066812406
0.0008125767
0.0061494936
0.0087061385
0.010519345
0.0010191374
0.002328739
0.0026858614
0.0004312409
0.01138839
0.00066671934
0.010221632
0.0006963417
0.010264997
0.011684879
0.0072304383
0.0048046513
0.007308854
0.0008399902
0.0012364485
0.001507926
0.011455719
0.008826073
0.013365019
0.00016004288
0.0068417294
0.0033980107
0.00394742
0.00041134068
0.0014189825
0.0005632067
0.0071458262
0.0055058845
0.0014752059
0.0045590983
0.0022276873
0.0016204084
0.0060542244
0.0005348823
0.009329256
0.0080418205
0.0072836163
0.0023024462
0.0055785547
0.00037467675
0.0011467215
0.0021622877
0.0011629172
0.0049380204
0.004800665
0.0006292151
0.0011804814
0.0049822843
0.0034508323
0.00034856139
0.0011043354
0.0062213023
0.0006596857
0.00053060043
0.0067479103
0.0011049216
0.0005534095
0.007069586
0.0005737664
0.0007247427
0.00013533769
0.014225797
0.0005914116
0.00082938414
0.004290167
0.00072413316
0.00044115834
0.009133301
0.004079282
0.01102156
0.01425099
0.0027536645
0.00057653105
0.001501872
0.0029476495
0.00039569385
0.01027725
0.0064989114
0.00085224654
0.0037821538
0.0006808851
0.000804008
0.0037458034
0.01069123
0.0003393856
0.0055972333
0.0040738867
0.0007496754
0.0024725937
0.0024378004
0.0044622943
0.0004371575
0.008513651
0.004996445
0.0012425291
0.0033875806
0.004523467
0.0012380081
0.011372368
0.0006875261
0.0014871944
0.006351106
0.0006710251
0.004904362
0.0036574588
0.006457932
0.0060922387
0.0021946344
0.0055435346
0.0013903308
0.0091767935
0.00058063114
0.00013206384
0.00068188977
0.015954891
0.0017027422
0.00017299087
0.0007118741
0.010819646
0.00018395511
0.011271578
0.006874834
0.0007031599
0.0014938449
0.0048850067
0.0007744131
0.0004140385
0.00019819694
0.00027241439
0.007889525
0.00049812545
0.00041700757
0.0009087255
0.00019343468
0.0005128213
0.00048128082
0.0015808049
0.00085116836
0.0009177634
0.013191722
0.0065628244
0.0033508588
0.0024842308
0.0015560231
0.0062202928
0.013696456
0.002127875
0.0053724814
0.0005995271
0.0065403003
0.0067768274
0.020301227
0.004213789
0.0013633249
0.0006494496
0.0033682897
0.0077722305
0.0046298713
0.0015575236
0.0006499955
0.009871893
0.006468005
0.0012831447
0.004296256
0.0014462578
0.00024044147
0.0002844298
0.003988992
0.00063762325
0.011572835
0.00033627253
0.00043292114
0.0003034074
0.0004951884
0.0031865772
0.0011345767
0.005033485
0.00018950853
0.0012268799
0.0052498057
0.0025034377
0.0065727695
0.00012125362
0.005463945
0.000988749
0.00094031444
0.0048891953
0.00014679873
0.00033220238
0.0005307751
0.009169417
0.0028763902
0.00025311412
0.0005097635
0.012913655
0.0008294952
0.00878596
0.0006967825
0.0013481239
0.0017363823
0.002795308
0.0020367675
0.0033032144
0.0005090062
0.0016500762
0.00052489346
0.007540995
0.003143642
0.0066398624
0.0010903716
0.0013471927
0.0016220807
0.008260344
0.00069218496
0.0017490467
0.00037073964
0.0018625354
0.0018348861
0.0038445778
0.005615636
0.007593138
0.00070185575
0.0010072055
0.0002259535
0.0010668921
0.0006678837
0.01575658
0.00894648
0.0014429232
0.0025955925
0.001929768
0.0013203984
0.011665802
0.00076272705
0.0015312576
0.00059859455
0.00040693837
0.00025122848
0.0018383849
0.0030894086
0.0008643338
0.0010584439
0.0010819391
0.0013468572
0.0022926861
0.0006925564
0.013624344
0.0063642403
0.013116727
0.0047970964
0.0004759181
0.00048667143
0.0026860663
0.00088972953
0.0046809707
0.00074469345
0.0024854604
0.004735225
0.0010809099
0.0008207903
0.00052994234
0.0025725812
0.00033856387
0.0033853606
0.0022854134
0.0049327114
0.0024110302
0.0016837125
0.0020349107
0.00388874
0.0031752256
0.0016833659
0.001969045
0.00078294624
0.00043821122
0.0009154196
0.0006850409
0.014699704
0.0007421194
0.006995637
0.00110625
0.0024538517
0.0008676456
0.0067651886
0.0005864626
0.0075087054
0.0005698163
0.00087140757
0.0006750203
0.008838806
0.0035790734
0.0019261525
0.0026047216
0.000500717
0.000740573
0.0011771258
0.00043554793
0.00255489
0.0033704918
0.0016204726
0.0020091562
0.0008147677
0.0124575
0.0006699802
0.0005148346
0.0043811477
0.0017804713
0.0027536382
0.00064306764
0.009282775
0.006054113
0.0025039865
0.000681435
0.0009826582
0.004477313
0.0023836233
0.004970256
0.010281425
0.010416546
0.0036061695
0.0004836114
