0.00067224
0.00048155
0.00059613
0.00069725
0.00050347
0.00055197
0.00042161
0.00055866
0.00048438
0.00042585
0.00050913
0.00052037
0.00046972
0.00079747
0.00051972
0.00055058
0.00060451
0.00068126
0.00085695
0.00053753
0.00050371
0.00066711
0.00039061
0.00059565
0.00073918
0.00053247
0.00063655
0.00098575
0.00045363
0.00041350
0.00051706
0.00058227
0.00058464
0.00051915
0.00056250
0.00044655
0.00054001
0.00038826
0.00063724
0.00066835
0.00051924
0.00062584
0.00054508
0.00079575
0.00048869
0.00056519
0.00059456
0.00041837
0.00042277
0.00065637
0.00059486
0.00049211
0.00060370
0.00063066
0.00073526
0.00052324
0.00057640
0.00056604
0.00054359
0.00072392
0.00058826
0.00049971
0.00062161
0.00158986
0.00063437
0.00046246
0.00046968
0.00055741
0.00065393
0.00071642
0.00148493
0.00055378
0.00058627
0.00061023
0.00150653
0.00052855
0.00059498
0.00060719
0.00071055
0.00060062
0.00085621
0.00066224
0.00048854
0.00060390
0.00067795
0.00050790
0.00059640
0.00055386
0.00063041
0.00081402
0.00057405
0.00061212
0.00046986
0.00068918
0.00069391
0.00076812
0.00046442
0.00078868
0.00062170
0.00048263
0.00060459
0.00056501
0.00055304
0.00052931
0.00060457
0.00063398
0.00063129
0.00067989
0.00058589
0.00056683
0.00059220
0.00054503
0.00058018
0.00057188
0.00091740
0.00045131
0.00058062
0.00033226
0.00043040
0.00063626
0.00048195
0.00087211
0.00047637
0.00049375
0.00058861
0.00044269
0.00108978
0.00057904
0.00064389
0.00037034
0.00059650
0.00075028
0.00057898
0.00052203
0.00059287
0.00054494
0.00060298
0.00056827
0.00053974
0.00052162
0.00065138
0.00042469
0.00065839
0.00057662
0.00057857
0.00060359
0.00110491
0.00050295
0.00047638
0.00073018
0.00097673
0.00053255
0.00058760
0.00073236
0.00080092
0.00045490
0.00062869
0.00037910
0.00063574
0.00060019
0.00068521
0.00051237
0.00051607
0.00052504
0.00050706
0.00059331
0.00046732
0.00045867
0.00065143
0.00049277
0.00047258
0.00056305
0.00057673
0.00050905
0.00042118
0.00054653
0.00072373
0.00077120
0.00040863
0.00078127
0.00041054
0.00055694
0.00054196
0.00059071
0.00041857
0.00051993
0.00063047
0.00070028
0.00058921
0.00059489
0.00058993
0.00054313
