1393448821
1996350195
1235682232
1445280426
2087216159
1144141010
1747850684
1158007621
2008083095
1765442503
2110702042
1078643614
1947315006
1653021037
1077303141
1141266776
1253055659
1412140129
1776326939
1114216341
2088220259
1382820430
1619361119
1234688173
1532200281
1103726014
1319466786
2043309408
1880612691
1714223399
2143556170
1206954951
1211867507
1076110773
1165967618
1851232746
1119344778
1609591233
1320892607
1385388414
1076296532
1297266151
1129872759
1649453974
2025935980
1171542880
1232431460
1734435917
1752660319
1360541977
1233046471
2040149005
1251371283
1307246898
1524079628
1084585371
1194787778
1173307584
1126765072
1500576174
1219373149
2071632538
1288500364
1647763322
1314943319
1917192028
1947159371
1155414535
1355488848
1485012635
1539005564
1147898852
1215238770
1264914072
1561400743
1095590300
1233289965
1258600798
1472845462
1244985211
1774785647
1372709150
2025338541
1251795515
1405274600
2105601217
1236234486
1148067038
1306739828
1687326089
1189917896
1268830059
1947897384
1428557153
1438354651
1592177641
1925350334
1634814207
1288683612
2000823457
1253208785
1171171363
1146360070
1097179287
1253171131
1314137529
1308564778
1409298528
1214463103
1174936735
1227541497
1129764819
1202622263
1185417021
1901625979
1870973338
1203530973
1377453520
1784279406
1318866837
1998001938
1807745206
1974887573
2046911614
1220103631
1835262547
1129466099
1200262629
1334686421
1535292906
1236445347
1555211726
1200129586
1082087674
1228932174
1129563999
1249880195
1177931461
1118784993
1081234190
1350207286
1760607765
1364739112
1195247153
1199281122
1251140340
1145147620
2085067387
1974917696
1513551647
2024600528
1103889180
1218007574
1518065073
1660175244
1885854089
1303162724
1571606157
1317777389
1244091563
1420321028
2124126849
2139474507
1088330662
2102122013
1229835863
1937349321
1901487915
1350310206
2042860074
1959178439
1167102251
1195465545
2110365668
1746093510
1132862465
1500169513
1598573753
1694041003
1619453998
1701953305
1154438048
1123398829
1224451381
1735269320
1077734904
1306855299
1451563577
1221336163
1233111737
1222837291
1125828749
