0.00555104
0.00397640
0.00492255
0.00575752
0.00415739
0.00455788
0.00348143
0.00461312
0.00399977
0.00351647
0.00420417
0.00429696
0.00387873
0.00658509
0.00429162
0.00454643
0.00499176
0.00562550
0.00707630
0.00443867
0.00415939
0.00550870
0.00322550
0.00491859
0.00610378
0.00439688
0.00525632
0.00813987
0.00374587
0.00341445
0.00426961
0.00480811
0.00482768
0.00428687
0.00464483
0.00368735
0.00445910
0.00320604
0.00526200
0.00551893
0.00428761
0.00516788
0.00450104
0.00657088
0.00403533
0.00466704
0.00490960
0.00345471
0.00349101
0.00541995
0.00491205
0.00406364
0.00498505
0.00520764
0.00607143
0.00432063
0.00475964
0.00467407
0.00448866
0.00597780
0.00485758
0.00412635
0.00513296
0.01312829
0.00523830
0.00381873
0.00387842
0.00460279
0.00539982
0.00591580
0.01226178
0.00457285
0.00484111
0.00503900
0.01244021
0.00436447
0.00491302
0.00501385
0.00586733
0.00495961
0.00707016
0.00546842
0.00403414
0.00498674
0.00559815
0.00419401
0.00492475
0.00457352
0.00520562
0.00672175
0.00474024
0.00505460
0.00387989
0.00569090
0.00572993
0.00634271
0.00383498
0.00651256
0.00513369
0.00398531
0.00499237
0.00466556
0.00456672
0.00437080
0.00499222
0.00523509
0.00521289
0.00561418
0.00483802
0.00468056
0.00489012
0.00450061
0.00479085
0.00472231
0.00757545
0.00372667
0.00479447
0.00274366
0.00355399
0.00525393
0.00397969
0.00720146
0.00393365
0.00407711
0.00486049
0.00365554
0.00899884
0.00478145
0.00531695
0.00305805
0.00492559
0.00619545
0.00478092
0.00431068
0.00489566
0.00449981
0.00497911
0.00469249
0.00445687
0.00430728
0.00537878
0.00350684
0.00543667
0.00476147
0.00477754
0.00498413
0.00912378
0.00415311
0.00393371
0.00602949
0.00806534
0.00439753
0.00485214
0.00604747
0.00661359
0.00375631
0.00519137
0.00313038
0.00524959
0.00495605
0.00565809
0.00423091
0.00426148
0.00433555
0.00418708
0.00489926
0.00385888
0.00378745
0.00537919
0.00406904
0.00390236
0.00464935
0.00476234
0.00420350
0.00347793
0.00451295
0.00597618
0.00636819
0.00337425
0.00645137
0.00339001
0.00459890
0.00447525
0.00487781
0.00345637
0.00429334
0.00520608
0.00578255
0.00486540
0.00491231
0.00487138
0.00448493
