171
-4118
246
-547
-92
-174
2028
63
915
-695
-1088
320
-2288
37
-718
-10443
2179
1380
2134
655
-1333
607
-412
1205
2559
1267
239
-236
590
635
775
-383
-1563
341
4194
-1764
-218
1358
59
-538
-1454
5008
-1135
163
-480
-34
851
665
430
1189
-2424
592
169
61
-574
-6620
-162
983
-1034
338
574
928
-872
257
912
595
-5908
-756
1340
-2263
1535
-770
1300
-573
-521
215
1238
100
454
-1129
1375
4003
809
-97
-207
-1723
573
-433
-93
437
838
-3612
-14443
738
-39
-1344
-5370
1397
-249
-362
2650
738
875
-2744
2748
-483
-672
1643
284
-2415
-158
-2112
545
1090
-176
-872
-6879
567
44
6575
853
-1146
-605
1620
479
-370
-333
892
2651
-3300
4143
-355
2441
-142
-181
-106
492
906
-484
2084
-97
1776
-159
364
-28814
1687
-1294
-34
31
-52
73
-81
-312
61
-389
1688
253
1638
707
-1927
-284
-806
-1439
460
543
-422
1018
-182
539
1481
636
39
-191
-1651
1338
596
-574
-110
772
-261
-1121
3408
1049
2090
-572
57
2472
-639
70
-1928
-2080
-1213
-348
-6089
-548
-159
-544
-224
1354
-507
1684
55
-420
-1686
150
-601
-342
387
2528
516
116
963
-209
62
-489
-1182
26
-1283
2511
1262
-478
1293
4593
430
152
-2226
1279
177
1879
4026
1221
-852
-153
-495
4582
1992
660
-2731
1844
-1774
-1831
7993
-501
-309
-161
242
-5534
-655
1466
-1716
572
-360
469
232
523
90
1392
-728
852
422
268
-215
300
1079
-832
674
-5768
-338
2008
1556
1158
-256
-2083
778
-528
605
-6022
1737
-164
92
460
898
2083
390
1760
-633
685
977
-146
-2388
1604
186
822
1077
-960
1094
2139
1186
2301
-1678
5038
-3054
2887
130
1752
1099
631
-573
930
-3935
-112
-663
366
-299
653
2561
-442
842
-235
-1347
97
990
-1002
502
804
-6329
1436
65
191
660
1540
580
-3354
-314
-180
-925
-940
371
-451
176
-2040
2893
-643
66
409
711
940
-315
202
-363
410
472
1306
-198
-69
-217
803
-8847
-1401
703
-429
-457
-783
1562
-837
-93
136
-454
-1596
-2586
1862
-530
-264
957
1982
320
1352
305
1326
-531
-2748
794
-1482
-1282
-137
-774
355
484
-564
-793
-540
-2092
591
1604
46
413
666
110
-268
-4590
-946
1722
11
649
85
4409
-161
22
-542
564
2697
1073
-2149
1645
-1319
-615
2722
-743
-160
-1195
-786
1323
291
4496
896
1578
-1616
824
1641
109
1447
1718
161
94
780
-53
-3197
-390
1033
-606
-2492
1245
-54
-3657
359
738
-5025
-1122
2115
-1372
-179
742
6531
986
1
-367
816
993
948
-920
-887
-1143
355
-329
893
-429
79
-877
704
118
952
1644
-1485
-8450
723
1243
456
-745
627
500
-188
-147
-2065
948
300
-128
971
-1281
955
1108
1022
203
684
-850
-245
188
1185
-1636
7040
-597
-1218
1720
-3555
-43
631
719
-73
1448
-164
2289
629
72
213
2270
309
-233
-1411
-771
943
85
2635
698
-1294
706
-1256
-2250
-310
273
1203
-698
1126
-1026
1404
-2381
571
759
281
1763
-1470
-367
874
1264
1812
1074
627
672
4362
913
262
-3680
501
-774
640
-952
-538
147
117
446
344
-13055
366
881
-5667
715
-1345
136
807
-779
490
-461
-577
373
969
-2174
140
388
-1778
629
-1100
1276
-1456
-2048
-80
-1571
221
588
-966
496
187
703
227
-76
386
-4478
488
-2596
614
-48
680
608
3033
81
-1422
3920
227
736
-1880
-741
102
751
-1997
704
526
-217
-3963
-188
-113
-479
-1528
1380
330
-1055
1219
-1210
-2452
-234
-1416
3334
-283
1272
649
-7
-371
1943
-1448
-719
820
-4439
-673
12647
263
-1064
-1295
-2394
550
761
343
15
-352
-243
-1146
701
-197
-869
603
331
63
89
787
2934
-4219
2043
1206
4410
567
-255
-756
2026
674
609
-822
734
