0.03551861
0.00769485
0.03209325
0.05027243
0.03916164
0.02354171
0.01715734
0.04747929
0.01107741
0.01621019
0.01068334
0.01351326
0.01218383
0.00836759
0.01309538
0.00644499
0.00601877
0.00977549
0.01425170
0.03219418
0.02666753
0.04248153
0.01244250
0.01618727
0.01530450
0.02824205
0.01631224
0.05039180
0.01140561
0.03972858
0.03401492
0.02521051
0.01182247
0.00965504
0.00880098
0.02021060
0.03698667
0.00904933
0.03281118
0.01961234
0.02578932
0.00501527
0.01604940
0.03857772
0.02604639
0.00544024
0.04496198
0.01746428
0.04691190
0.01088309
0.02133046
0.01342663
0.00917496
0.01583024
0.05473840
0.00962001
0.02321320
0.00794841
0.04365975
0.04890435
0.02460272
0.00731797
0.03531242
0.03104053
0.01604198
0.01002981
0.00868519
0.01646759
0.00335142
0.02054241
0.02337833
0.02806072
0.01127796
0.02706237
0.04609735
0.01352079
0.01427879
0.02107079
0.03947463
0.01411480
0.02392762
0.00381716
0.00702443
0.12827021
0.04329064
0.02359897
0.02171042
0.06548340
0.01730287
0.07530460
0.01828209
0.02624987
0.00482876
0.01728015
0.02263672
0.01199206
0.01331305
0.01695923
0.03999339
0.02145980
0.00622985
0.00742132
0.01252295
0.00701154
0.01092132
0.01393605
0.00902429
0.14929262
0.01338032
0.00928717
0.02020765
0.02125753
0.03856834
0.05086005
0.02416614
0.00982271
0.00674330
0.00840571
0.02678090
0.00472760
0.03301004
0.04985363
0.04293910
0.01580442
0.02019458
0.08538036
0.01763779
0.07317137
0.00616821
0.01348063
0.00370667
0.01232539
0.00692584
0.05473559
0.07995085
0.00929013
0.05350543
0.03093361
0.00948578
0.01690397
0.03297667
0.00639361
0.01172013
0.06138214
0.00438689
0.00596393
0.03524682
0.03797756
0.03870485
0.04264071
0.04452739
0.02851526
0.02459106
0.03370795
0.07317396
0.01265713
0.00796486
0.01832672
0.04284417
0.00828585
0.01249813
0.00899778
0.01114958
0.03286397
0.01335369
0.01442489
0.01834798
0.11767580
0.03802326
0.02312045
0.06894486
0.04179693
0.02605050
0.01563042
0.01560243
0.03260887
0.01161103
0.02117173
0.01522190
0.00810940
0.01550927
0.00431841
0.03139948
0.00593436
0.04569393
0.00757572
0.00597638
0.02747622
0.02372695
0.01359292
0.00805231
0.01108711
0.04389991
0.00957315
0.01786696
0.03780403
0.05574223
0.04742413
0.02000735
0.03890432
0.00509731
0.02285978
0.05859706
0.01269630
0.02347895
0.03078592
0.01745464
0.02499198
0.00413195
0.06097041
0.01471184
0.01421773
0.03794392
0.04767480
0.05775939
0.02646751
0.02656063
0.03230605
0.00608211
0.00564270
0.01534371
0.03179378
0.01620177
0.00975695
0.03238660
0.00877034
0.01016631
0.02375501
0.00727083
0.00692613
0.02324482
0.03798582
0.03386567
0.05721805
0.00493188
0.00849374
0.01798331
0.02578664
0.01120640
0.01584802
0.02425355
0.00380381
0.02325598
0.04441557
0.06066346
0.01490003
0.01329196
0.02346330
0.02693509
0.01441982
0.04165517
0.09451455
0.06992219
0.02865788
0.04268803
0.01635833
0.00423937
0.02505384
0.01118954
0.06282200
0.02309285
0.00643627
0.01137533
0.00416284
0.05636776
0.01639217
0.00883234
0.01205839
0.00744280
0.02275056
0.01839478
0.06752695
0.00899481
0.01610951
0.01211469
0.02851498
0.00787199
0.00626510
0.05484012
0.03692199
0.05201856
0.02806995
0.01463031
0.05511101
0.00894926
0.04785025
0.02150119
0.02051434
0.01950426
0.00757760
0.00930921
0.01607140
0.00913269
0.02059737
0.03250939
0.01009981
0.00601905
0.01166928
0.01326126
0.01070051
0.01091780
0.01113808
0.01048532
0.03249298
0.03187816
0.01574005
0.02414792
0.02596718
0.01011278
0.01268175
0.03194735
0.02995766
0.01080361
0.01672050
0.01480255
0.01331387
0.04439772
0.01586838
0.03563007
0.02663456
0.04793000
0.00613013
0.01023442
0.07734447
0.03645355
0.01050610
0.01704868
0.02541171
0.02327425
0.06531778
0.00657434
0.02071819
0.01303240
0.02070319
0.01836757
0.01460328
0.02672905
0.06834352
0.00861104
0.04742107
0.00970964
0.00521566
0.04171285
0.01462380
0.04574159
0.01305910
0.03379774
0.00768319
0.03857951
0.02631393
0.06209889
0.03301211
0.00698922
0.03387937
0.04553188
0.06415215
0.01283927
0.00773363
0.02332443
0.01021700
0.07713068
0.03319758
0.01963573
0.00920337
0.04420255
0.03618863
0.02397705
0.05321423
0.02075729
0.01208684
0.02803496
0.02292299
0.07959555
0.04977661
0.00672580
0.05755354
0.00882138
0.04639898
0.01347913
0.01516449
0.01842101
0.03228084
0.02047176
0.01065178
0.03430173
0.02541180
0.02244052
0.02034417
0.00883562
0.03029331
0.03973171
0.01561728
0.07420325
0.00586863
0.09820852
0.02444642
0.01205962
0.01113481
0.06261256
0.00930717
0.02485157
0.00810000
0.09750956
0.01259867
0.02601902
0.00315701
0.04079515
0.01920805
0.02227829
0.06212161
0.02172611
0.00930164
0.01382661
0.00700958
0.02659169
0.01751551
0.00941652
0.01335405
0.02155859
0.01516321
0.01238006
0.01024487
0.02157198
0.01929872
0.01357995
0.00716697
0.01319250
0.01084241
0.00778118
0.02305025
0.04706082
0.01790312
0.01113696
0.04886746
0.01136974
0.09392145
0.01258818
0.09067841
0.01811003
0.06296115
0.01658054
0.02307660
0.04438596
0.00801567
0.04520177
0.03700665
0.01012747
0.03286923
0.00782533
0.02042155
0.02295380
0.03272269
0.00488275
0.01024115
0.02884123
0.02024605
0.01807841
0.01829810
0.01221143
0.01244704
0.01123635
0.03006994
0.01424988
0.01428569
0.01585139
0.01360856
0.01828801
0.03465319
0.04713452
0.01544479
0.03610149
0.00744020
0.00979552
0.00640052
0.00829065
0.00934317
0.05046259
0.01556927
0.01256558
0.08156910
0.03185695
0.16080754
0.00825889
0.02983051
0.03526051
0.00529401
0.01393316
0.05268900
0.05316007
0.01367322
0.03110043
0.01793903
0.01048272
0.02610606
0.03741066
0.02719861
0.00808900
0.01227519
0.00468625
0.04785972
0.03983052
0.01783730
0.01019756
0.03624702
0.01964827
0.03565540
0.03728344
0.00650672
0.06917178
0.01037777
0.00997428
0.01362414
0.03203201
0.01463506
0.04931467
0.02756857
0.00959979
0.01236261
0.01786182
0.03099647
0.00481797
0.01299752
0.02166302
0.02563514
0.02500078
0.01910780
0.02922052
0.01986388
0.02473359
0.04642245
0.00556304
0.03766111
0.01190558
0.00982653
0.01444206
0.01866067
0.04674697
0.00961025
0.01051564
0.07340205
0.02821554
0.02182947
0.01470490
0.01754336
0.01141592
0.01312886
0.00398023
0.02796316
0.04010608
0.00931587
0.02086679
0.02778420
0.01485489
0.03338964
0.08911218
0.08245439
0.04131539
0.06868621
0.01881663
0.00542240
0.06630258
0.05556718
0.01008996
0.08832015
0.01122439
0.04459516
0.07322179
0.02432475
0.08376208
0.01407663
0.02922344
0.06482657
0.01091854
0.01676454
0.01064610
0.03492577
0.01690138
0.04116474
0.01872258
0.00954453
0.02351315
0.00778360
0.02472409
0.01079438
0.02164377
0.01478689
0.01116055
0.01886187
0.02991707
0.04077046
0.01304363
0.01052445
0.04906989
0.00925095
0.06396897
0.01234795
0.01957809
0.05492591
0.09920898
0.04393629
0.00826241
0.00614527
0.01138756
0.01243563
0.05343254
0.01372581
0.02255752
0.02880098
0.00914988
0.03081250
0.02276585
0.01322408
0.06594244
0.01790666
0.01453857
0.03940022
0.00649031
0.00781484
0.01785015
0.02268190
0.05497208
0.04098725
0.00780403
0.02536856
0.00970177
0.05771166
0.01885645
0.00500802
0.02273543
0.01978320
0.00997613
0.01364793
0.04052405
0.01472186
0.04116564
0.02539683
0.01687804
0.01104051
0.02740594
0.00927237
0.01566640
0.01288319
0.01308281
0.00754969
0.01262936
0.03117436
0.01722402
0.02574197
0.02024603
0.03539876
0.03823900
0.01900192
0.03720042
0.01613994
0.01575362
0.00998782
0.01502048
0.02893971
0.01421054
0.00663286
0.01069048
0.02495897
0.02225752
0.00384117
0.07659065
0.05223548
0.01717131
0.00535117
0.01720955
0.07292713
0.02903827
0.01882430
