-244
61
129
-1917
-790
-1855
859
-1202
514
917
758
-1377
-1601
1916
359
-933
1015
465
2140
-1078
2214
-705
631
848
723
761
3263
-996
-135
-778
-170
-1178
314
-1239
1744
188
-1375
-332
207
1009
3569
3490
287
-2544
-1092
1746
-155
-841
-663
2165
526
-2501
-1332
57
-1208
938
586
749
1469
-2120
1791
80
369
2638
-1644
616
651
-654
-142
1001
1332
3039
-1848
-2006
-1734
-1821
-3334
-1748
-474
869
-2056
67
-437
769
962
199
-140
-1342
261
-2713
-761
-354
60
-1922
3119
171
-656
-792
-700
-205
-1272
435
-680
-526
627
-290
-57
-324
-771
1089
2187
-409
480
2196
-2451
742
281
-1514
628
-1025
1646
841
-1040
858
184
3015
-2198
-758
1489
-815
-558
-2973
-804
338
2817
-808
-103
-721
-427
-142
1463
1618
-415
1133
-188
1688
379
1058
1845
801
921
-126
-386
-1611
-1467
-868
-2111
-1347
-1911
-411
-525
-938
-296
1205
-226
270
-2316
1513
-430
-104
17
248
1746
-1271
1798
-341
169
-1519
171
-2338
518
-605
707
-1568
446
237
154
-2956
1488
3392
-545
-402
