0.00016702272
0.00019207606
0.00018205184
0.0001475488
0.00012260252
0.0001579194
0.00014064806
0.00012745272
0.00019046458
0.00015972593
0.00013252659
0.00011541024
0.00014304383
0.000117334464
0.00012166541
0.00014469858
0.00011204933
0.00020338387
0.00012856296
0.00025487613
0.00012837218
0.00014897696
0.00015484924
0.00012594667
0.00015024407
0.00014068723
0.00012289832
0.00017063403
0.00016004367
0.00018921742
0.00014071177
0.0001706143
0.00013372612
0.00018233705
0.00015148548
0.00016462743
0.00018263065
0.00018693668
0.00013091396
0.00017977053
0.00014784894
0.00016942492
0.0001513813
0.00014400497
0.00011920798
0.00017720225
0.00014672903
0.00017820369
