2099424058
1128260393
1455491091
1744081832
1345459957
1413606919
1244124380
1240594865
1699450573
1449624311
1511641289
1103527823
1990558851
1295447990
1607135494
1832329647
1851258685
1192384883
1918458772
1613782998
1963545176
1669430274
1378669795
1550845509
1246733792
1588511930
1239703729
1127462493
1226427053
1644623483
1135893362
1523191647
2085873874
1439587434
1426678922
1346735410
1082561814
1266754480
1567802473
1582896167
1467165697
1468681005
1176658281
1503849517
1346605778
2013895522
2098125691
2100261557
1407826151
2008307567
1213786885
1176594487
1858066083
1093053441
1506306669
1845221720
1120355073
1838176049
1453125064
2059284128
1979414020
1182802796
1429989793
1092548952
1348736259
2096272536
1405554792
1973549761
1215398360
1661128084
1658929174
1857707720
1261962039
1166828515
2108207837
1994843804
1086731584
1930421473
1104091267
1193250666
1630228849
1572566002
1699826656
1260786761
2092903869
2104493621
1357847663
1628829474
1259108562
1537134545
1699404227
1929423809
1119234933
1221646990
1622735667
2013964114
1205555849
1755713704
1116372800
1574117977
1244577343
1618235955
1143062054
1258451813
1104283194
1200434625
1074219855
1424145232
1234356500
1085254308
1084935339
1298434508
1101472041
1214437636
1552603191
1343203306
1998128094
1464470409
2045838086
1129945067
1490897740
1098530983
2098096520
1651957316
1265218045
1995235018
1236026453
1249350632
1199945880
1229903202
2126778239
1261683896
1309666919
1478059511
1242089590
1761379220
2006911464
1543295077
1074689360
1805492768
1410090013
1297674912
1301038263
1152899180
1317858629
1295512329
1799682080
1730588489
1874388299
1256961723
1393074994
1932407804
1945578361
1603353530
1916552865
1104028905
1824618504
1116829921
1518288180
1195057203
1335610821
1534828004
1107211643
2065229356
1335652941
1104631333
1523435644
2083652677
1741520674
1796505067
1294536134
1287045270
1129009357
1308205455
1788284664
1800099330
1673599431
1456760097
1155821222
1332859918
1101463419
2091622949
1627373667
1243872885
1607505307
1609861997
1382441876
1580708299
1162497284
1316467911
1498901354
1904851746
1764222952
1264093338
1527916068
1537184012
1479690533
1647671954
2076169856
1300875984
1658355235
1442642775
1341499411
1446278204
1667339801
1515532642
2012610513
1660125649
1397523793
1993014503
2142195892
1624817417
1774653033
1131609499
1509511217
1322631987
1233524454
1324053716
2088367012
1182035702
1228145260
1457163634
1464353181
1612524093
1393144921
1606188878
1348832972
1619498541
2000433122
1147977311
1349221732
1361909815
1474777061
1814600833
2037899165
1082620973
1114634692
1466383814
1101326937
1895071121
1083562477
1151747552
1912300899
1474626437
1242886317
1356677565
1821027104
1651007293
1107348636
1335632495
1346153087
1086449896
1455548070
1995666444
1629316788
1146914081
1087669885
1861849819
1202717570
1504810990
1125824915
2062284481
1372211423
1805248634
1664941535
1542405916
1512812000
1134647270
1139059265
1619469916
1199703586
1818288332
1880339115
1184626167
1385209409
1810015449
2123434109
1632954670
1944262410
1105828285
1405629831
1765764635
1345679336
1382956043
1357022637
1275875290
1372055891
1576623383
1731760768
1370824248
1132108059
1225004029
1132157812
1243126852
1309129034
1568326713
1599078119
1663467326
1704979096
1359440599
2062677604
1247249935
1191626173
1409462980
1911130801
1508670174
1880611193
1409369743
1838918265
2026280515
1562235019
1575228848
1602499811
1621668280
1404244088
1715888517
1815957405
1114488975
1744066974
1661478132
1881977716
1132560068
1663662661
1550092933
1888684516
1306261585
1180803310
1777067042
1752298691
1329594303
1111233037
1145782082
1484515225
1339959704
2131799139
1833105601
1544264524
1913253035
1337210096
1786729349
1250214643
1333840543
1465730678
1133426736
2057499401
1993246096
1187140706
1378836674
1453038983
1407718192
1106355061
2092170240
1383348893
1775018553
1691898914
1112409474
1688517297
1075937346
1175435225
1935935274
1491287455
1459737537
2001104047
1287355720
1986774979
1610847393
1575896979
1105877289
1356289554
1522638236
1975890094
1683333915
1129939955
1539065261
1421406119
1462006306
1077224604
1669418824
1557870801
1105712761
1701800175
1224464304
1442179861
2068366157
1446677392
1692326114
1273390126
1145140259
1418990406
1592920518
1953270967
2142325797
1919035098
1146813006
1369945039
2067227410
1192836586
1258645171
1388661035
1900261728
1938563565
1646222826
1334598163
1984059244
1849654843
1362218628
1460757624
1080113523
1862010666
1778404804
1333818134
1556135214
1135446124
1455676134
1708063281
1313141977
1939780486
1416919698
1233486832
1175594982
1921053735
1918967214
1141899793
1818047061
1352453011
1632431834
1289540739
1575547681
1454938212
1297344834
1922030680
1966294580
1478280008
1213767937
1794516146
1434184985
1330843598
1655401364
1541532432
1099462536
1556325369
1752473715
1116826718
1912130373
1119148648
1640899861
1195252673
1657550179
1113481019
1093342762
1207332193
1659935426
1600657833
1282470791
1236899051
1141211161
1582689860
1316010313
2129849066
1438291711
1259465098
1080466979
1481588071
1294411955
1505378183
1712035944
1497020582
1120561381
1859124542
1246445288
1626298851
1341691951
2087525833
1594662034
1479453296
1224661274
1662684489
1406718756
1381996342
1642900846
1114312451
1386385096
1151947044
1479972780
2028286067
1120268379
1153790453
1623199127
1771632029
1576886124
1407874814
2106860371
1637506044
1496525703
1287954945
1286815994
1424105906
1721922211
1450289034
1203328927
2132632138
1229970676
1936053184
1662616742
1103876168
1555112741
1457602421
1447423493
1127319639
1853894268
1218863603
1490721408
2138435466
1599435664
1126532576
1191578669
1412781348
1158993669
1139867047
1117962465
1562085213
2065146751
1964229460
1466921632
1755125383
1694762683
1159017796
1470030134
1084725828
1474851487
1564015384
1807002964
2074682152
1711312130
1328563174
1293644180
1859664199
1591061433
1317141290
1866874125
1119432517
1178264985
1299991935
2122524093
1689574666
1356322609
2043158882
2088001152
1986210376
1761927874
1573315443
1641747855
1345537981
1149540941
1501435372
2042633810
1297200003
1143670889
1368168831
2075092586
1632158393
1556867684
1267142219
1471692808
1557475702
1234670562
1106881496
1250251038
1888263586
1615698039
1282237358
1364632501
2047009411
1912493098
1232008806
1505573367
1208955459
1452557804
2081432708
1751117961
1185103939
1572625366
1130672153
1516844368
1559109396
1377848586
1208779208
1205238175
1668926194
1085708702
1391335318
1820688097
1174153829
1907894356
2111301428
1173435058
2103981021
1922084250
1209017889
1924585567
1252727751
1268448696
1816679038
1344465482
1481316266
1144637324
1956772946
1867351761
1466677498
1101439735
1185584778
2118876941
1904532777
1257094900
1339626150
1214530328
1443807421
1841152411
1971839460
1479343702
2065592353
1170226966
1878797295
1971609026
1354635550
1196178638
2089662449
1275032135
1869379123
1307156197
1942652025
1680131957
1611194783
1183227883
1213944597
1426609472
1698963259
1866935738
1159220218
1860916357
1307457855
1317598588
1078236649
1517910052
1380424193
1653710624
1247358371
1584968103
1289572691
1487756918
1431624714
1598836098
1829629588
1092705301
1298563254
2085671042
1387585115
1612289024
1486224981
1671626798
1698041452
2037090429
1253680637
1230187480
2005431121
1789469620
1624889321
1605747842
1724044172
1853590362
1751078021
1226715352
1321554444
1395652508
1858757455
1853652179
1902754320
1831926574
1239542131
1251395646
1180217443
1433772915
1720378551
1571097723
1144502526
1365334506
1121095313
1246157876
1380269275
1463387687
1181519763
1247842618
2069419709
1782370106
1253855661
1418143912
1913934456
1336731847
1272028510
1535226729
1215814110
1539876356
1195494695
1266690618
1545946813
1485784831
1868033319
2021964756
1388069021
1188067011
2041058049
1216202053
1315141531
1724280128
1551147234
1889510292
2131113219
1534372941
1995542537
1697004053
1870585616
1586780705
1460326402
1249711449
1445966664
1336695725
1549804089
1950655693
1107642421
2075786820
1457647472
1213053392
1124592795
1261706932
1690198018
1101679098
1936790220
1866165919
1925472682
2048925542
1177355105
1210768334
2114477487
1279156922
1132143772
1595860703
1172337000
1179684874
1342244149
2111638117
1819216886
1974497126
1394562616
1531979174
1161314100
1176881831
1095210366
1466856952
1461970251
1441942475
1675992039
1332533179
1838025425
1149955055
1110344831
1481594614
1181432285
1369662860
1266808392
2118962000
1132652964
1460093310
1432051641
1392764476
1937291983
1609213154
1914939209
1643866000
1242606619
1430210482
1089121671
1672049228
1658607411
1338973218
1225611910
1733768365
1299008230
2029368517
1088075752
1163275282
1874596447
1758527856
1272085897
1360575393
1376193151
1156036322
1924494647
1270167190
2026985246
1125382856
1937932511
1386438121
1106452864
1435851053
1103273330
2125411989
1592351349
1074014059
1917904257
1736887036
1529997682
2028567550
1216387573
1532640558
1699876682
1590999002
1250105594
1865472025
1903756892
1276422921
1610649401
1145023631
1095440528
1352440525
1504520374
1374672664
1451618004
1463203407
1081477320
1098406667
1256821595
1818927906
1381094845
1074554466
1538297589
1489508180
1448446171
1166380800
1196276169
1107768066
1418480533
1374129599
2028621121
1147532663
1127429574
1545834288
1490801641
1480730126
1918647564
1699033323
1140816457
1250446236
1308597228
1379545120
1900061213
1627600285
1814967238
1681616321
1238238789
2057967495
1162128630
1259611620
1293070445
1488691197
1217779790
1848719201
1522393338
1494520901
1366341848
1228608038
1307545707
1446517403
1482814793
1113561238
1496545536
2145529527
2013889115
1256408503
1755734696
1735568699
1815616762
1223639142
1320465655
1489123019
2031301551
1981247955
1763456063
1103033830
1313059304
1414585704
1953184409
2099394888
1344148013
1763229104
1108894136
1165566406
1363626522
1499728547
2106881799
1505223456
2085750239
1432737425
1756575875
2104059741
1422494499
1878420667
1584964913
1447967036
1382366632
1642313412
1382122089
1704687117
1487267355
1645310630
1739810374
1167958333
1602004727
1427378473
1207670654
2085709346
1309822723
1776104819
1672701683
1544559093
1769407288
2070090089
1552603178
1196633100
1418100701
1137072525
1790536667
1323814475
1253931245
2072595086
1516850979
1744886002
1994593536
1680452561
2108389404
2015785890
1435592402
1909029422
1330858047
1354876548
1308436708
1172379939
1627339835
1284583143
1950118790
1113418452
2012745053
1515983561
1191633057
1565219219
1333908563
1144325798
1918268209
1586985241
1153014977
1119942663
1610780600
1733308313
1646608588
1250504441
1360267670
1787163910
1073852393
1785330384
1904394012
1799949524
1808084596
1168613037
1345953663
1235803583
1951222613
1342873432
1416296277
1727579957
1366505013
1750124113
1562230725
1749501851
1126061756
1716182677
2006800234
2045672467
1956277999
1703724280
1930044980
1800223714
1707604047
1656610447
1472617954
1668130135
1799327807
1921446585
1469414429
1468055062
1304074670
1407428326
2006685323
1650678919
1759234358
2035790767
1420872323
1468010556
1078821153
2001986801
1807446522
1774511610
1430615804
1542661296
1105835237
1325955739
1339202903
1404909288
1361547090
2131265479
1950597079
1191773594
1800941190
1483148838
1452101637
1123138078
1240799278
1507897561
1528199051
1429583857
1203919633
1421237025
1780655171
1937209106
1492769093
1191761462
1316415090
1460094128
2046486111
1631284036
1164511969
1695291980
1946605878
1264936766
1110490889
1265666237
1412230922
1485762816
1550656513
1772454805
1765086349
1087144335
1852307193
1947213418
1160649718
1364732009
1466750152
1539905009
1990536496
2065493255
1126202498
1157970446
1261133879
1420565623
1127028000
1286705650
1788493357
1702088201
1077344286
2076003010
1314131872
1443674449
1713935854
1583709811
1422776800
1182752497
1842047569
1292406062
2031541936
1172757044
1795741859
1206025987
1804139549
1126974907
2104965804
1385962939
1247379840
1528652900
1445759947
1237961599
1269910092
2041450762
1447843605
1429716897
1210376984
1129430218
1307472917
1240828367
1607211624
1499427162
1684573668
1768575106
1226498753
1424095001
1510274493
1281495414
2021947172
1264732912
2067543925
1181473690
1971930584
1489896259
1230776959
1350713458
1465173504
1550255621
1961844417
1892307541
1954938329
1619286985
1846245283
1093196908
1319255686
1297174703
1098508424
1435023165
1710259055
1832697688
1480667151
1359170975
2109093317
1518893608
1521687926
1342412153
1955507566
1125558494
1413957703
1996275211
1444391788
2113509947
1337350088
1296040537
1290314362
1220702514
1214033949
1292389091
1095729918
1780423305
1585090170
1284461826
1179437673
1391765994
1492479772
1748680029
