1902488393
1999305700
1085825915
1857873166
1600259864
2139549250
1335116327
2047374644
1317508033
1707834650
1674628012
1682497957
1184455008
1570761725
1728896660
1893571010
1750411617
1676864435
1157221602
2136831571
1811389535
1366822579
1484164023
1373277066
1569148104
2049667686
1222276038
1768642713
2035966055
1391989417
2091282142
1201214028
1450674294
1121835159
1262361800
1768189766
1347515736
1414098867
2107559906
1729604389
1747693939
2146966248
1531128910
1319886002
2097198755
1725895890
2070871242
1086392098
1144992047
1257407698
1715761213
1432655517
1341627432
1433179236
1793668005
1741805635
1626757232
1785175259
1267004502
1728670187
2080156645
1665201064
1788968685
1480568760
1591993591
1166337150
1368690983
1128063173
1499309420
1663559133
1273430680
1179019651
1359518817
1776172948
1409512784
1631824571
1770454499
1704947116
1779626664
2087403788
1281612025
1821297739
1431990252
1672816226
1638647077
1220407634
1616112990
1626700614
1143151952
1983679047
1461573318
2103709861
1198836059
1657500974
1834235023
1146237650
1345307622
1422534994
2083666980
1614187968
1282149899
1159429716
1241979209
1191192587
1902828103
1418401858
1662313530
1161128265
1578008869
1953727962
1511906994
1767510347
1549756333
1488948270
1616792410
1357367322
1872452381
1541093732
1364770165
1727537821
1355838627
1387941208
1585652340
1849606893
2117977675
2137907319
1318612090
1383355125
1454142165
1962503800
1362406351
1747580702
2049243048
1137207030
1786902117
1183775589
1171319561
1344118638
2043807691
1081607851
1317621269
1704890498
1384204400
1162204013
1611668453
1408352108
1538772381
1481984218
1942715701
1970203890
1576083846
1867385042
1123533709
1570478634
1385959567
1709759672
1610790869
1394990187
1618830669
1986509963
1325264741
1266721410
1720941788
1208999045
1201214028
1630210949
2132471961
1468225969
1666106956
1130398679
2019291963
1554851981
1298710754
1496648360
1106661453
2093235474
1707183539
1515558875
1621095401
1463583268
2007571973
1375909818
1341061249
1185813848
1956445641
1184002062
1289170569
1761791897
1284895887
1480200741
1076597131
2077099256
1715195030
2066907960
1653452765
1386497441
1403794334
2050941598
1520428049
1622142840
1223266859
1140802293
1808558620
1394084295
1836471446
2050545269
1215595078
1393603039
1525183987
1480795234
1406512013
1100093729
1599863536
1710042764
1418118766
1356008482
1155919381
1503046229
2146173592
1354932734
1543471701
1498686619
1872254217
1669220963
1261002961
1673863665
1098734890
1434877786
1384770583
1153314939
1195891907
1735747476
1795253318
1415655870
1163959181
1962164090
1922984221
1255992241
2001570433
1262248564
1088373739
1202686104
2049327976
1302107853
1433066000
1075252446
1430433248
1905545782
1237902691
1458827330
1076653749
1182586604
1482890111
1204497889
1722088309
1597768658
1752563113
1707041993
1443030822
2039080062
1464206069
1252764997
1246084037
1107057781
1643686106
1083051618
1316149193
1133725004
1699851468
2139945578
1786081152
1398755305
1422563304
1116258256
1765585324
1223351786
1474737075
1386469132
1407248051
1748826305
2057509321
1922304801
1494836574
1588596492
1117475550
1889239709
1293558488
1580330219
2144927989
1730708446
1629474911
1468452442
1884766863
1207328805
2064756465
1823449235
1270571455
1767397110
1259842286
1570563561
1229126854
1177038010
1125458731
2116505598
1707381703
1922134946
1182529986
1559947629
1111403236
1607308843
1624888828
1080928432
1746108626
1271873676
1366765961
1502763137
1304570749
1856287854
1948292605
1964315586
1377296966
1106972853
1799216599
1373277066
2143342677
1494440246
1666956231
1699002194
1204611126
1745061187
1914208383
1663474205
1128233028
2139152922
1466414183
1950500719
1589077748
1612772510
1707410012
1658916431
1526316353
1697473499
1442011692
1203591996
2097481847
1989510733
1426101948
2001343960
2096802427
1343892164
1708061123
1274138409
2003608692
1192155098
1725159852
1641025046
1129648486
1085797606
1616565937
1329284641
1739484284
1116965985
1907753896
1796555539
1705343444
1145501612
2105295173
1743221092
2006099897
1776116329
1242149064
1652914891
1920832725
1310600599
1893655937
1719554639
1130327906
2089328811
1842472987
1299050464
1347515736
1489825854
2047091553
1126166460
