0.00108079
0.00286777
0.00159370
0.00165755
0.00228863
0.00115174
0.00127029
0.00095718
0.00138264
0.00123872
0.00362581
0.00143213
0.00081984
0.00163322
0.00098280
0.00168488
0.00150217
0.00223804
0.00098494
0.00064969
0.00151784
0.00063328
0.00157030
0.00200635
0.00117106
0.00206154
0.00323051
0.00116671
0.00085320
0.00155617
0.00119767
0.00184363
0.00179620
0.00169604
0.00155736
0.00244002
0.00067484
0.00132080
0.00387345
0.00057921
0.00113420
0.00153369
0.00091144
0.00257897
0.00172720
0.00118139
0.00147481
0.00097437
0.00458649
0.00086880
0.00125215
0.00186690
0.00139547
0.00051604
0.00090789
0.00165119
0.00150158
0.00052498
0.00086332
0.00161889
0.00164103
0.00157442
0.00185779
0.00088484
0.00201776
0.00284470
0.00276419
0.00132268
0.00137258
0.00197347
0.00138780
0.00090510
0.00374707
0.00181598
0.00121094
0.00113251
0.00296842
0.00222780
0.00147989
0.00248768
0.00135077
0.00387909
0.00073352
0.00159928
0.00076540
0.00191438
0.00097868
0.00083170
0.00092306
0.00217795
0.00282579
0.00147312
0.00118275
0.00121528
0.00144045
0.00445122
0.00178649
0.00444945
0.00081751
0.00141167
0.00099927
0.00168110
0.00142369
0.00087414
0.00197790
0.00092604
0.00096356
0.00061660
0.00214115
0.00292270
0.00545633
0.00172282
0.00280603
0.00180405
0.00088071
0.00215672
0.00072860
0.00246529
0.00119449
0.00292502
0.00081550
0.00118575
0.00123621
0.00244036
0.00069252
0.00115932
0.00133181
0.00220822
0.00122650
0.00120545
0.00132734
0.00181483
0.00099090
0.00115553
0.00109169
0.00209458
0.00355516
0.00117498
0.00085180
0.00167493
0.00188806
0.00125882
0.00181530
0.00076411
0.00199248
0.00170386
0.00462306
0.00538964
0.00287180
0.00105740
0.00121404
0.00145546
0.00065540
0.00230891
0.00097793
0.00075995
0.00219655
0.00059025
0.00144934
0.00076678
0.00134490
0.00240430
0.00140995
0.00127084
0.00213329
0.00227440
0.00070956
0.00096178
0.00178605
0.00098217
0.00167093
0.00075512
0.00386775
0.00110600
0.00199348
0.00152462
0.00103518
0.00074493
0.00186807
0.00294213
0.00120327
0.00300956
0.00464925
0.00067617
0.00243233
0.00059529
0.00247720
0.00145681
0.00072447
0.00088840
0.00104830
0.00272046
0.00261198
0.00164265
0.00376043
0.00146717
0.00099800
0.00154250
0.00095123
0.00094141
0.00216212
0.00136531
0.00136646
0.00277193
0.00160847
0.00127802
0.00165969
0.00244537
0.00352426
0.00093063
0.00178734
0.00122781
0.00285534
0.00133851
0.00125612
0.00197394
0.00197183
0.00168014
0.00226823
0.00138839
0.00139614
0.00168294
0.00117593
0.00095577
0.00215521
0.00141615
0.00139652
0.00087916
0.00126536
0.00082123
0.00084725
0.00076004
0.00296302
0.00127468
0.00177791
0.00197440
0.00119124
0.00152877
0.00111608
0.00134531
0.00152113
0.00176708
0.00094004
0.00130025
0.00061938
0.00096175
0.00139584
0.00180972
0.00350443
0.00124408
0.00102030
0.00116088
0.00122660
0.00416022
0.00240783
0.00394093
0.00184525
0.00253066
0.00137996
0.00259649
0.00442385
0.00136012
0.00222736
0.00200165
0.00077378
0.00107973
0.00156933
0.00115251
0.00291357
0.00160461
0.00112094
0.00199850
0.00246121
0.00072637
0.00099421
0.00080893
0.00145190
0.00411968
0.00152628
0.00145359
0.00080037
0.00148308
0.00119919
0.00214197
0.00070612
0.00129849
0.00083321
0.00069793
0.00329127
0.00299606
0.00088636
0.00113895
0.00099320
0.00118052
0.00074130
0.00157114
0.00187874
0.00167322
0.00072078
0.00065510
0.00150066
0.00125892
0.00089007
0.00120759
0.00205225
0.00297123
0.00155454
0.00220265
0.00205622
0.00459412
0.00186430
0.00233438
0.00115029
0.00119307
0.00373213
0.00093848
0.00197694
0.00223531
0.00159251
0.00101254
0.00106995
0.00125073
0.00137643
0.00120567
0.00094860
0.00115129
0.00118878
0.00091583
0.00084353
0.00071863
0.00079544
0.00213354
0.00141731
0.00064543
0.00318693
0.00354733
0.00237500
0.00109642
0.00154595
0.00108734
0.00109260
0.00108428
0.00141866
0.00275770
0.00114724
0.00111568
0.00134689
0.00149638
0.00282305
0.00188041
0.00105263
0.00142058
0.00117245
0.00077949
0.00274319
0.00098940
0.00164206
0.00214765
0.00070943
0.00099286
0.00370483
0.00140054
0.00160835
0.00529635
0.00107433
0.00082564
0.00116023
0.00149077
0.00073101
0.00256165
0.00370876
0.00163567
0.00211320
0.00097328
0.00161970
0.00117134
0.00133548
0.00134159
0.00116945
0.00364913
0.00220859
0.00092408
0.00136435
0.00103213
0.00147678
0.00191564
0.00122654
0.00071394
0.00199262
0.00089583
0.00338918
0.00144170
0.00150744
0.00089748
0.00229825
0.00210943
0.00235305
0.00095706
0.00149280
0.00273682
0.00178023
0.00092895
0.00107569
0.00077151
0.00128107
0.00131540
0.00483587
0.00210743
0.00071248
0.00162778
0.00089628
0.00340714
0.00204648
0.00141096
0.00134271
0.00161629
0.00076685
0.00132379
0.00075425
0.00403522
0.00125106
0.00076819
0.00151295
0.00113279
0.00091274
0.00166214
0.00174643
0.00127542
0.00092797
0.00495726
0.00095204
0.00483398
0.00228674
0.00088310
0.00708249
0.00116045
0.00297843
0.00140740
0.00105987
0.00100505
0.00088861
0.00095707
0.00174549
0.00114437
0.00198924
0.00131219
0.00076967
0.00138910
0.00100857
0.00092579
0.00149056
0.00102105
0.00145235
0.00089864
0.00068697
0.00100291
0.00336426
0.00100918
0.00185122
0.00160312
0.00371598
0.00089160
0.00142485
0.00217022
0.00413200
0.00137291
0.00127223
0.00127776
0.00475474
0.00084432
0.00098222
0.00126091
0.00125643
0.00068885
0.00097428
0.00313667
0.00193778
0.00110874
0.00195409
0.00365820
0.00123123
0.00109496
0.00322168
0.00108991
0.00247055
0.00219950
0.00085475
0.00247116
0.00106375
0.00093547
0.00142085
0.00106430
0.00110450
0.00247107
0.00132701
0.00279061
0.00215515
0.00107191
0.00265141
0.00080656
0.00110576
0.00214410
0.00196472
0.00136539
0.00360932
0.00096827
0.00704009
0.00059140
0.00144141
0.00143784
0.00256726
0.00151970
0.00260797
0.00159352
0.00123490
0.00113446
0.00125097
0.00218041
0.00384622
0.00184069
0.00269828
0.00084452
0.00131962
0.00145168
0.00134201
0.00139506
0.00134013
0.00351796
0.00233043
0.00070267
0.00092791
0.00095435
0.00126944
0.00097045
0.00356578
0.00231349
0.00071730
0.00079503
0.00089833
0.00112555
0.00083669
0.00204532
0.00105242
0.00227839
0.00154289
0.00147612
0.00133690
0.00143704
0.00080912
0.00303575
0.00083136
0.00092578
0.00148049
0.00141679
0.00485404
0.00500497
0.00085882
0.00093213
0.00482883
0.00138237
0.00088364
0.00133830
0.00164588
0.00172224
0.00278643
0.00094435
0.00082040
0.00160055
0.00296725
0.00065937
0.00206802
0.00090482
0.00118729
0.00103029
0.00199415
0.00089262
0.00181063
0.00116317
0.00167484
0.00078966
0.00155137
0.00116113
0.00439468
0.00184990
0.00156846
0.00050155
0.00164183
0.00171429
0.00095951
0.00318966
0.00090787
0.00115650
0.00127566
0.00568093
0.00141836
0.00146022
0.00069061
0.00066903
0.00245835
0.00105279
0.00210353
0.00432431
0.00149787
0.00168289
0.00081613
0.00130436
0.00398766
0.00117719
0.00125985
0.00129797
0.00105967
0.00393657
0.00161492
0.00116769
0.00128621
0.00107593
0.00235852
0.00160961
0.00140362
0.00094483
0.00082237
0.00089963
0.00090414
0.00141900
0.00151839
0.00086650
0.00125739
0.00155024
0.00253030
0.00197611
0.00162751
0.00164732
0.00500969
0.00358564
0.00143759
0.00114236
0.00241503
0.00065437
0.00120449
0.00136784
0.00105781
0.00236308
0.00116789
0.00275220
0.00221797
0.00264456
0.00198894
0.00343434
0.00158495
0.00409127
0.00157776
0.00378018
0.00094611
0.00062516
0.00326271
0.00260975
0.00182183
0.00132199
0.00064104
0.00248249
0.00411853
0.00098457
0.00173027
0.00087654
0.00095274
0.00356510
0.00135241
0.00179910
0.00188825
0.00098269
0.00155437
0.00127377
