0.00100029
0.00135351
0.00096517
0.00080830
0.00084399
0.00094884
0.00124006
0.00051307
0.00113862
0.00128773
0.00066146
0.00090834
0.00155290
0.00107254
0.00101840
0.00170459
0.00122664
0.00221653
0.00103872
0.00117956
0.00134564
0.00129924
0.00134033
0.00112657
0.00101730
0.00133742
0.00106647
0.00271385
0.00120177
0.00141111
0.00143556
0.00107486
0.00237315
0.00110539
0.00108742
0.00132656
0.00120675
0.00165982
0.00115903
0.00117017
0.00121383
0.00146491
0.00060347
0.00122741
0.00224964
0.00095461
0.00108224
0.00123669
0.00193873
0.00146390
0.00108690
0.00122358
0.00141242
0.00137348
0.00328824
0.00110098
0.00153191
0.00090326
0.00106758
0.00108907
0.00100494
0.00082102
0.00086543
0.00465079
0.00167023
0.00132899
0.00120081
0.00131000
0.00138161
0.00153507
0.00270227
0.00146147
0.00098808
0.00135962
0.00120872
0.00112121
0.00097099
0.00145264
0.00107137
0.00208487
0.00188450
0.00074847
0.00189669
0.00122799
0.00141144
0.00087108
0.00131982
0.00134890
0.00120639
0.00112802
0.00177389
0.00082862
0.00114268
0.00061458
0.00128440
0.00096688
0.00165153
0.00104395
0.00149135
0.00122854
0.00109968
0.00070221
0.00124617
0.00158616
0.00119882
0.00179295
0.00125613
0.00091632
0.00099746
0.00102326
0.00195025
0.00100764
0.00130417
0.00127456
0.00117165
0.00119639
0.00123723
0.00148119
0.00113472
0.00150714
0.00096588
0.00110517
0.00138349
0.00195873
0.00107938
0.00217117
0.00157151
0.00094440
0.00104787
0.00128727
0.00148590
0.00124233
0.00130980
0.00110398
0.00112606
0.00046495
0.00130777
0.00114218
0.00076326
0.00143031
0.00273703
0.00113917
0.00085704
0.00085668
0.00252958
0.00100591
0.00141295
0.00083418
0.00119744
0.00102085
0.00061866
0.00091670
0.00170443
0.00072112
0.00120141
0.00094066
0.00093200
0.00065662
0.00069346
0.00114934
0.00154391
0.00106084
0.00134441
0.00128430
0.00183958
0.00157273
0.00131466
0.00155320
0.00167016
0.00109318
0.00228519
0.00124345
0.00090366
0.00325756
0.00130157
0.00088174
0.00099846
0.00116430
0.00095475
0.00086530
0.00332053
0.00108486
0.00167630
0.00104212
0.00129033
0.00107651
0.00094795
0.00105640
0.00174541
0.00118334
0.00226049
0.00110222
0.00105674
0.00167125
0.00100820
0.00137232
0.00135866
0.00102001
0.00175771
0.00147011
0.00349963
0.00113454
0.00120119
0.00121001
0.00144013
0.00114477
0.00144102
0.00123005
0.00098696
0.00139753
0.00123742
0.00109326
0.00094043
0.00236513
0.00210576
0.00118014
0.00090992
0.00146250
0.00112724
0.00112890
0.00105410
0.00102743
0.00137808
0.00213412
0.00093114
0.00096532
0.00233228
0.00114916
0.00116715
0.00111367
0.00179432
0.00085611
0.00095437
0.00280508
0.00130517
0.00110024
0.00150193
0.00096106
0.00135607
0.00158680
0.00122835
0.00042649
0.00066125
0.00127000
0.00074489
0.00148762
0.00112689
0.00102827
0.00110292
0.00093002
0.00155882
0.00136079
0.00102881
0.00097478
0.00096801
0.00110619
0.00084610
0.00146179
0.00114467
0.00100514
0.00119208
0.00108500
0.00140193
0.00234463
0.00113276
0.00116465
0.00115397
0.00113295
0.00073375
0.00128292
0.00102531
0.00121802
0.00048313
0.00120097
0.00131667
0.00119998
0.00053366
0.00134080
0.00253599
0.00128951
0.00328900
0.00096310
0.00052115
0.00071466
0.00103655
0.00144284
0.00069917
0.00128074
0.00077224
0.00140141
0.00085226
0.00076604
0.00143617
0.00087640
0.00109210
0.00104657
0.00091395
0.00129937
0.00165832
0.00120505
0.00094122
0.00154897
0.00116140
0.00103610
0.00144620
0.00132734
0.00060791
0.00119234
0.00137791
0.00129092
0.00083970
0.00147231
0.00169355
0.00108334
0.00119645
0.00107931
0.00161553
0.00108079
0.00175913
0.00079802
0.00187400
0.00109456
0.00095159
0.00283038
0.00110704
0.00117774
0.00103644
0.00129914
0.00120881
0.00187056
0.00121556
0.00121807
0.00110948
0.00117628
0.00138169
0.00164659
0.00139744
0.00138897
0.00103013
0.00152769
0.00134236
0.00103576
0.00128226
0.00093210
0.00102367
0.00053492
0.00192949
0.00167438
0.00129767
0.00088315
0.00115144
0.00106624
0.00260874
0.00124208
0.00443432
0.00093667
0.00087480
0.00119770
0.00177470
0.00129739
0.00124213
0.00107595
0.00132129
0.00176405
0.00108468
0.00144216
0.00190720
0.00193308
0.00124153
0.00051520
0.00097996
0.00125621
0.00115527
0.00328941
0.00121180
0.00150948
0.00163189
0.00321556
0.00114225
0.00130590
0.00127321
0.00146263
0.00069484
0.00101353
0.00133413
0.00123334
0.00118263
0.00091199
0.00077371
0.00133757
0.00118121
0.00101434
0.00115103
0.00138097
0.00128689
0.00108606
0.00288925
0.00094007
0.00097159
0.00318163
0.00209918
0.00110719
0.00123723
0.00113295
0.00095206
0.00098788
0.00122370
0.00148695
0.00083919
0.00236966
0.00128099
0.00158551
0.00090141
0.00125495
0.00103644
0.00208728
0.00089381
0.00144915
0.00170010
0.00094692
0.00126957
0.00113554
0.00106210
0.00126536
0.00127949
0.00049903
0.00068931
0.00133724
0.00162270
0.00098648
0.00046536
0.00157308
0.00096630
0.00194562
0.00178962
0.00133146
0.00087285
0.00133829
0.00131057
0.00097162
0.00081951
0.00134198
0.00112178
0.00086323
0.00108764
0.00138640
0.00070225
0.00115473
0.00170096
0.00102979
0.00132463
0.00134780
0.00105248
0.00145622
0.00078185
0.00081678
0.00088733
0.00060026
0.00127395
0.00081570
0.00149887
0.00088642
0.00287606
0.00105986
0.00110723
0.00068294
0.00087125
0.00091323
0.00105886
0.00132443
0.00137908
0.00099283
0.00069990
0.00325870
0.00142814
0.00159761
0.00090565
0.00089240
0.00125329
0.00102627
0.00101552
0.00107561
0.00120419
0.00175175
0.00147453
0.00102461
0.00087091
0.00126470
0.00145117
0.00147208
0.00111461
0.00124719
0.00129899
0.00107278
0.00139466
0.00108150
0.00084169
0.00095132
0.00209102
0.00127651
0.00191792
0.00108868
0.00162026
0.00095514
0.00159478
0.00139082
0.00112119
0.00152166
0.00107307
0.00055398
0.00123932
0.00127390
0.00126512
0.00134870
0.00141069
0.00122869
0.00137139
0.00159814
0.00106746
0.00107991
0.00142405
0.00145703
0.00338550
0.00129968
0.00093019
0.00116461
0.00137240
0.00142940
0.00154502
0.00270288
0.00106296
0.00100104
0.00165604
0.00125390
0.00091857
0.00084462
0.00111461
0.00089766
0.00175139
0.00108368
0.00108805
0.00096435
0.00144814
0.00112785
0.00140482
0.00231774
0.00115863
0.00117727
0.00104293
0.00115779
0.00206576
0.00130368
0.00141981
0.00144200
0.00107138
0.00106260
0.00084232
0.00072552
0.00118501
0.00106229
0.00106393
0.00142231
0.00106516
0.00141692
0.00169468
0.00137309
0.00157203
0.00124989
0.00189077
0.00120322
0.00154152
0.00108662
0.00182164
0.00089779
0.00100478
0.00101135
0.00109162
0.00097606
0.00069388
0.00105935
0.00105216
0.00097801
0.00087526
0.00062338
0.00128240
0.00237137
0.00054106
0.00148685
0.00167300
0.00119278
0.00110251
0.00157016
0.00105773
0.00149349
0.00109039
0.00120590
0.00099634
0.00077849
0.00108078
0.00092079
0.00131616
0.00123446
0.00117975
0.00100491
0.00125297
0.00134300
0.00080551
0.00139089
0.00094235
0.00109089
0.00138455
0.00117741
0.00124600
0.00113216
0.00109814
0.00170640
0.00096391
0.00121889
0.00143889
0.00097895
0.00156194
0.00112343
0.00122822
0.00326370
0.00058462
0.00149482
0.00086419
0.00101218
0.00157558
0.00444873
0.00266888
0.00139420
0.00121395
0.00113643
0.00099975
0.00125627
0.00156112
0.00117989
0.00134580
0.00134398
0.00105933
0.00077497
0.00123162
0.00122513
0.00126831
0.00151410
0.00105685
0.00136677
0.00105773
0.00131392
0.00179188
0.00088255
0.00153519
0.00159686
0.00132185
0.00163408
0.00128420
0.00112825
0.00120477
0.00186327
0.00128977
0.00170676
0.00108292
0.00122218
0.00101564
0.00090032
0.00170171
0.00075815
0.00115620
0.00107737
0.00107375
0.00148411
0.00117392
0.00100069
0.00150808
0.00128570
0.00154750
0.00172543
0.00109445
0.00143005
0.00142678
0.00127024
0.00100265
0.00124875
0.00119035
0.00166794
0.00078534
0.00164393
0.00091460
0.00104435
0.00156648
0.00149146
0.00159639
0.00153714
0.00106170
0.00107082
0.00194326
0.00091024
0.00153683
0.00145792
0.00126172
0.00085276
0.00092695
0.00132999
0.00189197
0.00105547
0.00105990
0.00182213
0.00127923
0.00296020
0.00292448
0.00184143
0.00221444
0.00103781
0.00116935
0.00102480
0.00107191
0.00127278
0.00110670
0.00181137
0.00125529
0.00212209
0.00115185
0.00114507
0.00164200
0.00190905
0.00056523
0.00056885
0.00166762
0.00130902
0.00152591
0.00117101
0.00147298
0.00081125
0.00092152
0.00114271
0.00073622
0.00220959
0.00123733
0.00127120
0.00102048
0.00127390
0.00130912
0.00105485
0.00045260
0.00055027
0.00130863
0.00137253
0.00094113
0.00162669
0.00117260
0.00084767
0.00079213
0.00101868
0.00131732
0.00081991
0.00114943
0.00140749
0.00118389
0.00111098
0.00204845
0.00124936
0.00175968
0.00135415
0.00127951
0.00206422
0.00078141
0.00060558
0.00100502
0.00056377
0.00121290
0.00110223
0.00101160
0.00095989
0.00054159
0.00089719
0.00106024
0.00069456
0.00125096
0.00106924
0.00156210
0.00101863
0.00133827
0.00116938
0.00125756
0.00118726
0.00061637
0.00071546
0.00119642
0.00100160
0.00102167
0.00087759
0.00118158
0.00148893
0.00130932
0.00103125
0.00141982
0.00092672
0.00063865
0.00147947
0.00165050
0.00127378
0.00108916
0.00111500
0.00136665
0.00101904
0.00234011
0.00088450
0.00078888
0.00100555
0.00171709
0.00163441
0.00160069
0.00160450
0.00196457
0.00153886
0.00132853
0.00094078
0.00118781
0.00127186
0.00120986
0.00098466
0.00122140
0.00097992
0.00125958
0.00132350
0.00105469
0.00087905
0.00067969
0.00094908
0.00095753
0.00143239
0.00182976
0.00093405
0.00219679
0.00122782
0.00109420
0.00259597
0.00117258
0.00120220
0.00175755
0.00124103
0.00107767
0.00106238
0.00103016
0.00155865
0.00077466
0.00113630
0.00142421
0.00111789
0.00097381
0.00080790
0.00161805
0.00135993
0.00302477
0.00128053
0.00079740
0.00176320
0.00097264
0.00086303
0.00108672
0.00116118
0.00074355
0.00106544
0.00165515
0.00118625
0.00110976
0.00092859
0.00095043
0.00112948
0.00096773
0.00077482
0.00182639
0.00167604
0.00119422
0.00118313
0.00073274
0.00094629
0.00143037
0.00111577
0.00094252
0.00136811
0.00098450
0.00070754
0.00125666
0.00159024
0.00131998
0.00179288
0.00085469
0.00092678
0.00155354
0.00125504
0.00123011
0.00144773
0.00114866
0.00166308
0.00070735
0.00119680
0.00142619
0.00081240
0.00123464
0.00132562
0.00132202
0.00103619
0.00110652
0.00116498
0.00357241
0.00128328
0.00112129
0.00133245
0.00135361
0.00156361
0.00117891
0.00107929
0.00110410
0.00099046
0.00156315
0.00136812
0.00182575
0.00094582
0.00140632
0.00145062
0.00140099
0.00184611
0.00163975
0.00162769
0.00093132
0.00149992
0.00100172
0.00107316
0.00034807
0.00093371
0.00094787
0.00238932
0.00084010
0.00122582
0.00154953
0.00116012
0.00176775
0.00146641
0.00097814
0.00134008
0.00080480
0.00249978
0.00152890
0.00053586
0.00110248
0.00134809
0.00062151
0.00108794
0.00277058
0.00155254
0.00288449
0.00132489
0.00073361
0.00241946
0.00101738
0.00098844
0.00110789
0.00105245
0.00129447
0.00135844
0.00445335
0.00148719
0.00074809
0.00156868
0.00120607
0.00164623
0.00100164
0.00230077
0.00124350
0.00122084
0.00114481
0.00088488
0.00175324
0.00101979
0.00266934
0.00090007
0.00117063
0.00113635
0.00135689
0.00112298
0.00061480
0.00143209
0.00108179
0.00111270
0.00168303
0.00131484
0.00108676
0.00151076
0.00118225
0.00120814
0.00097218
0.00102054
0.00087704
0.00121959
0.00109722
0.00098741
0.00108720
0.00116395
0.00116351
0.00164534
0.00087408
0.00176409
0.00143111
0.00076681
0.00097302
0.00106071
0.00070654
0.00119952
0.00131474
0.00131369
0.00096991
0.00124861
0.00109467
0.00052945
0.00090310
0.00104702
0.00045389
0.00104265
0.00122341
0.00132571
0.00173647
0.00089306
0.00056325
0.00141849
0.00106911
0.00142195
0.00036877
0.00320154
0.00056585
0.00148212
0.00135981
0.00114149
0.00112095
0.00137045
0.00087429
0.00101623
0.00119324
0.00128891
0.00116988
0.00125606
0.00141954
0.00138693
0.00114582
0.00129133
0.00115621
0.00163285
0.00110609
0.00111571
0.00123453
0.00203317
0.00100760
0.00113654
0.00131802
0.00127588
0.00067151
0.00178672
0.00087959
0.00119567
0.00158383
0.00113650
0.00127058
0.00217115
0.00113240
0.00191059
0.00114411
0.00123987
0.00098264
0.00156554
0.00094791
0.00080126
0.00136601
0.00089584
0.00127695
0.00089081
0.00283876
0.00107543
0.00095061
0.00134141
0.00209527
0.00143381
0.00085878
0.00132184
0.00160368
0.00152942
0.00074291
0.00117754
0.00118883
0.00084114
0.00130531
0.00143369
0.00137841
0.00174082
0.00131345
0.00276049
0.00116725
0.00121270
0.00127389
0.00075258
0.00098994
0.00103003
0.00114457
0.00177045
0.00062913
0.00103484
0.00109101
0.00120461
0.00092424
0.00111000
0.00120850
0.00095334
0.00139462
0.00113673
0.00129012
0.00137492
0.00122435
0.00154294
0.00118292
0.00110034
0.00138290
0.00107597
0.00174475
0.00082260
0.00064715
0.00123380
0.00049106
0.00174932
0.00141753
0.00103202
0.00133156
0.00154398
0.00148925
0.00092350
0.00224485
0.00109309
0.00112412
0.00122894
0.00133371
0.00099712
0.00129828
0.00096062
0.00140970
0.00079286
0.00101679
0.00116234
0.00189777
0.00120505
0.00129783
0.00095125
0.00179286
0.00117573
