0.00011184
0.00008178
0.00018507
0.00003039
0.00027101
0.00052151
0.00027521
0.00008304
0.00001791
0.00001453
0.00002913
0.00008289
0.00006982
0.00002389
0.00001662
0.00011433
0.00012590
0.00014532
0.00023611
0.00037758
0.00025108
0.00001597
0.00021219
0.00004138
0.00006930
0.00003044
0.00013712
0.00002634
0.00019332
0.00015647
0.00001839
0.00003168
0.00011679
0.00009787
0.00013051
0.00018971
0.00005352
0.00004776
0.00001316
0.00002042
0.00012428
0.00009389
0.00021032
0.00020911
0.00016411
0.00010510
0.00002349
0.00007051
0.00007960
0.00011313
0.00030470
0.00010690
0.00013654
0.00008543
0.00002501
0.00004352
0.00009032
0.00031893
0.00013102
0.00017972
0.00005750
0.00002659
0.00015585
0.00002900
0.00001849
0.00008077
0.00007079
0.00014006
0.00017525
0.00008710
0.00024903
0.00025191
0.00001793
0.00001718
0.00003099
0.00010829
0.00005515
0.00003046
0.00008071
0.00006009
0.00018040
0.00006452
0.00009187
0.00016344
0.00006082
0.00015605
0.00010980
0.00010247
0.00005583
0.00027246
0.00013648
0.00008158
0.00017570
0.00029970
0.00002961
0.00013661
0.00015632
0.00003464
0.00007314
0.00004201
0.00009272
0.00030537
0.00022933
0.00016945
0.00003547
0.00019468
0.00003573
0.00009662
0.00017848
0.00013730
0.00011710
0.00006863
0.00010312
0.00002788
0.00006134
0.00006758
0.00022747
0.00013022
0.00007020
0.00010911
0.00022847
0.00002449
0.00013545
0.00015056
0.00003698
0.00002238
0.00008114
0.00008075
0.00003081
0.00008140
0.00021020
0.00018662
0.00008110
0.00014612
0.00008107
0.00008182
0.00004484
0.00021595
0.00003639
0.00001755
0.00002377
0.00003030
0.00010072
0.00021586
0.00002969
0.00026546
0.00026093
0.00002304
0.00022371
0.00008724
0.00026979
0.00016990
0.00005628
0.00016795
0.00005325
0.00012024
0.00002983
0.00010033
0.00013807
0.00012554
0.00002600
0.00009507
0.00001915
0.00017746
0.00022836
0.00015917
0.00016126
0.00016381
0.00023284
0.00013056
0.00020326
0.00007988
0.00016738
0.00015794
0.00003426
0.00021837
0.00001473
0.00023776
0.00022825
0.00008062
0.00002402
0.00007635
0.00001399
0.00013636
0.00002934
0.00010686
0.00003574
0.00008607
0.00005424
0.00002148
0.00007816
0.00006361
0.00006425
0.00016208
0.00002137
0.00034107
0.00015656
0.00024667
0.00001344
0.00017957
0.00010411
0.00002599
0.00011449
0.00001728
0.00020661
0.00003468
0.00009639
0.00010165
0.00013300
0.00008109
0.00001881
0.00034241
0.00010873
0.00019257
0.00016494
0.00006765
0.00001805
0.00004907
0.00008257
0.00006209
0.00002055
0.00006364
0.00009583
0.00002301
0.00010895
0.00002937
0.00004643
0.00005313
0.00017092
0.00002248
0.00012116
0.00027072
0.00011191
0.00006962
0.00010387
0.00013192
0.00017532
0.00011924
0.00009932
0.00011697
0.00005038
0.00015121
0.00013562
0.00030368
0.00013726
0.00009846
0.00001516
0.00012793
0.00003499
0.00003543
0.00009790
0.00015081
0.00007990
0.00002927
0.00001985
0.00023390
0.00008004
0.00004926
0.00018361
0.00002059
0.00018221
0.00003334
0.00012018
0.00002821
0.00001606
0.00004413
0.00005893
0.00007565
0.00013268
0.00009352
0.00006320
0.00002348
0.00004036
0.00001912
0.00028373
0.00014382
0.00005108
0.00005057
0.00015476
0.00016169
0.00017621
0.00004193
0.00009191
0.00007583
0.00005340
0.00012228
0.00006929
0.00002695
0.00017699
0.00001968
0.00001993
0.00002231
0.00005193
0.00002508
0.00032915
0.00007858
0.00007986
0.00009999
0.00012226
0.00001859
0.00015241
0.00010289
0.00005326
0.00006484
0.00029078
0.00021833
0.00002741
0.00019114
0.00013481
0.00003081
0.00014292
0.00010053
0.00006700
0.00012051
0.00023340
0.00026561
0.00001784
0.00017800
0.00012788
0.00002777
0.00014111
0.00012758
0.00002688
0.00003580
0.00002961
0.00001613
0.00005210
0.00024447
0.00008890
0.00009470
0.00027302
0.00014190
0.00002976
0.00018553
0.00004096
0.00022242
0.00009142
0.00003285
0.00002764
0.00018126
0.00003139
0.00006664
0.00017295
0.00006299
0.00006585
0.00010595
0.00025442
0.00003763
0.00004940
0.00016069
0.00009022
0.00002677
0.00009846
0.00018690
0.00013786
0.00012506
0.00002587
0.00011001
0.00002176
0.00004281
0.00011070
0.00003790
0.00005240
0.00005318
0.00013850
0.00003515
0.00025655
0.00022491
0.00015727
0.00001565
0.00005436
0.00040572
0.00011832
0.00004500
0.00031992
0.00002720
0.00002344
0.00016138
0.00014425
0.00006478
0.00008274
0.00030335
0.00019984
0.00028088
0.00001799
0.00021006
0.00027626
0.00008832
0.00026139
0.00025419
0.00024621
0.00006570
0.00016521
0.00022404
0.00002641
0.00016636
0.00020045
0.00005436
0.00010051
0.00010116
0.00001468
0.00006902
0.00005806
0.00019216
0.00002576
0.00001541
0.00001455
0.00006381
0.00011045
0.00015649
0.00014416
0.00003005
0.00007091
0.00013208
0.00017223
0.00001466
0.00020062
0.00009965
0.00003612
0.00015248
0.00019487
0.00036633
0.00005432
0.00010648
0.00001669
0.00011662
0.00016330
0.00014617
0.00010828
0.00008007
0.00013320
0.00004820
0.00034173
0.00009171
0.00017830
0.00001959
0.00003755
0.00026072
0.00004381
0.00016444
0.00009993
0.00002520
0.00014727
0.00032196
0.00023441
0.00021864
0.00005617
0.00008558
0.00031485
0.00001608
0.00013841
0.00001890
0.00012789
0.00010952
0.00005516
0.00005150
0.00011117
0.00004300
0.00011402
0.00015690
0.00016367
0.00006521
0.00006117
0.00002087
0.00013311
0.00007302
0.00008463
0.00002028
0.00028092
0.00010731
0.00025711
0.00007248
0.00005888
0.00005054
0.00004472
0.00002671
0.00013046
0.00010335
0.00027190
0.00007647
0.00015500
0.00001534
0.00018674
0.00006670
0.00005741
0.00006978
0.00008126
0.00005172
0.00006614
0.00008516
0.00019063
0.00031954
0.00049091
0.00005578
0.00003885
0.00015172
0.00010604
0.00016416
0.00013046
0.00015002
0.00014034
0.00002057
0.00005634
0.00001772
0.00003833
0.00020108
0.00027419
0.00003682
0.00011761
0.00006893
0.00021437
0.00003050
0.00004347
0.00004459
0.00014500
0.00010789
0.00012388
0.00006894
0.00007248
0.00013283
0.00003636
0.00004638
0.00009285
0.00007887
0.00004991
0.00009128
0.00010786
0.00008221
0.00011809
0.00018391
0.00012114
0.00012677
0.00002850
0.00018088
0.00002077
0.00006819
0.00006497
0.00009589
0.00017419
0.00017622
0.00003007
0.00014928
0.00009605
0.00010736
0.00004562
0.00010798
0.00009525
0.00004129
0.00015943
0.00016640
0.00010922
0.00014618
0.00008870
0.00007160
0.00006272
0.00007922
0.00011074
0.00001879
0.00020255
0.00027716
0.00016686
0.00005287
0.00005816
0.00028032
0.00002114
0.00004030
0.00007085
0.00023605
0.00011128
0.00001828
0.00003332
0.00002962
0.00002487
0.00001969
0.00007795
0.00025075
