1694415472
1238950482
1401889379
1841610131
2052946259
1975238193
2084737510
1258001942
1085141380
1760373585
1765590611
1255812655
2115597150
1448097322
2014889918
1732052587
1907428502
1100815748
1788578131
1430093925
1901931992
1935889241
1607356353
1253669948
2099946072
1844963933
2077354487
1596037270
1464400528
1185243064
1114766634
1920051841
1769456800
1482799861
1977206222
1437034433
1621656594
1447072549
1595291981
1237553064
1882927112
1422431418
1593219145
1584042769
1243142735
1592264243
1423316450
2136465253
1205878264
1713886158
1154080650
1619607048
2068550756
1294334801
1515918659
1318696449
1368397936
1207974391
1984938600
1361364267
1742207156
1611129381
1180608295
1757392427
1120728949
1223625468
2145129243
2121978690
1327546760
1319534899
1886443947
1908243662
1086631959
2081593320
1878129312
1640614893
1671218339
1845709222
1222787018
1820742027
1366534713
1954987282
1391921133
1238065451
1842821226
1182098874
1663439381
1552531001
1691527476
2063892697
2067665725
1235922744
1330970434
1135133996
1794470575
2069715270
1184125130
2099293944
1108152191
1272767989
1404730795
1156607647
1737153162
1283574685
1074707328
1474741419
1082532867
1463748400
1352001569
2080149322
1774114858
2079357452
1562266344
1689384769
1858565465
2047589491
1723085824
1972781067
2126962813
1653051910
1730655170
1483871214
2052154389
1140525699
1120449466
1356054080
1229261720
1223392565
1866949970
1233267650
1592264243
1413627687
1228749333
1106894515
1228190366
1239602610
1358662593
1635863673
1102748842
2127428619
1440458106
1836020460
1525980066
1635118384
1799501279
2010883988
1976600675
1396113386
1694601795
1321677606
2043700012
1287021649
1705222169
1272255602
1613458410
1821673639
1807513140
1519924589
2091747889
1902025153
1575914456
1440364945
1160788255
1344245901
1729863300
1205715232
1221552632
1240860286
1763750678
1977998092
1539674759
1210163678
1267946898
1196375824
2076376295
1654193134
1784968135
1801085019
1728978269
1221343020
1455550217
1156642583
1695533406
2065895662
1778074208
1618908339
1082998673
1304023563
1643549470
1301647953
1184171710
1927318413
1946882260
1227794431
1294940349
1291796159
1185965063
1868557001
1628457359
1360246333
1577265293
1575169167
1734474778
2094263240
1565107760
2101716134
1460301436
1540000823
2014936499
1228469850
1139733829
1296896733
1647229336
1458717696
1249407824
2049732198
1093898531
1486759211
1250968274
1881296792
1245378603
1928250024
1451823769
1394622807
1650629719
1779564787
1406733760
1609731963
1294707446
1362575363
1835601235
2050733681
1695393665
2109355351
1573632007
1998679874
1328035857
1806488367
1504692737
1772111893
1526539033
1145416661
2054669740
1150191171
2079497194
1491696753
1836765749
1938171690
2120348370
2147178788
1483265666
1142388923
1210536323
1773975117
1202710784
1771809119
1212632450
1492721526
1390873070
1247987116
1380252696
2020293266
1820788608
1709507583
1946695937
1337049200
1785713425
1146068789
2010092118
1416841748
1915021137
1422757482
1222833598
1158925032
1074637457
1089426794
1547872942
1532221864
1172316951
1224859854
1334790042
1270532121
1392433520
1148910205
1618116469
1852603149
2099387105
1633115418
1340705777
1192463055
1207741488
1351768666
1573492266
1519831428
1246659569
1190460090
1209884195
1514893886
1852230505
1126691265
1154499876
1558865961
1613644732
1964769205
1101328134
1653890361
1660877449
1447864419
2042419046
1867136293
1082672609
1523045489
2029982029
1825772731
1768012801
2011978631
1081042288
1348391574
1937379820
1682677164
2137862671
1932861503
1629016327
1084675574
1794656898
1955266765
1578709291
1851834570
1346831124
1434728694
2068154821
1074916941
1803227726
1405382923
1241000028
1684866452
1385027206
1990481690
1674851625
1373102576
1902351217
2019268494
1310102330
1908779339
1995232910
1605213646
1927225251
1140292796
1496913779
1217243928
1366814196
1622308722
1491603592
1415793685
2088626989
1894712001
1568088917
1666700022
1318603288
1297083056
1677180655
1148397819
1587652764
1611502025
2098315751
2130037132
1943365425
1703708300
1191321831
1896016257
1647089595
1536658666
1792653932
1363506974
1211700838
1648021206
1420521614
1222437663
1092664145
1962905982
1253530206
1148945141
1513822532
2127661522
1090172084
1591216179
2092679500
1338073973
1980024348
1925548350
1865063457
1990761174
1251457370
1697117146
1600509007
1260191230
1518387430
1647182756
1522766005
1532547929
1779005820
2091468405
1759162490
1455643378
1561008668
1868067905
1763354743
1933467050
1673314466
1185452676
1092012017
1820928349
1074241522
2001055484
1304629111
1777142597
1519714977
1509770021
1094457498
1155058843
1476138836
1387495977
1646064822
1613132346
2023460746
1766755126
1236994097
1107267159
1640475151
1213144836
2018010818
1460580920
1294299866
1389405781
1350604152
1187059707
1137684283
1974993645
1327453599
1245634796
1513962274
1526911677
1115605085
1219444861
1775698598
1656219390
1701961527
1296617250
1192497990
1948931806
2096871753
1145137177
1937612723
1659200548
1671311501
1560542862
1684167743
1302952210
1727394529
1188550286
1239788932
1976041708
1853348439
1264383483
2016566819
1106288967
1282177268
1229168558
2127987586
1625709105
1947604259
1098137364
1784036524
1531383414
1355122469
1618954920
1976507514
1565759888
2059630573
1158552387
1174180174
1858751787
1414582589
2021038556
1739691804
2114386054
1231124943
1566970983
2004176383
1290235709
1444044811
1210268485
1859345689
1690223219
1177277783
1149282850
1606471322
1243515380
1976507514
1136426608
2126170943
1246496537
1706992231
1074148361
1161533545
1523208521
2077005132
1115791407
1781847236
2088766731
1623869172
1847945091
1317205870
1351116538
1098393557
1634605997
1876731894
2088859892
1098137364
2012421147
1101724069
1405150020
1406640599
1194885246
1512192212
1382977660
1634047030
1245518345
1789113808
1393108938
1835275171
1920564227
1727394529
1370144708
1258607490
2066035404
1968681975
1452708801
1319534899
1334836622
1822232606
1130836937
1455177572
1626594136
1382325532
1635863673
1443066619
1251061435
1207671617
1260470714
1654775392
1107290450
1343803386
1084722155
1900394833
1200195433
1677739622
1138988540
1534364572
2099480266
1264010838
1601813263
1762236808
2123469269
1281152495
1220970375
2146899305
1788112325
1685891225
1107500062
2019361655
1794843220
1506788863
1193022022
1181004230
1899439931
