0.00092662504
0.0005880041
0.0007880759
0.00070825877
0.0006678245
0.0008721142
0.0005178099
0.0009997451
0.0007021979
0.00055132975
0.00082677644
0.00076778006
0.0006548358
0.0009021686
0.00070160587
0.0007869236
0.00067637983
0.00078063435
0.0010758486
0.00081399834
0.00075748237
0.0010659571
0.00053395337
0.00082898693
0.00071414374
0.0005112907
0.0009782835
0.0009694207
0.00059464836
0.00064017536
0.0006656477
0.0006847235
0.0008295761
0.00068878836
0.0006858555
0.00067138165
0.0011244934
0.00060910976
0.0008626475
0.0007486097
0.0009307974
0.0006594511
0.00075785315
0.0014647254
0.000738805
0.000753161
0.0005607717
0.00063022703
0.00066071615
0.0008759778
0.0006986241
0.0008189635
0.00059105526
0.00076847564
0.0009378304
0.0008783891
0.0007516766
0.00080737856
0.00090882403
0.00076478726
0.00064705097
0.0006490154
0.00080977014
0.002046469
0.00078558875
0.0006286975
0.0006817188
0.0010088913
0.0007436324
0.0008410983
0.0016959485
0.0007583116
0.0008307501
0.00084059214
0.0013323595
0.00080134877
0.0007062534
0.0015239391
0.00069438195
0.0007601843
0.00085530285
0.0010078094
0.0006772062
0.0008189534
0.0007545634
0.0007029896
0.0007706315
0.0008327717
0.00084546977
0.00085106445
0.00073171855
0.0006995617
0.000577046
0.00082061085
0.0010291929
0.0008824245
0.00074102194
0.0010792074
0.0007560839
0.0004967272
0.0007683935
0.0009649899
0.00078753044
0.0008567075
0.00070194073
0.0008657771
0.0005701279
0.00085141335
0.0008125638
0.0009240151
0.00069757487
0.00068935077
0.0008418174
0.0009374811
0.00094761426
0.00083697366
0.0008819192
0.0004861162
0.0006061361
0.0009512011
0.000629999
0.0009416275
0.0008053692
0.00073530286
0.0007261562
0.0006732696
0.0013312652
0.00066139473
0.0009982131
0.0005378866
0.0007694473
0.0008074541
0.0007892485
0.0007153948
0.0008363051
0.0006108421
0.0009491837
0.0006500235
0.0008413067
0.0007297935
0.0008151553
0.0006005766
0.0010419154
0.0007466556
0.00073129893
0.0007855723
0.0010454581
0.00075641595
0.0006700458
0.00084877375
0.0012016519
0.0006425334
0.0006605566
0.00079665997
0.0008921997
0.0007620529
0.0008816401
0.00057905866
0.00097639463
0.0007772416
0.0007961392
0.0006156956
0.00069395563
0.0007320632
0.00084549113
0.0007092352
0.0007836338
0.000784821
0.00076040876
0.0007467224
0.00061935006
0.00080754864
0.0008922251
0.00075395615
0.00061352423
0.00074075133
0.00072400994
0.00088404195
0.00063957606
0.0009634144
0.00072110567
0.0007025128
0.00081724866
0.00070275395
0.0005914581
0.0007663348
0.0008051009
0.0007554272
0.00093733694
0.0009040251
0.00078255107
0.00087380054
