-1272
-7637
-4336
-12208
-7470
-6187
-11978
-11787
-7012
-6913
-6549
9344
-7527
-8520
-6502
1222
-7660
-6775
-10297
8226
-9038
-5988
-862
-10671
2216
-5096
-7092
-6963
-7972
-691
-7114
-10893
-7358
-10148
-8318
-5994
-5863
-6734
-6083
1443
2755
-14309
-4492
-11490
-5023
-5546
-5425
-8223
-7527
-6645
-6280
-9698
-6561
-7866
4785
-10275
-3760
-8966
-13515
-6838
-9260
-8886
-12329
-6954
-2694
-4897
-2575
-8133
-9421
-9313
-13917
-7263
-1081
-9196
-4620
-10168
-7176
-5529
-9188
-4183
-2766
-10994
4734
-5244
-7952
-4183
-2288
-5189
-5776
-4251
3601
-9599
364
-10801
-9800
-11322
-7012
-6118
-4531
-3506
12103
2600
-183
-6442
975
2730
-8345
-8584
1799
-5324
-11965
-5059
4938
-6445
-6202
-3914
-10036
-11901
-10844
-8632
-296
-923
-3804
-7080
1772
-5615
-11146
-4204
3326
-5434
-5095
-5125
-8084
-10558
-10310
-5858
-7843
-11526
-5804
1293
633
-13044
5711
-8647
-5295
-12256
-6946
-4522
12682
-4931
-5083
-7113
-9965
10760
1666
-9093
-9266
-6184
-4182
-10039
-6934
17709
-8983
-8060
10701
-10536
-8757
-8778
-5223
-5867
-4522
-7799
-6891
-7476
-8084
-3483
-6517
-7859
-4239
-8939
-2248
-2413
-13535
-4613
-6173
-2686
-3759
-4241
-5509
2790
-6608
-8984
16
-7622
-11373
-11251
3767
-7347
4395
-6664
-2291
-9920
-3136
11943
-4617
1527
-7684
-8636
-6260
-7370
1772
-7344
-8015
-4404
-9896
-10840
-9164
14895
-325
-5898
-4046
-8316
-9177
-6997
-10525
1995
-7213
-6700
-9201
-3150
287
-8529
-317
-4938
-6992
-7977
-11545
2074
-5999
-3108
2915
-7942
-3048
2772
-3044
-13230
389
-2641
-8220
-9875
-5691
1648
-12254
-9186
-6784
-1893
-4541
-9321
-4101
-9631
-10514
-7033
-682
-8394
-5257
-8082
-1905
-6994
-7803
-455
-2631
-5758
-4524
-13606
-7689
11571
-1944
-9609
-7809
-8802
-4554
-11096
80
-6230
-3264
-8796
-8143
1570
-4413
1928
-6347
-4640
-9956
-1193
6908
-9826
-4138
-5889
-10807
-10346
-2902
-9090
-9477
-6521
-7858
-2228
-7510
-7346
-7150
1387
-10206
-7976
-8273
-9604
-5991
-8786
-6649
-9764
-6552
-7762
-9027
-2483
-2553
-2120
2987
-7234
-3240
-7387
-10246
-3198
-6829
-12480
-7757
-9239
-6200
-7513
-9860
-5639
-5057
-1828
-12446
-6864
-2594
-2002
-4140
-6784
-12807
-9007
-9444
-4700
-8948
5322
-9777
-6974
-8705
-5760
-10796
-4151
-2807
-7100
-3215
8836
-9718
-10732
-2891
-7874
-6150
-6790
-9382
-8151
-7505
-458
-9636
-6058
-7854
2779
-355
7332
-6127
-10344
-6617
-9792
-335
-4240
427
-5621
-9184
-6116
-1451
2637
3406
-9179
-4888
924
-1161
-4873
-8973
-9614
-4968
-1167
-7744
-6725
-6877
-6974
-8346
-2391
-5527
-6391
-2819
-2784
-10119
-6892
-8630
-5358
-8827
-279
-7226
-11815
-11447
-5284
-1009
-10883
-6991
-6887
-8009
-5518
-8026
-5232
-9216
-4515
-11003
-9048
-5089
15704
-7667
-5829
-5514
-5724
-8869
-6023
413
-6642
-4712
-4723
11693
-10286
47909
-10977
-4642
-5161
-6611
-6648
-3409
-9879
3983
-8944
1937
-4179
-6921
-4929
-10773
-252
2568
-7093
-7978
804
-5792
-2769
-11651
-9523
-6901
-982
-9564
-8427
-10695
-8672
-4675
-15143
-10333
-4389
-4929
-5281
-6208
-7708
-642
3919
-7750
-6351
-2977
-11776
-5427
-8540
-7048
-11616
-7031
-3436
-3566
-12258
-4440
82
-8302
-9137
-8512
-12632
-6291
-5844
-9107
-3839
-6800
-6948
-6347
-8793
-2749
-5247
-7795
-4065
-7450
-4762
-8558
2412
-8106
-6555
-11108
-3310
-9795
-9247
-8457
-5772
-7872
-11649
-1313
-8039
-3013
-6464
2830
-6554
-10709
893
-5767
-8745
6199
-3890
-8767
-1566
-350
-8650
-6452
3483
-2789
-6582
-2715
-7720
-8953
-8023
-11083
-1721
-6949
-7217
-7252
4127
210
-6439
-7530
-8366
-10266
4670
-6823
-5442
-8228
-6483
-8858
-10819
-7252
-9809
-8164
-4056
-4450
-8051
-1891
-10995
-7570
-8931
-11121
-8024
-2870
-2547
6823
-2189
-7817
-4316
-1500
-2193
-9335
-7642
1833
-1119
-10626
-5205
2504
-5568
-2019
-4425
-11298
18188
-8852
-3941
-8624
3011
-14203
-5671
-5825
-6075
-7757
2417
-7231
-15314
-778
-3732
-12038
-4553
7041
-10265
-1074
-2410
-3707
-3485
-1772
-4722
-6130
6860
-6278
-2855
4148
-7273
-10754
-9932
-6940
-4463
2294
-3896
-6018
-8399
-3469
592
-5780
-11843
-10101
-6206
4862
-7259
928
-579
-4527
5567
-4427
2812
-9312
-4019
20242
-4421
-7613
-5093
-2764
-5598
-7340
-8712
-2766
-8427
-1740
6616
326
-9520
-1421
13683
-5916
-3899
-8171
-9130
-10496
-4149
-5769
-6363
277
-9902
2642
-2666
2202
-757
-6211
-8543
80
-9532
-7270
11936
-6294
-9610
-6675
-822
10929
-9303
-10272
-10194
756
-9594
-5469
-7871
-11770
-1755
-2784
-8705
-5071
-5185
-12550
-8665
7670
-8439
-4035
-5466
-8241
-6470
-7535
-10695
-9247
6716
-8701
-6432
-8729
-10756
-9063
-13789
-5331
-934
-12694
-3495
-7543
-6601
-8189
-9004
6028
-6316
-362
1039
-8462
-8210
-10896
-10397
-9445
-6688
-13135
91
-2268
-10652
-8158
-5688
-5552
-6776
-5159
-4822
-3649
-5577
2783
2581
-6544
-42
-5678
-9161
-2848
-9080
-9707
-4240
-5743
-7846
-10774
2459
-9749
-8348
11895
-4058
-8451
-5171
-761
-6066
-5250
-7514
-5451
-11288
-5462
-6317
-7003
-2756
-8550
-1363
-3941
-6151
-7984
-5805
999
-714
-7392
-9387
-4439
-1562
-8928
-9360
23230
-5659
-7221
-8447
-9449
-8799
-1794
-8349
-8354
-3089
-7751
3050
-11407
-5689
-8312
-3911
-11548
-10677
-7337
-6133
-8197
-496
9881
136
-3194
-1073
-4775
-16115
532
-3847
-5772
-4873
-9728
10395
-9849
-9346
-3307
-7948
1253
3713
-7593
-7550
-7289
-5515
-7984
-7920
6814
-7285
-10175
-7263
593
-7392
-8981
-6391
-9056
-6818
-10217
-4396
-8165
-6149
-5322
-11059
-7552
-7256
-5972
-5289
-5350
-5800
-8623
-481
-5593
-9710
-8566
-7378
-3009
-6015
-4826
-9899
-7921
-4976
-5237
-3824
-9991
-5915
440
-9723
-6098
-9859
-7047
-8883
1025
-6510
-10000
-9254
-3125
-8142
-5880
-5358
-2781
-5550
-5216
-578
-3434
-4158
-868
-14540
-8287
7200
-293
-8619
-9039
-4273
-4180
-6043
-12372
-6638
-8236
-6915
-7134
-8866
-7899
-6895
-4776
-4157
-5327
-10918
-6134
-11268
-1749
-4389
-5142
1207
-586
-9476
-3292
-5121
-6927
5309
59209
10400
-7887
2855
-8034
-7643
-11277
-10324
-1112
-9944
-6775
-5718
1243
-7097
-7529
21196
-13012
-2806
-8866
-2559
-4173
-7461
4358
-2758
-10418
-5969
-9921
-7361
-7209
-4896
-8751
4802
-5067
-3979
5960
-9368
-7435
4663
-8425
-5677
-1194
-9636
266
-7169
2046
-6622
-5626
-1545
-7845
-6582
-3617
1951
-5522
-8300
-4612
-2900
-8164
-5441
-1845
-9092
1081
-5519
-6293
-5676
-905
-13934
-6780
-11397
-9024
-4696
-8636
-8077
-6726
-4114
-10617
-10569
-2320
-3586
-1887
-3751
-5467
-5071
1248
-9632
-11764
-569
-6500
-724
-9210
-5897
-1764
-5847
-8312
-5481
-3007
-8494
-8369
-7724
-8972
-7571
-7377
-8256
-3331
42411
-9746
-1654
-8291
-6395
-8160
-6700
-5383
-8478
-3711
-4240
7110
-7263
6375
-9459
-2364
-9562
4089
-11615
-656
-1353
-6275
-6150
17
-6942
-7695
3936
-5911
-11057
-6824
26461
1109
-10385
-5941
-10134
-1277
29869
5087
-10775
1691
-10888
-6937
-8048
-9722
-5382
-6725
-6454
-1016
5436
-3852
-10188
3140
2337
-8595
-7544
-10683
-9053
6058
9155
-12279
-9365
-10897
-8007
-12821
-7436
-5966
-707
3072
-3908
2274
245
-6244
-3322
-7840
-6683
-8839
1993
-10171
1473
-7422
-7925
3186
-3030
-5985
-2145
-2485
-10390
-7424
-10746
-5572
-7718
-8956
-7347
-6334
-1896
-8242
-1325
-2003
-10744
-2366
-8165
-2686
-3989
-778
-2093
-3463
-10765
