286
-4482
-3827
-6481
-21625
-8591
-7586
-7509
-6133
-11361
-1881
1161
-17946
-7967
-3172
-6047
-8244
-6415
-10977
-1197
-5840
-10884
-4375
-3613
-1751
-10125
754
-6611
-12066
-8041
-4047
3811
-1271
-2827
-7117
3537
-19278
2480
-401
-9429
-5909
-389
917
-6339
-3982
-2709
-8044
-7650
-2320
-5328
4930
-9406
-11673
-8394
-427
-3080
792
-9065
-4745
-1433
-7268
-5026
-7142
-9363
-9211
-64
-10476
-4079
-3367
-2161
-14662
-7968
1728
70
-10007
-4519
-15548
-19731
-4263
-9267
-20525
-7085
-1280
-4379
-5552
50
-2754
-6551
-3560
-4155
-4599
-3481
-2741
-14004
-9321
-12276
-3532
-6580
-3635
-8622
-12962
-10300
-8621
-12885
-7419
-7464
-3093
650
-4578
-5821
-8115
-6456
-5755
-9054
-1645
-2880
-3763
2384
-3637
-13026
-6866
-3997
-6737
-7404
-6692
1696
-12093
-7557
-14110
-6870
-4959
-9760
-10372
-11875
-5122
152
-912
907
-4883
-16215
-10249
-4936
-5395
-10225
-11021
-3827
6762
-7123
-8737
-2172
-5078
-827
-4833
-10689
-9858
-390
-13328
-3219
-998
-8571
-2603
-5528
-4494
-6951
3450
-5397
3636
965
-9468
-2059
-2991
-1989
-3342
-4199
-4799
-7123
-2034
-5785
-7049
3660
-14096
-14340
-5306
-11756
-6211
-7130
-5979
-4897
-5926
-7214
-7348
107
-1053
-5373
-6223
-19251
-1267
-18086
-6783
-1922
-10694
-3786
-2733
-1891
-7548
-4674
-5919
-1141
-5945
-20006
-4906
-5621
-12760
-4432
-7700
-15406
-5762
-7846
-7795
-6261
444
-7911
-1321
20252
1768
-4377
-2532
-3392
-4698
-9162
-1000
-9206
-2604
-4532
-13385
-5889
-5087
-5427
-5631
-6110
-2819
-6050
-3374
-9079
3420
-7846
-9053
5143
-3571
-8491
-8286
1070
2587
-6665
-7176
-6480
-4344
-6010
-68
-4332
-3574
-10634
-889
-6516
-4097
-13096
-13727
741
-3866
-2499
-15731
-5308
5200
-7537
-4536
-5441
75
-10076
-12110
-6051
1109
-6840
-60
-5621
-13974
-1401
-4667
3087
-4643
-13172
-3599
-350
-2883
-8397
2122
-8697
-5335
-14472
-7535
-7129
640
-14746
-7884
-10712
-3059
-8496
-6535
-7055
-8425
-2883
-13583
-3405
-4267
-3116
639
-6566
-6565
-4192
-8334
-7021
872
-1224
-10155
4741
-2639
-2119
2062
-1810
-7377
-6967
-6781
-8022
-3370
-2853
-4379
-6303
-1084
1806
-9157
-6398
6250
-11173
-1796
-6653
-8723
-8252
-13445
-3232
223
-4339
-271
-1292
1804
-5111
1156
-4588
8299
284
-3793
-8820
-7232
-1008
-13315
-6395
-8062
-9957
7434
-963
-3819
-4895
-3229
-2043
-4456
-16741
-6921
-14485
5101
-1077
-7047
-4989
-9698
-1704
-3121
-9844
-6583
-7021
-4997
-12707
-3423
-440
-4567
-1502
-6242
-5893
-9411
-6529
-1738
-1356
-8807
-3959
-4661
-171
-7431
-7310
-2358
-4277
-5035
-6947
-4887
-13707
-8657
-6568
-19588
-4391
-2280
-12375
-4018
-4737
-9107
-13377
-5686
-6842
-12736
-8106
-3401
-2692
-4906
-7274
-20090
611
-11786
-2951
4119
-6298
-3037
-8127
-3611
1693
-2274
-3547
2401
176
4152
-5878
-3910
-3154
3407
-2460
6701
-6348
-9212
-10971
-2270
-10486
-6736
-4307
320
-19396
-4378
-8316
-12746
-15323
-8309
-7931
-11051
5575
-11359
110
1687
-4340
-5262
-15396
46203
-1864
-9548
-8057
-4504
-4850
-472
-1554
-7068
-10648
-1053
-4852
-5650
-6736
-7191
-1122
-3846
-3467
-10666
-3996
-5831
-10701
-19786
-180
-12580
-5433
8344
-4835
-5160
-8652
-14828
-3688
-6698
730
-5736
-3775
3098
-3080
-6780
-3100
952
-4254
722
-7477
-6670
-7886
-13885
3209
6241
-7745
-1901
-7951
-3854
-984
-5709
-7352
363
-11668
-13965
-1935
-4320
-7359
-6508
-11264
-1285
-3880
-958
-4825
-5203
-854
-7238
-10247
-5972
-7224
-3367
-16200
-5322
5016
2628
-6591
-5670
8009
-26555
-3464
-8778
-7903
-5549
-11442
765
-8171
-6322
-2110
-5819
-6250
-1359
-23617
-2042
-12749
-9716
-8787
-5526
-1640
-6584
1236
-9778
-7406
-5205
-8057
-5947
-9280
-11036
-5205
284
5965
-12685
2012
10303
-7024
212
-10226
-14219
-4157
-4349
-5590
-4376
195
2864
-1416
-9579
-8161
-22574
-4316
-6073
775
-7729
-5846
3511
-4995
-8012
-9201
-273
-8078
-3132
-9136
-3559
-6190
-6404
-2208
-3197
-4296
-2637
-8736
-9314
-11153
-1370
-4908
-465
-19005
-8433
-19578
-1927
-3590
-4027
-5753
-6727
9407
-4810
-976
-6424
-6257
-10922
-5897
-2901
34
-8344
-5707
-5110
-3777
-2427
-10984
-4787
-3032
-10294
-12023
-368
1685
-7068
-14577
-17453
-6238
-6169
-7573
-10327
-5324
2256
-5485
-16178
-7188
4381
-10030
-3806
-3326
-2858
-6041
-10065
-6195
-9599
-8035
1461
4305
-6209
-10213
-6665
12030
-1857
-10866
-11312
881
-4741
-10219
191
-9593
-4594
-8129
-6417
-8042
-4530
-534
696
-2776
-5301
-4297
-1523
-8680
-13
-6381
-10552
-17246
-9700
-1987
-384
-4287
-12321
-3340
-284
-19926
-7695
-11497
-975
-6849
-2601
-5202
-6611
-1343
-5320
-3520
-2562
-4355
-4380
-1595
-8085
-2088
-2982
-1012
-298
-4841
-4105
-8885
-1697
-5570
-8877
-3822
3293
-5515
-6531
-9739
-4450
-9708
-1178
-4890
-6322
-9796
639
3439
-2313
2802
-1423
-4525
-8060
-3639
-9053
-17121
-3446
-5035
-3253
-3506
-5015
1826
-13639
-8978
-8109
-4021
-2491
-8265
-5977
-11316
-2459
-18978
-4209
-7338
-2735
-7634
-1861
-2680
-8706
-3106
-5052
-8167
-2814
-4690
-7361
7417
-3781
-7473
-7489
-8201
2495
-14220
-3443
-7437
-4765
-11391
-7252
-7761
-12329
-617
-9300
-5992
-3752
6791
-9911
1259
-2762
-11138
-7497
-3575
-1126
-10959
16590
-6666
1970
-6443
1710
-22117
-2779
-2745
-3552
-5794
-8928
-8111
-3397
-9715
-7902
-8587
-2418
-3380
-8695
-7576
-3861
2536
-3849
259
-1585
6847
-8267
-15094
1629
-10935
-5414
265
-7238
-8801
-989
-12379
-1808
-6981
2486
-11146
2165
-13284
-8126
2672
2791
-3412
-8347
-11257
-6035
-3246
-9191
248
-4856
2112
12866
-7590
-7075
-6772
-6067
-156
-9013
-3639
-4658
-1607
-12089
-2811
-5230
-11808
-7471
-6383
-3254
-1674
-21037
-1527
-21981
-2146
-11918
-1037
-1335
-6485
-4321
-5167
-3913
-7010
-80
-8293
-2657
139
-9935
-10027
-4205
-5091
-8135
-12558
-6372
-5721
5343
-9261
-2480
-9209
-6029
-8442
-14909
-8482
-11387
-5217
4444
-5438
-2428
-4961
-6315
-7120
-8971
-62
-5204
-2656
-12492
-641
-8453
-5866
-7178
-2161
-6383
-9735
-2433
-6606
-22931
-8858
-7744
-6608
-3900
-9995
-6283
491
-2168
-1862
-10212
-5481
-2892
-13766
-13383
-5093
-5430
-3945
-8534
5518
-5534
-8314
-5536
-5350
-7248
175
-10198
-5973
-5996
-8844
2698
-4516
-1068
-13253
-3830
-1754
-18529
-6496
-10879
-7917
-4676
-5634
-11549
-1998
468
1673
-4541
3547
-7204
1719
-3042
-930
-3091
-8608
-6939
-5703
-6807
-5893
83
-4057
-6700
-4756
-2589
-17438
-4183
-6928
702
-7472
172
-6923
-7350
-10237
-3292
-17709
646
-8759
-11248
-4558
-9594
-5972
-16525
3408
-2809
-2413
-5543
-5426
-3960
-4813
-7667
-9725
1460
284
-19640
-7094
614
-4238
-3362
-14832
-4751
-7297
-4957
-1574
-6171
-4676
-4468
-5740
5863
-6969
-4779
-5331
17993
-4625
-6299
881
-8860
-2550
-7091
-3138
-2340
-536
-2556
3146
-2629
-3085
-4529
-9543
-9027
-15300
1037
-5462
-10658
-9544
-5060
-14247
-3423
-6660
-7933
2851
-2043
-7392
-10735
-6666
-4106
-4860
-12169
-7343
-3256
-5335
-2976
-13411
-19604
-5111
-9386
-3895
-3527
-2047
-2200
-11146
-7471
-5119
-9803
-22121
-1492
-3531
-6196
-9698
989
-5750
973
-6257
-2468
-11692
-5805
-1168
-3814
-7291
-3253
-9909
-7848
-8763
-16082
-5440
-9695
-8713
-3560
-9023
-5315
-3002
-11296
-7195
-12968
5267
-6865
-48
-1911
-3797
-2567
2266
-4590
-7273
-2477
-5076
-7974
-5101
-4190
-290
