-3733
-5687
-3811
655
3597
-2827
-6481
410
-6198
-1435
1234
-7599
-1864
-5256
-3841
-2967
-6653
-4089
-5875
-2279
-6242
1996
-3223
299
-7259
-2566
-3606
5148
-4897
-4409
-5868
-4243
-3575
1367
-7352
-2119
-2616
-5986
10569
-4717
-5671
-6681
-900
-2737
-44
-2113
-6237
-2803
-7713
-4471
-3789
-4588
-9035
-3885
2606
303
-8492
-3438
-4094
-746
-5257
-5712
-5634
1378
-1676
-4055
-2735
-5212
-2413
-2706
3302
-5712
-4637
-3966
-5314
-1579
-5971
-835
-4111
-3827
-2727
-6482
-3440
-1426
-2565
-4798
-6023
-3766
-4755
-5930
-3837
-3993
-3257
-300
-4641
696
644
-4792
-6885
-2283
-1138
-5144
-6219
-501
-3533
6682
-3531
-3769
-566
-4800
-6409
-5893
-4686
-6865
-3437
-4385
-2931
-2160
-5866
-1406
-4576
-2234
-1241
-5965
-7758
1382
-2331
-5724
-3206
-4344
-4335
-3776
-5050
-1374
-2826
-595
-5745
-1983
6598
-4428
-5422
-5385
3580
-5856
-4150
-4367
-957
-926
-3940
-4526
5579
-5789
-3927
2661
-5704
-5339
-4282
2179
-2729
-5206
-2541
-2903
-3616
-5753
-1735
-470
-5235
237
-6686
-4566
-5336
-6329
-6307
9496
-2613
-3545
-3400
691
-5383
-146
-418
-3410
-2497
-6769
-1929
-1444
792
-906
-6777
-6771
4444
-5181
-4635
-4269
-6168
-2841
-870
-3177
-4564
-1437
-4497
-1923
-6065
-2843
-5410
-2531
-5474
-3958
-6406
-1648
-3387
-333
-3608
-634
-4084
-4283
-3533
-5152
-2966
-4894
-6674
-4447
-3795
-4666
-5625
-5336
380
-2668
-4344
-3984
-6088
-6195
-5407
135
-2501
-4077
-2875
-5565
-4669
-7172
-809
3906
1524
-3732
1792
-5047
-2254
-3176
-6415
154
-2525
-4569
-2311
-4244
-4990
-5294
-3619
-957
-3223
-4861
-6212
-11742
-3926
-2579
259
-3357
-7098
-4464
10252
-5216
-4611
-3684
4574
-3960
115
-1984
141
-5065
-2375
-5537
20817
-1983
3085
-4282
-1813
-3593
348
-610
-386
-2938
-4460
-2405
-3217
-2837
-5052
-5627
-4800
-4399
2615
-2816
-3879
-5843
-4736
-2375
-5970
1161
0
-6777
-501
-3207
-2091
-1239
-3695
-2671
3677
-2063
-1866
-5579
-384
-4361
-11042
-3882
-317
3162
-1022
1131
-2693
-2581
-4429
-5681
-3186
-2979
-7150
-5475
-2772
-5229
-1477
-3248
-2154
-2164
558
-4014
-1864
-7575
-2103
1592
2253
152
-7910
-3806
-5010
-4876
184
1703
-1135
-3134
-3503
-3358
-3727
-5425
-7562
-4950
-5714
-3820
-1239
-2994
-5389
-7066
-5074
1256
-4286
-2146
-4958
-10236
-4499
-1235
8721
-4855
-5592
-5719
-2980
-2519
223
-4587
1317
-5084
-1663
-3778
-3673
1718
-625
-2988
-3011
-5810
-3535
-870
3273
-3476
-1384
-2438
1737
-3913
-5427
-3715
907
-2350
-4993
-35
2015
-2766
-3860
-5553
-3688
-5070
-4551
-4048
-1332
-11517
-5009
-3041
-2833
-6973
-1740
13826
-1843
-4448
-1975
-5011
12089
-4879
-4849
-2344
-1632
-4046
-4238
-4972
-4637
-3735
-2969
-6348
-6699
-2049
-3973
-3279
-5199
-2899
-6977
13162
-1815
-6177
-5662
-3616
-2955
-3179
-860
1857
-4893
-6554
-5289
-6766
-1671
-5735
-6763
-4345
-102
2436
-8402
-2064
-1822
-5652
-5984
-4111
4797
-2327
-6036
-5748
-3214
-1313
-4832
-1405
-4598
-2454
-5752
-4345
-1315
-6362
898
-1660
-1386
-5805
-6848
-1264
-2752
-6361
-4757
-5254
-5214
-3002
-5926
2659
-3374
-5067
-5882
-6646
-4502
-2289
-4626
-3713
-5557
-1617
-6420
2350
-5784
-2031
-2151
-5695
-2710
-2767
-1300
-4937
187
-79
-3647
-4386
-1044
-3028
-5521
-2042
-4283
-3346
-3589
-4166
-1691
-4938
-4140
-6405
-2890
-5827
-3376
-3198
-7188
-4743
-6092
-4257
-1211
-2893
-3538
-4165
-898
-2479
-6588
-8134
-4853
-4082
-6012
-6515
3264
-5427
-6507
-5463
-2383
1780
-1664
2568
-2207
-2185
-1307
-6044
-5025
-4733
-1613
1985
1569
499
-5749
-2819
-6334
-2544
-5580
-4090
-4167
-5791
-4694
2128
2552
-5162
-2290
-2221
333
-3488
-5611
-3969
-3381
-4128
-4009
-3610
155
-948
-4717
1504
-5129
-4382
-4331
-6233
1269
2433
-3506
-3300
-7825
-5309
-6578
-4466
-1844
-2892
-4589
-3608
-4710
-3086
-3483
-3286
-5856
-6130
-4988
2833
1479
1824
-4506
-5034
-3067
1372
-5526
-2507
-4389
-1797
-4407
-3472
-2520
-1749
-3644
-5216
-3763
979
-3047
-3449
-4425
-4182
-1370
-6668
-5166
-5282
-2845
-4920
-3918
-2902
-2373
2051
-6145
-2962
-2308
-5609
-6322
-529
-5181
-4588
-519
-4370
-1703
716
-1810
-2620
-4496
-6768
-4392
-4213
-5347
-3701
-3877
-4499
-5828
-3304
-5113
-7375
-5395
-8429
-2623
-5704
-4937
639
-5911
-4204
3197
-4724
-1722
4465
-3256
-900
-3542
-4570
191
-6474
-4908
1063
-4584
-6287
-5876
-5231
-1055
1249
-3477
-1126
1129
114
-5575
91
-4458
-4373
-3046
-2020
-5460
-4163
-5008
1846
-5590
-3442
-4946
-4288
-4270
-4121
-2531
-3045
-5797
-2580
157
265
-3435
-6351
-89
-1855
-4746
-1427
-3755
-6306
-4324
-2624
7540
-1353
-4805
-2316
-5948
464
-617
-1540
-3260
-2978
-5390
-4731
-4232
-2668
-2746
-5263
-7366
-5684
-4943
-4494
-2478
4883
-1180
-2153
-5071
3819
-3910
-7536
-3973
-5452
5030
1309
-4239
-4798
-6975
-6632
-5503
-4037
207
-7878
-5840
-4785
3028
-5523
-2432
-6026
-4146
-28
-2945
-4748
-4494
-6089
-3314
5164
4344
-2069
-3768
-253
-5211
-1602
-6865
813
-6256
-2662
-5676
198
-4880
-6237
-1293
-5156
-1306
-5764
1093
-4558
-1110
-1417
-4006
1928
-5180
927
-2982
-3594
41
343
797
-1833
-5625
-2823
-2933
4990
503
-4226
-5420
18339
225
-2075
-5830
-2961
-1147
-3575
3501
-1846
2011
-4135
667
-4231
-4850
23
-1336
-1124
2523
-2159
2161
-4832
-2980
-4910
-3867
-552
-6385
-6562
-4709
-2148
1384
-1786
-2140
-6641
-5728
-403
511
-2001
-3236
-7715
-4999
-5185
-1201
-3479
-5548
-6387
1403
982
-2405
-1966
-5000
807
-4036
-4768
2029
-2217
-6522
-4820
-6683
-6626
4152
-3188
-2814
1989
-3946
-3043
-2644
-1958
-2052
47
17677
-1876
-3089
-5429
-6656
-1590
-2805
3327
-2399
-3940
-3689
-4343
-1708
-2882
-6754
-2874
-6275
-1748
-8339
-847
-4894
-6203
-4753
-2343
-1736
-2109
-5407
3563
-6652
-5603
15164
-1732
-2671
-5307
-4355
-2529
2590
-6690
-4024
1126
4446
-3850
-2221
-2649
2298
-3555
773
-5125
-6137
928
-4168
-3106
-4545
-6685
-4711
893
3299
-8205
-2520
-1413
-7517
-1546
-3975
3300
-4198
-5230
-6381
-4324
-4321
1592
-5341
-4481
-4364
-3736
-6462
-3030
3281
-2282
-4165
-2719
-3493
-3053
-2005
-3623
-303
-2884
-6085
-5304
-1239
-5799
-5866
-7814
-6346
-2039
-3660
-4157
-4193
-4735
-4030
-5431
-1501
-3864
4592
-3179
-5931
-6702
-4771
-2335
-4667
2045
-4207
-4108
210
-1661
-2555
-3930
-3605
-3902
2793
-6175
-304
-288
3063
-2615
5331
-3866
-2981
-3481
-8108
-5595
-3818
-3460
-3672
3157
-8213
-6988
198
-2887
-5781
2207
-5068
-2915
-4806
-3696
-3234
-6056
-7121
-6660
-3423
-3240
-1513
-630
-5843
-4589
-3387
-5075
-5929
-2661
1585
-3817
-2863
-2343
-6521
-4099
-3125
-4895
-6742
-5447
-3826
-5066
-4777
-3502
-4850
-2925
21074
-606
-9691
-1699
-4625
-4246
-5182
-5314
-8068
-5556
-3830
-1180
-1872
-3430
-2700
8499
-5316
-2951
-4053
-273
-5107
-6762
-1375
-4209
3005
-5717
-2119
-4589
-7354
-3066
91
-2132
-4876
-4679
-5880
-1625
-6163
-4808
-3352
-2935
-4255
6121
-3867
-7081
-3190
-3259
-3402
-4074
-7279
-4211
-1046
-2573
-4727
-4592
-2043
-2376
-4768
-6779
-4705
222
-4000
-3828
-3799
-4332
-4318
-3715
-3212
201
-3910
-4385
-1227
-2835
