2011011460
2024363101
2004780694
1441850076
1424429363
1260776391
1198532312
1229304666
1506065111
1475419916
1432186031
2000711623
1872154393
1144871431
1541224433
1734632490
1622669443
2138932897
1572696158
1560870419
1860201496
1590371188
1326517329
1501296668
1084407571
1539253476
1184099824
1954934568
1170557445
1482540791
2028432173
1362884656
1888239942
1525393201
1412857941
1254100571
2090612673
1126433451
1242338411
1456854777
1300576997
1325690799
1264209670
1312211999
1247679067
1694132512
1151547252
1987614299
1260140599
1797003728
1113971919
1125225445
1560616102
2122529453
1519925386
2039113486
2003254793
1742325579
1391940370
1815187391
1880419695
2142493335
1208641412
1074934264
1147351022
1104053557
1311385469
1797003728
1169476598
1654204748
1531115333
1613831928
1108949159
1141565310
2019022445
1922509154
1102527655
1847867122
2032374086
1137750556
1467790407
1460923849
1705322459
1173927145
1956969104
1972228122
1330204925
1645176495
1112000962
1507591013
1504666368
1850283134
1928485603
1158159493
1537536837
1858294118
2069885839
1573077634
2059967477
1533404186
1094008037
1541097274
1078812597
1213219117
2023600150
1078049647
1994925912
1363202552
1161656351
1128722303
1894407128
1219195566
2075989447
1107041781
1451386962
1246280324
1433076140
1427799063
1851046085
1176215998
1372357963
1986533452
1561887687
1530225224
1080656395
1996769710
1093817299
1189122584
2035807365
1093435823
1995625283
1231466360
1260204178
1331603668
1197578624
1698074426
1821545316
1445664830
2032755561
1658655295
1290340739
1126560609
1187914579
1136733288
1175198730
1125734079
1649881359
1141374573
1915261120
2013554630
1379033784
1870882808
1867449529
1444266087
1873680295
2113755517
1634050128
2086162126
1682052456
2089849722
1198723050
1337707275
1090002544
1894788604
1323719842
2055898406
1441913655
1851046085
1672515570
1653823272
1234836060
1280104481
2070394473
2066452560
1880928329
1776658370
1661325623
1517509375
1135016648
1490551776
1942981670
2064290866
1522850031
1104307874
1543322548
1470715052
1144426376
1586683592
1135143807
1167696379
1085170522
1667556389
1670608193
1375791242
1384501598
1472368112
1460669532
1628391575
1845451111
1213982068
1546247193
1226570758
1161656351
1487881448
1617265208
1626992832
2061874855
1392258266
1100683857
1722743172
1961928285
1502123198
1649754201
1097441316
1302484375
1231529939
1165979740
1311131152
1873616716
1106342410
1074234892
1245135897
1434919938
1465437975
1156379274
1613323294
1177360424
1779710174
1840237613
2069250047
1132092003
1290595056
1517572954
1610207912
2052719444
2061366221
1080274920
1323274787
2065816768
1690190599
1949721070
1203110018
1778692906
1380241789
1462576909
1323910580
1770427604
1582614520
1160321187
1238460077
1251557401
2076370922
1547264461
1820655206
1529144377
2038859169
2080694311
1763306729
1187024469
1409933296
1149576295
1960529541
1281566804
1575366486
1321939623
1295490658
1422649144
1116832985
1205971084
1413493733
1193763869
1940438500
2089213929
1182446764
1426336740
1942727353
1904071173
1606901791
1791154437
2100149559
1391622474
1811944850
1461305324
1255181418
1253464778
1100874595
1295872133
1428498435
1607664742
1369369739
1150720721
2131430547
1924925165
2094427427
1239095869
1511342188
1564049381
1458952892
1553622385
1377126406
2125326939
2096843438
2094300269
1478726037
1824088485
1427036112
2007069547
1345591102
1722488855
2094045952
1442040813
1530606699
1391495315
1439624802
1161338455
1654840540
1700617595
1989013042
1720708636
1624767558
1699091693
1932936150
1519798228
1250540133
1815441708
1407135809
1129930309
1658528136
1656239284
1250285816
1074934264
1970575062
1406372858
1141056676
1815823184
1702524973
1633732231
1975661401
1306108392
1736349130
1196497776
1315327382
1511405768
1999312879
1934462051
1970829379
1118486045
1230766989
1370450586
1379351680
1139212878
1852571986
1420868925
1759619133
1538363367
1096360469
1658146661
1094135195
1132473479
1737048502
1368479629
1359642114
1762289461
1176088839
1891609642
1389333621
1376681352
1093626561
1381767691
1292438854
1739655251
1637546986
1091210550
1367525941
1351885447
1353729245
1557564298
1509307653
1440832808
2076879556
1651915895
2066834036
1218941249
2091757099
1318061289
1535693039
1140611622
2086162126
1312339157
1553431647
1708119946
2064418024
1979603314
1930647297
1337007904
1838075919
1109553161
1176470315
1373565969
1705831093
1931918882
1606138840
1208768570
1787594000
1792426022
1349978069
1246026007
1877622208
1578545448
1773225091
1277942787
1385455287
2101929778
1427290429
1554830391
1177296845
1984816812
2117951747
1079003335
1160257608
1815696025
1952645715
1077731750
1543449706
1380051051
1402176628
1194781137
1425955265
1226062125
1216970293
1747920552
1869102590
1367080886
1114416974
1633859390
1294028335
1225172015
1577909656
1470079260
2050176274
1470079260
1700999071
1942218719
1802344384
1944253255
1610080753
1101128912
1607664742
1988631567
1143599846
1134698752
1583758946
1591197718
1077858909
1253909833
1146842388
1494302951
1226062125
1980366265
1342284981
1283792077
2078151141
1387299085
1230258355
1755804378
1522850031
1403702530
1975152767
1560488943
1116006455
1438098900
1137114763
2091248465
1571869628
1269423168
1077858909
1628900209
1378461570
1264654725
1512550194
2137025520
1291993800
1126306292
1266307785
1966378832
1995243808
2136008252
1557818615
1529207956
1461750379
1166488374
1898984834
1503839838
1313038529
1213219117
1316217491
1201075482
1651280103
1349660173
2129777486
1074743526
1161974247
1650517152
1336944325
1084725467
1410950564
1318824240
1462704067
1127132822
1771317714
1239095869
1551333532
2030339550
1609444961
1916532705
1111047274
1183781928
1859565703
2049921957
2052337968
1444393245
1702016339
1972100963
1479171091
1588463810
1583250312
2139187214
1427989801
2014190422
1347625637
1366063618
1805141871
1801327116
1670862509
1110030006
1114989187
1641107424
1429706440
1251239505
1577401022
1874824721
1991556212
1078939756
2082601688
1589989712
1221420840
1842399307
2118969015
1839156766
1797639520
1428053380
1540906537
1302738692
1148559027
1464166390
2072683326
1300322681
1076396586
1223010321
1587319384
1772462140
1450242536
1246153165
1383357172
1273110764
1137178343
1112000962
1133872222
1793951924
1566656130
1156887908
1219577042
1964852930
1758729023
1204318023
1533531344
1113590443
1232165732
1953917300
1707102678
1226570758
1619999115
1164708155
1447063574
1323719842
1336562849
1122618696
2133465082
1574222060
1075379318
1270949070
1626865673
2026651954
1822562584
2071411741
1092927189
1973308969
1994353699
1176025260
1691970818
2061111904
1102718393
1724141915
1236044066
1508608281
1141883207
1883471499
1771063397
1295172762
1084534729
2107906227
1731644266
2057678625
1240621771
1190902803
1124780390
1346544790
1767884434
1089493910
1320668038
1996388234
1093435823
1762925254
1756249433
1240621771
1426209582
1963899241
1244182209
1714859346
1495638115
1877685787
1560870419
1474911282
1091337708
1193128077
1271584863
1622542285
1774878151
2147325357
1663741634
1195353350
1250730871
2135118143
1476564342
1269741065
1542114542
1249332128
1379796734
1219004829
1279786585
1419978816
1515856315
1594821735
1976805827
1271266966
2046297940
1368352471
1538617684
1403321054
1151165776
1529716590
1947177900
1149957771
1135461703
1769537495
1712316176
1532005442
1662724366
1799801215
1930392980
1627374307
1205335291
1225807808
1355700201
1613005398
1818366354
1807112828
1537473257
1090447599
1128022932
2092011416
1260839971
1593359412
1589481078
1197769361
1285445138
2076879556
1298923937
1344192358
1307443556
1417372067
2121257868
1989521676
1806031980
1141565310
1259250489
1805014712
1254227729
1264400408
1498880657
1170621025
1490043142
1106787464
1229368245
1444202508
1443185240
1717529674
1822944059
1192683022
1939548391
1792171705
1251366663
1168459330
1876096306
1577083126
1641743216
2023345833
1452531389
1098204267
1577210284
1625466930
1470206418
1385773183
1240621771
1354619354
1197642203
1367970995
1937005221
2136071831
1820782365
1336626428
1108567683
2053609553
2094554586
1741053994
2017623702
1599780916
1704368771
1944889047
1973372548
1232992262
1123699543
1951056234
1238078601
1220212834
1551079215
2042673923
1105325142
1301339948
1937895331
1772716457
1846468379
1435237834
1276798361
2088578137
1128404407
2041847393
1418707231
1437908163
1328869761
1394674277
1193891028
1659672563
1180412228
1163436570
1457426990
1134889490
1357035365
1204381603
2085907809
2048268897
1358752005
1235090377
1338724543
1167060587
1396263758
1792934656
1549426155
1101573966
1385709604
2009867034
1761653669
1680526554
1225362753
2128251585
1636275401
1373311652
1861218763
1932681833
1103799240
1846214062
1882199914
1218051140
1386726872
1324355634
2090866990
1810864003
1381704112
1805396188
1194653978
1795096351
1364410558
2066706877
1350423124
1160511925
1972228122
1251620980
1081673663
1831336519
1539380635
1523867299
1873553137
1166488374
1434983517
1776658370
1498054127
1150975038
1698074426
1761907986
1194653978
1539889269
1231657098
2145926614
1291930220
1352775556
1371531433
1528890060
1477581610
1087586533
2088705295
1206988352
1712316176
1238714394
2081838737
1385932131
1349024381
1361422333
1686503003
1230004038
2019912554
1348579326
1374074603
1952518557
1186007201
1961038175
1305027545
1407898760
1543831182
1772462140
1548853942
2037333267
1127387139
1235599011
1241384722
1574921432
1535947356
1746140333
1681861719
2064163707
1984308178
1113971919
1297207298
1322956891
1391558894
1206543297
1723378964
1545738559
1309350933
1250730871
1165852581
1162292144
1360341486
1598890806
1122110062
1450878328
2015716324
1899366309
1230639830
1604803676
1625530509
1751226673
1236425541
1475292758
1346354053
1074489209
1882835706
1577782498
1931791723
1184163403
1300449839
1943426725
1997405502
1237252071
1745631699
2000457306
1100747436
1302102899
1315836016
2033264195
1629917477
1997914136
1371785750
1686121528
1927341176
1327025963
1546882985
1899493468
1305536178
1310558939
1589099603
1299686888
1657129393
1518526643
1282202596
1708374263
1138640665
1508290385
1295872133
1123063751
1905088441
1208069199
1587065067
1405164852
1476310025
1638945729
1749001399
1418325756
1144998590
1342221402
1091528446
1962945552
1379288100
1143154791
1894343549
1233055841
1562459900
1075061422
1643777752
1844433843
1897458932
1263701036
1621016383
1318887820
1160384766
1322638995
1097886370
1537091782
1262429452
2006560913
1123699543
2086162126
1414892477
1105833776
1533149869
1178377692
1310495359
1746903284
1426463899
1092291397
2111975298
1433457616
1621525017
1602387665
1152246623
1292184537
1635258133
2040766546
1519671069
1983926703
1607219687
1648228299
1140929518
1365300667
1187660262
1834579061
1393275534
1292184537
1641806795
1314310114
1725794976
1414193105
1738383666
2032246927
1570025830
1686884479
1839983296
1641616058
1551142795
1936115112
1540207165
1441595759
1589989712
1261221446
1543513285
1542178121
1809846735
1350168807
1245326635
1157205804
1211311740
1819002146
1566910447
1629154526
1846977013
1318697082
1361422333
1117341619
1808130095
1514711888
1726430768
1274827404
1383611489
1951246972
1492586312
1254545625
1396454496
1269741065
1960148066
2068105621
1115815717
1811881271
1342793615
1392576162
2131303388
1310495359
1462958384
1534675771
1353029873
1148813344
1277179836
2005670804
1862744665
1356272414
1094770987
1218241878
1271521283
1619109006
1414383843
1127132822
1546120034
1840746247
1162228564
1953281507
1214554282
1364601295
1232420049
1535502301
1776531212
1606774632
1901782321
1719437051
1724014757
2046870153
1246153165
1366317935
1489598087
1222501687
1958622164
1078431122
1091274129
1252256773
1303565222
2107779068
2018005177
1764323997
1693369562
1909538988
1782634819
1174626517
1335227685
1828793349
1465247237
1358179792
1155934219
1786576732
1185816464
1846023324
1148876923
1747539077
1110792957
2035553048
1914752486
1720072844
1401922311
1157905176
1508989756
1274000874
1116705826
2120113441
2115535736
1616184360
1320286563
1161783510
1099857327
1220657889
2126598524
1515919894
1487754289
1623305236
1673787155
1151547252
1245326635
1439306906
2130413279
1822181108
1118358887
1779964491
2051447859
1861854556
1359324218
1151420093
1405991383
1394292802
1459652264
1990284627
1822562584
1668319340
1578354711
1596601954
2047124470
1191029962
1081355767
2038477693
1341903506
1669527345
1716639565
1745631699
1279341530
1845196794
1414956056
1473894014
1302293637
1866686578
1081165029
1312657054
1874443246
1362439601
2039113486
1232992262
1327979651
1191920071
1151165776
1138767824
1233310158
2099768084
1441850076
1574158481
1349405856
1090447599
1300894894
1511151451
1631570537
