0.00015815
0.00015920
0.00015766
0.00011339
0.00005601
0.00019830
0.00018851
0.00019335
0.00011844
0.00011603
0.00022526
0.00015734
0.00014723
0.00018007
0.00024241
0.00027283
0.00012761
0.00016821
0.00012368
0.00024550
0.00014629
0.00012507
0.00020864
0.00023613
0.00017056
0.00012105
0.00018624
0.00015374
0.00018411
0.00023318
0.00015952
0.00021436
0.00029699
0.00005998
0.00011111
0.00019725
0.00016441
0.00017717
0.00009770
0.00022914
0.00020456
0.00020851
0.00019884
0.00020639
0.00019624
0.00013323
0.00018112
0.00015631
0.00019820
0.00014132
0.00017521
0.00017698
0.00012273
0.00016692
0.00011953
0.00008018
0.00015754
0.00013702
0.00021893
0.00014275
0.00014788
0.00016849
0.00019010
0.00016907
0.00009023
0.00017365
0.00020626
0.00014132
0.00018394
0.00013009
0.00012041
0.00025383
0.00017442
0.00017955
0.00015878
0.00015119
0.00017341
0.00014532
0.00015983
0.00017895
0.00011543
0.00022978
0.00026822
0.00018464
0.00015390
0.00015510
0.00020922
0.00012938
0.00017490
0.00023712
0.00023666
0.00014551
0.00015166
0.00004554
0.00024183
0.00007307
0.00008139
0.00012371
0.00016200
0.00012059
0.00017207
0.00024239
0.00016968
0.00009541
0.00031828
0.00008478
0.00031377
0.00021441
0.00018271
0.00017753
0.00014898
0.00019176
0.00016326
0.00017412
0.00011414
0.00019602
0.00011270
0.00022457
0.00014557
0.00018500
0.00021585
0.00031245
0.00012283
0.00024068
0.00016997
0.00015703
0.00008602
0.00018703
0.00016010
0.00017198
0.00015694
0.00019369
0.00019821
0.00020944
0.00018836
0.00006677
0.00014325
0.00011369
0.00007993
0.00013044
0.00020295
0.00017719
0.00009342
0.00017879
0.00018484
0.00017706
0.00012975
0.00008976
0.00015062
0.00015835
0.00010845
0.00014713
0.00014686
0.00011358
0.00014735
0.00016623
0.00025701
0.00008203
0.00013228
0.00016435
0.00018854
0.00010520
0.00017144
0.00014901
0.00020820
0.00016168
0.00022679
0.00014557
0.00013153
0.00013006
0.00019422
0.00020134
0.00016282
0.00016251
0.00014792
0.00013972
0.00026130
0.00011934
0.00017852
0.00005861
0.00030560
0.00016234
0.00011976
0.00017369
0.00012137
0.00011566
0.00009000
0.00024956
0.00017854
0.00018366
0.00008534
0.00013114
0.00026276
0.00021639
0.00021776
0.00011579
0.00011487
0.00012806
0.00014513
0.00019094
0.00024320
0.00019292
0.00018271
0.00023402
0.00025437
0.00012795
0.00016215
0.00010949
0.00017312
0.00006774
0.00015429
0.00011813
0.00025948
0.00017261
0.00010243
0.00019370
0.00018339
0.00020622
0.00029469
0.00017401
0.00016896
0.00019584
0.00022569
0.00023049
0.00018188
0.00025375
0.00018518
0.00006998
0.00014472
0.00016273
0.00017806
0.00020299
0.00023869
0.00012663
0.00016143
0.00016211
0.00016991
0.00020813
0.00016246
0.00013292
0.00015333
0.00018923
0.00006994
0.00021709
0.00005751
0.00020823
0.00013923
0.00012446
0.00018250
0.00019479
0.00019685
0.00016329
0.00012168
0.00014318
0.00024051
0.00016034
0.00016363
0.00013867
0.00018670
0.00022176
0.00018081
0.00015418
0.00020157
0.00012389
0.00005198
0.00020376
0.00022376
0.00017566
0.00009484
0.00022232
0.00018776
0.00015260
0.00008215
0.00018598
0.00011217
0.00030556
0.00014974
0.00012637
0.00028172
0.00016516
0.00002736
0.00028499
0.00005746
0.00019742
0.00019715
0.00017315
0.00020382
0.00011234
0.00012643
0.00021538
0.00018099
0.00008381
0.00015138
0.00016471
0.00019489
0.00023771
0.00012300
0.00022947
0.00024436
0.00021660
0.00016714
0.00016490
0.00016470
0.00011629
0.00014345
0.00022445
0.00007892
0.00021164
0.00013546
0.00016468
0.00022681
0.00012037
0.00010943
0.00022643
0.00009133
0.00013014
0.00013374
0.00015642
0.00013532
0.00025555
0.00013362
0.00015201
0.00011952
0.00019669
0.00014277
0.00011066
0.00017772
0.00013043
0.00013025
0.00019665
0.00016907
0.00015497
0.00022120
0.00017947
0.00014280
0.00026778
0.00012848
0.00015537
0.00020543
0.00013655
0.00018819
0.00020688
0.00023772
0.00015723
0.00015213
0.00015499
0.00008796
0.00038716
0.00021555
0.00021695
0.00017918
0.00014569
0.00011174
0.00013838
0.00024196
0.00017244
0.00013040
0.00017209
0.00017812
0.00027321
0.00021524
0.00021385
0.00013859
0.00018498
0.00014876
0.00010926
0.00021653
0.00017201
0.00021733
0.00005082
0.00013681
0.00025756
0.00017163
0.00021509
0.00021263
0.00010646
0.00012249
0.00023739
0.00022662
0.00016333
0.00012991
0.00016254
0.00004793
0.00016450
0.00020731
0.00012077
0.00017940
0.00016406
0.00020641
0.00024433
0.00013433
0.00016235
0.00015568
0.00015183
0.00021029
0.00014455
0.00034903
0.00018504
0.00010802
0.00013415
0.00030386
0.00012631
0.00019012
0.00014058
0.00014096
0.00021233
0.00019598
0.00014766
0.00006207
0.00013945
0.00010050
0.00021791
0.00016530
0.00022449
0.00024455
0.00018517
0.00015609
0.00008328
0.00016971
0.00018249
0.00014279
0.00015356
0.00033902
0.00012138
0.00010853
0.00011027
0.00004698
0.00022428
0.00009642
0.00019141
0.00013746
0.00014699
0.00010751
0.00017528
0.00012849
0.00020353
0.00019270
0.00024818
0.00011561
0.00016123
0.00023122
0.00013377
0.00015274
0.00014174
0.00015290
0.00012662
0.00017319
0.00012643
0.00015639
0.00017987
0.00017847
0.00024910
0.00025027
0.00016953
0.00009861
0.00009019
0.00023503
0.00019284
0.00015574
0.00021112
0.00010096
0.00016343
0.00021820
0.00019350
0.00013808
0.00005988
0.00022078
0.00015533
0.00012272
0.00017553
0.00022619
0.00017885
0.00016446
0.00024723
0.00009983
0.00016953
0.00012810
0.00021681
0.00019891
0.00011895
0.00016806
0.00020321
0.00017715
0.00019917
0.00007732
0.00015691
0.00016798
0.00012251
0.00012026
0.00022991
0.00018347
0.00007467
0.00023653
0.00020652
0.00019082
0.00020702
0.00018891
0.00012986
0.00021228
0.00016749
0.00016904
0.00018276
0.00012980
0.00021028
0.00017061
0.00011096
0.00020743
0.00011503
0.00017728
0.00027860
0.00019489
0.00006100
0.00015967
0.00012657
0.00015072
0.00017475
0.00018619
0.00014624
0.00016121
0.00016140
0.00022718
0.00013385
0.00015509
0.00023265
0.00012492
0.00012451
0.00016823
0.00011230
0.00015840
0.00021196
0.00010743
0.00014196
0.00014166
0.00006570
0.00017459
0.00017537
0.00012906
0.00022487
0.00019680
0.00012405
0.00014744
0.00015662
0.00016970
0.00016378
0.00012504
0.00019211
0.00014489
0.00016664
0.00028927
0.00014137
0.00022461
0.00012118
0.00020490
0.00018065
0.00023029
0.00016300
0.00005113
0.00016930
0.00019236
0.00012483
0.00013939
0.00022810
0.00019600
0.00021758
0.00020024
0.00017886
0.00017490
0.00017834
0.00014108
0.00024641
0.00018196
0.00019182
0.00007726
0.00013831
0.00018942
0.00012060
0.00017515
0.00009690
0.00015366
0.00013425
0.00019292
0.00025480
0.00018319
0.00011380
0.00010410
0.00021022
0.00017657
0.00016778
0.00024760
0.00008457
0.00019990
0.00012794
0.00015938
0.00014333
0.00016290
0.00017190
0.00031037
0.00007842
0.00018497
0.00013306
0.00016209
0.00017344
0.00013559
0.00019441
0.00005932
0.00008980
0.00014812
0.00013928
0.00020371
0.00017058
0.00016577
0.00013618
0.00016182
0.00019513
0.00018731
0.00017691
0.00021179
0.00013903
0.00017136
0.00020772
0.00015700
0.00017198
0.00013864
0.00027623
0.00019513
0.00011216
0.00030889
0.00019569
0.00006743
0.00011762
0.00029533
0.00012275
0.00023198
0.00017165
0.00018766
0.00020000
0.00012760
0.00013958
0.00016887
0.00026168
0.00018801
0.00004918
0.00016791
0.00011612
0.00019971
0.00024255
0.00009825
0.00021702
0.00019173
0.00020129
0.00022334
0.00011921
0.00012542
0.00007773
0.00019995
0.00032185
0.00021522
0.00012100
0.00011036
0.00009053
0.00024060
0.00015313
0.00018087
0.00017859
0.00013916
0.00013466
0.00012048
0.00006538
0.00014154
0.00030362
0.00025596
0.00018958
0.00019280
0.00021323
0.00012685
0.00014300
0.00028423
0.00012091
0.00017151
0.00017742
0.00016452
0.00019831
0.00025061
0.00012500
0.00018839
0.00020218
0.00016333
0.00010215
0.00021142
0.00020564
0.00022293
0.00016682
0.00015646
0.00028406
0.00017955
0.00009903
0.00014195
0.00019727
0.00019887
0.00023575
0.00018412
0.00005859
0.00017408
0.00019336
0.00022715
0.00022699
0.00027014
0.00007168
0.00018759
0.00015253
0.00007047
0.00009841
0.00018378
0.00007377
0.00024805
0.00025822
0.00015912
0.00011423
0.00017273
0.00024807
0.00012783
0.00023124
0.00021796
0.00019513
0.00021306
0.00018837
0.00010758
0.00015233
0.00033597
0.00014319
0.00021023
0.00017436
0.00008075
0.00004118
0.00013692
0.00015867
0.00012581
0.00026807
0.00015295
0.00015519
0.00019393
0.00017674
0.00030687
0.00019473
0.00009596
0.00012198
0.00016064
0.00017385
0.00020468
0.00015240
0.00013941
0.00014521
0.00011287
0.00010041
0.00016425
0.00017748
0.00032115
0.00022314
0.00011308
0.00020901
0.00021936
0.00018778
0.00013052
0.00018566
0.00018299
0.00022923
0.00035700
0.00010672
0.00018943
0.00008202
0.00016108
0.00021371
0.00019426
0.00021056
0.00009178
0.00021961
0.00014100
0.00012185
0.00017326
0.00021795
0.00015806
0.00013854
0.00013216
0.00019273
0.00016737
0.00012868
0.00005400
0.00014637
0.00015199
0.00017361
0.00014519
0.00007401
0.00019158
0.00021811
0.00020830
0.00016443
0.00014241
0.00005433
0.00014198
0.00009395
0.00014117
0.00010730
0.00016253
0.00010620
0.00018253
0.00007755
0.00019686
0.00017013
0.00014402
0.00012106
0.00023968
0.00029468
0.00018347
0.00022570
0.00013972
0.00023562
0.00018103
0.00013354
0.00013856
0.00018790
0.00024220
0.00009686
0.00016876
0.00020320
0.00021277
0.00010786
0.00024047
0.00005810
0.00017106
0.00016426
0.00018984
0.00013466
0.00019483
0.00016372
0.00043597
0.00021218
0.00021413
0.00013263
0.00009673
0.00015885
0.00021211
0.00010806
0.00015355
0.00018654
0.00007711
0.00020526
0.00022144
0.00012141
0.00027878
0.00024361
0.00016022
0.00004433
0.00009717
0.00039050
0.00024771
0.00024158
0.00013732
0.00026453
0.00016233
0.00015605
0.00017521
0.00020403
0.00020808
0.00021887
0.00018977
0.00013553
0.00006078
0.00010297
0.00009836
0.00018337
0.00018281
0.00005349
0.00012574
0.00017649
0.00011410
0.00015852
0.00029874
0.00019356
0.00025241
0.00025567
0.00013772
0.00019447
0.00005801
0.00005294
0.00016900
0.00014807
0.00012408
0.00007596
0.00018625
0.00020454
0.00030567
0.00015708
0.00019460
0.00013728
0.00015732
0.00017313
0.00005120
0.00010348
0.00015990
0.00006409
0.00015712
0.00010788
0.00013260
0.00030314
0.00010436
0.00012165
0.00007469
0.00020534
0.00020613
0.00024994
0.00020442
0.00013032
0.00011942
0.00020167
0.00013435
0.00017909
0.00023723
0.00020382
0.00017664
0.00014982
0.00019001
0.00012481
0.00022101
0.00011610
0.00012889
0.00027509
0.00022308
0.00018009
0.00021111
0.00017168
0.00015437
0.00010847
0.00017980
0.00029795
0.00019394
0.00024575
0.00016909
0.00012927
0.00014505
0.00014922
0.00019876
0.00012748
0.00010372
0.00018251
0.00020803
0.00008634
0.00006044
0.00019856
0.00007890
0.00017674
0.00016406
0.00022254
0.00034786
0.00024114
0.00018534
0.00005153
0.00013738
0.00011218
0.00017180
0.00016609
0.00011273
0.00006376
0.00025203
0.00018123
0.00020324
0.00012860
0.00016049
0.00011951
0.00015602
0.00025279
0.00025924
0.00017945
0.00010737
0.00018680
0.00028855
0.00010957
0.00020324
0.00025823
0.00020672
0.00027144
0.00022243
0.00013671
0.00015982
0.00012347
0.00013266
0.00014470
0.00012910
0.00024397
0.00015226
0.00024225
0.00011337
0.00025008
0.00019837
0.00024277
0.00012128
0.00014233
0.00021236
0.00019587
0.00018201
0.00009526
0.00014305
0.00024645
0.00012812
0.00029050
0.00020741
0.00021413
0.00017574
0.00028439
0.00005956
0.00013577
0.00020051
0.00021762
0.00015345
0.00011738
0.00019732
0.00010982
0.00019971
0.00015415
0.00008132
0.00017550
0.00014249
0.00021120
0.00021903
0.00016761
0.00010306
0.00023010
0.00024138
0.00021281
0.00018069
0.00020088
0.00015773
0.00014649
0.00021332
0.00017219
0.00019161
0.00019999
0.00012733
0.00011123
0.00017728
0.00012159
0.00014476
0.00018280
0.00030722
0.00019103
0.00021463
0.00009692
0.00024151
0.00013971
0.00025272
0.00014956
0.00013522
0.00027116
0.00016097
0.00019600
0.00021490
0.00023429
0.00009614
0.00030806
0.00016962
0.00017164
0.00019696
0.00020503
0.00016576
0.00007935
0.00013875
0.00013317
0.00015017
0.00014019
0.00018475
0.00021001
0.00014382
0.00023046
0.00021362
0.00018181
0.00014050
0.00018651
0.00029035
0.00018070
0.00013743
0.00017471
0.00004002
0.00007529
0.00013527
0.00022050
0.00018212
0.00011867
0.00020038
0.00017564
0.00016673
0.00016637
0.00012710
0.00010383
0.00018273
0.00017299
0.00019199
0.00008362
0.00023843
0.00011700
0.00025532
0.00013163
0.00018112
0.00019587
0.00022638
0.00008377
0.00007165
0.00017590
0.00013998
0.00016133
0.00029284
0.00021380
0.00018110
0.00011057
0.00010965
0.00022958
0.00015652
0.00014333
0.00013120
0.00024825
0.00012556
0.00016099
0.00018733
0.00008504
0.00016031
0.00021106
0.00026259
0.00013500
0.00006864
0.00020122
0.00014511
0.00022255
0.00011591
0.00020483
0.00014680
0.00017005
0.00010323
0.00014741
0.00021429
0.00016036
0.00019393
0.00020887
0.00018747
0.00018106
0.00017911
0.00019398
0.00016513
0.00011339
0.00024759
0.00010612
0.00017151
0.00020461
0.00011884
0.00012831
