0.00052908
0.00056845
0.00064929
0.00112036
0.00062456
0.00043754
0.00037559
0.00039774
0.00041468
0.00027490
0.00046373
0.00077277
0.00070735
0.00099609
0.00045455
0.00087168
0.00048869
0.00037200
0.00035501
0.00047079
0.00029646
0.00045501
0.00063293
0.00066540
0.00075474
0.00055614
0.00164899
0.00067158
0.00085635
0.00038265
0.00048346
0.00027473
0.00065404
0.00067009
0.00072531
0.00071472
0.00044938
0.00036203
0.00045927
0.00071100
0.00046502
0.00035113
0.00105138
0.00042868
0.00040313
0.00038733
0.00054436
0.00041437
0.00041000
0.00054251
0.00057754
0.00043011
0.00045158
0.00029404
0.00047265
0.00042870
0.00057064
0.00054901
0.00039607
0.00078752
0.00109454
0.00033737
0.00054216
0.00236714
0.00036774
0.00043323
0.00051272
0.00054514
0.00051094
0.00048329
0.00068398
0.00038888
0.00051538
0.00031930
0.00044734
0.00051260
0.00035862
0.00061425
0.00051977
0.00053941
0.00043480
0.00077432
0.00088714
0.00032942
0.00103207
0.00036930
0.00049330
0.00035275
0.00050973
0.00105142
0.00030022
0.00031169
0.00049987
0.00079622
0.00025757
0.00059356
0.00115738
0.00040073
0.00024211
0.00051322
0.00031385
0.00134847
0.00013938
0.00070382
0.00064482
0.00071450
0.00057487
0.00058958
0.00052858
0.00074698
0.00056221
0.00057593
0.00054180
0.00086147
0.00059369
0.00051161
0.00078773
0.00105298
0.00054848
0.00059391
0.00065822
0.00086746
0.00063609
0.00089335
0.00077371
0.00075490
0.00051661
0.00042293
