0.00093200
0.00100137
0.00114377
0.00197358
0.00110020
0.00077075
0.00066163
0.00070065
0.00073048
0.00048425
0.00081690
0.00136128
0.00124604
0.00175467
0.00080072
0.00153551
0.00086085
0.00065531
0.00062537
0.00082933
0.00052223
0.00080152
0.00111495
0.00117214
0.00132953
0.00097968
0.00290479
0.00118303
0.00150852
0.00067407
0.00085164
0.00048395
0.00115213
0.00118041
0.00127768
0.00125902
0.00079161
0.00063774
0.00080903
0.00125248
0.00081915
0.00061854
0.00185206
0.00075514
0.00071014
0.00068230
0.00095893
0.00072994
0.00072224
0.00095567
0.00101737
0.00075766
0.00079549
0.00051798
0.00083260
0.00075518
0.00100522
0.00096711
0.00069770
0.00138726
0.00192810
0.00059430
0.00095504
0.00416987
0.00064780
0.00076316
0.00090319
0.00096031
0.00090005
0.00085134
0.00120487
0.00068504
0.00090787
0.00056246
0.00078802
0.00090297
0.00063173
0.00108204
0.00091560
0.00095021
0.00076593
0.00136401
0.00156276
0.00058030
0.00181806
0.00065055
0.00086898
0.00062139
0.00089791
0.00185214
0.00052886
0.00054906
0.00088054
0.00140259
0.00045373
0.00104560
0.00203879
0.00070590
0.00042650
0.00090407
0.00055287
0.00237541
0.00024553
0.00123982
0.00113588
0.00125864
0.00101267
0.00103859
0.00093113
0.00131584
0.00099037
0.00101454
0.00095442
0.00151753
0.00104582
0.00090123
0.00138763
0.00185490
0.00096619
0.00104622
0.00115950
0.00152809
0.00112050
0.00157369
0.00136293
0.00132980
0.00091005
0.00074502
