-9
28
-3
0
-12
-6
9
4
-15
21
-13
-14
88
33
9
-3
8
-5
20
-8
9
-8
-9
-13
-13
4
20
-3
25
41
3
-9
-6
46
24
-8
-11
-8
-8
-12
-14
-5
26
22
17
-10
-12
-12
14
-11
-13
27
-1
-1
55
35
-10
52
-15
-15
-12
-12
-9
10
-8
-14
13
-6
21
-8
-7
-11
-10
-14
12
-13
-11
65
17
-11
-12
-11
18
-13
-14
-8
36
19
-14
-6
7
0
13
24
1
1
-3
3
-6
-12
7
6
-6
0
-14
-3
-8
-15
-14
8
-6
-4
-10
26
-5
-1
12
12
-14
9
32
-9
11
-13
-8
3
0
0
-8
-2
11
17
-9
16
-8
0
6
-9
21
-7
29
-15
-9
-15
1
21
16
-11
33
-15
-3
18
4
-2
-13
-9
16
-6
-3
-9
-10
44
9
-8
4
-2
36
-8
-10
53
-9
-6
-7
2
21
57
-2
-13
-14
-6
-1
-13
-5
-10
-9
-12
26
-13
21
-9
97
2
-13
-9
-12
-11
27
30
14
27
8
10
-4
7
-13
-11
-11
17
55
-10
24
-13
-5
-8
25
1
-4
1
5
3
28
-2
-8
-5
30
-11
13
-14
36
-11
-6
-11
19
2
15
-15
21
9
-5
-4
-11
31
-12
-15
2
-11
16
12
-5
-8
2
-3
15
-7
4
-7
-2
-2
25
-13
12
5
-9
6
-14
5
-11
-6
-1
-7
-12
-11
0
-10
28
-1
-9
-12
-10
22
-1
-7
16
-9
-10
78
-10
19
-12
-13
-11
26
-9
-4
3
-9
34
27
-6
-11
22
-7
-15
-4
10
0
-3
-10
-1
-6
-14
-5
-5
9
-13
-10
-8
23
22
-7
-13
-10
-10
12
16
-1
11
-10
-14
-14
-9
-4
12
4
-9
-9
-3
-2
-13
40
16
4
-14
-10
-12
-9
23
-8
-13
28
-14
41
-4
-15
25
-6
60
-3
22
0
-8
68
39
-15
-6
19
15
-14
-9
13
-2
-7
-5
-11
-3
-11
16
14
-14
7
-2
-8
-15
5
-11
21
-12
-15
-14
-6
0
-3
10
-3
-15
-8
11
12
-5
-12
-14
-6
-6
-14
7
-6
-3
-2
-10
0
-12
-10
17
-4
-3
1
-12
-10
-5
51
-14
-6
29
-14
-6
-4
-13
-4
-10
-10
29
24
-12
48
-12
-12
-14
-9
29
-12
-6
-11
-1
-14
28
41
16
0
-7
2
-15
-1
-10
23
2
-4
-11
-8
-11
-14
2
1
-5
34
-7
-9
42
-12
-14
23
-10
-13
8
-5
-7
6
26
-5
-10
3
-7
5
-1
-3
-6
-13
30
0
-11
-4
1
12
5
3
-2
12
4
-14
-10
-5
-2
38
29
18
2
-9
29
24
-10
-2
-2
9
-10
10
-15
-9
-12
11
-12
16
-15
-2
0
7
27
19
21
21
17
20
-15
84
-2
28
6
33
-3
-15
0
11
-3
27
-13
-13
20
-5
6
11
-1
26
30
15
28
-14
10
-15
-12
13
-2
-3
9
-1
-14
13
-7
3
1
0
-10
-14
-13
-14
18
-10
0
18
-14
-12
-2
-12
10
-11
-9
-6
-7
38
24
-4
-2
-3
-12
-1
5
-4
-15
-15
-12
46
6
1
0
-14
17
-8
1
-15
27
-7
34
-15
-2
-11
0
0
-15
-11
-6
-1
16
-13
-1
-11
20
15
-1
-12
-11
2
-3
-1
-4
17
40
-3
46
23
-11
0
0
6
-9
64
-12
-14
-12
-13
-7
-12
-12
15
-12
9
19
-10
-1
-9
-7
-12
-7
-1
7
-3
34
-3
-13
-7
-12
-7
32
-13
-13
-13
