-128
-127
-124
-126
-105
-127
-127
-126
-119
-125
-128
-127
-117
-127
-126
-116
-126
-114
-126
-126
-121
-127
-128
-126
-115
-127
-128
-126
-128
-125
-125
-120
-128
-121
-128
-127
-128
-125
-127
-126
-127
-117
-119
-126
-127
-126
-126
-116
-127
-128
-114
-124
-121
-125
-127
-127
-127
-119
-128
-122
-117
-126
-117
-128
-126
-121
-128
-114
-126
-127
-126
-128
-124
-126
-126
-122
-121
-128
-126
-128
-126
-126
-128
-120
-125
-126
-112
-127
-126
-125
-122
-110
-127
-124
-119
-128
-109
-120
-125
-127
-128
-125
-125
-127
-114
-125
-119
-126
-115
-128
-128
-127
-115
-127
-120
-128
-126
-118
-114
-121
-126
-128
-127
-127
-128
-113
-128
-122
-128
-126
-120
-128
-125
-126
-128
-113
-119
-127
-126
-128
-127
-119
-128
-105
-126
-126
-104
-96
-107
-127
-126
-127
-126
-123
-128
-126
-101
-128
-128
-127
-125
-126
-113
-126
-126
-125
-117
-126
-121
-122
-128
-127
-128
-128
-124
-128
-127
-128
-126
-123
-128
-108
-126
-127
-128
-128
-122
-128
-124
-127
-128
-127
-122
-121
-122
-128
-125
-128
-127
-127
-127
-128
-126
-122
-128
-122
-118
-117
-128
-121
-128
-119
-126
-128
-128
-97
-127
-128
-126
-125
-127
-127
-120
-128
-126
-126
-126
-128
-128
-126
-127
-125
-125
-125
-127
-128
-128
-127
-127
-127
-126
-114
-121
-123
-125
-128
-125
-125
-123
-121
-127
-123
-115
-120
-121
-127
-128
-127
-128
-127
-109
-124
-127
-113
-126
-123
-123
-126
-121
-127
-121
-126
-125
-126
-128
-127
-105
-128
-124
-126
-127
-121
-125
-126
-118
-125
-128
-126
-128
-127
-127
-122
-127
-118
-125
-126
-128
-109
-126
-127
-122
-128
-127
-117
-122
-126
-126
-121
-128
-121
-127
-127
-122
-122
-125
-125
-125
-128
-117
-125
-125
-125
-123
-125
-106
-128
-125
-126
-122
-120
-128
-123
-118
-127
-128
-126
-113
-126
-127
-126
-128
-128
-125
-128
-121
-126
-126
-127
-126
-127
-125
-117
-111
-111
-128
-126
-125
-128
-117
-128
-105
-128
-128
-114
-126
-125
-117
-127
-127
-125
-127
-124
-125
-128
-123
-125
-113
-128
-108
-117
-128
-125
-127
-126
-125
-128
-111
-128
-126
-127
-114
-127
-128
-127
-126
-125
-125
-125
-121
-123
-128
-127
-125
-125
-128
-128
-113
-125
-100
-128
-119
-118
-128
-125
-125
-121
-127
-125
-127
-127
-124
-115
-127
-119
-128
-127
-127
-128
-128
-128
-128
-127
-126
-127
-126
-126
-125
-128
-128
-128
-126
-127
-119
-128
-125
-123
-128
-128
-128
-117
-128
-126
-127
-122
-117
-126
-126
-117
-128
-126
-125
-126
-125
-125
-128
-126
-128
-120
-128
-120
-127
-127
-128
-117
-128
-128
-122
-128
-127
-127
-128
-128
-126
-128
-126
-118
-126
-127
-127
-128
-127
-127
-128
-105
-125
-126
-127
-110
-117
-117
-124
-128
-128
-128
-128
-128
-120
-126
-118
-123
-114
-125
-128
-117
-127
-127
-128
-126
-113
-125
-126
-125
-126
-127
-128
-128
-117
-126
-128
-128
-128
-128
-123
-106
-125
-127
-128
-102
-127
-126
-125
-128
-128
-128
-127
-114
-128
-128
-120
-121
-128
-119
-127
-128
-125
-125
-120
-122
-117
-112
-122
-128
-110
-127
-127
-125
-128
-127
-126
-127
-126
-125
-128
-127
-128
-126
-114
-125
-127
-128
-128
-126
-125
-127
-126
-127
-128
-117
-125
-128
-119
-114
-121
-126
-117
-128
-128
-128
-126
-126
-114
-126
-127
-120
-127
-128
-127
-128
-128
-126
-123
-116
-128
-125
-127
-126
-113
-127
-125
-128
-119
-126
-128
-114
-122
-126
-126
-125
-128
-126
-126
-128
-125
-127
-126
-118
-127
-127
-128
-123
-128
-127
-126
-126
-120
-127
-116
-127
-126
-115
-127
-126
-127
-128
-118
-125
-126
-127
-128
-126
-116
-128
-120
-127
-121
-128
-127
-126
-127
-128
-127
-117
-126
-118
-122
-128
-127
-106
-127
-127
-126
-105
-114
-128
-113
-128
-118
-127
-117
-127
-118
-124
-121
-123
-123
-123
-127
-127
-117
-125
-122
-128
-116
-116
-125
-127
-126
-97
-124
-113
-128
-128
-126
-122
-80
-128
-127
-117
-128
-127
-128
-128
-126
-128
-114
-124
-128
-126
-126
-127
-122
-127
-128
-125
-128
-117
-111
-126
-126
-128
-112
-125
-127
-115
-126
-128
-126
-126
-126
-117
-127
-127
-127
-126
-111
-125
-127
-127
-121
-103
-128
-118
-126
-128
-114
-126
-127
-127
-123
-124
-126
-127
-106
-106
-125
-125
-125
-127
-105
-125
-126
-127
-121
-118
-117
-120
-116
-127
-125
-113
-125
-125
-127
-127
-126
-128
-127
-128
-117
-126
-113
-120
-126
-124
-122
-117
-128
-121
-126
-126
-128
-127
-127
-127
-127
-124
-121
-127
-127
-126
-125
-126
-126
-126
-128
-128
-113
-106
-126
-124
-122
-126
-117
-125
-127
-125
-120
-126
-127
-116
-128
-125
-126
-117
-127
-128
-127
-124
-123
-128
-125
-126
-117
-127
-127
-122
-127
-105
-127
-122
-118
-126
-119
-119
-117
-126
-126
-127
-125
-127
-123
-116
-127
-127
-125
-128
-128
-127
-125
-121
-127
-128
-128
-113
-124
-128
-126
-113
-107
-126
-127
-123
-120
-123
-125
-128
-128
-123
-126
-125
-126
-128
-105
-116
-128
-128
-100
-128
-128
-123
-127
-127
-117
-125
-128
-118
-127
-128
-126
-125
-128
-118
-128
-126
-128
-113
-127
-128
-124
-128
-128
-118
-128
-128
-122
-117
-125
-116
-127
-114
-128
-121
-126
-128
-126
-126
-125
-128
-115
-127
-128
-123
-126
-126
-128
-126
-127
-124
-120
-127
-128
-127
-128
-128
-128
-127
-128
-127
-127
-127
-128
-127
-124
-127
-128
-126
-128
-125
-125
-119
-127
-128
-125
-128
-123
-127
-127
-125
-122
-126
-127
-120
-128
-128
-126
-126
-114
-127
-119
-126
-126
-126
-125
-117
-126
-125
-117
-128
-120
-128
-128
-126
-128
-125
-127
-126
-125
-128
-128
-126
-114
-114
-121
-128
-127
-126
-127
-127
-125
-127
-126
-125
-125
-127
-120
-125
-120
-111
-128
-126
-106
-108
-127
-128
-128
-127
-126
-125
-124
-128
-126
-128
-126
-126
-126
-122
-125
-121
-126
-128
-126
-121
-122
-120
-127
-115
-126
-128
-126
-125
-125
-127
-109
-117
-128
-112
-123
-126
-127
-127
-119
-126
-125
-127
-126
-125
-125
-110
-126
-124
-113
-121
-126
-127
-124
-128
-122
-127
-127
-126
-123
-122
-125
-128
-126
-124
-128
-127
-128
-125
-126
-114
-120
-126
-120
-127
-127
-125
-122
-126
-128
-127
-127
-126
-128
-126
-126
-127
-128
-123
-127
-128
-124
-126
-126
-120
-113
-123
-128
-127
-126
-128
-114
-126
-127
-126
-122
-120
-128
-117
-128
-126
