0.00300864
0.00304051
0.02119403
0.01488325
0.00240291
0.00089192
0.00027053
0.00604719
0.00222851
0.00057409
0.00116514
0.01308990
0.01039874
0.02351320
0.00078991
0.00037423
0.00088979
0.00036377
0.00140925
0.02086265
0.01094036
0.00086108
0.01244950
0.00083820
0.00874600
0.00030108
0.01237022
0.00164952
0.00475572
0.00276442
0.01236478
0.00213098
0.00044105
0.00023755
0.00079554
0.00072551
0.00020821
0.00095581
0.00114438
0.00060083
0.00017811
0.00131427
0.00103405
0.01798255
0.00102634
0.00116107
0.01304869
0.00065187
0.02596545
0.01043648
0.01054947
0.00100447
0.00196801
0.00066690
0.00093190
0.00129843
0.00109599
0.00225993
0.00233028
0.01878477
0.00061673
0.01423493
0.00506260
0.00279565
0.00073139
0.00043872
0.00210312
0.00066998
0.00112159
0.00631639
0.00131823
0.01710039
0.00054678
0.01434775
0.00722712
0.00132801
0.00038514
0.00095495
0.00065663
0.00529830
0.00082241
0.00063464
0.00149300
0.00083761
0.00152070
0.00075336
0.00187679
0.01183371
0.00136782
0.01600834
0.00186843
0.00226487
0.00079855
0.00035645
0.00038019
0.01415588
0.01537319
0.02193746
0.00141705
0.00564304
0.00246832
0.01836553
0.00093814
0.01327093
0.00065367
0.00069462
0.00041839
0.00110373
0.01979255
0.00151760
0.01933608
0.00033690
0.00193520
0.00410105
0.00057376
0.00103428
0.00213725
0.01819165
0.00042437
0.00057459
0.00183151
0.00018286
0.01166898
0.00180999
0.00067702
0.00468185
0.00121913
0.00088864
0.00190594
0.00098757
0.00117343
0.00146244
0.00661839
0.00048783
0.00747767
0.00167815
0.00070997
0.00642521
0.00054734
0.00815945
0.00907036
0.01564140
0.00064107
0.00082055
0.01663118
0.00124010
0.01556211
0.01660822
0.00082320
0.00141347
0.00078334
0.00057803
0.01533279
0.00067790
0.00132311
0.00889851
0.00153156
0.00302387
0.00154833
0.00197824
0.00143974
0.00147286
0.00090367
0.00280066
0.02455118
0.00098296
0.00164861
0.00191290
0.00047439
0.00040898
0.00082558
0.00029027
0.00123637
0.00065630
0.00151191
0.01234220
0.00031344
0.00177663
0.02393874
0.00237940
0.02210864
0.00074871
0.00058518
0.00104317
0.00094023
0.01843713
0.01379606
0.00019524
0.00025143
0.00564937
0.00170995
0.02366121
