-6
-6
-3
-4
-7
-8
-10
-5
-7
-9
-8
-4
-4
-3
-8
-9
-8
-9
-7
-3
-4
-8
-4
-8
-5
-10
-4
-7
-6
-6
-4
-7
-9
-10
-8
-8
-10
-8
-8
-9
-10
-7
-8
-4
-8
-8
-4
-8
-3
-4
-4
-8
-7
-8
-8
-7
-8
-7
-7
-4
-9
-4
-5
-6
-8
-9
-7
-8
-8
-5
-7
-4
-9
-4
-5
-7
-9
-8
-8
-5
-8
-8
-7
-8
-7
-8
-7
-4
-7
-4
-7
-7
-8
-9
-9
-4
-4
-3
-7
-5
-7
-4
-8
-4
-8
-8
-9
-8
-4
-7
-4
-9
-7
-6
-9
-8
-7
-4
-9
-9
-7
-10
-4
-7
-8
-6
-8
-8
-7
-8
-8
-7
-5
-9
-5
-7
-8
-5
-9
-5
-5
-4
-8
-8
-4
-8
-4
-4
-8
-7
-8
-9
-4
-8
-7
-5
-7
-6
-7
-7
-7
-7
-8
-6
-3
-8
-7
-7
-9
-9
-8
-10
-8
-8
-7
-4
-9
-7
-3
-7
-3
-8
-9
-8
-8
-4
-4
-10
-10
-5
-7
-3
