-97
-116
-128
-127
-120
-119
-118
-125
-118
-124
-126
-125
-124
-127
-123
-108
-114
-110
-110
-73
-119
-121
-120
-126
-111
-127
-125
-127
-108
-115
-122
-128
-110
-127
-122
-119
-114
-123
-124
-125
-117
-118
-121
-127
-122
-120
-101
-127
-113
-116
-127
-118
-116
-127
-121
-128
-121
-118
-127
-122
-117
-125
-128
-127
-120
-123
-126
-122
-121
-126
-127
-122
-127
-126
-124
-121
-128
-126
-124
-121
-116
-124
-121
-126
-121
-122
-124
-125
-118
-127
-122
-121
-117
-91
-121
-93
-118
-123
-127
-120
-122
-127
-116
-121
-118
-126
-126
-116
-116
-128
-118
-122
-127
-128
-118
-128
-125
-107
-124
-125
-123
-116
-128
-128
-126
-122
-125
-120
-117
-127
-128
-124
-122
-110
-125
-128
-122
-118
-107
-128
-128
-121
-128
-122
-124
-126
-126
-121
-107
-125
-116
-125
-126
-122
-127
-122
-112
-126
-114
-128
-117
-122
-125
-121
-120
-118
-126
-127
-119
-127
-124
-120
-126
-122
-114
-127
-124
-123
-117
-125
-127
-127
-127
-128
-119
-126
-124
-115
-124
-128
-122
-118
-126
-125
-102
-100
-122
-124
-123
-127
-117
-123
-122
-125
-123
-127
-122
-127
-119
-104
-124
-126
-110
-126
-123
-127
-126
-123
-121
-115
-123
-126
-124
-111
-125
-124
-125
-101
-127
-122
-127
-115
-115
-127
-124
-125
-116
-122
-87
-123
-127
-124
-120
-128
-125
-123
-122
-123
-123
-117
-122
-120
-125
-117
-117
-121
-107
-128
-99
-123
-124
-126
-128
-127
-118
-127
-118
-126
-121
-121
-128
-123
-127
-125
-117
-124
-101
-117
-121
-128
-118
-126
-121
-117
-128
-128
-127
-117
-112
-127
-123
-118
-121
-127
-115
-124
-122
-128
-128
-122
-123
-125
-119
-115
-118
-127
-119
-126
-127
-106
-118
-126
-88
-121
-127
-115
-125
-122
-123
-123
-127
-124
-119
-120
-120
-114
-117
-125
-116
-113
-116
-122
-106
-126
-112
-113
-127
-125
-124
-126
-127
-126
-118
-125
-124
-123
-122
-114
-126
-98
-125
-117
-124
-109
-119
-123
-120
-127
-125
-110
-128
-123
-127
-123
-105
-127
-121
-122
-98
-116
-126
-126
-124
-107
-125
-111
-127
-118
-126
-128
-126
-124
-125
-126
