25
6
-6
-5
2
3
4
-3
4
-2
-4
-3
-2
-5
-1
14
8
12
12
49
3
1
2
-4
11
-5
-3
-5
14
7
0
-6
12
-5
0
3
8
-1
-2
-3
5
4
1
-5
0
2
21
-5
9
6
-5
4
6
-5
1
-6
1
4
-5
0
5
-3
-6
-5
2
-1
-4
0
1
-4
-5
0
-5
-4
-2
1
-6
-4
-2
1
6
-2
1
-4
1
0
-2
-3
4
-5
0
1
5
31
1
29
4
-1
-5
2
0
-5
6
1
4
-4
-4
6
6
-6
4
0
-5
-6
4
-6
-3
15
-2
-3
-1
6
-6
-6
-4
0
-3
2
5
-5
-6
-2
0
12
-3
-6
0
4
15
-6
-6
1
-6
0
-2
-4
-4
1
15
-3
6
-3
-4
0
-5
0
10
-4
8
-6
5
0
-3
1
2
4
-4
-5
3
-5
-2
2
-4
0
8
-5
-2
-1
5
-3
-5
-5
-5
-6
3
-4
-2
7
-2
-6
0
4
-4
-3
20
22
0
-2
-1
-5
5
-1
0
-3
-1
-5
0
-5
3
18
-2
-4
12
-4
-1
-5
-4
-1
1
7
-1
-4
-2
11
-3
-2
-3
21
-5
0
-5
7
7
-5
-2
-3
6
0
35
-1
-5
-2
2
-6
-3
-1
0
-1
-1
5
0
2
-3
5
5
1
15
-6
23
-1
-2
-4
-6
-5
4
-5
4
-4
1
1
-6
-1
-5
-3
5
-2
21
5
1
-6
4
-4
1
5
-6
-6
-5
5
10
-5
-1
4
1
-5
7
-2
0
-6
-6
0
-1
-3
3
7
4
-5
3
-4
-5
16
4
-4
34
1
-5
7
-3
0
-1
-1
-5
-2
3
2
2
8
5
-3
6
9
6
0
16
-4
10
9
-5
-3
-2
-4
-5
-4
4
-3
-2
-1
0
8
-4
24
-3
5
-2
13
3
-1
2
-5
-3
12
-6
-1
-5
-1
17
-5
1
0
24
6
-4
-4
-2
15
-3
11
-5
4
-4
-6
-4
-2
-3
-4
