0.0002542262
0.00026862932
0.00023800808
0.00025587724
0.00019392013
0.00024719103
0.00021888959
0.00025349145
0.0002216588
0.0001932675
0.00019317298
0.00030276325
0.00022489353
0.00020751913
0.00015325588
0.00035692408
0.0001936642
0.00029663314
0.00036734677
0.00026524978
0.00018001492
0.00029544262
0.0002613142
0.00023231759
0.00019217104
0.00038918035
0.00022818084
0.00022414529
0.00022982157
0.0003178806
0.00030898207
0.00026949705
0.00023291598
0.000253733
0.00026934707
0.00019861863
0.00018676084
0.0002686768
0.0002249846
0.00021341199
0.00019881774
0.00018656453
0.0002223436
0.00046237448
0.000285242
0.00019979385
0.00016637184
0.00030468564
0.00037608898
0.00019983148
0.00015349408
0.00022806367
0.00024210972
0.00017326688
0.00040801108
0.00026468482
0.00023051634
0.00031909347
0.00024297301
0.00027204954
0.00024488126
0.00019297597
0.00016983948
0.00024365525
0.00021429667
0.0002157192
0.000224731
0.000179186
0.00024504488
0.00032939456
0.0002806382
0.0003173785
0.00014918372
0.0002064986
0.0001633556
0.00020368447
0.00025297547
0.00021060817
0.00021250006
0.00020216142
0.00019056996
0.0002481143
0.00013147277
0.0001727678
0.0002734775
0.0002053754
0.0001809498
0.00029446802
0.00016338739
0.00026935464
0.00018491659
0.00016831362
0.0001887059
0.00018768955
0.00017181285
0.00021849474
0.000260139
0.00028116014
0.00020095694
0.00021321131
0.00023380721
0.00019622916
0.00018911829
0.00023381854
0.00021767241
0.0001751647
0.0004068835
0.00019093388
0.00017956503
0.00024604576
0.0002634864
0.00021903885
0.0002456665
0.00026366703
0.00016645844
0.00023743107
0.000266295
0.00014862894
0.00028437263
0.00026191073
0.00031388836
0.0003014946
0.000261668
0.00021499372
0.00036618212
0.0001972283
0.0002456745
0.0002897626
0.0002357625
0.0002654117
0.000292698
0.00019238105
0.00023693417
0.00022596272
0.00020605931
0.00015773694
0.00018587454
0.00022165614
0.00028804483
0.00023847907
0.00017810344
0.00022367384
0.00032537745
0.00019693204
0.00025191662
0.0004225569
0.00028529973
0.00027567646
0.00020611046
0.00016170811
0.00020813165
0.0001780571
0.00021275516
0.00031874262
0.00018972089
0.00018953772
0.00016221056
0.00027755272
0.0002928577
0.0002348272
0.000373462
0.00024381591
0.00025787472
0.00028776488
0.0001578629
0.00032479377
0.0004860813
0.00017827372
0.0003247597
0.00021399025
0.00016766733
0.00030615315
0.00027466458
0.00018572199
0.00021788511
0.00019590725
0.00018932165
0.00021059824
0.00013794964
0.00037182923
0.00023915067
0.0002458504
0.00029327846
0.00021022068
0.00049469084
0.00023504432
0.00035706302
0.00044458415
0.00020365872
0.00023940775
0.00026781423
0.00016961612
0.00018440021
0.00018741676
0.00024983048
0.00022528163
0.00028880464
0.00015913106
0.00023416428
0.0002321368
0.00020001568
0.00022397315
0.00023875861
0.00023813693
0.00029572556
0.00022895429
0.0005544529
0.00023233797
0.00019878014
0.00015556476
0.00026372922
0.00024859025
0.00017108217
0.000453727
0.0002549951
0.00020730878
0.00021082387
0.00018634896
0.0001901932
0.0002754448
0.00019749037
0.00015240804
0.00020716024
0.00033629214
0.0001657946
0.00023377268
0.0002580519
0.0004045655
0.00023661958
0.0002264795
0.00027316538
0.0003383561
0.00022358743
0.00020938696
0.00030059865
0.00018365897
0.00037124314
0.00027634628
0.00018850158
0.0003021589
0.0002513584
0.00030850348
0.00014965217
0.00024126965
0.00013319687
0.00031976792
0.00039851072
0.0002807457
0.00023720351
0.00021323838
0.00023706605
0.000258465
0.0002094826
0.000279345
0.0002950566
0.0002045012
0.00022441777
0.0001705877
0.00020086924
0.00033497936
0.00024119786
0.00037122474
0.00032816682
0.00035552727
0.00020642983
0.00023566067
0.00014376511
0.00024006124
0.00018203064
0.00030385162
0.00032993636
0.00025876818
0.00015669185
0.00019691902
0.00025420185
0.0002838789
0.00024675374
0.00021862792
0.00020340644
0.00020437881
0.00024162192
0.00029348725
0.00022062765
0.00038953352
0.00015605032
0.00025668513
0.0006262711
0.00024721172
0.00027555102
0.00019920414
0.00027369233
0.00022670737
0.00020191622
0.00025310626
0.00013176858
0.0002609953
0.0002492487
0.00022353271
0.00021708052
0.00020311671
0.00028400702
0.00025774166
0.00024293484
0.00029785355
0.00036000158
0.00026520193
0.00034280564
0.00021268714
0.0002956895
0.00023421797
0.00023641904
0.00022366169
0.00022380891
0.00017923108
0.0002906832
0.00019726394
0.0004510015
0.00021372504
0.00020546134
0.00025040915
0.00021311689
0.00033457542
0.0002115839
0.00019168814
0.00021873109
0.00025887883
0.00019298143
0.00030162928
0.00020044729
0.0002853086
0.0003467738
0.00019589697
0.00023768967
0.00018328219
0.00022138379
0.00018575475
0.00026427914
0.0002702642
0.0002937845
0.0002116596
0.00037093883
0.00033100563
0.00020595254
0.00024389266
0.00027552462
0.00036379226
0.00019973076
0.00020574263
0.00022240452
0.0003005716
0.0002080037
0.0001866549
0.00011926799
0.00039777675
0.00019962154
0.00031039744
0.00012630185
0.00023748488
0.00018913018
0.00032280185
0.00027135774
0.00020328588
0.00035739446
0.00026180135
0.00025913262
0.00020687681
0.00027094793
0.00026716152
0.00026521596
0.00021765327
0.00021142185
0.00022442821
0.00031091666
0.00019247169
0.00020741111
0.00023125298
0.00013208915
0.0002419483
0.00019303423
0.0003081437
0.00025733947
0.00019923244
0.0001593049
0.00017037921
0.00021549992
0.00026461817
0.00024552393
0.00029310476
0.0001754796
0.00019490882
0.00021246487
0.00029502687
0.0002816854
0.0002364418
0.0002912028
0.0003385442
0.00021822297
0.0002964348
0.00032356186
0.0002822605
0.00021837557
0.00020132864
0.00028799212
0.00019955725
0.00027675874
0.00023234468
0.00035903888
0.00087282277
0.00035277562
0.00020076928
0.00017810932
0.00033961883
0.00022283266
0.00017890072
0.00021015904
0.00025974173
0.0002565721
0.00028888427
0.0002433535
0.00015952159
0.00020763511
0.00020864242
0.00022671645
0.00033193774
0.0002970858
0.00027684908
0.00019559072
0.00032494758
0.00020754954
0.00018086271
0.00027442264
0.0003149698
0.0003292566
0.00021360129
0.00032519476
0.00035576258
0.00033492484
0.00020367136
0.00042252973
0.0001659493
0.00017449443
0.0002441627
0.00014053096
0.0002461294
0.00024934488
0.0002463415
0.00023809541
0.000292876
0.00023054864
0.00020945829
0.00034962446
0.0002018131
0.0003014632
0.0002372219
0.00021036706
0.00016072394
0.00028133718
0.00015331004
0.0004317374
0.00024722324
0.00020346178
0.0004059148
0.0002090523
0.0002632517
0.00015985836
0.00027141912
0.00028554996
0.00030780412
0.00023938181
0.00029930446
0.00024005445
0.00013953268
0.00027177396
0.00019749683
0.00033254674
0.00036930724
0.00030504438
0.00021978462
0.0003331585
0.0001794934
0.00017793661
0.00019701991
0.0001585316
0.00021221298
0.00022591455
0.00025804655
0.00025692603
0.00018713449
0.00024457282
0.0002682864
0.00021795643
0.00024111888
0.0002881666
0.00018943053
0.0003181761
0.00028300722
0.00027486152
0.0004224356
0.00013314145
0.0002510775
0.00014567171
0.0002088907
0.00023761476
0.0002411458
0.00021323902
0.0003255477
0.0002864575
0.00026481607
0.0001684864
0.00024732965
0.00017489663
0.00030022694
0.00021306562
0.00019952693
0.00027857168
0.0001821187
0.0003193199
0.000248554
0.0002199479
0.00028606062
0.00019711163
0.00013815696
0.00020063823
0.00024587463
0.00018463656
0.00020222426
0.0003828208
0.0003532002
0.00014760578
0.00022819317
0.00022422391
0.00023379807
0.00019841162
0.00027815232
0.0002565954
0.0002548108
0.00025247657
0.00022424759
0.000195196
0.0002196732
0.00018188044
0.00022092306
0.0002442416
0.00016618674
0.0002071979
0.00026167824
0.0002445281
0.00017083874
0.000224628
0.0003207645
0.00022994552
0.0002971356
0.00022664208
0.00037360564
0.00017133525
0.00022618298
0.00016496125
0.00023508245
0.0003154636
0.00030310944
0.00026418455
0.00022278591
0.0003286673
0.00014705773
0.00019808322
0.00021964162
0.00019083402
0.00012720568
0.00034375698
0.00019118114
0.00020506674
0.00022506154
0.00022859283
0.00017912229
0.00026678148
0.0002058383
0.00024259332
0.0002669547
0.00037733404
0.00019018391
0.00024728876
0.00026565246
0.0001721661
0.00023866502
0.00013854922
0.00028314878
0.000209675
0.00025427798
0.00021561423
0.00024182038
0.0001726907
0.00035937058
0.00031299973
0.00025041847
0.00030787895
0.00023939447
0.00017356801
0.0001601082
0.00023271983
0.00015996893
0.00018752989
0.00024929346
0.00036900473
0.00017153421
0.00026673122
0.0003350861
0.00019758985
0.00023073834
0.00019608771
0.0001906244
0.00027862095
0.00020451541
0.00030491498
0.00022182292
0.00019567089
0.00025451276
0.00025719756
0.00034726743
0.00019165939
0.00018171352
0.00027437278
0.00035855942
0.00018463844
0.00020268917
0.00025851253
0.00020623936
0.00018446482
0.0002851072
0.00027856758
0.0003372246
0.00026046994
0.0002253628
0.00042187722
0.0002443897
0.00017630664
0.00019846993
0.0001925081
0.00012615713
0.00015845255
0.00028438965
0.00021343806
0.00029362028
0.00024212277
0.00020305946
0.0003901847
0.00022194587
0.00028468703
0.0001914618
0.00033994848
0.00017617611
0.0002118742
0.00013038986
0.00030285993
0.00025167543
0.00024494078
0.00018248586
0.0002205676
0.00036180604
0.00038740085
0.00029163482
0.00016792785
0.00020302771
0.00025478035
0.000210167
0.00018461587
0.00027541592
0.00019060081
0.00023009082
0.00028698004
0.0002275802
0.00026378367
0.00019351767
0.00027760584
0.00021583232
0.00015934433
0.00036203084
0.00038328345
0.00027352222
0.0002516479
0.00016718623
0.00023921186
0.00010618667
0.00029638063
0.00020778076
0.0002286993
0.00043744972
0.00028139658
0.00019585172
0.00020890422
0.0001889803
0.00022251741
0.00023910185
0.00017924745
0.0002599322
0.00026203832
0.0002939116
0.00026223264
0.0002103279
0.00021282736
0.00022033635
0.00024291135
0.0002001075
0.0002737339
0.00056184776
0.00023440122
0.00027736346
0.00025825185
0.0002264236
0.00016297594
0.0002212207
0.00023973711
0.00024638732
0.00024215029
0.00020528428
0.00015835879
0.0002523557
0.00016140702
0.00030863046
0.00014764554
0.00026373772
0.0002152483
0.00025692573
0.00039961434
0.00018474968
0.00025628362
0.00020712841
0.0002668571
0.00031363635
0.00019020017
0.00040960728
0.00032573813
0.0001906703
0.00024552626
0.00018378539
0.00022426876
0.00016034374
0.00018886253
0.00023882021
0.00019158066
0.00030294736
0.00027215856
0.00027250117
0.00029239687
0.00020724343
0.00015754126
0.00026426115
0.0002016544
0.00043486807
0.00027750034
0.00021149268
0.00022175038
0.00022075766
0.00017678793
0.00023147813
0.00018504086
0.00023827661
0.00018322685
0.00021938173
0.00031537146
0.00027339443
0.00020165711
0.00034661338
0.000198988
0.0002201095
0.00032778934
0.00021805936
0.0002241124
0.00020294986
0.00017096495
0.00026085204
0.00028816727
0.00025025848
0.00015687932
0.00020862363
0.00034873333
0.00023594669
0.00023173707
0.00024811327
0.0004621891
0.00022611102
0.00022558242
0.00023696828
0.0001814044
0.00050325354
0.00018385581
0.00016738813
0.00039670008
0.00018240442
0.00021240511
0.00014895377
0.00025039766
0.00025321587
0.0002051346
0.00013389958
0.0002643671
0.00024876205
0.0002511932
0.00024095394
0.00012540443
0.00019778525
0.00030040008
0.0002598361
0.00027413573
0.00025072976
0.00023923315
0.00019478139
0.00021434546
0.00022321584
0.0003074502
0.00043161382
0.00018807423
0.00025835683
0.00030809097
0.00018935137
0.00020545081
0.0003642001
0.00023683536
0.00021763385
0.00017747867
0.00021209265
0.00027658994
0.00017380272
0.00022012676
0.00020588009
0.00031914553
0.00026527478
0.00020948403
0.00019417006
0.00022755605
0.00026145487
0.00027919916
0.00021854718
0.00030657623
0.00025148314
0.00023606957
0.00022692066
0.00025163812
0.00019817955
0.00017673297
0.00025406966
0.00031328917
0.00013774216
0.00024894148
0.00022929552
0.00027845713
0.00019076382
0.0002475546
0.00028610183
0.00020616011
0.0002490867
0.00019681959
0.00026048155
0.00022904658
0.00021128674
0.00020419099
0.00028101413
0.00028251173
0.0003301975
0.00016704525
0.00021238254
0.00023391192
0.00023335614
0.00020722195
0.00021251156
0.00017047662
0.00021875133
0.000270789
0.00020209396
0.0003605721
0.00019351412
0.00019886938
0.00013409558
0.00028133902
0.00020410623
0.0002897614
0.00023144271
0.000302057
0.00015127427
0.00022497169
0.0003100625
0.00046617133
0.0002604436
0.00043681724
0.00020441164
0.00023450487
0.00021577446
0.00041133142
0.00023244137
0.00023913
0.00032187477
0.0002014001
0.00026313402
0.00021922182
0.00022229666
0.00017238958
0.00032198228
0.00029095134
0.0002324591
0.00019276502
0.00028868119
0.0002633327
0.00025967092
0.00019458553
0.00015782322
0.00031479864
0.0001761217
0.00021798619
0.00018294115
0.0003201036
0.00026410611
0.00023613947
0.00062666787
0.00017412928
0.00023270909
0.00028067027
0.00032754306
0.00010257064
0.00028276755
0.0001891116
0.00026521116
0.00020071595
0.00021760276
0.00028415924
0.00016947633
0.00029122617
0.00016184205
0.00021009508
0.00021334493
0.00023550923
0.0003208223
0.00019835394
0.000182276
0.00024627487
0.00020857576
0.00027545227
0.00026934769
0.0002827997
0.00023017981
0.00023267153
0.00025482208
0.00020417896
0.00020684919
0.00029910164
0.00020421913
0.00026755725
0.0004726362
0.00021264359
0.00019540072
0.00015633767
0.00024490472
0.0002208788
0.00018363644
0.00018206134
0.00015917252
0.00019081088
0.00026856313
0.00021565479
0.00019157487
0.00017097252
0.0002461632
0.00020793949
0.00023029509
0.00019630436
0.00025108884
0.00018809449
0.00018492862
0.0002987535
0.00018094077
0.0003180518
0.00023786549
0.00018563846
0.00018161883
0.00024861077
0.00035235667
0.00024597583
0.00018801462
0.00014816178
0.00025606225
0.00019798688
0.00024748602
0.00018682795
0.00043130372
0.00018154975
0.00023590415
0.00015799374
0.00018251016
0.00020755379
0.00056350906
0.00035207742
0.00018210929
0.00021167619
0.00014405878
0.00029159294
0.00020723672
0.00017458355
0.00018245356
0.00029218962
0.00028155558
0.0001619743
0.00026269534
0.00017616611
0.00025605067
0.00035203827
0.00026415044
0.0002506694
0.00023781438
0.00017752714
0.00018748401
0.00016321393
0.00017750743
0.00022488041
0.00022313131
0.00015381121
0.00038762967
0.00019613777
0.00021507639
0.00024189024
0.00020394081
0.0001846329
0.0004193742
0.00018795206
0.0001673748
0.0002816129
0.00027680126
0.00018094496
0.00024363206
0.00021662358
0.00022746598
0.00021580294
0.00031175124
0.00016198003
0.00028280064
0.0001852872
0.00027932855
0.00018900762
0.00018673064
0.00019548077
0.0001805635
0.00025944342
0.0002094935
0.00019246884
0.00020078087
0.000274914
0.00018684095
0.00025096416
0.00025444958
0.00038516195
0.0002103752
0.00029285735
0.0003979981
0.00031366208
0.00025422566
0.000267529
0.00027746448
0.0002055866
0.00021106393
0.00026986495
0.00024383378
0.00026201011
0.00024711085
0.00018879001
0.00019043751
0.00021483842
0.00020654341
0.0002542744
0.00032968807
0.00028158724
0.00017213715
0.0007147298
0.00019557195
0.00021080578
0.00019515214
0.0003963915
0.00021514426
0.0001594067
0.00021027966
0.00023181982
0.0002580284
0.00019141186
0.00028015897
0.0002289794
0.0002334168
0.0002374109
0.00023462334
0.00028936824
0.00022847377
0.00025224488
0.00026384182
0.00024218154
0.00018854457
0.00023325275
0.0002203932
0.00022080916
0.00022963143
0.00024190154
0.0001809524
0.00021729256
0.00031233983
0.00019824943
0.0002500093
0.0006272917
0.0002869558
0.00017046204
0.00018016894
0.00016505024
0.0001491351
0.00025047074
0.00019851897
0.00019953169
0.00026795923
0.00018084257
0.00021483975
0.00021568334
0.00023003432
0.00032333267
0.00019710479
0.00029380684
0.0004500507
0.00022926759
0.00028807315
0.00017344717
0.00035548623
0.0002019277
0.00015016198
0.0002859625
0.0002270971
0.00027697874
0.00026444584
0.00026452437
0.000231099
0.00034541095
0.00023687222
0.00022515134
0.0002790499
0.0003078795
0.00023414464
0.00025586266
0.00030843524
0.0002601939
0.00015928796
0.00018904563
0.0002233635
0.00032849738
0.00021427489
0.00018227592
0.00024085853
0.00035591974
0.00032413274
0.00022430408
0.00032942058
0.00020077903
0.00019266667
