1484974788
1569105607
1390242193
1494618602
1132717632
1443881262
1278568104
1480682910
1294743452
1128905465
1128353307
1768487124
1313638081
1212151456
1790382828
2084849031
1131222637
1732680134
2145729490
1549365081
2102990147
1725726210
1526376921
1357003060
1122500863
1136631465
1332839684
1309267397
1342423427
1856789765
1804812239
1574174116
1360498370
1482093770
1573297968
1160162158
1090899039
1569383018
1314170044
1246572508
1161325342
1089752441
1298743482
1350400498
1666142828
1167026963
1943607380
1779716082
1098397129
1167246795
1793165532
1332155266
1414200433
2024157466
1191627983
1546065024
1346481723
1863874574
1419243074
1589083583
1430389359
1127202584
1984117466
1423228064
1251740105
1260049372
1312688713
2093306543
1431345172
1924044747
1639251319
1853857097
1742810449
1206190385
1908370853
1189752666
1477669030
1230194946
1241245839
1180856263
1113148726
1449274105
1535905662
2018327194
1597424562
1199629632
2113911788
1720033354
1908742109
1573342227
1080126503
1966292004
1102260515
1096323851
2007170940
1276261760
1519512287
1642300004
1173820697
1245400387
1365704209
1146204981
1104669299
1365770382
1271458287
2046328346
1188334930
1115274426
2097734463
1437191515
1539065037
1279439869
1434976180
1540120024
1944619053
1386871753
1555470444
1736329447
1661064694
1529861231
1833470653
1761076950
1528443409
1255811721
2138926733
1152041182
1435023017
1692548351
1377125413
1550311097
1709694638
1123727556
1383969336
1319883353
1203624419
1842731867
1085722075
1294727983
1682514632
1392993272
2080659592
1306513568
1900580227
1150310629
1471484174
1234110326
1666479966
1610268916
1203923143
1889124304
1215729354
2080118348
1242735849
1861825187
1108189101
1107119247
1894994280
1621228627
1710627248
1371662101
1090724755
1424166604
1506286279
1680879299
1844203486
1897170770
1419638135
2082648907
1896971736
1249950254
1958741749
1788288065
1604358462
1084830974
1272700793
1144324722
1105857147
1230137023
1611570461
1085956173
1396916128
1436050331
1713084930
1227931657
1444783020
1372930388
2085660553
1298442524
1189602272
1398417826
1564344502
1981508187
1077110302
1094730456
1459298629
1315904980
1686952693
1859018506
1367789948
1355947042
1168322665
1308261997
1394626112
1390994761
1727378988
1337357582
1619322758
1357122172
1161105596
1817355806
1540483288
1452054317
1998634965
1325144966
1489465959
1210922787
1231454983
1088493263
1110948000
1608915720
1153571927
1780478017
1210055061
1964334658
1936863920
1365502511
1507321242
1181564959
1382131788
1322901959
1595601367
1976390607
1306008849
1223061667
1755843438
2145561050
1084244354
1614181545
1101067081
1764957094
1468223563
1802016731
1748283214
1409293489
1556047180
1867814016
1163881511
1639879275
1385542534
1245558428
1384739607
1509734323
1223620442
1631697541
1723471515
1194523224
1310859073
1992858319
1173308501
1956666495
1408874193
1084190643
1916873312
2076690071
1205788707
1376530544
1679508659
1402234977
2126538458
1774844373
1927209536
1511505181
1830522860
1150234573
1484832473
1658180754
1441326812
1277039594
1188128591
1193808384
1411351126
1714304490
1288720333
1137662904
1823028294
1499337769
1829073457
1444002007
1609536286
1163582271
1598679529
1324232982
1179424004
1478432941
1539361544
1524514108
1455900258
1305689328
1268001048
1186436195
1658929110
1505509047
1419020148
1739808858
2102825058
1549085693
2002380959
1242338553
1727168266
1368103454
1380960268
1306442669
1307302574
2093833177
1697925811
1152249327
1317184912
1248401204
1200131602
1462678780
1244848830
1954306954
1235894419
1119680260
1277642284
1512151442
1127234467
1761863463
1170843685
1666531788
2025559646
1144264564
1388382302
2141159427
1293137081
1085022360
1543695429
1578655060
1716040887
1236336575
1083355660
1933455409
1203000760
1424614947
1609382111
2124967063
1166658371
1201774669
1299099355
1755685396
1214981857
1090280278
1393325684
1161737935
1166020360
1813079655
1475497507
1387186117
1104738738
1885535664
1585042732
1187424321
2087596500
1529222360
1513633889
1208399533
1582648902
1560531991
1549167679
1271346566
1234947887
1310920003
1816112441
1124257026
1211520492
1350784602
1543106489
1413257596
1127542816
1799915179
1503159819
1163747618
1861049244
1990422808
1258768538
1545675893
1434143431
1712070507
2050007222
1138492731
1241040273
1723297660
1645368198
1381093302
1700960746
1977489336
1274674209
1731521677
1889975100
1648727380
1275565568
1175991859
1682206713
1165644892
1616590758
1357161360
2097201899
1274573338
2060617248
1172724545
2080728343
1983766319
1301600179
2089973830
1227571573
1517191763
1498677414
1687417966
1421465628
1863580834
1212828913
1218712811
1324286006
1938899901
1735324218
1617118424
1142475745
1898069262
1212329178
2112894270
1602945282
1839787598
1923239069
1247678371
1899513123
2078064493
1956347919
1189676008
1234030832
1938671217
2038498274
1426192185
1641726276
1437680078
1456462127
1438918802
1390752241
1710734242
1346670359
1223478385
2042210752
1178821658
1760893384
1385649958
1228786664
1877627044
1643334194
1791015510
1260922555
1444069383
1188451807
1185505690
1221106985
1537694224
1867514949
1585401184
1667941616
1797931707
1398266401
1748283816
1402195273
1630064185
1587473946
1153609655
1942457173
1078590429
1781811618
1283796116
1946030515
2096897761
2078710840
1150823857
1852015511
1239568997
1319601988
1507290046
1500744762
1093081545
1428587906
1567102542
1273117339
1408412786
1683225777
1106493182
1858516021
1653089127
1605508842
1233756042
1555399888
1466582558
1701782151
1220163031
1387944701
1408570055
1245562296
1901574713
1673242762
1546831772
1968310538
1444690808
2043196730
1753672104
1244549419
1165467772
1627180417
2127567319
1865197174
1451842391
1284749867
1670924558
1151359600
1613992462
1171959001
1436191959
1078490826
1181223308
1118057904
2063097189
1724376538
1332911787
1309726655
1365650841
1158953168
1624730898
1498813541
1488389316
1474754839
1309865017
1140170174
1283145214
2124783756
1290445902
1426652990
1941444983
1210275065
1528503223
1428326652
1995791244
1312087055
1873635179
1343147463
1735615122
1323851585
1091144266
2001591610
1321169945
1927128581
1373153142
1842671882
1770509268
1543143013
1301327065
1919796698
1717974085
1157034838
1282960789
1114691158
1486056244
2007937945
1116718717
1197826632
1314619418
1335246234
2092562140
1558312102
1202333444
1417025247
1559323947
1102033379
1110893773
1444452069
1551717231
2011297901
1394079454
1618575003
1653916118
1224744180
1485277207
1259436198
1412510357
2017426553
2099139393
1828280111
1462733180
1798368707
1398340309
2027675464
1870433780
1359352632
1868806783
1095391241
1456161770
1077706977
2003915915
1558018448
1957289982
1154153047
1347778542
1145378763
1113466786
1627468312
1194606241
1781055699
1295702102
1142944026
1486648622
1502330852
2028442985
1119512249
2122833628
1602654035
2094401234
1078501826
1183938980
1510011819
1204676141
1077487660
1665355455
1627156526
1969781298
1521445313
1316379105
1232125135
1427518138
2059668997
1159293658
1124469725
1473806675
1851091839
1661164125
1246724878
1715081723
1414276660
1186101892
1139564691
1296420294
1662901124
1118358089
1985691868
2058144096
1237590081
1523254930
1769052001
1470075204
1430737154
2131856533
1288369616
2113365302
1131434262
1703484344
1961785192
1185916350
1488211594
1227618066
1078369996
1608747280
1113328854
1343996282
1676294971
1329331312
1540801348
1130366771
1621538867
1260710071
1861510049
2114678363
1119409079
1597685817
1469914412
1953121512
1397273634
1240505646
1731205335
1213679709
1335868088
1277605846
1643681130
1144000302
1220242009
1103863191
1299758765
1396631068
2094024478
1518304329
1530606493
1716783228
1531741661
1228557894
1243157637
1287018913
1418882904
1168859010
1598922221
1640920082
1369173910
1620123022
1508489153
1322575391
1903935543
1292184447
1400341742
1439186674
1414437452
1199097326
1849996460
1474048937
1885606994
1802758470
1724840953
1540532875
1257298810
1500743129
1167104695
1079151525
1496992323
1209869175
1558753656
1831998605
1110988735
1196289872
1902687021
1113734744
1434157010
2147037997
1309988683
1873185374
1103175336
1394985939
1119052389
1769562564
1589720477
1591721738
1707935553
1210541046
1840445890
1543590412
1177894634
1270065990
1620922512
1235361597
1295278422
1289479862
2065291641
1352099726
1080852429
1391810751
2140512822
1281442849
1842133732
1596939265
1177910447
2024622567
1162319742
1285693734
1914668547
1273718568
1309075323
1185461647
1997265613
1523677320
1683229816
1461798593
1832712929
1218603067
2037005514
1378201197
1353612166
1449268089
1349859168
1320749532
1317661916
1384168456
2119222473
1469790961
1073930302
1955480193
1158593385
2130905017
1240691188
1740124168
1462611576
1479073187
1198223069
1564256415
1544209258
1453057826
1467258468
1407449410
1465013467
1155294316
1754683520
1517742890
1601269386
1464551477
1397397988
1137748328
1252025164
1303838460
1795864359
1260561698
1098570811
1509102413
1799607259
1106030744
1200070069
2127349378
1383392169
1271233127
2073360967
1238866102
1615604781
2030417261
1285794627
1202577597
1864178626
1549511091
1223628778
1134177477
1329190200
1527198411
1630845628
1276568047
1790759412
1468952068
1378918960
1325478839
1469857435
1157597481
2064649505
1484060397
1829970703
1609146638
1454105852
1339350679
1626511210
1114281144
1446004814
1671165187
1204213187
1454954156
1149653712
1521513204
1337896677
1234158623
1192711287
1641447232
1650194874
1928735039
1951474406
1240559358
1366315837
1363069492
1210415575
1241313043
1991560812
1277760536
1581720504
1180462147
2106157600
1130346060
1161626988
1566546173
1643344850
1192216192
1692541304
1351892785
1764361795
1767233102
1314094589
1811123168
1361489504
1521291482
1275758716
1194000114
1369779350
1260372073
1201325380
1357726065
1396795384
1880120563
1176409179
1537006627
1280508692
1298469251
2013908727
1880748434
1699491877
1357829707
1125970391
1686231579
1538167318
1516778225
1136604308
1843739759
1838787698
2057508319
1273291193
2137175296
1869774800
1542684873
1379327342
1830232172
2034232264
1359289896
1639438666
1913229843
1198262085
1651689181
1104630197
1549139577
1172413016
1271051538
1659818321
1979875174
1701097217
1890689081
1227197996
1246180884
1375645974
1873972747
1158616201
2129404694
1438529756
1218323422
1608959549
1573301578
1651877044
1344516041
1359070494
1488455403
1192640989
1208238225
1747098975
1192875688
1562843492
1380370727
1242084173
1141365929
1826385243
1430526603
1290187483
2145297905
2126897167
1859502686
1114555976
1568718968
1259673046
1119018615
1997354131
1437877480
1214606905
1345189373
1146644215
1466648903
1098689149
1080196801
1745065487
2113806426
1857790094
1389409273
1084343098
2121727594
1452174116
2058170050
1436783047
1098222501
1730871978
1495699285
1156472110
1445604253
1091291007
1259655987
2120920627
1377952834
1845731997
2132140476
1212353929
1645771939
2056538928
2127457145
1236433428
1682939515
1703239590
1210501944
2039539339
2131479089
1706725017
1644609786
1892233920
1534444270
2058027219
1495631823
2056310244
1542943721
1464198869
1389110721
2073927133
1095123197
1906715840
2073696988
1313561424
1303344655
1796870361
1132102567
1145671214
1256294613
1412918395
1191249894
1078469427
1224814908
1097857174
1955324472
1644944776
1616839036
2113855240
1423092710
1265331955
1328664081
1260538451
1820987330
1892300952
1651882458
1082291305
1631601375
1104022866
1090722692
1141833523
2109398960
1515449350
1223684123
1124240439
1172792179
1605815300
1091366977
1465920570
1486279514
1124895423
1228834274
1710625185
1162384368
1832148826
1484971608
1562678403
1620713165
1200863286
1232857249
1576323106
1424270934
1530441748
1443412809
1102751828
1112375017
1254904550
1206452155
1485256324
1925759230
1644794899
2010959645
2087423763
1142366087
1231349278
1139913990
1157692143
1256690963
1862238467
1228276100
1354095659
1507183912
1118066412
1636452115
1337504280
1363423733
1386754016
1370471416
1690244843
1334550815
1473401386
1541141065
1414619987
1101318023
1362465599
1287350810
1289780562
1341312838
1412984482
2113942038
1269239600
1824425490
1158005691
1460343131
1832053949
1676153429
1991390481
2104789365
1928168099
1742242564
1463038435
1159580093
1165495530
1565191431
2112658969
1254912284
1259839853
1343666191
1888636342
1151319725
1716171343
1314408009
1339187653
1682679979
2026263830
2076450301
1179491122
1754238957
1670351431
1326509419
1617875718
1544669203
1545127946
1349885079
2017598947
1383607446
1315143990
1629973949
1798371887
1367675220
1494533608
1801618146
1519832926
1860851240
1104244932
1304700944
1918804188
1251612829
2129404007
1406892096
2078982407
1893309704
1310194936
1924196687
1172781523
1125395975
