-60
-119
-128
-43
-82
-89
-64
-55
-76
-82
-53
-76
-123
-85
-81
-51
-74
-126
-128
-40
-113
-128
-63
-89
-67
-128
-90
-96
-109
-61
-105
-40
-109
-92
-126
-41
-105
-85
-97
-98
-98
-47
-96
15
-51
-26
-98
-128
-82
-121
-67
-98
-74
-66
-29
-92
-128
-97
-96
-31
-69
-95
-30
-128
-110
-67
-38
-117
-92
-128
-86
-115
28
-59
-93
-124
-116
-117
-61
-101
-105
-67
-24
-14
-124
-56
-92
-128
-76
-105
-99
-92
-117
-100
-35
-121
-128
-125
-99
-61
-53
-121
-81
-15
-119
-128
-100
-95
-92
-101
-56
-128
-43
-115
-100
-95
-97
-62
-114
-86
-120
-73
-80
-49
-34
-96
-95
-128
-128
-118
-105
-122
-128
-109
-80
-60
-75
-32
-128
-120
-97
-70
-128
-71
-97
-91
-40
-108
-88
-93
-79
-91
-113
-73
-76
-78
-102
-68
-53
-77
-6
-117
-49
-63
-56
-71
-77
-90
-79
-104
-58
-15
-128
-77
-72
-106
-102
-76
-94
-15
-128
-101
-114
-59
-126
-128
-97
-128
-81
-122
-99
-29
-36
-81
-43
-128
-77
-95
-105
-117
-74
-45
-75
-128
-51
-47
-87
-115
-67
-45
-115
-62
11
-97
-95
-128
-92
-103
-87
-128
-56
-90
-74
12
0
-80
-112
-128
-67
-44
-128
-128
-59
-74
-128
-107
-86
-88
-95
-128
-120
-87
-47
-45
-27
-102
-128
-128
-114
-125
-79
-91
-66
-120
-128
-80
-128
-106
-32
-128
-128
-128
-128
-128
-117
-108
-92
-106
-98
-60
-90
-43
-90
-107
-85
-116
-76
-118
-43
-9
-49
-102
-77
-109
-75
-30
-128
-91
-57
-128
-46
-128
-72
-81
-72
-124
-85
-91
-36
-117
-106
-74
-128
-98
-70
-68
-93
-70
-61
-102
-127
-62
-128
-88
-56
-78
-128
-90
-66
-113
-80
-29
-108
-113
-61
-58
0
-59
-32
-113
-67
-91
-86
-76
-109
-83
-67
-105
-128
-86
-55
-128
-90
-79
-128
-93
-108
-117
-67
-91
-108
-28
-56
-128
-103
-128
-18
-57
-128
-128
-99
-99
-120
-73
-78
-92
-102
-74
-98
-86
-83
-70
-128
-105
-64
-128
-46
-99
-108
-95
-4
-114
-64
-32
-82
-121
-92
-128
-77
-30
-108
-113
-128
-128
-128
-87
-84
-81
-119
-89
-96
-62
-113
-47
-128
-107
-128
-128
-115
-103
-107
-128
-127
-128
-95
-94
-68
-116
-74
-64
-80
-95
-121
-115
-121
-45
-128
-123
-51
-116
-128
-111
-57
-103
-121
-128
-108
-91
-102
6
-103
-98
-52
-128
-78
-96
-67
-89
-24
-97
-128
-42
-80
-50
-93
-78
-128
-49
60
-128
-128
-128
-89
-73
-81
-54
-119
5
-43
-77
-128
-74
119
-70
-87
-128
-44
-62
-41
-101
-64
-128
-86
-70
-128
-120
-87
-43
-128
-128
-105
-121
-104
-90
-81
-128
-84
-88
26
-127
-29
-84
-118
-72
-128
43
-107
-87
-67
-37
-69
-101
-58
-83
-87
-83
-80
-106
-48
-84
-29
-39
-66
-128
-78
-85
-108
-102
-23
-128
-72
-77
-59
-57
-91
-128
-99
-113
-92
-114
-57
-128
-82
-128
-26
-93
-45
-85
-29
-43
-39
-110
-55
84
-98
-88
-104
-128
-110
-128
-81
-128
-107
-86
-72
-118
-92
-50
-98
-100
-112
-116
-121
-77
-72
-42
-109
-128
-111
-109
-34
-116
-1
-128
-26
-97
-128
21
-81
-90
-65
-78
-51
-116
-128
-110
-128
-50
-49
-128
-104
-117
-115
-128
-128
-63
-72
-128
-67
-65
-62
-80
-103
-59
-73
-128
-74
-111
-113
-75
-97
-94
-73
-111
-128
-119
-128
-128
-59
-113
-128
-74
-128
-122
-97
-78
-5
-7
-73
-128
-107
-70
-128
-113
-91
-111
-128
-110
-128
23
-48
-63
-123
-121
-70
-88
-106
-49
-92
-126
-128
-128
-78
-128
-128
-120
-57
-113
-70
-123
31
-128
-112
-102
-70
-115
-108
-48
-128
-72
-77
-28
-128
-128
-83
-36
-78
-84
-126
-58
-92
-118
-71
-92
-78
-125
-128
-73
-83
-86
-29
-71
-107
-128
-34
-106
-96
-128
-103
-96
-128
-128
-103
-60
-78
-73
-70
-118
-117
-108
-72
-128
-57
2
-119
-89
-96
-72
-105
-100
-111
-50
-118
-128
-113
-80
-22
-96
-66
-75
-86
-107
-128
-76
-50
-83
-127
-128
-128
-89
-62
-64
-82
-83
-48
-60
-96
-61
-117
-106
-128
-88
-43
-128
-128
-72
-22
-95
-76
-24
-128
-68
-84
-37
-101
-125
-85
-92
-81
-53
-112
-68
-87
-86
-107
-86
-128
-17
-25
-98
-94
-122
-128
-31
-90
-127
-119
-42
20
-128
-113
-110
-128
-100
-118
-78
-128
-65
-88
-128
-109
-92
-128
-70
-53
-109
-128
-127
-63
-84
3
-83
-78
-68
-83
-70
-113
-128
-61
-68
-128
-120
-80
-90
-47
-88
-109
-39
-59
-128
-75
-60
-41
-108
-69
-121
-83
-125
-66
-64
-86
-105
-61
-91
-73
-32
-116
-109
-33
-68
-52
-124
-63
17
-72
-81
-89
-74
-128
-80
-128
23
-128
-44
32
-64
-90
-72
-118
-42
-57
-53
-127
-87
-121
-117
-128
-110
-38
-110
-70
-128
-108
-27
-98
-59
-128
-122
-88
-49
-119
-128
-81
-64
-79
-55
-77
-83
-128
-115
-105
-103
-128
-128
-106
-78
-38
-98
-86
-128
-91
-60
-87
-110
-128
-72
-17
-128
-66
-69
-81
-72
-54
-128
-89
-127
-89
-74
-94
-91
-79
-68
-112
-77
-128
-128
-128
-128
-103
-128
-39
-71
-117
-16
-58
-99
-99
-60
-77
-128
-82
-115
-103
-109
-50
-79
-126
-86
-128
-74
-98
-90
-82
-128
-118
-47
-30
-128
-61
-53
-51
-72
-128
-92
-88
-102
-89
-128
-128
-86
-72
-36
-98
-73
-91
-44
-84
-128
-52
-128
-75
-128
-122
-78
-83
-90
-128
-71
-63
-80
-74
-91
-104
-98
-64
-73
-128
-38
-75
-88
-75
-76
-113
-42
-54
-106
-115
-127
-82
-106
-116
-128
-128
-71
-94
14
-110
-75
-60
-115
-72
-77
-40
-75
-59
-97
-108
-105
-97
-56
-28
-91
-45
-128
-72
-81
68
-109
-50
-52
-67
-96
-108
-82
-102
-31
-76
-128
-113
-120
-89
-79
-124
-128
-24
-128
-45
-91
-43
-118
-53
-114
-76
-128
-128
-125
-73
-128
-98
-91
-128
-102
-92
-109
-72
-55
-77
-113
-65
-126
-128
-72
-97
-38
-75
-48
-102
-128
-72
-128
-69
-81
-64
-113
-8
-90
-111
-128
-92
-97
-26
-128
-91
-64
-128
-91
-87
-94
-128
-87
-54
-81
-100
-115
-128
-98
-128
29
-128
-81
-100
-72
-65
-90
-22
-128
-128
-128
-118
-95
-112
-104
