1869331351
1323003755
1149940670
1671149716
1666810646
1669815957
1169064269
1183999411
1722781517
1703805921
1503219689
1280633396
1181785475
1791593739
1608221009
1211194342
1851637277
1306462355
2101508173
1560297964
1550051002
1418943871
1936433714
1154567038
1968081764
1530909991
1111801427
1821948077
1764263865
1248730260
1679298532
1386480939
1308271462
1597099965
1412915837
1705500108
1306767065
1458133058
1577175414
1405581903
1308544830
1871621029
1123021719
1280232920
1095240874
1852587972
2110940253
1604573195
