0.01073588
0.00759823
0.01320860
0.00959769
0.00957277
0.00959003
0.00671413
0.01359981
0.00989422
0.00978524
0.00863324
0.00735489
0.00678719
0.01028942
0.00923628
0.00695609
0.01063426
0.00750323
0.01206931
0.00896105
0.00890220
0.00814923
0.01112126
0.01326174
0.01130302
0.00879227
0.01277052
0.01046375
0.01013246
0.01434333
0.00964449
0.00796279
0.00751362
0.00917241
0.00811461
0.00979497
0.00750498
0.00837430
0.00905798
0.00807249
0.00751519
0.01074903
0.00644970
0.00735259
0.00629015
0.01063972
0.00606174
0.00921533
