0.00024032353
0.0002849303
0.0003359583
0.0006301594
0.000587983
0.00030956697
0.00013245008
0.00025183678
0.00028820193
0.000101682
0.00011201707
0.00019090337
0.00024882014
0.00037522413
0.00015541361
0.0002063765
9.963794e-05
0.0005656872
0.00020043137
0.00029029607
0.000282991
0.00018753002
0.00053885573
0.00024109147
0.00030396698
0.00012306895
0.00014096814
0.00017222876
0.00012387302
0.00020008469
0.0003437419
0.00077624887
0.00016222788
0.00026422789
0.00014969551
0.00032205269
0.0003157607
0.00013931066
0.00028396252
0.00027286744
0.0003952345
0.000159405
0.0002448569
0.00016496287
0.00015345048
0.00015481455
0.00015298768
0.00019381131
0.00014142651
0.00018242311
0.00019958534
0.00046251662
0.0001537594
0.00022038122
0.0005898859
0.00018580793
0.00037154363
0.00017938166
0.00041644386
0.0002568899
0.00046837804
0.0002542012
0.00014382621
0.00019204455
0.00014651955
0.00027386766
0.00021675944
0.00019658548
0.00026066686
0.00015044709
0.00026188264
0.00022829813
0.00012893666
0.00042773277
0.0001511206
0.00015400257
0.00011933553
0.00030628993
0.00027543036
0.00019230419
0.00045280097
0.00015110806
0.00015128758
0.00028227438
0.00024687953
0.00025233632
0.0003078999
0.0002465939
0.00019303619
0.00018068776
0.00020234607
0.00017965201
0.00034575406
0.00017078007
0.00017343053
0.00017716974
0.00026588095
0.00015208236
0.00026712762
0.0001925937
0.00013006707
0.00037508682
0.00021342374
0.00015853462
0.00018744303
0.000120826386
0.00018785559
0.0002026481
0.00016016436
0.00014222201
0.00016041467
0.0007965195
0.00026011097
0.00015961434
0.00053997047
0.00029572909
0.0006702333
0.00019510907
0.0005158883
0.00027541653
0.00012637851
0.00014916329
0.00016284542
0.0003149006
0.00055362226
0.00032097657
0.00018792249
0.00012760135
