0.00024102231
0.00028691944
0.00033873282
0.00064141
0.00059805356
0.00031730512
0.00013183347
0.00025126187
0.00028773744
0.00010330407
0.00011342292
0.00019433643
0.0002519003
0.00037642295
0.00015600724
0.00021000675
0.00010137567
0.0005740946
0.00019986714
0.00029348547
0.00029142294
0.00018809368
0.00055189704
0.0002431043
0.00030891754
0.00012490965
0.00014278236
0.00017397485
0.00012590752
0.00020616471
0.00035126062
0.0007950713
0.00016779295
0.00026649135
0.00015176485
0.00032571141
0.0003144187
0.00014363618
0.00028771008
0.00027939028
0.00039901942
0.00015953177
0.00024312697
0.0001654052
0.00015379979
0.00014992447
0.00015869769
0.00019898653
0.00014348933
0.00018915324
0.00020110379
0.00046429966
0.00015589925
0.00022117721
0.00060037686
0.00018551607
0.00037107366
0.00018265577
0.00041609627
0.00026069695
0.0004737633
0.00025882229
0.00014723344
0.000196352
0.00014834784
0.00027483684
0.00021807039
0.00019578473
0.0002620434
0.00015259566
0.00026129858
0.00022832253
0.00012665552
0.0004384176
0.00014445532
0.00015140824
0.0001223545
0.000308505
0.00028072722
0.00019511244
0.00046013301
0.00014971911
0.00015223993
0.0002887924
0.0002473258
0.00025437417
0.00031690518
0.00025483008
0.00019802057
0.00018329934
0.0002050915
0.00017463962
0.00035206994
0.00017754761
0.00017918933
0.00017859835
0.00026865822
0.00015504663
0.00027114293
0.00020053127
0.00012564522
0.0003790684
0.00021617666
0.00015981687
0.00019518848
0.0001211287
0.00019811692
0.00020604666
0.00016301176
0.00014525765
0.00016318774
0.0008078479
0.0002606571
0.0001638981
0.0005549868
0.0002976177
0.0006815111
0.00019672816
0.00051993347
0.0002797963
0.00012551213
0.0001474279
0.0001601474
0.0003198963
0.000563635
0.00032688273
0.00019164012
0.00012921484
