13598
8693
15212
4889
-546
-2954
-1905
-5558
3031
-1983
-5040
11982
-6250
11312
17704
-10416
7390
-20602
9005
1464
-9938
-26820
6674
-1361
5117
8532
-2918
1376
682
5487
5889
-20851
5749
-16654
-7669
541
-7487
4148
-6804
-3177
-15189
-3073
2039
18892
13220
-806
-3233
12413
15862
-7740
984
-12810
-24848
7537
-5938
8759
607
-614
-5861
-3592
3494
-3412
-9652
-2427
12984
12309
7391
-4990
-6720
23895
-6457
8189
17250
4325
-4254
10
-6848
-2417
-2926
1736
-6264
18699
4381
14879
-3913
-24982
-14020
-4180
12373
7102
5555
-3356
8447
8203
-12640
-8408
-3541
2203
-6476
1828
-375
14423
-9338
-11854
-22062
13854
15001
-6305
-8349
8702
-12081
-2288
9582
6303
1988
10354
-4469
-230
-11593
-4439
-429
15649
13594
13309
-5338
12204
-18183
7927
13951
-16432
-8083
12323
3135
5130
-5637
-17836
-3152
2550
-24975
-17380
14198
8966
-14770
8763
-2436
-4456
3621
25817
-7306
4118
881
24275
1509
21527
11525
-9327
-6444
9936
21608
12676
-5396
-10234
-12
216
-12357
3217
11745
5542
-860
12953
-20546
-11553
-828
4899
15905
7343
28614
602
-96
-2549
-9457
-893
-8681
-723
-1846
5633
4221
1591
-6902
-6132
11654
-13963
