-70696
-60229
-171394
-34171
-17682
-48062
74451
64750
-69797
96171
60606
-51522
51584
-28882
-123290
8106
53758
166634
-90661
86010
72466
72468
-82408
101077
-21091
-52956
91204
-74098
-37748
-122151
-45897
126191
-31673
41180
97667
22717
35857
-16264
-31626
49995
-69
36365
-31099
-80900
-192916
91552
57625
-110437
-148694
139806
-22200
124152
217954
-41855
76592
38369
-1283
-50636
83221
-27280
55154
65636
172544
182667
-46362
11301
43679
53726
76440
-71235
168935
17135
-91110
-242005
-52386
-38420
88786
9175
1610
-70210
33174
12273
-84071
-179287
145019
60194
214544
-4306
-102413
-49220
-64627
-6506
43853
-13343
39902
40354
80375
-37865
17590
-11528
-66651
6485
19264
18260
142746
-90600
-39809
7051
59187
-71308
185739
18502
-103692
8949
-85204
-105818
-9383
-51260
170981
-107381
22503
81421
-112280
-128567
36872
-78516
95217
-21935
-72485
90542
64745
-253285
-24711
-59760
48921
55244
71692
59628
114885
-23302
-33052
-100402
112994
31569
19236
35864
-178449
-284521
26840
77576
-26587
-284047
-74595
-37441
61799
120705
-52686
-110394
-180370
-8492
212584
38780
73698
-2430
59085
4351
-88929
-55694
90364
-167101
80128
-3867
90774
-70197
-92455
-18865
-228804
105434
115572
-108389
70805
-64145
80653
4947
62540
-47161
-23877
-64307
64036
186018
-86122
131315
