1653202580
1541425488
1671127098
1591201516
1691708329
1659047351
1665892541
1585734497
1527801526
1150151701
1353288623
1379677265
1782331336
1397448191
1513658675
1506352711
1443816154
1533077594
1564671736
1699819609
1773244544
1651002489
1594995636
1573127558
1879994635
1944577693
1421026528
1573986839
1811534435
1648922780
1845291308
1497319884
1744124467
1685519016
1732111138
1330025770
1291827204
1575078583
1418174712
1682762675
1244404858
1526726387
2015574225
1695091489
1798400305
1285604681
1804398667
1831779426
1589744475
1449445066
1531711877
1425376898
1447718202
1543181410
1429885009
1573555123
1518046404
1491549833
1500603416
1527602273
1145693402
1603152578
1329863877
1162268807
1660105886
1526249009
1560516469
1643235751
1941638703
1366094814
1486983606
1956213270
1579648961
1605207381
1356435168
1583102689
1516639176
1819077012
2019239660
1282200766
1368813795
1635410898
1141143779
1426369014
1419590242
1401312880
1362064081
1378847042
1744900726
1585734497
1663497347
1411408393
1543330850
1491163779
1109186415
1420557452
1633547047
1758495630
1444052767
1192441192
1660902900
1526718085
1785938656
1607681446
1555817406
1339415594
1419390989
1520283856
1677274900
1606822165
1804626978
1748703148
1476958661
1535111641
1430515979
1668727753
2011468771
1359108487
1668715300
1613783586
1454920388
1362338055
1616813900
1469793836
1663738112
1580350500
1360773084
1570960676
1418938517
1289045956
1134093109
1861273103
1915889332
1557984288
1697524042
1698815039
1686494528
1580819576
1580616171
1550097169
1518058858
1372690937
1545414710
1484783514
1570649342
1627610952
1742841772
1717544873
1416007830
1669354571
1614800609
1418133201
1632733429
1402172161
1350814558
1381690556
1432865510
1223944009
1555315121
1393147635
1317078440
1492712145
1636867940
1425136133
1389390876
1455966469
1516087078
1343139145
1537021154
1585460523
1415509696
1415866692
1832157178
1341611534
1320528017
1852285938
1324019106
1609553599
1604866989
2027707936
1769583260
1387170029
1550205098
1809180752
1527274335
1727544911
1434040276
1613891515
1131322240
1351219291
1525447844
1365268742
