0.007159
0.009444
0.009332
0.007023
0.007419
0.006957
0.008724
0.005068
0.006702
0.008763
0.006487
0.006199
0.008016
0.007683
0.006528
0.009062
0.006954
0.007839
0.007547
0.005855
0.010551
0.007794
0.005177
0.007388
0.005985
0.009120
0.007226
0.005618
0.006580
0.007068
0.004220
0.006551
0.008108
0.004799
0.006590
0.008270
0.005466
0.004728
0.004034
0.007111
0.007035
0.005420
0.006703
0.007664
0.006088
0.007648
0.009324
0.007685
0.005684
0.004080
0.007875
0.006172
0.006545
0.006923
0.008065
0.006311
0.005206
0.006163
0.008138
0.006052
0.006515
0.007441
0.006489
0.006787
0.006540
0.006790
0.007261
0.007600
0.005435
0.006648
0.007233
0.007119
0.009141
0.005668
0.008656
0.008183
0.007296
0.004306
0.005284
0.008319
0.007917
0.005225
0.006953
0.005963
0.008339
0.008168
0.006600
0.006546
0.013946
0.006411
0.006663
0.004294
0.007292
0.005604
0.006250
0.006352
