3.0609062e-05
0.00010872669
4.751767e-05
0.000107140106
0.00011972382
3.9663504e-05
0.00019663383
0.00012511727
0.00012827101
7.447334e-05
2.7101167e-05
8.2538645e-05
0.00014809513
4.6872883e-05
0.0002037611
0.00016985531
5.820298e-05
0.00015875284
3.846169e-05
0.00015445627
7.932567e-05
4.4576624e-05
0.0002712588
3.5446854e-05
8.892041e-05
3.2685028e-05
4.0531864e-05
0.0001628784
4.2340096e-05
0.00010357774
5.4017964e-05
5.8332887e-05
9.894432e-05
0.00011885917
4.5265988e-05
8.708826e-05
4.7518613e-05
8.819262e-05
0.00016675609
4.3816875e-05
0.00011646426
2.7861035e-05
5.6015153e-05
0.000110267734
0.00012624054
0.00011851475
3.282072e-05
4.8388913e-05
8.274998e-05
8.057288e-05
0.000121104764
0.00015386079
0.00020828475
0.00013225715
6.0562572e-05
0.00019403327
0.00014941762
3.0806183e-05
0.00012800752
9.073496e-05
0.00012534154
0.00013956829
0.0002868532
0.00014808365
7.853981e-05
4.0880408e-05
0.000118278105
0.00012170739
0.000108993416
4.3005395e-05
0.00016666055
0.00017412317
0.00014836577
3.0252117e-05
6.865955e-05
3.846775e-05
0.00016052509
6.646306e-05
1.9327412e-05
0.00010240404
3.8856615e-05
0.00010873479
2.329444e-05
6.9139234e-05
6.351106e-05
4.2603362e-05
3.3491142e-05
4.772358e-05
0.00010091276
3.417346e-05
6.77203e-05
5.3690994e-05
8.051061e-05
0.00017924067
0.0003526363
3.804179e-05
3.4204786e-05
0.00013492137
0.00010684399
0.00010942643
0.00017404438
0.000105774176
0.000110454486
0.00010841606
0.00010335324
3.474083e-05
0.00014655518
0.00020924854
0.00013378836
3.3667067e-05
0.00018270746
0.00012349688
4.70297e-05
0.00028160732
0.00011495211
4.2791464e-05
7.533212e-05
0.00012522071
5.0553186e-05
8.525242e-05
8.450463e-05
2.7650025e-05
0.00014957607
8.3462335e-05
4.4524328e-05
0.00014820427
2.5608742e-05
0.00018875957
0.0001842924
3.6764424e-05
0.00015456065
8.341098e-05
0.00023504377
8.97597e-05
4.9275637e-05
0.000111365705
0.00011502239
5.3694366e-05
9.912193e-05
6.726764e-05
0.00011159948
7.863707e-05
0.00018865136
0.00012874947
0.00012996826
8.7068394e-05
0.00011465605
0.00019088051
0.00010275181
0.00011021585
0.00012492316
0.00010396043
3.4282064e-05
6.668581e-05
0.0002514204
4.3249725e-05
6.253354e-05
0.00013425073
9.098704e-05
8.715593e-05
0.00017364802
0.00016582251
8.883349e-05
0.00017466243
0.000100334706
3.5914512e-05
0.000153645
0.00016589595
6.677941e-05
4.287915e-05
3.0422549e-05
0.0001265888
9.982832e-05
0.00017474758
0.00012690687
4.7831945e-05
2.8431157e-05
0.00014438728
6.8529494e-05
6.4386506e-05
3.468859e-05
0.0001402379
5.0978582e-05
7.264448e-05
9.0706206e-05
0.00011133646
0.00015972566
0.00015841777
0.00014023173
0.00014056612
0.00010476061
6.220169e-05
0.00017810763
0.00017984213
0.0001530442
0.00015468012
3.906291e-05
0.00012859027
8.8819994e-05
6.655013e-05
0.00011338184
0.000152164
9.341147e-05
0.00013464529
5.404472e-05
4.124707e-05
3.6938814e-05
0.00013856204
7.6638564e-05
0.00015089783
0.0001802479
8.3854284e-05
0.00018181844
0.00012739324
8.831711e-05
0.000110202345
3.4557645e-05
3.7923754e-05
0.00011250203
0.00010134831
0.00015774019
0.00017837968
5.484549e-05
0.0001345877
4.2742704e-05
3.74225e-05
0.00024397022
0.00015118143
0.00011395272
3.9565457e-05
0.00010340143
7.09609e-05
0.00012715759
0.00013606649
0.0002136821
6.909313e-05
9.195631e-05
0.00012230787
5.446019e-05
5.7418194e-05
8.333175e-05
0.00010292867
3.4752637e-05
0.00010552439
8.579748e-05
6.251244e-05
8.3336694e-05
0.00018571087
0.00020383764
4.77887e-05
0.000105781306
8.814164e-05
4.840989e-05
9.097345e-05
7.2723495e-05
3.0203957e-05
9.758346e-05
0.00010533
0.0001041219
5.3222448e-05
8.633606e-05
6.46484e-05
8.416312e-05
0.0001765917
9.1324255e-05
9.029906e-05
0.00012343528
6.214592e-05
0.00012820843
0.00030489324
6.2151084e-05
3.8080347e-05
2.3339024e-05
7.1603885e-05
0.00013547343
6.249986e-05
7.8397075e-05
6.524747e-05
0.00016156313
0.000105467
0.0001090133
0.000113469614
0.00010957267
8.824847e-05
0.00011867217
0.00017065219
4.5498167e-05
0.00022770581
0.0001401882
0.00028378936
6.533946e-05
4.2581283e-05
3.4877245e-05
5.3671636e-05
4.7205845e-05
0.00010264937
4.4356908e-05
9.86989e-05
8.3689505e-05
7.454117e-05
5.0608603e-05
5.274042e-05
0.000110929344
8.6253705e-05
6.254946e-05
3.369495e-05
8.9599955e-05
7.415331e-05
0.00010979097
4.3368447e-05
5.3638145e-05
0.00011768556
0.00011144989
0.00034178785
7.000901e-05
0.00012027957
3.238903e-05
0.00015185477
9.722455e-05
5.539738e-05
3.0032403e-05
9.268233e-05
0.000115118506
8.8019115e-05
0.000110158064
6.791455e-05
0.0004170248
0.00014659624
0.00019436724
0.0001567011
0.000103176106
0.00017870596
3.2351207e-05
0.00010199012
0.00016823053
6.182224e-05
0.00018660775
0.00016627998
2.5898338e-05
0.0001649177
4.5592024e-05
0.00015727259
3.4008463e-05
3.069554e-05
0.00016421895
7.086641e-05
4.130175e-05
0.00012798005
4.5402983e-05
7.888749e-05
8.753837e-05
9.231441e-05
0.00017609034
0.00011488636
2.8912555e-05
0.00013832429
0.00011909324
4.5479683e-05
8.1507256e-05
0.00018844884
9.296455e-05
0.000117455784
5.487878e-05
0.00010708399
6.4840446e-05
3.0440782e-05
5.8834492e-05
7.1885544e-05
5.2616313e-05
0.00010366635
0.00016432759
0.00013032682
0.00014145476
4.9232996e-05
0.00037850233
0.00025021
3.011133e-05
0.00010632601
0.00012282084
0.00011731973
0.00014585607
0.000117814096
3.7545768e-05
0.00010988298
2.8951268e-05
5.988552e-05
0.00012211363
4.243033e-05
5.0222086e-05
0.00020759938
7.258242e-05
0.0002572484
8.4114596e-05
9.2480885e-05
0.00013461334
0.0001363748
4.0281735e-05
0.00010350052
3.277749e-05
3.2379685e-05
0.00012273205
4.827639e-05
4.2767988e-05
5.0821473e-05
7.990781e-05
2.4759322e-05
2.9741781e-05
0.00010456715
4.2564832e-05
3.278721e-05
2.816417e-05
0.0001103399
6.381503e-05
3.4806715e-05
0.00012678969
0.00024517227
0.00019052172
4.3816224e-05
0.00015203474
5.4150958e-05
4.962333e-05
0.00010633762
3.638729e-05
0.00010018861
0.00013216141
3.9513216e-05
0.00015185491
8.2957355e-05
9.6951444e-05
7.7400684e-05
0.000110787056
4.6426194e-05
0.00012581598
3.1122945e-05
0.00020511568
3.8979866e-05
6.0641556e-05
4.5615572e-05
0.00017393177
9.310581e-05
9.095783e-05
0.00018556442
0.00019258553
0.0001992821
2.76377e-05
0.00011096053
4.0386894e-05
3.387815e-05
4.243618e-05
0.000108011525
3.4777728e-05
7.817017e-05
0.00021946704
4.089968e-05
7.922075e-05
0.00014027712
4.0496816e-05
5.0286722e-05
3.8190694e-05
0.00011247154
4.0254152e-05
8.8950255e-05
2.4852361e-05
5.3735017e-05
0.00013619706
0.0003283202
0.00010901572
9.9799916e-05
4.824674e-05
8.252881e-05
0.00012553544
0.000107232685
8.4145766e-05
8.971823e-05
0.00027632306
0.00013826943
0.00012549247
5.1653344e-05
0.000122969
0.00016495102
7.622713e-05
0.00014952861
3.7521946e-05
0.00011782835
8.085491e-05
3.74752e-05
3.286789e-05
0.00014683862
7.816265e-05
0.00016846623
0.00019941776
0.00012327907
8.026689e-05
0.000108083375
4.408755e-05
6.3576335e-05
0.00012744995
0.00013914112
5.0745075e-05
7.922869e-05
3.493322e-05
9.057846e-05
7.426882e-05
6.367799e-05
0.00013757951
4.606074e-05
5.9770184e-05
0.00013935042
8.9067966e-05
7.4689e-05
3.9366783e-05
9.24854e-05
0.000121349956
4.0143557e-05
0.00015224385
4.2236676e-05
0.00012515584
0.00018030658
6.960808e-05
0.00011366123
0.00016586919
4.4628483e-05
4.2328295e-05
0.00013278186
0.00014308895
0.00016214314
4.7361456e-05
0.00020630241
0.000120538665
5.9631842e-05
3.537911e-05
0.00011395586
2.5379388e-05
0.00014309144
9.5632684e-05
0.00024537422
3.531064e-05
0.00013991835
0.00014183785
3.684205e-05
5.5507255e-05
2.7037042e-05
2.2751718e-05
0.00012309056
0.0001681852
0.00010191329
4.7676185e-05
5.3657313e-05
4.2520758e-05
0.0001120889
0.00015903439
0.00017456645
3.3401284e-05
3.482201e-05
3.331829e-05
5.8954975e-05
0.00014576528
4.3517357e-05
0.00013678182
7.873109e-05
5.2019168e-05
3.4943096e-05
0.00014519527
5.6256016e-05
0.00021234839
4.950315e-05
0.00012103065
0.000114866474
7.7619494e-05
9.7446034e-05
0.00013598081
0.00017910075
3.067894e-05
0.00015557637
0.00018508697
0.000115052346
2.4635205e-05
0.00014887852
2.8107073e-05
3.8436625e-05
0.00012780676
0.00014406402
2.7300639e-05
4.3335178e-05
4.980905e-05
4.152997e-05
9.1312475e-05
2.354857e-05
7.261383e-05
0.00013605844
0.00014858633
0.00012124096
5.2875534e-05
9.346223e-05
5.711806e-05
0.00011097037
2.8874909e-05
0.00011393605
0.00011307703
9.178912e-05
5.7977562e-05
8.0177866e-05
9.158538e-05
5.415685e-05
0.00012606542
4.0027542e-05
0.00010264272
7.4840056e-05
3.4696164e-05
0.00028104588
7.44075e-05
5.9503513e-05
0.0001186425
3.658451e-05
5.8831425e-05
0.00018982893
3.7126236e-05
0.00020299171
2.4457166e-05
4.5475117e-05
7.200017e-05
4.079486e-05
8.109117e-05
0.000185072
0.00010109761
2.933758e-05
0.0001360482
9.531103e-05
0.00015903234
0.0001399825
0.00017832413
0.00010657867
0.00015662315
0.000104305196
3.995732e-05
4.3920907e-05
0.00012184174
0.00017298476
5.1358686e-05
8.2549974e-05
0.000145317
3.2305612e-05
3.632432e-05
0.0001560875
9.10807e-05
0.00010624447
0.00013661034
0.00017962612
3.2658136e-05
0.000102403894
3.0540232e-05
0.00012721376
4.2345495e-05
3.3236374e-05
5.900464e-05
2.395749e-05
6.039477e-05
2.5956571e-05
0.00014202423
0.00017177795
4.5682125e-05
0.00013849321
0.00012825473
0.00014015374
0.000184623
9.4646064e-05
4.891872e-05
0.00013589667
0.00012348137
0.00010063625
0.00017467291
8.8353314e-05
0.00023096189
8.870555e-05
8.4461986e-05
0.00026346702
4.930127e-05
3.2056152e-05
0.00020340012
0.00015972042
0.00013565991
0.00018612517
8.4331456e-05
8.228743e-05
7.824376e-05
0.000111708134
7.501211e-05
0.00011441303
0.0002040771
3.3727025e-05
7.4209005e-05
3.726467e-05
7.246534e-05
9.436346e-05
2.9944596e-05
0.00017054209
2.9064122e-05
3.5938363e-05
0.00014219242
9.106912e-05
0.00013438094
4.2783395e-05
8.252415e-05
3.1088686e-05
7.306834e-05
0.00020973584
4.992767e-05
0.00017075601
2.830502e-05
0.00017171445
0.00020554427
6.8552596e-05
0.00023177506
5.987656e-05
6.579666e-05
0.00022457239
7.1187525e-05
6.1184146e-05
0.00012723656
7.257991e-05
4.6145455e-05
0.00033096407
4.3328222e-05
0.000106480446
6.256186e-05
7.017652e-05
3.1063602e-05
0.0001233476
0.00017837748
0.00023045401
8.809762e-05
7.16109e-05
0.00015807699
4.262994e-05
0.00011560343
9.4035626e-05
0.00010341141
0.0001474238
0.0003952587
0.00013969213
3.7677302e-05
4.5240577e-05
0.0001713834
0.0001076808
0.00019085612
9.7894015e-05
2.3032277e-05
0.00030668947
8.8049244e-05
8.197185e-05
0.00013626237
9.3691815e-05
8.173562e-05
7.060652e-05
6.556908e-05
7.999645e-05
2.7568718e-05
0.0001356043
0.0001077391
3.1441457e-05
4.126126e-05
0.00016047915
2.7957874e-05
9.92658e-05
3.2071057e-05
0.00022782359
3.0150402e-05
5.6506025e-05
2.5784839e-05
0.00013875778
0.00014205143
6.776627e-05
0.00017413186
2.9450843e-05
0.00014215581
4.016323e-05
0.00014200994
0.00014947132
0.00011119469
9.319749e-05
0.00010412049
7.234074e-05
0.0001759909
9.2755705e-05
0.00015399058
0.000112832895
0.00012778929
0.00018505557
2.4688432e-05
5.6543802e-05
0.00020243332
2.3510755e-05
4.1898486e-05
0.000112399604
5.860128e-05
8.07098e-05
0.00015594746
8.5675274e-05
0.00011675223
2.9274692e-05
5.5882694e-05
4.1953965e-05
0.00019942065
7.842258e-05
0.00022972307
7.0148955e-05
0.00013548801
0.00011059295
6.39496e-05
3.2117343e-05
3.1600426e-05
6.1188955e-05
0.00017960237
0.00015610822
0.00012389854
0.00012718135
5.1254086e-05
0.00014723833
0.00011075319
0.00017020083
0.00041352713
9.2876115e-05
0.00019473053
0.000108805056
0.00010386243
0.000106746535
4.4820565e-05
5.056692e-05
7.007142e-05
9.3546325e-05
2.6220234e-05
0.00011903877
5.8895737e-05
2.0365671e-05
0.000103841274
3.8079954e-05
0.00011787824
0.00014563
7.577703e-05
0.00019533682
0.00011176565
4.7631034e-05
3.4531582e-05
0.00015725633
0.00013304947
0.00016266425
9.04016e-05
0.00011881978
0.000105737156
0.000118930315
5.9364887e-05
0.0001306427
4.6758356e-05
0.00012570297
6.6525405e-05
5.1879768e-05
3.977234e-05
3.384929e-05
0.00017736724
0.00016521667
9.982687e-05
9.686763e-05
2.8185348e-05
6.351844e-05
0.00023579573
4.848254e-05
6.0427727e-05
0.00016993535
7.540839e-05
7.3938194e-05
3.299597e-05
3.6015805e-05
7.486845e-05
7.5745906e-05
0.00014483163
3.4213415e-05
0.00014533596
0.00017022889
0.00011781908
0.00016820437
4.6146793e-05
4.0103467e-05
0.00015328273
0.00014436687
8.011148e-05
0.00012735218
0.00023703092
2.4259087e-05
0.00019802598
0.00023061599
8.380273e-05
3.4781384e-05
9.8569464e-05
8.688468e-05
3.406205e-05
2.1599122e-05
4.0432416e-05
0.0003816595
0.00015302566
0.00015270906
0.0001464482
9.1195405e-05
6.96618e-05
3.580727e-05
0.00019940529
6.753836e-05
0.00014455825
8.9657166e-05
3.1608266e-05
9.3985094e-05
3.4581026e-05
0.00011538166
2.656802e-05
0.00020003889
0.00011144991
0.00016589086
0.0001230616
0.000113266775
2.5783895e-05
0.00016194454
7.032388e-05
6.551512e-05
0.00028187333
0.000115636605
8.719327e-05
3.4622866e-05
9.157097e-05
0.00015429
0.00015595464
0.00016361849
9.234647e-05
4.6359004e-05
0.00017778047
6.9165624e-05
0.00010799452
7.791571e-05
0.00010380519
0.00017743168
0.00016045237
0.00019130234
7.6046825e-05
9.782608e-05
9.9073884e-05
0.00013756189
3.3258242e-05
4.863716e-05
0.00022729285
0.00020424888
9.757734e-05
0.00018688703
9.4873394e-05
3.4056557e-05
0.00012031551
3.0392923e-05
3.0504594e-05
3.0783685e-05
7.868953e-05
0.00013244343
0.00016264347
0.0001019114
0.00011518459
5.0414328e-05
4.3683798e-05
0.00011064991
3.9504575e-05
0.00013757477
0.00011423548
0.00018850101
7.403292e-05
5.441825e-05
4.4304496e-05
7.0406546e-05
0.00017766212
0.00011794129
6.467243e-05
0.00015487705
0.0001274019
5.4289023e-05
2.6554691e-05
3.0011202e-05
3.5894936e-05
3.7776004e-05
0.00015652007
7.0381415e-05
0.00026808077
6.5587876e-05
0.00010970721
0.000115817595
4.9766077e-05
6.1251216e-05
8.1843194e-05
4.547927e-05
0.00017444092
7.464066e-05
6.900608e-05
4.1216987e-05
4.3844615e-05
4.723838e-05
2.9601222e-05
0.00010594283
0.00015915652
0.00013669528
0.00013325278
6.697212e-05
0.00016660267
9.443571e-05
0.00017129348
0.000112328715
0.000101872676
0.00015047049
8.840997e-05
0.00014355581
8.9965404e-05
7.320763e-05
2.757812e-05
8.822966e-05
7.364338e-05
0.00016082374
3.275866e-05
8.912647e-05
0.00017392189
0.000106395586
6.773113e-05
0.00015430068
0.00010284066
7.225868e-05
0.00010475246
0.000110089204
0.000113912676
6.374062e-05
4.103355e-05
4.385218e-05
0.00017202826
9.3902e-05
0.00011200928
0.00014996203
0.00019980197
3.125038e-05
0.00018090576
0.00013231425
8.372597e-05
0.00014540607
4.6127087e-05
0.00018109281
7.075421e-05
0.00014100189
3.744493e-05
5.8867037e-05
0.00014211412
7.40664e-05
0.000117390846
0.000119695214
3.6799076e-05
9.646175e-05
8.569362e-05
5.482957e-05
0.00016572961
0.00015886473
0.00011558241
0.00010140617
0.00013396499
0.00013166644
9.05374e-05
0.00014827299
3.3851236e-05
0.00013820702
3.7669608e-05
0.00013467057
3.2885568e-05
2.8263346e-05
9.016342e-05
3.4553184e-05
5.6572677e-05
4.3194894e-05
6.357667e-05
0.00011770456
8.966059e-05
0.00018345784
2.8653069e-05
3.320381e-05
5.1633375e-05
3.4533765e-05
9.114575e-05
0.00016070926
9.900051e-05
6.373535e-05
8.17144e-05
0.00017673087
8.091484e-05
4.39927e-05
0.00038783948
0.00011321614
0.00011277471
5.0462928e-05
8.210544e-05
5.9561848e-05
3.5092035e-05
0.00012423003
0.00022947958
4.131051e-05
5.420291e-05
7.398225e-05
0.00013840452
2.8769467e-05
9.4847936e-05
9.806257e-05
0.00011184224
9.237308e-05
6.1442326e-05
0.00014063175
0.000105107836
8.72854e-05
0.00015973327
7.73694e-05
2.8632994e-05
7.3823874e-05
0.00016601628
5.2931315e-05
0.00020398108
3.4524204e-05
0.00013091351
3.9641487e-05
6.4837084e-05
6.1702354e-05
6.397147e-05
0.00020717828
0.00016288873
0.000105244086
6.766426e-05
5.8811518e-05
0.00013739924
0.00010700501
9.531597e-05
8.365538e-05
0.00012374489
0.00011861618
5.3978376e-05
0.00010080155
3.4782195e-05
3.202286e-05
0.00017296124
9.782711e-05
0.00015734122
0.000119428274
0.00010592944
6.5651344e-05
7.432973e-05
0.0001399842
2.8790912e-05
0.00010328134
8.6950604e-05
9.218252e-05
