1143
352
396
849
519
783
680
417
1416
-1099
318
515
-1347
-30
-393
134
1794
-179
-117
665
790
-2619
612
2059
434
822
501
1227
7544
609
382
2568
148
354
1495
1014
-1526
17
1436
786
207
-50
434
750
946
-865
769
1047
1228
550
-1231
1315
-1144
220
1732
2498
-357
-133
531
1232
931
673
-206
1129
698
-175
-1909
776
1793
1125
342
410
444
388
209
-191
-579
-41
370
799
661
1029
-283
84
-364
-922
193
315
1068
1151
1446
660
686
1096
-442
-895
369
82
1117
754
-2321
-151
1263
878
555
597
955
1356
979
7409
504
269
1179
311
1241
2319
3001
-112
613
665
70
643
1125
748
229
1007
425
-172
971
314
817
1181
997
500
591
1374
314
1198
-1035
200
1008
1154
-862
1368
-466
-591
5497
859
761
1201
474
1221
397
171
1212
88
389
392
4658
1394
381
291
567
448
-570
1226
3154
169
695
100
-733
2138
351
390
718
-487
1434
1831
961
282
564
593
209
59
735
1100
3160
1170
-385
-56
3
584
76
856
1191
-1574
513
325
456
-557
477
1226
640
667
890
630
1041
-20
7
-2544
1097
1143
-72
196
1430
-1204
179
60
343
495
125
-416
4166
-1229
-182
1314
131
1255
1370
1359
21
890
28
1871
414
43
592
759
811
187
1406
1276
-365
1082
-78
1495
945
422
1067
16
331
315
851
817
675
1172
1344
-840
146
1516
13
1406
488
4900
872
932
790
608
1840
1076
-197
288
686
457
-704
97
43
509
1020
1593
7833
909
154
7711
-2224
1507
541
1232
-295
30
1120
713
282
577
-371
547
1080
310
18
509
592
-149
949
1300
52
3852
1421
333
-1118
1450
611
2635
-912
1123
-89
342
962
1087
286
900
876
1407
754
1835
-360
2496
307
1049
-520
1308
726
1580
473
1611
1326
1534
1401
366
671
32
190
772
11
-1991
255
407
536
491
344
142
964
689
-659
599
914
146
67
959
-455
969
759
2133
-157
936
1235
233
1430
1263
1577
947
207
781
568
-234
1972
549
-429
623
869
266
-1119
899
356
912
1233
1019
556
564
669
1096
852
1130
1213
444
720
796
318
617
1400
2507
1
1257
625
790
1138
-1390
495
379
3536
580
1037
762
940
931
371
-1056
1253
2493
886
75
746
1108
259
1472
840
1241
1151
614
-1362
1526
415
691
1286
628
579
270
1479
963
1482
1108
-528
-185
-467
1156
1225
373
1350
1132
782
717
721
842
1231
1381
783
-1926
6468
-284
812
135
827
160
158
489
504
452
534
-348
1111
1362
1538
870
1996
190
350
4329
373
805
1894
1743
628
-425
242
408
1111
1681
882
851
1234
238
-416
438
959
-1338
802
973
928
359
-262
1429
-18
895
2207
608
868
-204
870
950
941
1332
-454
790
-619
1388
1086
96
462
1337
-841
319
1018
-240
958
-78
71
683
222
830
185
1320
1338
1159
-172
594
897
654
176
225
526
209
1833
-49
601
221
-952
129
277
660
190
1982
-148
419
88
-44
-1184
-840
784
752
518
166
615
1016
1226
169
-792
157
-100
-1056
69
119
553
27
1051
1080
92
1107
437
1529
284
1303
4503
-1544
-3056
545
-262
1328
525
178
158
1392
1313
898
338
485
-23
1214
1134
144
146
347
1894
875
-355
344
3949
128
976
370
-520
-169
801
-99
519
195
-780
249
-188
1140
724
609
-241
483
886
1151
204
126
-37
1169
1500
-2654
757
-1565
-333
55
468
-118
480
-302
1407
1562
281
276
-25
37
422
537
708
481
1467
-1308
-393
271
771
289
488
1656
1676
1083
2292
1117
663
17
736
892
1083
6042
582
694
718
716
1390
-596
2834
538
756
-354
345
557
1639
850
427
-513
-28
-1373
513
53
870
-300
694
689
757
91
543
983
1034
34
129
287
806
1586
1548
894
511
6196
1383
1410
1276
728
827
182
-165
613
881
455
198
603
-710
-1655
595
679
1711
215
1723
-126
868
-296
-59
801
-2432
2258
1081
853
642
-41
345
-615
-112
643
657
560
812
4238
32
1414
-319
1300
-221
-161
743
659
-307
87
887
846
1101
1446
-443
401
3246
1198
1070
3268
359
-1666
383
381
-1245
1239
-41
62
447
1663
1053
1666
7172
952
513
-1027
1388
2202
70
876
-95
-983
952
-97
983
-3230
266
1624
397
263
601
-443
2322
-67
858
396
1742
749
670
496
1175
-1738
559
-512
679
230
-37
339
923
1995
-501
368
1250
-1517
2476
1755
1210
49
4832
1579
-52
1002
-46
6
1165
1062
1407
-61
410
434
1051
989
1060
-98
-341
50
526
105
576
922
1374
-455
829
665
-3409
416
1068
463
777
-213
1043
-1283
1509
514
518
927
-491
-483
-1446
652
440
114
-145
-982
884
-141
470
465
482
16
655
1219
9927
1500
1346
316
1047
1378
-870
96
-644
1325
197
898
1308
87
785
1382
1044
1004
-2030
19
-1155
-299
-230
395
1432
1955
-545
203
-573
554
1117
747
1524
-1701
672
674
193
33
786
882
508
809
-232
6999
1078
-61
1376
956
6264
799
-2652
-1251
-391
835
902
1514
558
581
641
760
157
855
46
1346
790
9
700
-131
-478
1143
1004
542
745
991
504
1338
446
513
213
-142
177
-311
-2183
1142
157
580
2024
567
-2050
829
391
-500
839
822
697
-678
525
496
2908
818
800
782
-360
1620
-94
497
-58
-251
-69
855
740
1102
291
-174
-266
1048
258
-180
1101
1190
673
49
1547
-868
-211
1292
1237
1160
863
1342
598
-5
924
407
738
790
1237
1762
-160
-31
1634
821
-237
1328
-584
-2718
-79
237
1235
728
1858
-185
1050
481
426
1008
-968
865
-465
587
578
222
447
-529
-1132
1348
746
-667
624
-2846
1747
1316
-649
-76
707
-356
1887
1379
387
58
583
1090
1741
665
2533
647
323
2435
276
636
1037
615
-276
477
7870
1036
150
818
1344
-347
1211
33
-543
124
614
7
309
1056
1290
-54
627
737
421
880
1864
789
128
239
1895
608
564
413
90
2495
751
369
545
1737
138
-175
224
1871
-394
-4288
530
1035
270
484
264
973
-414
552
859
481
552
1072
-156
546
1573
935
609
-150
-1761
286
957
22
1433
925
1000
3016
114
953
385
4896
607
635
980
1104
104
218
999
294
989
-568
1709
2753
722
1081
