-7
-8
-9
-9
-8
-10
-8
-10
-6
-9
-8
-8
-10
-10
-9
-6
-10
-8
-7
-8
-9
-6
-9
-8
-9
-9
-9
-7
-8
-8
-9
-8
-9
-12
-8
-8
-7
-8
-9
-8
-6
-8
-8
-9
-8
-10
-10
-9
-8
-9
-8
-9
-7
-9
-8
-6
-9
-9
-9
-9
-9
-9
-10
-9
-8
-9
-9
-8
-8
-9
-6
-10
-9
-9
-8
-7
-6
-8
-8
-8
-8
-7
-9
-9
-6
-6
-10
-9
-9
-9
-9
-9
-7
-6
-9
-9
-9
-8
-8
-9
-10
-9
-7
-8
-10
-8
-10
-8
-9
-8
-9
-6
-7
-8
-8
-8
-8
-10
-7
-9
-9
-9
-9
-8
-10
-9
-8
-10
-9
-8
-8
-7
-10
-8
-9
-8
-9
-9
-9
-8
-10
-10
-9
-8
-11
-6
-9
-11
-7
-8
-11
-8
-8
-9
-8
-9
-9
-9
-9
-7
-8
-9
-8
-9
-10
-8
-12
-8
-6
-6
-9
-8
-8
-8
-8
-8
-9
-8
-9
-8
-8
-9
-9
-7
-10
-8
-9
-6
-9
-8
-8
-8
