0.004475203
0.0009672715
0.0014837913
0.0046781516
0.0028988363
0.0010128609
0.001109757
0.005725703
0.0024006087
0.0028776722
0.0026725193
0.0012649324
0.0006459313
0.0010622583
0.0004838335
0.0076074414
0.00045250723
0.00018616243
0.0005021618
0.0012587785
0.0006048257
0.00028819608
0.00037892972
0.00061293447
0.0008893421
0.0014632384
0.002040077
0.0037429063
9.699431e-05
8.091951e-05
0.0017939567
0.002337694
0.0006444649
0.0026565949
0.0014680292
0.0006401514
0.00020665627
0.0005382399
0.00048051486
0.0023523408
0.00030903102
0.0039213183
0.0006966022
0.0046200426
0.0002641396
0.0042171716
0.00067943014
0.0014281255
0.005918891
0.0019828859
0.002603758
0.009556595
0.002407021
0.0021318519
0.00022717458
0.0034074173
0.0004939599
0.0019686434
0.002941144
0.00038721476
0.0015784024
0.0018844128
0.0023503832
0.0021152422
0.00027224215
0.00037833586
0.002761073
0.0006553002
0.0035515882
0.0028543023
0.00088839245
0.00026003926
0.0018572402
0.001933444
0.0006720906
0.00033807606
0.0015004579
0.0042832955
0.00030863253
0.0035947806
0.0001917337
0.004688244
0.00060833443
0.0049275514
0.00085154717
0.0003392303
0.00071527297
0.00076343777
0.00025265242
0.00824814
0.0014212325
0.00044293833
0.00026769756
0.0015940932
0.0006543794
0.00055645785
0.0003867258
0.00047862905
0.0022052072
0.00025952864
0.002370483
0.005727428
0.001096853
0.006272724
0.001523598
0.0062749195
0.0030557849
0.0017621212
0.0013698685
0.0013694528
0.0017539418
0.003515258
0.002643866
0.0030409496
0.0004253055
0.00068477873
0.000579457
0.00019084575
0.003980283
0.00036003135
0.0006269059
0.0019430226
0.002609006
0.0006650593
0.00049265043
0.0021572919
0.002253931
0.0014926029
0.00032418492
0.002188853
0.00152993
0.0037632785
0.0005709787
0.00018027895
0.000604228
0.00091898546
0.0004895084
0.00025895552
0.0014406418
0.001383778
0.00084584724
0.00019390738
0.0025142182
0.0016745358
0.005687314
0.00080621045
0.0023008555
0.005588269
0.0016691639
0.0011205215
0.0002942841
0.0010864254
0.00041035592
0.000514042
0.0003129404
0.0002326934
0.00021761592
0.0013865269
0.0050005
0.002876011
0.004701864
0.000576512
0.0026218584
0.00032327123
0.0043312334
0.0003865907
0.007789265
0.0024162258
0.0008084422
0.0028450112
0.00061536866
0.0041824454
0.00045956514
0.00061832176
0.00021115721
0.00046036762
0.0022048657
0.003832697
0.00031181498
0.00076275103
0.0024130489
0.0005496593
0.00046045045
0.0038794521
0.0011997827
0.003572239
0.006032825
0.0013507301
0.0006101925
0.0017802815
0.0006459706
0.00018522942
0.0007115289
0.00036186923
0.002174081
0.00032590528
0.0020077582
0.0011679779
0.0017778799
0.0020773606
0.0006453704
0.0003125397
0.00035129875
0.0013225623
0.00058011187
0.0017915883
0.0042875353
0.003309149
0.0003872812
0.00012472353
0.0018128145
0.005480184
0.00021046647
0.0017719601
0.0046683145
0.0043766466
0.004955211
0.0005627583
0.00048967596
0.00012624021
0.0012868232
0.0008822604
0.0011759618
0.0006223394
0.0014809095
0.00279519
0.0031761231
0.0006100989
0.0020003947
0.00043376724
0.0021623583
0.001255752
0.00014977064
0.0016160005
0.0011789489
0.007158146
0.0032923426
0.0010741324
0.00055755116
0.0002759542
0.0020599868
0.010658491
0.00028769145
0.007203017
0.0006114046
0.0004817903
0.0010803827
0.0018532893
0.00228143
0.0003901526
0.0036264947
0.00026493974
0.00092758646
0.00016748923
0.001011914
0.00017998772
0.0005160814
0.001680708
0.0026331795
0.00060013926
0.00032187026
0.0007513521
0.00038688473
0.0014779868
0.002988929
0.004894258
0.0003596792
0.0004282756
0.0007705875
0.0012917777
0.0010195897
0.0006240719
0.0011208905
0.00060331286
0.0013828978
0.0008955599
0.00093489717
0.00024256035
0.00020044294
0.006772689
0.0015065998
0.00016547015
0.00036710137
0.0009343126
0.0008950939
0.0032085537
0.00090437115
0.0011493226
0.003889699
0.0015120627
0.0036785207
0.00029607303
0.00273917
0.002086293
0.00020070553
0.0012199207
0.0004473761
0.00092605373
0.0026577797
0.0022112918
0.0020798284
0.005701094
0.007457257
0.0017828945
0.00027313948
0.0020620576
0.00013738837
0.0037240835
0.00086670835
0.000686421
0.00013737129
0.0016091635
0.0017507506
0.00040619844
0.0017279927
0.0003355903
0.0063515515
0.00036094617
0.00042481377
0.0025045064
0.004081675
0.005323651
0.0026126823
0.00045189817
0.006275493
0.00022249793
0.00022264615
0.00029789036
0.0007388134
0.0014904233
0.0011371274
0.0025994913
0.00077096885
0.004915861
0.0004152301
0.00024066931
0.001643351
0.00024285827
0.00030109347
0.0004888812
0.0026226437
0.003818322
0.00030288694
0.0028194026
0.00244514
0.0006969863
0.0012732181
0.00021030505
0.00050244894
0.0005609846
0.002558633
0.00013380818
0.00044341487
0.00016232437
0.00155336
0.0037616557
0.00048166222
0.0005147949
0.00046058735
0.0004132731
0.0037356096
0.0007117128
0.0020653137
0.0004017854
0.000820621
0.00031383545
0.0010277205
0.00037517285
0.0016684072
0.0001501406
0.00032901717
0.003315307
0.0030593243
0.0003230925
0.002395043
0.0010587465
0.0040693516
0.00025463477
0.002532688
0.0009071083
0.0025217638
0.0013764319
0.0021655525
0.0003783985
