-498
2675
-1096
-55
262
806
242
-138
285
-317
-229
841
-752
-801
90
1
1510
3019
1509
-584
686
479
1630
1244
-643
789
275
-138
11883
6743
-224
-481
217
-238
334
-471
-3059
-1236
418
-609
472
338
971
50
-2039
41
3184
-546
249
64
-454
-110
-85
-614
1178
131
1593
-1269
-367
-537
395
-468
-145
-367
-3955
-7728
-453
822
269
-186
-150
-2022
-458
-359
207
-8888
-1005
-202
-1911
-128
1430
-269
2186
-55
719
2375
-970
851
1815
-104
-508
960
-2392
73
262
-829
1028
-1824
-386
3804
-817
-242
478
-4
-72
-431
-429
1176
242
-4414
476
211
-467
-236
-1318
362
383
5230
-163
272
-4177
597
270
-1622
2808
-536
95
189
-1987
-455
-4284
-120
-4908
6137
-4951
-153
-1772
1721
1088
-919
-1580
579
481
-44
-262
-613
-658
75
-46
-3163
228
-505
-1450
-6364
-2906
678
571
-848
266
-411
231
1487
-969
-2529
-94
1012
-207
-219
487
-339
-260
39
-3921
232
2850
-688
-691
125
2584
-1219
-540
-1578
-2043
-274
154
-354
-144
1462
786
-1149
-210
1857
-4781
2419
-593
4521
-484
332
102
-684
246
-1566
117
-1594
50
-546
-594
-422
1238
10226
392
-323
4376
-1192
-169
-233
-216
-774
514
3788
524
-754
-638
3845
492
-241
-136
-1707
94
-9527
-560
754
2747
-362
-363
-86
1007
-769
-273
-247
909
-135
1719
-148
-88
70
-2675
510
-1088
1507
49
2830
-611
2055
-351
1549
-88
-257
-562
-1209
-286
-1179
-2532
-28
-20
198
4629
1491
285
408
-1841
1891
-2124
-539
322
35
646
-2187
418
-178
264
2080
560
794
1216
33
-729
772
374
-499
-365
6130
216
-568
-1675
-2087
2765
-1420
-432
321
-102
-182
61
477
2311
-482
4818
-372
-2459
2488
1467
-1041
-110
-1958
-49
1707
-172
906
3850
-80
-198
-192
168
501
48
-1724
3273
-1975
3925
376
721
-430
1025
326
1008
5653
-443
-858
-327
-499
-345
-221
1273
-441
-403
-5809
-174
3144
-766
3457
40
5312
1602
5469
-113
-64
-1460
1733
-1167
1547
-449
2238
-419
4296
862
-1515
690
-9354
-341
2879
-3410
-394
-370
1928
1388
734
-269
765
-15
-546
-585
-52
-31
-6039
