0.0032103697
0.002111046
0.0019287189
0.0029888025
0.003075142
0.0025099483
0.0029702215
0.0021189647
0.0020237076
0.002527859
0.0024366921
0.002878667
0.003185844
0.001756905
0.0030002994
0.00677985
0.0026254244
0.0052806353
0.0036233016
0.0029625033
0.002567416
0.0035724565
0.0018871792
0.002098358
0.0032826427
0.002538752
0.0018498928
0.0022987076
0.0025836928
0.0036544655
0.002434635
0.00303429
0.003504237
0.002932854
0.001724032
0.0029947837
0.0024650956
0.0026138185
0.0019970667
0.0034858673
0.0034851313
0.002663357
0.0021013676
0.0038513115
0.0018282009
0.001934669
0.0024272846
0.0022786215
