0.0006513316
0.00043636173
0.00044233626
0.00089112466
0.0007552518
0.00024364283
0.00020183169
0.00026542495
0.00079080014
0.00068804115
0.00022450734
0.0003205654
0.00022041943
0.000680548
0.00026436345
0.0002732516
0.0003050149
0.000502697
0.00037320144
0.00053284917
0.0005327039
0.0006866383
0.00050698547
0.00034199396
0.00025913978
0.0002926786
0.00022615888
0.0005408832
0.00029519846
0.0005386068
0.0006324779
0.0003972875
0.00040185853
0.00036571623
0.0006036492
0.00055248186
0.00040772732
0.00035194427
0.00037850873
0.0004962048
0.000570025
0.0005126423
0.0005643319
0.000535685
0.0004665352
0.00063950755
0.00041288775
0.00034959317
0.0003187688
0.00084973034
0.00033276048
0.0005756784
0.0003301621
0.00061522983
0.00041886192
0.00033515197
0.00020385384
0.00035269762
0.00028136888
0.0005610791
0.0007096688
0.00054624124
0.00030482552
0.00057924574
0.000754112
0.00068562827
0.0003411295
0.00057303015
0.00045277431
0.0005300076
0.0004820236
0.00073833537
0.0005217964
0.00037061036
0.0006105511
0.00055299373
0.00027163074
0.000385019
0.00035502424
0.00022069695
0.00043697204
0.000575462
0.00039434797
0.00038538448
0.00020447333
0.00032153536
0.0004088258
0.00050886645
0.00071068143
0.0005270419
0.0012413708
0.00040273712
0.00029071796
0.0004301635
0.00042222792
0.00031058735
0.0004744389
0.00030568446
0.000406107
0.0003739272
0.0008365183
0.00065193645
0.00043465383
0.00068729214
0.00034349103
0.0005017442
0.0005860364
0.00044570226
0.00021392951
0.0010544811
0.0003442029
0.00049371703
