0.0006732099
0.00062788697
0.0006809114
0.00064834335
0.00068348134
0.0006763283
0.0006763299
0.0006462344
0.00062193477
0.0009370492
0.00055097614
0.00056180655
0.0007251076
0.0005690097
0.00061580964
0.0006140319
0.00058884016
0.0006246851
0.0006360556
0.00069310365
0.0007221475
0.00067186845
0.00064854504
0.00064140355
0.0007664657
0.0007923545
0.00057802716
0.0006404605
0.0007362254
0.0006722795
0.00075155444
0.0006099507
0.0007100343
0.0006845645
0.0007058298
0.00054035225
0.00052648684
0.00064135453
0.00057794683
0.00068348896
0.00050654786
0.00061993324
0.0008205189
0.00069161935
0.00073168584
0.00052182435
0.00073621765
0.00074646436
0.0006433413
0.000590541
0.00062476174
0.00057916064
0.0005890853
0.00062845665
0.00058113335
0.0006408687
0.0006177633
0.0006078257
0.0006103229
0.00062193844
0.00092944404
0.00065383705
0.0005404225
0.0009506602
0.00067635893
0.0006213223
0.00063667155
0.0006687647
0.00079139444
0.0005564003
0.0012109169
0.00079386524
0.0006425384
0.0006542061
0.0005534788
0.0006436534
0.00061687623
0.0007413285
0.0008223157
0.0005246531
0.000555891
0.0006657547
0.00092838524
0.0005800303
0.00057765306
0.00057012076
0.0005545927
0.000559467
0.0007103549
0.00064630667
0.00067665975
0.0005754412
0.0006290525
0.0006069226
0.00090302585
0.00057818403
0.0006645826
0.00071540184
0.0005885308
0.000971224
0.0006769513
0.00062269677
0.000726949
0.0006536419
0.0006345939
0.00054588006
0.00057888124
0.00061772246
0.00068324554
0.00065456325
0.00073415675
0.0007128736
0.0006012239
0.00062557176
0.00058362575
0.00067719055
0.00081956416
0.00055335765
0.0006804975
0.00065713015
0.0005915396
0.0005543971
0.00065823423
0.0005979586
0.0006782162
0.0006430256
0.00055267237
0.00063976704
0.00057711545
0.000525094
0.000924823
0.00075781206
0.00078110554
0.0006338554
0.00069027144
0.0006942637
0.00068839575
0.0006425804
0.00064405525
0.0006301399
0.0006188353
0.00055808015
0.0006300332
0.0006043122
0.0006393931
0.0006625153
0.000711014
0.00069831026
0.0005764398
0.0006797057
0.0006573268
0.00057793927
0.0006639912
0.0005705432
0.00054989354
0.00056376786
0.00058323593
0.0004982276
0.0006329941
0.0005660675
0.0005342087
0.00060824386
0.0006671271
0.0005778414
0.00056720595
0.00059271156
0.00061740674
0.00054886687
0.0006261352
0.00064636243
0.00057599536
0.0005752126
0.0007473386
0.00054596737
0.0005369966
0.00075360195
0.000538461
0.0006550429
0.0006530166
0.0008270156
0.00071874727
0.0005694023
0.0006309313
0.00073583855
0.0006206992
0.00070354965
0.0005825341
0.00065780757
0.00092074357
0.0011037175
0.00062038004
0.0005545407
