0.00061188027
0.00059465924
0.0006537293
0.00057800295
0.0006770439
0.0005435278
0.00049574155
0.0009038541
0.0005976393
0.00047721804
0.0006304466
0.0005949451
0.00064731296
0.0005997639
0.00062012195
0.00077273697
0.0006706582
0.00058288174
0.0006500363
0.0006641471
0.0006503287
0.00059906894
0.00067287305
0.00065333216
0.00049281184
0.0006562226
0.0006186863
0.0005998375
0.00065350096
0.0005883254
0.0006414551
0.0006000756
0.00063754775
0.00061471947
0.00044246268
0.0014169503
0.0006056005
0.00058499316
0.00063564937
0.00059851084
0.0006140695
0.0006843714
0.00061773567
0.0010238019
0.00054855377
0.0006104946
0.0006274789
0.0006225473
0.0005966045
0.000555444
0.0005952534
0.0010453064
0.00063285383
0.0005950972
0.00067267613
0.0006059472
0.0007046171
0.00064562325
0.000627339
0.00053713436
0.0006376649
0.000604559
0.00049802824
0.00062872056
0.00062164804
0.00056390703
0.0006406703
0.0005771942
0.0006550521
0.00065256207
0.00063273474
0.0006284375
0.0011114475
0.0005891568
0.00071484764
0.00062697864
0.00063171296
0.0006541921
0.0006009365
0.0006309349
0.00062955637
0.0004897645
0.0005934418
0.00070576364
0.0010829575
0.0006114125
0.0005779713
0.0005749447
0.00061066705
0.0005042423
0.0006325331
0.00061110716
0.0005820586
0.0006452959
0.0006146274
0.0005816232
0.00065853464
0.0010218183
0.00064470805
0.00062906794
0.0006305042
0.00044966245
0.00055377674
0.0006446528
0.0006209856
0.0006568888
0.000626811
0.0005115793
0.00061314506
0.0007365783
0.0005816503
0.00058682414
0.0005734943
0.00062456186
0.00064645003
0.0006100774
0.0005274859
0.00061317626
0.0006657551
0.00057809276
0.0006396338
0.0005010862
0.0007653548
0.0007251507
0.0006821886
0.00059362326
0.0006453435
0.00077032356
0.00058559503
0.0006212451
0.0005728262
0.00060506474
0.00063683686
0.00059935736
0.00044747523
0.0006216112
0.0006163887
0.0005999141
0.0006021219
0.00063880393
0.00049457594
0.0006308812
0.00044444136
0.0005054412
0.00062885374
0.00060191273
0.00042534978
0.0006294812
0.0005751227
0.00055089104
0.00060947076
0.0005952883
0.00061827945
0.0005561902
0.00050678017
0.00058394705
0.0005933472
0.00061316503
0.00058230944
0.0006072753
0.0005711356
0.0006336134
0.0010204439
0.0006053333
0.0007161702
0.0005918895
0.00054651307
0.00055447366
0.0005912339
0.000586732
0.0005982313
0.00059742626
0.0006210087
0.0005270098
0.00060235115
0.0005660022
0.00051646377
0.0005261255
0.0006079506
0.0005323242
0.00064572913
0.0010110794
0.00061046804
0.0006625312
0.0006132035
0.00053168344
0.00062384625
0.0006594595
0.0005146576
0.00049297616
0.00053490436
0.00060225674
0.00055271987
0.0004939322
0.00063547294
0.00053573115
0.000690767
0.00062312844
0.00063605263
0.00044752553
0.00055488467
0.00066400826
0.0006318185
0.0006740623
0.00066489755
0.0006065134
0.00062498625
0.0006326148
0.0005580008
0.0007072241
0.0005931801
0.000638617
0.00061297487
0.0006436357
0.0005565826
0.00060046226
0.0007007207
0.00060483604
0.0006017338
0.00036474987
0.0006146581
0.0008082983
0.0006289675
0.00053604756
0.0006315015
0.00059722865
0.00064490107
0.0006057179
0.00062431477
0.00061319285
0.0006263169
0.000597532
0.00068216113
0.0005216031
0.00059420685
0.0005998148
0.0005824162
0.0006139038
0.00060517277
0.00056769093
0.00045645205
0.00062603346
0.0005913963
0.00057541317
0.0006824956
0.0006115136
0.00059141184
0.0005848116
0.0010390317
0.0006291113
0.00055222196
0.000509097
0.000627638
0.0006143006
0.0005236143
0.0006210513
0.0006411092
0.0006404348
0.0006566524
0.00063050876
0.00059630646
0.00093513547
0.0006052755
0.00085337297
0.0005054951
0.0005924371
0.0005652335
0.0005987115
0.0004750622
0.0006443769
0.0007686807
0.0005916962
0.00055440614
0.00062368426
0.0006168657
0.00061829394
0.00049450516
0.000476329
0.00064771203
0.00063182734
0.0006090213
0.0006264758
0.00045057695
0.000644925
0.0005239476
0.0006802138
0.00051761384
0.0006120193
0.00062168855
0.00073521375
0.000663893
0.0006214991
0.0006342432
0.00042578028
0.00062004355
0.0005975138
0.00054206065
0.0005949283
0.0006167128
0.00058231695
0.0006186805
0.00056799414
0.0005885773
0.0012102427
0.0006513732
0.00040488484
0.00059729675
0.00064713
0.00046699282
0.00078401685
0.00055456784
0.00058719807
0.00059835
0.00059788086
0.00047292202
0.0005917878
0.00071679696
0.00063801964
0.0006056442
0.0006565842
0.00056536874
0.00065722247
0.00065437774
0.00062279217
0.00059425697
0.0002812939
0.0006151876
0.0006098129
0.00058604614
0.0005906413
0.0006675874
0.0005943781
0.0006052981
0.0006562415
0.0006095318
0.0005738431
0.00050749164
0.0006031235
0.000638282
0.0006088623
0.00046253036
0.0006297001
0.0005989706
0.0007141621
0.0007590658
0.00058115
0.0006548238
0.0006026741
0.00060724036
0.0006099573
0.000626936
0.0010290742
0.0005884037
0.0005063285
0.0005766386
0.00056304527
0.0006127388
0.000564376
0.0006042106
0.00065918296
0.0005738881
0.000612811
0.0006035255
0.0005852171
0.00050576444
0.0009568165
0.0006349434
0.00063416606
0.0005504692
0.0005673233
0.00057328073
0.0005978343
0.0006295981
0.0005757282
0.0006370887
0.00059006567
0.00057419436
0.00061754894
0.00058502157
0.00059310097
0.00049112196
0.00060226116
0.0006316216
0.000623485
0.00063553883
0.000661526
0.0006469763
0.0006392677
0.0008932954
0.00056838006
0.0006012699
0.0006687925
0.00068928587
0.001160877
0.0004791638
0.0006748589
0.00066462014
0.0006168807
0.00065188215
0.0006449155
0.00056586956
0.00060767995
0.0005830519
0.0006165227
0.0006467678
0.0006406856
0.00046955812
0.0005089249
0.0006447945
0.00087218516
0.0006896993
0.00055236387
0.0005824799
0.00092912186
0.00056252605
0.00063354784
0.0004538873
0.0006125739
0.0005808159
0.0006071204
0.00052102224
0.0005009253
0.0006098547
0.00063712423
0.00059703726
0.0006074474
0.00049655366
0.00056335004
0.0009187233
0.0006340562
0.00066500355
0.0006160691
0.00064548984
0.000635253
0.00059099315
0.00058199285
0.00069825817
0.0005166878
0.0005505559
0.0006058684
0.00061409426
0.0006284847
0.00054893683
0.00059571606
0.00051110104
0.0007568289
0.0006054846
0.00064063596
0.0005908949
0.0006294551
0.00034499104
0.0006542044
0.0006488432
0.00061476376
0.00059716153
0.00047133784
0.000621105
0.0006120416
0.00054857007
0.0005950319
0.00053607207
0.0005255202
0.00061367283
0.00055454945
0.00052262825
0.0006116915
0.000649186
0.0004920398
0.0005944985
0.0005033607
0.00072214345
0.0006183834
0.0005913985
0.0006086084
0.00075052195
0.0006176238
0.0005778951
0.000593218
0.0006295152
0.00052921637
0.0006664465
0.0005151907
0.00062318705
0.0005958288
0.0006852281
0.0007179925
0.0005870401
0.00064475543
0.00065309467
0.00063739705
0.0006512555
0.000684218
0.0005903021
0.0006042311
0.0012264778
0.0005805272
0.0005921756
0.0006431483
0.0005836556
0.0006219465
0.00051173795
0.00060309726
0.0006041945
0.00059266237
0.0003437065
0.000662348
0.00060285383
0.00061803195
0.0006031047
0.0007795435
0.0006259049
0.000598488
0.0005941651
0.000609394
0.0005337822
0.00060913473
0.000598176
0.0004917069
0.0006434086
0.0006022983
0.0005837232
0.0005028778
0.0006102537
0.0005158046
0.000626915
0.00064365653
0.00062443526
0.00067271036
0.00055958115
0.0014198781
0.0006086179
0.0006108315
0.00060513057
0.0005729626
0.0005736541
0.0004830652
0.0006732578
0.00067418907
0.0006723059
0.00065124815
0.000444469
0.0006577119
0.0006724197
0.0006078075
0.0005918647
0.0005869402
0.00057472417
0.0006599764
0.0006022204
0.00060191046
0.00045635065
0.00062026497
0.0006327372
0.0005219079
0.00061812665
0.000599339
0.00062107336
0.0005801769
0.0005982103
0.00060443964
0.00058920926
0.0012610774
0.0006264359
0.00059425976
0.0005588612
0.00059253565
0.0006213353
0.0006094961
0.00049631204
0.00061065465
0.0005781765
0.0005936206
0.0006685253
0.00059096754
0.00062298466
0.00060690945
0.00063329056
0.00062304904
0.00054222485
0.0005930984
0.0006675197
0.0006646418
0.00045437418
0.0006173498
0.00057433016
0.0005968333
0.0006050966
0.00061840523
0.00064109376
0.00059607
0.0004929735
0.0005770028
0.00058172806
0.0006638106
0.00060161913
0.0008213801
0.0006322541
0.0006010238
0.0006182192
0.00059412513
0.00062153954
0.0006167326
0.0006334176
0.0005674851
0.00061969215
0.000590026
0.0005970974
0.00061181444
0.00059165363
0.00045810305
0.0006218144
0.00060451997
0.0006353496
0.0005754698
0.0004074654
0.0005367693
0.00056192046
0.0006143066
0.00043234005
0.0008871631
0.00060039107
0.0005401748
0.00062119076
0.00063673675
0.00065179105
0.00049464835
0.00065549405
0.000551412
0.00061126816
0.0005197718
0.00056550803
0.0005284594
0.0006269335
0.00061820354
0.0005985827
0.00066837325
0.0006491141
0.0005016073
0.0006585618
0.00075411936
0.0006150847
0.00069427176
0.0006619417
0.00059346633
0.000659171
0.00058801036
0.0005980738
0.0004630985
0.0006645271
0.0006079163
0.0006395921
0.00063997717
0.00061178586
0.00056662806
0.0010671432
0.00059372035
0.00062655145
0.0006380669
0.00056002766
0.000661311
0.00069306407
0.0005540777
0.0006278528
0.0007660668
0.000607865
0.00044676298
0.0006555367
0.00058985397
0.0005461441
0.00062699965
0.0006053608
0.0006173788
