-5406
-7696
-7954
808
5739
-3803
-9424
596
-8286
-2188
1750
-10402
-2654
-7008
-5554
-4224
-8813
-5527
-7275
-3319
-8919
2855
-4685
424
-9533
-3755
-5200
6738
-7050
-5988
-7895
-5719
-4889
2142
-10978
-2979
-3801
-8023
12621
-6546
-7594
-9085
-1496
-3592
-67
-2689
-10320
-3998
-10409
-6033
-5237
-6623
-11447
-5702
4013
514
-11454
-4908
-5924
-1014
-7509
-7794
-7179
2073
-2146
-6444
-3844
-7151
-3500
-4074
4590
-7468
-6138
-5860
-7688
-2295
-9137
-1201
-5708
-5500
-3697
-9082
-5194
-1995
-3610
-6770
-8899
-5724
-6334
-8756
-5126
-5769
-4227
-454
-6627
984
816
-6482
-9583
-3340
-1534
-7391
-8858
-710
-4886
9019
-4946
-5443
-830
-7539
-8427
-8341
-6636
-9426
-4855
-6133
-3159
-3202
-8001
-2198
-6353
-3047
-1388
-8335
-9988
2073
-3095
-8205
-4105
-5818
-6129
-5553
-7325
-1875
-4103
-911
-7840
-2811
9388
-6145
-7479
-7048
4940
-8704
-5585
-5731
-1333
-1867
-6050
-5486
8386
-8445
-5702
3648
-8409
-7709
-5788
3096
-4567
-6888
-3443
-3800
-5364
-7956
-2591
-655
-7482
332
-9707
-6353
-7656
-9478
-8734
11267
-4137
-5267
-5079
1060
-7971
-248
-541
-5072
-3523
-9062
-2796
-1983
993
-1356
-9979
-9062
9703
-6844
-6625
-7016
-8425
-4105
-1284
-4740
-6124
-2009
-6311
-2472
-7899
-4393
-7905
-4078
-8450
-4989
-7610
-2176
-4678
-474
-5063
-906
-5311
-6000
-5034
-7717
-4012
-6907
-8802
-5729
-5594
-6381
-7046
-8084
528
-4389
-6011
-5414
-7707
-8862
-8403
163
-3800
-5846
-4206
-7571
-6598
-9634
-1103
6162
2145
-5257
3240
-7427
-3293
-4611
-10146
210
-3535
-6574
-3713
-5826
-7063
-7096
-5223
-1356
-4779
-6855
-9584
-16860
-5527
-3395
299
-4269
-10056
-6649
16407
-6865
-6922
-5946
7678
-5968
188
-3204
205
-7531
-3284
-7935
30881
-3079
5071
-5863
-2524
-4666
482
-816
-533
-4438
-6838
-3148
-4140
-3611
-7223
-8169
-7091
-5825
3588
-4334
-6006
-7407
-6282
-3771
-8583
1642
-24
-9763
-744
-5000
-2906
-1820
-4849
-3577
4622
-3011
-2627
-7506
-569
-6434
-15038
-5000
-439
3864
-1448
1850
-3924
-3611
-6302
-8042
-4655
-3848
-10197
-7041
-3539
-7321
-2369
-5048
-3187
-3192
801
-5955
-2914
-10064
-2992
2379
3214
201
-11247
-5616
-7775
-6503
290
2534
-1546
-4667
-5192
-5159
-5409
-7344
-10470
-6961
-7588
-5259
-1784
-3894
-7108
-10535
-7804
1665
-5692
-3167
-7235
-13714
-6454
-1718
9447
-6616
-7782
-8109
-4349
-3219
331
-6992
1806
-6957
-2233
-5194
-5124
2524
-811
-4353
-4663
-7364
-5225
-1184
4589
-4897
-2064
-3305
2598
-5764
-7423
-5057
1367
-3532
-6387
-62
2568
-4111
-5557
-7456
-5142
-7489
-6254
-5467
-2067
-12958
-6601
-4541
-4042
-10699
-2486
17695
-2833
-5767
-2643
-6841
15308
-6889
-6665
-3347
-2269
-5598
-5826
-6749
-6441
-5372
-4241
-8935
-9545
-3012
-5222
-4673
-6799
-4304
-9670
19243
-2444
-9745
-8003
-5214
-4423
-4030
-1313
2832
-6973
-9204
-7431
-9530
-2562
-8327
-9549
-6227
-157
3222
-11877
-2745
-2321
-7627
-7970
-5247
7232
-3461
-7794
-7631
-4780
-1927
-6670
-1955
-6670
-3467
-8470
-5618
-1900
-8585
1239
-2398
-1784
-8112
-8556
-1707
-3816
-8406
-6753
-8082
-6644
-4336
-8323
3535
-5129
-7198
-7554
-8054
-6648
-3134
-6322
-5650
-8377
-2319
-9830
3687
-8279
-3055
-2754
-8005
-3432
-3347
-1759
-6819
258
-109
-5508
-6664
-1423
-4288
-7687
-2988
-5994
-4595
-4716
-6256
-2227
-7247
-5225
-8326
-3861
-7897
-4828
-4043
-9093
-6020
-7638
-6286
-1713
-3945
-4807
-6362
-1258
-3820
-9024
-11525
-7107
-6134
-8859
-9986
4997
-7693
-8774
-6308
-3931
2516
-2453
3668
-2724
-3037
-1989
-8272
-7204
-6926
-2178
2690
2302
665
-8474
-4340
-8779
-3214
-7888
-6011
-6541
-9012
-7299
3091
3276
-7541
-3222
-2964
479
-5212
-7719
-5324
-4402
-5975
-5943
-5066
209
-1452
-6919
2037
-6358
-5740
-6183
-8631
1950
3671
-5085
-4721
-10418
-7879
-8805
-5506
-2985
-4315
-6163
-5030
-6629
-4455
-5816
-4431
-8526
-8635
-7063
3819
2046
3284
-6380
-7421
-4251
2418
-8058
-3515
-6064
-2506
-6513
-4656
-3615
-2507
-5085
-7037
-5185
1398
-4539
-5074
-6142
-5887
-2089
-8755
-7365
-6837
-4271
-7042
-5147
-3945
-3507
3020
-9140
-4259
-3278
-5773
-8586
-748
-7146
-6383
-677
-6302
-2428
1217
-2867
-4122
-6307
-10027
-6139
-6169
-7022
-5478
-5570
-5679
-7735
-4495
-6819
-9782
-7527
-12882
-4149
-8091
-6888
999
-8681
-5669
5761
-6050
-2503
6829
-4460
-1199
-5036
-6480
255
-9543
-7122
1665
-6405
-9194
-8282
-7651
-1473
1697
-4512
-1365
1518
196
-7472
151
-6808
-5726
-4356
-2864
-9048
-5829
-6569
2562
-7995
-5151
-6998
-5787
-5715
-6166
-3690
-4028
-8024
-3554
223
406
-5329
-8783
-112
-2556
-7227
-2066
-5919
-8819
-6018
-3854
12270
-1990
-6315
-3274
-8719
641
-907
-2167
-5086
-3760
-7316
-6849
-5936
-3892
-4055
-7303
-9237
-7681
-6721
-6978
-3934
7198
-1714
-3206
-7276
5700
-5329
-10575
-5168
-7900
9126
1736
-6003
-6846
-9335
-9702
-7675
-6384
328
-10859
-7661
-6805
4775
-7656
-3247
-8614
-6141
-27
-4259
-7301
-6522
-8323
-4714
8456
5856
-3297
-5254
-361
-7340
-2261
-10907
1202
-7393
-4049
-8181
251
-7332
-8692
-1872
-7279
-2077
-8175
1527
-6279
-1553
-2006
-5772
3157
-7650
1323
-4052
-5410
47
527
1197
-2625
-8145
-3991
-3970
7281
689
-5783
-7683
19956
355
-2845
-8372
-4469
-1664
-5579
4609
-2363
2860
-6487
942
-5816
-6532
127
-1920
-1531
3121
-3082
3162
-7291
-3764
-7158
-5581
-870
-9861
-9270
-7011
-3011
2149
-2366
-2947
-9500
-7684
-590
815
-3043
-4746
-10928
-7107
-7632
-1646
-4917
-8089
-9739
2414
1434
-3830
-2833
-6727
1090
-5480
-6598
3040
-3169
-9050
-7206
-9087
-9442
5938
-4212
-4091
3310
-5691
-4391
-3839
-2697
-2883
73
31966
-2571
-4425
-7921
-9428
-2322
-4320
3916
-3560
-5797
-5241
-5945
-2393
-3971
-9402
-3891
-7935
-2516
-11670
-1078
-6739
-8945
-6770
-3384
-2880
-3313
-7422
4920
-8151
-7577
24647
-2559
-3527
-7562
-5780
-3216
3909
-8650
-6136
1608
6318
-5711
-3440
-4039
3550
-5014
1106
-7570
-8171
1653
-5715
-4217
-6499
-9503
-6321
1266
4871
-11381
-3610
-1941
-10768
-1978
-6276
4434
-5757
-7711
-9730
-6260
-6123
2477
-7353
-6429
-6327
-5552
-8823
-4520
4445
-3147
-5290
-3704
-4413
-4173
-3040
-4679
-388
-4174
-7863
-7392
-1600
-8255
-8150
-9985
-8481
-2658
-5023
-5943
-5864
-6479
-5630
-7595
-2351
-5276
5797
-4638
-7978
-9056
-6360
-3983
-6597
3095
-5930
-5699
371
-2371
-3884
-5365
-5217
-5591
4466
-9041
-476
-420
4393
-3532
9068
-5589
-4085
-4830
-11322
-7354
-4552
-4539
-5339
4342
-11691
-9693
261
-4170
-8421
2784
-7574
-4399
-6596
-4878
-4532
-8094
-9472
-9162
-4796
-4727
-2850
-924
-8435
-6533
-5052
-7026
-8353
-3148
2373
-5724
-3832
-3045
-8775
-5718
-5044
-6826
-9708
-8038
-5596
-6999
-6562
-5163
-7112
-4045
36236
-787
-11923
-2615
-6496
-6340
-6879
-7227
-10154
-8662
-6496
-1620
-2704
-5032
-3801
11025
-7548
-4414
-5887
-398
-7244
-8917
-1979
-5248
4151
-7623
-2743
-6020
-10465
-4222
140
-3346
-6986
-6635
-8986
-2356
-7944
-7061
-4369
-4147
-5772
7704
-5420
-10000
-4705
-4603
-6069
-5779
-9598
-5916
-1514
-3757
-6808
-6632
-2853
-3382
-6785
-9869
-6542
341
-5569
-5452
-5376
-6222
-6222
-4547
-4806
342
-5456
-6185
-1854
-4010
