5.1811072e-05
5.368456e-05
4.496684e-05
0.00013302318
8.259073e-05
5.676794e-05
3.960649e-05
7.816711e-05
7.1676266e-05
4.427054e-05
3.2443226e-05
4.0676092e-05
0.0001406475
5.7343743e-05
1.7953571e-05
3.250737e-05
3.7289283e-05
4.6498193e-05
3.6787253e-05
5.6303863e-05
2.8313632e-05
0.000103665036
4.269482e-05
0.000110454304
3.3604476e-05
3.6806712e-05
6.597683e-05
4.8511363e-05
4.9933333e-05
2.9256787e-05
4.0317504e-05
7.302296e-05
6.0437796e-05
4.4946086e-05
0.00029420055
3.6765265e-05
4.7447575e-05
3.8704886e-05
8.199793e-05
0.00010849364
2.580481e-05
7.853118e-05
3.7124737e-05
4.9673683e-05
5.7467103e-05
7.568983e-05
3.2574073e-05
2.6023377e-05
6.020052e-05
3.672026e-05
0.00010067184
4.015644e-05
5.7079505e-05
4.3038446e-05
6.844461e-05
0.000278455
3.0604882e-05
2.088129e-05
5.336567e-05
6.39054e-05
0.00011589311
3.513245e-05
2.5610214e-05
2.9410534e-05
3.707598e-05
4.2613116e-05
4.7131314e-05
4.1970918e-05
6.213059e-05
0.00012193189
0.0001242739
5.5826058e-05
4.955294e-05
7.303949e-05
0.00010552398
2.9574481e-05
6.869411e-05
3.4793487e-05
5.4391025e-05
7.335e-05
5.1891657e-05
4.5223143e-05
4.8632024e-05
4.555047e-05
8.748296e-05
4.3764896e-05
7.1360795e-05
5.1374787e-05
0.00014840924
4.2969124e-05
2.537937e-05
5.6116725e-05
8.512766e-05
0.000111924965
6.132426e-05
6.989776e-05
8.4121195e-05
4.529762e-05
5.2618427e-05
4.0587274e-05
3.993062e-05
6.808964e-05
4.3989232e-05
6.350766e-05
6.0512983e-05
4.401075e-05
4.599668e-05
4.95399e-05
0.00015194295
3.38175e-05
3.2969285e-05
5.420855e-05
3.456345e-05
4.2791322e-05
5.725724e-05
5.4362674e-05
2.8395973e-05
0.00016125431
6.684604e-05
6.883448e-05
0.00014045947
3.823177e-05
2.7157645e-05
3.7129066e-05
5.3819356e-05
9.208538e-05
3.8551745e-05
5.8733585e-05
5.9717968e-05
3.255143e-05
3.5597703e-05
2.8593464e-05
0.000100247926
3.72588e-05
4.0198312e-05
5.2454117e-05
0.0001449138
5.6309946e-05
3.8236856e-05
8.99864e-05
4.2059677e-05
3.970601e-05
0.00011996275
6.232427e-05
3.7122154e-05
5.4600707e-05
8.3835344e-05
3.754882e-05
0.000105741565
9.418061e-05
4.7898466e-05
5.1703413e-05
4.0833092e-05
6.967886e-05
5.7461875e-05
6.701552e-05
7.205533e-05
2.4033965e-05
6.2453466e-05
3.231372e-05
2.9779081e-05
0.000110887275
3.92281e-05
4.3034845e-05
3.9027997e-05
3.066206e-05
5.759557e-05
7.3894094e-05
3.5700257e-05
7.475267e-05
4.4300363e-05
5.423195e-05
0.00018914301
5.4431937e-05
2.6942127e-05
4.3347365e-05
6.428497e-05
0.00014632723
3.6999667e-05
3.770152e-05
4.5849763e-05
2.7303271e-05
0.00021592672
6.538029e-05
5.4759435e-05
9.983344e-05
6.8258036e-05
6.734368e-05
6.9788104e-05
4.6226556e-05
0.0001325261
5.378937e-05
0.00011340365
4.8225495e-05
4.9279115e-05
6.806109e-05
7.688619e-05
8.16161e-05
1.850368e-05
6.410164e-05
5.600108e-05
6.041164e-05
0.000107490436
4.4258042e-05
4.7826754e-05
4.4796692e-05
5.396273e-05
8.8571105e-05
2.2120563e-05
4.1207484e-05
5.6199897e-05
9.112595e-05
3.668596e-05
4.9373073e-05
9.287149e-05
3.261981e-05
5.0346345e-05
6.029998e-05
6.007953e-05
4.2223346e-05
7.525665e-05
8.0143865e-05
4.713148e-05
2.9094426e-05
4.1324478e-05
7.964734e-05
4.000376e-05
8.956969e-05
6.417632e-05
5.4524782e-05
8.63296e-05
6.6252425e-05
4.382672e-05
3.2114174e-05
3.4944722e-05
1.7406757e-05
2.938938e-05
0.00010947971
6.332009e-05
5.2793126e-05
6.0636943e-05
5.362419e-05
4.0162664e-05
4.0681327e-05
4.7276495e-05
6.4618165e-05
6.259006e-05
0.00017794661
3.7903876e-05
4.304007e-05
2.9337078e-05
8.133504e-05
7.449441e-05
4.082775e-05
2.8046888e-05
0.00017581438
4.5128683e-05
2.9419996e-05
6.211228e-05
5.401997e-05
7.63389e-05
6.17664e-05
9.342791e-05
3.730177e-05
0.000109205306
5.1568848e-05
6.4985135e-05
4.2648746e-05
3.5082827e-05
0.00013063374
3.068286e-05
8.0302154e-05
4.0084127e-05
9.4952695e-05
8.478768e-05
4.3909433e-05
5.2521154e-05
3.4491288e-05
0.00012680342
3.8666356e-05
6.874948e-05
4.8319325e-05
5.875e-05
3.2232594e-05
3.226665e-05
3.436091e-05
4.9014954e-05
9.652985e-05
6.0427377e-05
8.014559e-05
5.55143e-05
5.2573356e-05
3.375653e-05
0.00012222797
8.7446664e-05
0.00011673432
6.5322325e-05
5.1235824e-05
4.3594988e-05
9.225516e-05
3.8328828e-05
0.00011379117
8.499592e-05
6.0389953e-05
8.89201e-05
3.1267293e-05
5.129706e-05
2.521244e-05
4.3382854e-05
5.9792088e-05
8.3043786e-05
0.00018019987
0.00010772583
4.9792132e-05
7.208544e-05
0.00010902735
4.2289616e-05
6.873159e-05
0.00017507534
4.6997204e-05
2.618426e-05
0.00018793035
8.752498e-05
2.431289e-05
9.508481e-05
0.00010631494
0.00012957315
4.8056656e-05
4.204316e-05
3.9321512e-05
5.8344038e-05
5.1661453e-05
3.296206e-05
7.2753945e-05
5.082207e-05
5.3212978e-05
4.262249e-05
6.176526e-05
6.346896e-05
8.0368845e-05
5.1011793e-05
2.3519731e-05
3.4372304e-05
9.876993e-05
7.393359e-05
4.6591773e-05
2.937002e-05
7.3710784e-05
4.03327e-05
2.4957266e-05
6.245217e-05
2.8165732e-05
5.884056e-05
7.51185e-05
9.044655e-05
6.263484e-05
3.2805867e-05
9.730244e-05
5.850392e-05
9.91514e-05
4.2841642e-05
6.7671666e-05
6.658958e-05
6.5400076e-05
5.4760105e-05
4.246079e-05
4.5338136e-05
4.415012e-05
3.0842755e-05
3.168341e-05
2.6403874e-05
5.784035e-05
8.615042e-05
4.455475e-05
9.304184e-05
4.2552365e-05
0.00010324541
5.687454e-05
5.982072e-05
5.0921448e-05
4.044538e-05
3.0508412e-05
4.3529766e-05
4.313103e-05
3.6292233e-05
4.062284e-05
5.862116e-05
2.7234988e-05
0.00021443768
3.719746e-05
8.6642955e-05
7.894277e-05
8.552103e-05
6.2687184e-05
3.2907494e-05
3.6568847e-05
4.659613e-05
4.525716e-05
0.00022754626
3.9059993e-05
4.4181434e-05
3.630502e-05
3.59838e-05
4.3231343e-05
3.2777687e-05
3.6921094e-05
7.867424e-05
2.7594428e-05
3.9566246e-05
9.959975e-05
4.2434294e-05
2.875388e-05
4.1452735e-05
4.255167e-05
6.2372616e-05
4.7396443e-05
2.5585945e-05
4.414876e-05
6.8126334e-05
1.891477e-05
0.00010322013
6.7468114e-05
6.127271e-05
5.5533063e-05
3.7564085e-05
7.990932e-05
3.1225158e-05
0.0001535358
0.00011877009
7.3566494e-05
4.367893e-05
5.2183044e-05
3.181331e-05
3.4700803e-05
5.1003e-05
2.769469e-05
3.2371576e-05
3.9646802e-05
7.265089e-05
8.1337814e-05
2.9206558e-05
3.311032e-05
5.0039045e-05
5.5406294e-05
3.831888e-05
5.8342754e-05
0.000106874315
4.2195436e-05
6.7256624e-05
8.621044e-05
4.6082278e-05
3.888268e-05
6.716158e-05
7.505441e-05
0.0001385677
0.00011981991
9.611909e-05
6.963287e-05
6.572463e-05
4.7467754e-05
9.291538e-05
2.2458578e-05
2.8427006e-05
0.00015629506
3.4324814e-05
2.4540343e-05
0.00017158735
5.0829254e-05
2.6279413e-05
5.0843235e-05
4.1701238e-05
3.1858468e-05
3.528817e-05
4.9589242e-05
3.2455835e-05
4.5070086e-05
3.7098915e-05
3.884735e-05
8.090792e-05
6.171383e-05
0.000117189404
3.112361e-05
5.2572053e-05
5.789935e-05
5.70981e-05
3.282427e-05
3.8258793e-05
4.6870948e-05
5.0350904e-05
3.7220823e-05
7.5483484e-05
5.3699998e-05
3.922491e-05
5.0301245e-05
4.4507167e-05
5.3730473e-05
4.9566654e-05
3.30089e-05
2.543481e-05
3.313987e-05
0.00014616818
7.6147946e-05
6.4534324e-05
8.379127e-05
4.249705e-05
5.6898552e-05
6.284292e-05
3.4991823e-05
0.00013025005
2.48821e-05
6.428008e-05
3.818029e-05
8.008989e-05
7.1501396e-05
0.0001972214
3.415532e-05
4.4090106e-05
2.6652757e-05
4.2766515e-05
2.7333372e-05
4.705664e-05
2.5026966e-05
8.300981e-05
3.775488e-05
2.9751785e-05
2.4886187e-05
5.62249e-05
2.9403236e-05
5.7220503e-05
4.2323372e-05
6.181217e-05
3.0581e-05
0.000100490164
4.2578708e-05
0.00010019572
4.677556e-05
8.30792e-05
0.00024387821
3.0163057e-05
5.823972e-05
7.433826e-05
2.9777519e-05
5.0627576e-05
8.810057e-05
8.960728e-05
4.4228364e-05
3.386576e-05
5.5391985e-05
4.7714875e-05
7.443816e-05
5.903621e-05
2.8965182e-05
3.269552e-05
2.9137449e-05
4.7259407e-05
6.886262e-05
4.6412868e-05
3.6063586e-05
4.8025184e-05
4.5266417e-05
4.7739915e-05
8.1493294e-05
5.1077193e-05
3.5605295e-05
2.943384e-05
4.0987605e-05
2.391555e-05
0.00013268519
7.83192e-05
3.9923732e-05
4.711173e-05
0.00011284316
6.418569e-05
3.766941e-05
3.5920326e-05
9.11647e-05
4.225647e-05
3.935259e-05
6.940364e-05
0.00010294128
4.6166235e-05
0.00010365286
4.8774156e-05
3.294054e-05
8.529253e-05
0.00011075144
7.263097e-05
4.1607265e-05
0.00016198955
4.8989692e-05
8.249586e-05
4.5628793e-05
2.1763026e-05
0.00013255663
6.296011e-05
6.834909e-05
6.702373e-05
0.000108814784
7.180243e-05
5.958714e-05
4.9417842e-05
2.6086396e-05
4.4163797e-05
4.2392843e-05
5.4441647e-05
3.0587707e-05
4.2611257e-05
5.491485e-05
3.8124737e-05
0.0001014666
0.000108892695
4.130424e-05
6.0297592e-05
5.8971447e-05
4.7880287e-05
5.4079952e-05
0.00016407139
0.0001124591
4.1507265e-05
0.00013513498
0.000112208836
4.2457854e-05
3.015714e-05
0.00011429752
7.8812016e-05
4.2508418e-05
5.539221e-05
3.9323506e-05
4.9346076e-05
6.935973e-05
9.8581986e-05
0.00018217832
4.297156e-05
8.295729e-05
0.00016555945
3.104935e-05
5.772107e-05
3.8945585e-05
4.0235067e-05
4.3674223e-05
7.894709e-05
2.4456025e-05
6.757075e-05
5.1428797e-05
0.00013547226
4.5099816e-05
0.000137122
4.084442e-05
3.5717643e-05
0.00010519348
4.6676476e-05
4.3904194e-05
4.9713122e-05
0.00010964347
0.00012647048
6.304578e-05
0.00012247241
4.151012e-05
4.8195576e-05
0.00016796788
3.6125715e-05
4.346453e-05
5.6809597e-05
5.6846835e-05
4.793867e-05
1.6155122e-05
4.2545496e-05
0.00011044444
3.00596e-05
3.8425358e-05
4.965614e-05
6.732058e-05
