0.00055889034
0.00020071867
0.00048692754
0.00048608234
0.00092494604
0.000577668
0.0014420655
0.002095358
0.002129558
0.007297197
0.003754911
0.0006874259
0.0018286342
0.0011673276
0.00038899755
0.0020799078
0.000630866
0.0017118881
0.0004538416
0.0006206581
0.0009180895
0.0004113562
0.0015943196
0.000246075
0.00051085826
0.00045734557
0.0021744582
0.000637837
0.0011132209
0.0027006122
0.0008759432
0.00054502103
0.0005410273
0.00041415845
0.0027566834
0.0040232767
0.00042424494
0.0006628093
0.00029269993
0.00059186143
0.002436489
0.0037898615
0.0007448789
0.0018084713
0.0020470014
0.00096519454
0.0006248515
0.0005646212
0.00023590549
0.0035209192
0.00016304583
0.0024294988
0.0008672039
0.0013046731
0.0011782754
6.584632e-05
0.0020350332
0.004264607
0.0011685358
0.00027355406
0.0025576707
0.000553894
0.0022498276
0.0033514523
0.0048801634
0.009349197
0.0044845506
0.0007216379
0.0051812073
0.0010758984
0.001471453
0.0008527491
0.00068257924
0.0010631118
0.0022405218
0.0018514071
0.00040089805
0.00059147103
0.001955343
0.00036376595
0.0022290228
0.0006594324
0.0010868964
0.0017957822
0.0034075542
0.0037259958
0.0015323086
0.00045889523
0.0050812755
0.0010066997
0.0011475935
0.00033169094
0.00029690095
0.0008281241
0.003198865
0.0030501036
0.0007498866
0.000641816
0.0006848408
0.0005064525
0.00095210056
0.0004966239
0.002767654
0.0028622304
0.0008012008
0.0018087816
0.0031535898
0.00026946096
0.0010444823
0.0033468218
0.0043220487
0.00022545688
0.00093773706
0.00044008004
0.0017911185
0.0019386498
0.0010066017
0.00018132044
0.0062237573
0.00086428877
0.0015816623
0.0006552562
0.0030567495
0.000761864
0.00074085634
0.0005222655
0.0012486217
0.0022401784
0.0005561971
0.0004076105
0.00054937275
0.0006862201
0.0004235803
0.0005956146
0.0005291536
0.0018603409
0.00084668305
0.0033667218
0.0030418972
0.0004637382
0.0011365823
0.004757898
0.00231103
0.0026947765
0.002700003
0.0002866071
0.0030178695
0.0006505546
0.0013633086
0.001105059
0.0010307885
0.0051793666
0.0015373193
0.0032469907
0.0019432643
0.0031814934
0.0010239263
0.00043993024
0.0010962301
0.00057443837
0.00143045
0.00069437904
0.00085933885
0.0041124956
0.0014911399
0.000742443
0.0005556808
0.0017928688
0.00064985343
0.001030084
0.0008036213
0.0060247653
0.0023687081
0.0006644244
0.0005281949
0.0056486
0.00091703044
0.0014333503
0.0009319185
0.0016717253
0.0011861401
0.00091446703
0.006826231
0.001399096
0.002898179
0.00077664707
0.0006683943
0.0014427778
0.00259029
0.0043669958
0.00036703542
0.001695866
0.0010102694
0.0007373468
0.0006819023
0.001480066
0.0021538949
0.0020281132
0.0031189555
0.0017008056
0.0012311038
0.0011807883
0.0004917932
0.0055260356
0.0005603735
0.0005968886
0.001957014
0.0027633216
0.0007270114
0.0008364182
0.002082973
0.002787783
0.0024397906
0.0048102043
0.0006104459
0.004892208
0.0009462194
0.0005337459
0.0001672479
0.00089139846
0.00044840298
0.0009772994
0.0002966932
0.00080867764
0.0004168459
0.0005204491
0.0006424252
0.0012176743
0.0021323378
0.0024949745
0.00071572384
0.0012089931
0.005957126
0.002428405
0.0007149964
0.00090130174
0.0054769716
0.0016496455
0.0015189496
0.00069477496
0.0007044991
0.0014942506
0.005911476
0.0043113236
0.0019461362
0.003059867
0.0007629275
0.0027940683
0.0014872918
0.0014039252
0.0034406588
0.0008478444
0.0026265231
0.00070672604
0.0024345403
0.0027833441
0.00051870354
0.00063392654
0.0014116409
0.0025878947
0.001668271
0.003010197
0.0013311408
0.0006958451
0.00035811478
0.00027121865
0.0032132005
0.0026859678
0.0008098411
0.00029088435
0.00039291847
0.003030708
0.00095672836
0.00048572963
0.0009625814
0.0010496153
0.001262734
0.00018478456
0.0013726642
0.0024729744
0.0014390965
0.0010587377
0.0008673321
0.0016886153
0.002274628
0.002084169
0.0020679012
0.0017872461
0.0042876285
0.0005392205
0.0023413228
0.0025159705
0.0036204958
0.0003223003
0.0016352793
0.002967968
0.00021759252
0.0010179
0.001743623
0.0018182249
0.003609313
0.000882742
0.003789108
0.0017495719
0.0010681155
0.00042157518
0.004963709
0.00029224216
0.0020932986
0.0013614988
0.0021900788
0.0006441567
0.00224279
0.00072933786
0.0016942836
0.001484991
0.0007393004
0.0034620366
0.0028861598
0.0012838584
0.0008869648
0.00079127797
0.00072574196
0.003480254
0.0009895341
0.0039409283
0.0008133351
0.0055422396
0.00059833366
0.0045737736
0.0004708715
0.0042695156
0.0034342192
0.0037328235
0.001240389
0.00048399382
0.0004434007
0.005632043
0.0004916655
0.0015299262
0.0006122189
0.0005725292
0.0062584504
0.00027505704
0.0013584562
0.006104191
0.0016462508
0.002979897
0.0007641004
0.0019822873
0.0007862632
0.0005075761
0.006161964
0.0003600349
0.0004899579
0.0010552409
0.0011046942
0.0010641932
0.0010066612
0.0011630775
0.0012028015
0.0007221771
0.0003683878
0.0005829339
0.00072829676
0.005524975
0.00062996463
0.00083996006
0.00037768358
0.00074133824
0.0010483083
0.0006600282
0.006128352
0.0016642412
0.0006977023
0.00037650048
0.0023935076
0.00025494423
0.010021687
0.0019522901
0.0017091804
0.0005692048
0.00029763582
0.004257867
0.00224599
0.000603058
0.0009130245
0.0009629252
0.0010673048
0.003675648
0.003634307
0.0021261075
0.005022531
0.0028028623
0.0005631931
0.005341604
0.0003904648
0.0021364836
0.0016703563
0.00052267156
0.0005299344
0.0013824108
0.0046157087
0.0016068846
0.0004188107
0.0006395549
0.00116156
0.0037189578
0.0031837334
0.0022289502
0.00088252354
0.0015524712
0.006948762
0.0015780788
0.00045830343
0.0016210052
0.00068323064
0.0005092527
0.0012509301
0.0031890194
0.0017369743
0.0022990252
0.0013811274
0.0017914793
0.0008802826
0.0018638395
0.0012197734
0.0003375418
0.00049763685
0.0019317046
0.00041002926
0.00093527423
0.0008771476
0.0048589944
0.0005557958
0.007352837
0.004506464
0.00070382387
0.0010404786
0.00044232138
0.008963067
0.0005973615
0.00059053185
0.00059669086
0.0006254403
0.0008530649
0.00027935512
0.0045023332
0.002170712
0.001018533
0.0047934763
0.00047449928
0.001799735
0.00082266703
0.00046753898
0.00063044805
0.0004327372
0.001519551
0.00077642617
0.00073827396
0.0017428894
0.0020827628
0.002597579
0.002192562
0.0013897995
0.0015374274
0.001495525
0.0026552032
0.0031641354
0.003040622
0.0010201837
0.0005556667
0.000574124
0.0009901789
0.004153866
0.0006333944
0.0006935042
0.004608768
0.0038051903
0.003819486
0.0009976516
0.00061852444
0.0013063622
0.0020541225
0.003420286
0.0041256524
0.0033108315
0.0006299661
0.0010461918
0.00036737413
0.00076916453
0.0023307612
0.0044831643
0.00079713465
0.00065827166
0.0020929312
0.0029346396
0.0019960576
0.0033572626
0.0018171621
0.0007437869
0.0007407874
0.0027400304
0.00041933244
0.0005688928
0.00027765834
0.0017999423
0.0003151758
0.00046316875
0.0022681227
0.0011009983
0.0030265085
0.0041515357
0.0015973102
0.0003852221
0.00058207824
0.006128264
0.0009731009
0.0013064195
0.00041231164
0.001614261
0.0032905014
0.0012655923
0.002172896
0.0058286283
0.0017065137
0.0019164961
0.0031663238
0.0028226809
0.0038335957
0.0013633696
0.00059378694
0.0071463576
0.0012748189
0.0010515371
0.0019479014
0.0024900292
0.00015592315
0.0006759365
0.0050488124
0.0034318815
0.0018925485
0.00074573176
0.0017606753
0.0010235294
0.0006565138
0.0013630914
0.0016422735
0.00047187114
0.0007782192
0.006687496
0.0045086094
0.0010295298
0.0034698648
0.00086351007
0.0011612538
0.0003310605
0.0023115426
0.0016901911
0.005267177
0.008594584
0.0010730195
0.0012271574
0.0016504966
0.0026364995
0.004057374
0.0043138433
0.0006729779
0.0012929756
0.00023234027
0.004065179
0.0010939637
0.00052849407
0.0012349027
0.004935879
0.0014231312
0.00083742134
0.0015276666
0.00078154384
0.000587846
0.0029680652
0.00228675
0.0025261533
0.0032990847
0.0020368614
0.007034972
0.00046939927
0.002640492
0.00041988728
0.0046767765
0.0035734999
0.00053266366
0.0010858227
0.00083311304
0.0021553417
0.002256881
0.0033911578
0.00089092314
0.0006444609
0.0005671973
0.002814983
0.0055582183
0.001212934
0.00081634126
0.0015433816
0.0025949436
0.004097854
0.0054780105
0.0028862625
0.0011416369
0.0036887724
0.00062894536
0.002270266
0.00056649226
0.00031523884
0.0022495217
0.0052757203
0.0020727692
0.00093259953
0.000656462
0.004964915
0.0027805718
0.0029386443
0.00077942386
0.0019656357
0.00095846574
0.0003801131
0.00039966972
0.0029676927
0.0015428955
0.00092254276
0.0005876575
0.0008786548
0.001682016
0.0026960017
0.0041603697
0.0031207784
0.0014584693
0.00076721417
0.0020674875
0.0014982857
0.000755035
0.002079284
0.0004088196
0.0016352376
0.0005262666
0.0024366383
0.0022716757
0.00041183308
0.0011327033
0.0034600976
0.0010061116
0.00086073426
0.0010041303
0.001991676
0.00042578
0.0007861422
0.0011902376
0.0027306578
0.0015306192
0.00016592561
0.0021579596
0.0030181739
0.00073972833
0.0033371178
0.00047938444
0.0043216776
0.004869229
0.002073396
0.00038008142
0.001079735
0.0012915225
