0.0023591253
0.0022415172
0.0021421963
0.0026141775
0.001913427
0.002888685
0.002555132
0.0029864246
0.005243627
0.0022132
0.0026003362
0.0027605984
0.00357538
0.0025910614
0.0031607163
0.003285156
0.0032831847
0.00504327
0.0025957264
0.0046114107
0.0041267606
0.0021583429
0.0054028784
0.003840425
0.005067925
0.0019661088
0.0024157062
0.005784003
0.005406873
0.005221307
0.0039569335
0.0034905595
0.002759697
0.0038747778
0.0046695853
0.0032561691
0.0020754668
0.0026955667
0.0037163016
0.0034227825
0.0025879445
0.001989707
0.004016649
0.0024695466
0.0026802644
0.0026396734
0.0050240085
0.0033052722
