-27
-11
45
21
-15
9
37
52
37
33
-9
-4
-13
45
49
-46
14
71
25
-45
51
47
42
41
58
33
-9
25
19
54
40
38
46
14
22
-12
-4
31
5
11
30
-8
40
-37
-6
27
-31
52
-49
47
-10
0
45
50
29
-54
37
45
21
32
-37
32
-25
-34
48
48
52
-18
-2
-12
-27
9
36
13
-2
67
62
7
18
48
66
45
-20
24
28
23
33
49
58
32
24
40
17
26
14
14
-17
16
46
-48
18
67
31
-56
26
-44
-9
6
36
56
-14
-51
15
40
28
18
24
9
50
41
40
-22
-40
-26
53
7
-20
67
3
25
57
36
40
19
60
31
-23
62
-44
12
-10
41
-2
45
-27
49
-18
44
47
58
25
8
35
23
35
33
51
29
-30
50
-37
26
-39
-12
44
61
47
54
17
37
24
53
29
41
62
65
45
-26
38
44
62
42
59
28
58
44
6
-7
37
28
15
53
42
27
-32
14
7
1
48
39
9
15
2
62
36
44
-24
-2
-9
34
31
52
36
22
16
46
10
31
-8
37
33
50
3
-12
19
23
-32
54
41
50
14
42
53
54
67
53
-9
21
17
44
-39
-12
78
39
0
49
47
-50
38
60
-12
58
-4
46
42
19
35
34
-41
-17
44
22
10
33
38
-58
-7
54
-24
57
30
-9
33
59
43
4
-18
6
32
66
45
48
31
45
27
47
71
-10
-28
25
-8
19
-29
46
10
7
19
62
-23
-1
21
42
-39
-3
28
55
41
-2
-11
-15
65
28
29
0
32
55
20
47
4
37
59
-48
48
55
-14
-26
48
20
-23
16
17
37
99
-54
16
-18
56
-5
-6
16
60
59
45
38
43
47
-3
62
-5
32
-6
7
30
30
64
43
-7
2
15
13
20
8
32
64
5
43
17
51
12
58
21
58
-14
46
-20
15
58
21
20
-1
-15
33
25
36
