396
-4191
-4191
-957
-3960
-4191
-4191
-4191
-1320
-4191
-4191
-4191
-4191
-4191
-4191
462
-4191
-4191
-1419
-4191
-4191
858
-4191
-4191
-4191
-4191
-4191
-4191
-3333
-4191
-4191
-4191
-4191
-4191
-4191
-3366
3828
-4191
-3498
-4191
297
-4191
-4191
-4191
-4158
-4191
-2937
-4191
-4191
-4059
-4191
-4191
-1452
-4191
-3861
-1287
-4191
-2739
-1914
-4191
-4191
-4191
-693
-594
-4191
-4191
-3300
-4191
-2640
-4191
-1386
-2805
-4191
-4191
-3894
-1419
165
-4191
-4191
-4191
-4191
-99
-4191
-4191
-1650
-957
4191
-3696
-4191
-4191
-3729
-3795
-4191
-1254
-4191
-2409
-4191
-4191
-4191
-4191
-3267
-4191
-1386
-4191
-858
-4191
-4191
-4191
-2904
-4191
-2574
-1914
-2046
-3465
-4191
-4191
-4191
-2244
-4191
-4191
-4191
-4191
-4191
-4191
-4191
-4191
-4191
-4191
-4191
-4191
-4191
-957
-3531
-4191
-3531
-4191
-4191
-4191
-4191
-4191
-4191
-2376
396
-4191
-3003
-1155
-2145
-4158
-1518
-4191
-4191
-4191
-4191
-4191
-4191
-4191
-4191
-957
-4191
-1023
-4191
-1254
-4191
1386
-1419
-4191
-4191
-4191
1221
-1485
-4191
-4191
-4191
-4191
-4191
-4191
-4191
-2112
-4191
-4191
-2607
-4026
-4191
3894
-4191
-3135
-4191
-1518
-4191
-4191
-4191
-4191
