1229167783
1200697633
1893883895
1282394585
1735441321
2143926083
1256400100
1866651578
1230405616
1740392651
1157373491
1100433191
1846846256
2114218100
1287345916
1629297174
1916164882
1698306343
1228548867
1112811517
1851797586
1273729757
1841894925
1857986749
1312102568
1448264155
1544815099
1122714178
1224216452
1453215486
1272491924
1966916019
1846846256
1663647029
1104146689
1390086022
1634557963
1398750851
1418556172
1487874799
1635486338
1398750851
1609182395
1723062995
1664884862
1133854672
1906262221
1584425742
1492826129
1166038320
1247735272
2079558787
1794238370
1512631451
1360378040
1276824338
1460642481
1096719693
1678501021
1383896859
1906262221
1990434839
1638890377
1450739820
1578236579
1289821581
1104146689
1437123662
1835705762
1628987716
1379254987
1990434839
1772576299
1282394585
1557193425
2049231888
1471473517
1502728790
1916164882
1099195359
1133854672
1804759947
1965678187
2084510117
1680667228
1129212800
1440837159
1737916986
1926067543
2069656126
1983007843
1888932565
1102289940
1201007091
1765149304
1851797586
1237832611
1242783942
1153659994
1574523081
2059753465
1990434839
1909975719
1189557139
1183367976
1430934499
1158611324
1598041901
1646317373
1689641514
1879029904
1654672743
1216789457
1130141174
1382659027
2041185976
1195746302
1866651578
1242165025
1888932565
1307151237
1156135659
1438361494
1650030871
1138806002
1698306343
2083272285
1589377073
1111573685
1611658060
1632701214
1247116356
1371518533
1506442288
1317053898
1501490957
1718111664
2044899474
1126427676
1765149304
1980532178
1985483508
1433410164
1444550657
1544815099
1311483652
1978056513
1831992265
1583806826
1890170397
1227929950
1699544175
1241546109
1151184328
2051088637
1676025356
2136499087
1596804068
1497777460
1910594635
1156135659
1175940981
1257637933
1678501021
1242783942
1248973105
2020142821
1865413745
1903477098
1181201769
1539863768
1346761881
1162324822
1289821581
1471782975
1268778426
2059753465
2006526663
1547290764
1322005229
1232881281
1146232998
1888932565
1246497439
1747819647
1123952011
1973105182
1738535902
1757722308
1106622354
2053564302
1392561688
