-67
127
57
89
104
120
127
114
121
127
123
115
99
78
127
127
113
122
79
24
95
127
75
127
77
127
98
127
127
127
53
127
81
127
100
127
75
108
116
127
127
127
127
56
47
99
78
114
84
71
113
101
14
111
114
63
37
70
65
72
113
109
127
127
127
127
76
127
98
95
100
80
96
52
127
87
-119
103
127
127
127
-29
94
121
104
82
127
55
116
102
120
66
127
-45
127
62
108
45
103
103
74
42
-8
93
121
127
127
107
49
127
69
116
81
127
127
101
123
114
127
127
107
127
81
123
124
113
127
85
77
119
127
84
102
127
98
127
124
127
127
127
69
104
86
105
122
89
69
76
26
127
119
100
110
127
99
91
125
123
95
95
94
80
104
80
123
113
85
127
-128
101
119
88
108
124
123
74
127
70
63
36
50
127
127
57
76
57
101
127
127
127
127
49
