8.551152e-05
9.86753e-05
0.00016847074
0.0001027641
0.00013821866
8.305361e-05
0.00011178322
7.9277976e-05
8.694024e-05
8.650038e-05
9.997011e-05
8.6280845e-05
0.00014027154
8.362418e-05
0.00012641442
0.00010227005
0.00013084976
5.56779e-05
0.00014292417
0.0001256858
0.00010285816
8.470842e-05
6.0838556e-05
0.00013337222
0.00010767855
8.537458e-05
0.00015062417
0.0001058149
0.00013636863
0.00011212193
0.00015849753
0.00012702389
8.131477e-05
9.1629285e-05
6.839896e-05
0.0001052463
0.00013181467
8.2521234e-05
0.00022091852
8.6061045e-05
8.913315e-05
9.950549e-05
8.8216744e-05
9.802069e-05
0.00016318989
0.00016593438
0.000101370926
7.747293e-05
8.968847e-05
9.7297714e-05
9.5246316e-05
9.122872e-05
0.00012666498
7.943686e-05
0.00012227304
6.45495e-05
0.0003019511
0.00015600781
0.00011156053
0.00012088367
8.6537104e-05
7.596855e-05
0.00021802972
0.00012775885
6.336542e-05
0.00010540455
8.311084e-05
0.00010502333
7.558507e-05
8.0398575e-05
0.000100506695
8.664277e-05
0.0001038409
9.412328e-05
0.00011958654
0.00010971049
8.460647e-05
0.00013121171
0.00021641627
8.250559e-05
0.000108111184
0.000104675084
9.366323e-05
0.000114463204
7.540724e-05
0.00011502016
0.00016276572
9.771077e-05
5.4391774e-05
0.000116440046
0.00022257434
0.00013285378
0.00010437
0.00016286375
8.1807695e-05
0.00010393115
0.00013816854
8.531104e-05
7.485994e-05
8.118888e-05
0.00013108195
9.09624e-05
8.6219035e-05
6.4021246e-05
8.2112674e-05
9.4806186e-05
8.367964e-05
8.641586e-05
7.078159e-05
0.00013796406
0.00025482586
7.529251e-05
7.999451e-05
9.8263496e-05
0.00012948787
8.139891e-05
0.00014108313
0.00011201339
7.456858e-05
8.186788e-05
8.63877e-05
0.00011787917
8.0012025e-05
7.385142e-05
0.000109135755
6.257996e-05
8.278566e-05
0.000105307176
0.00013668419
0.0001687499
9.373562e-05
0.00012396213
9.69145e-05
8.380626e-05
9.108232e-05
0.00011316695
0.00025908716
8.1882754e-05
8.2300554e-05
8.775546e-05
0.00010371529
0.00010023304
0.00020262339
0.00018594999
8.356864e-05
0.00013104774
0.000103313105
7.790696e-05
7.755181e-05
0.00012598929
8.202892e-05
0.00010836052
9.4094816e-05
0.00010348233
0.00014672351
0.00024772744
7.692983e-05
0.00012517087
7.084683e-05
8.8753404e-05
0.00010707384
6.630845e-05
8.861493e-05
0.00015949723
0.00011918093
0.00016670754
0.00016636349
8.7938366e-05
9.686825e-05
0.000110427434
0.00019160222
0.00013030383
8.046758e-05
0.00011803454
9.5393305e-05
8.2973624e-05
6.767067e-05
0.00011037816
0.00010160537
0.00016637449
9.5384356e-05
5.7006375e-05
0.00010025561
0.00010140192
0.0001324563
7.041723e-05
6.891596e-05
0.00010345487
9.999429e-05
0.00018610556
0.0001018797
0.000106910156
0.00010264691
0.00010258227
8.326521e-05
6.433975e-05
9.8636825e-05
0.000111220426
0.00013697376
0.00014275964
7.57356e-05
0.00010658989
0.00012995694
7.205713e-05
0.00013270738
8.564287e-05
0.000115540075
9.063062e-05
9.425055e-05
7.946941e-05
0.00013350636
0.000104463346
8.093846e-05
7.3854404e-05
6.596683e-05
9.418436e-05
0.00010624096
8.354007e-05
0.00012531484
0.000108206754
0.0001380584
0.0001042146
9.0691174e-05
7.446914e-05
0.00018267041
9.136081e-05
0.00012150608
0.00013658467
0.00010587368
0.00010182056
9.587817e-05
9.896971e-05
0.00012516166
6.206967e-05
9.917734e-05
6.609174e-05
0.00018568868
0.00010630063
0.00011671697
0.00014185645
0.00019428055
7.728557e-05
7.849965e-05
9.0740104e-05
6.1834355e-05
0.000132995
0.00010395928
0.000121783865
7.909807e-05
0.0001385117
9.121087e-05
8.9255205e-05
7.499376e-05
9.915764e-05
7.97206e-05
0.0001265728
0.00013862817
0.00010185658
0.00010867764
8.260799e-05
9.776509e-05
0.00010435197
0.00014453282
9.829003e-05
0.0001724808
9.576693e-05
6.9797876e-05
9.326429e-05
0.000111094756
0.00012459992
9.168274e-05
8.910762e-05
0.00015682433
0.00011171391
0.00011392268
0.00010778008
0.00010002895
0.00011615644
8.702986e-05
0.000120599194
0.00015273441
8.32345e-05
0.00012371468
0.0002522782
0.00011884947
0.00012518227
0.00010297732
8.570995e-05
0.00021677245
0.000106532796
9.54166e-05
0.00012764166
0.00011173204
0.00010426084
0.00014080573
0.00012359809
9.028871e-05
6.6355766e-05
8.008285e-05
9.489954e-05
7.158277e-05
7.5740805e-05
0.00018216907
0.00011232514
6.007968e-05
8.881805e-05
0.00013280744
6.208858e-05
7.937608e-05
0.000115583614
0.0001066182
0.00012404603
0.00011698764
0.00010079137
0.000103264945
0.00021522198
8.598639e-05
8.249319e-05
0.00010699181
7.4325115e-05
0.0001101045
0.00011075089
6.151746e-05
0.000111173904
0.00011967655
9.1619426e-05
0.00011859837
8.55729e-05
9.0478585e-05
5.3319847e-05
7.781206e-05
0.00012475552
9.434123e-05
0.00014689795
0.00013326785
0.000109387314
0.00013973207
0.00014663211
8.126218e-05
0.000109793866
0.00014182267
9.108888e-05
8.8963905e-05
0.00011161805
7.395192e-05
0.00011770394
7.906702e-05
0.000102602
0.0001158158
0.00011547825
9.919774e-05
0.00014553635
0.000101439924
7.045275e-05
8.744533e-05
9.35755e-05
0.0001445094
0.00012287781
0.000107379834
0.00011029129
6.988546e-05
8.707152e-05
0.000125634
9.469151e-05
0.00011938784
0.00010556884
9.775017e-05
0.00011851224
9.666057e-05
6.4150605e-05
0.00010111654
8.3824656e-05
0.0001480786
8.08373e-05
9.548019e-05
9.241579e-05
0.00020469245
0.00013404265
8.272213e-05
0.000106210406
4.9241553e-05
7.0775146e-05
6.968919e-05
9.972326e-05
0.00011996629
0.00012225282
8.474645e-05
7.5572156e-05
9.507915e-05
7.270168e-05
0.00013957742
6.416843e-05
8.0980324e-05
0.00010530551
0.00016006157
0.00013715186
7.2777286e-05
0.00011146382
0.000110236215
0.00012867911
9.1208814e-05
0.00010157176
9.003376e-05
0.00012682546
8.025453e-05
0.000100857564
0.00012858983
0.000116988915
8.1222584e-05
0.00010373343
6.835154e-05
0.000108906796
0.00012006515
0.00010954896
0.00015925991
0.00015112801
8.9278576e-05
0.00012876277
0.00012003776
9.559822e-05
5.6959416e-05
8.725575e-05
0.00010841946
8.363303e-05
0.00012566824
0.00010159226
0.00021303748
7.2214e-05
0.0001165532
0.00010036492
0.00010468253
0.00013340847
7.686978e-05
0.0001252462
0.00017646309
8.5113774e-05
8.0976526e-05
0.0001374052
0.00012557433
0.00011100445
0.00012825248
0.00014548819
0.00019800599
0.00012573696
9.783078e-05
6.512085e-05
0.000105755884
9.559914e-05
0.00020848087
0.00010439975
9.350808e-05
0.000109094384
8.217233e-05
9.471977e-05
0.00012805592
9.584124e-05
9.556737e-05
7.2217685e-05
0.00011493646
9.441909e-05
5.9674952e-05
9.866869e-05
0.00012883476
9.731855e-05
0.0001190211
5.929886e-05
0.00012909355
0.000115149975
7.937058e-05
0.00015238994
7.0520866e-05
0.0001024793
6.312921e-05
0.00015701077
0.00011362126
0.00012217948
0.0001700773
0.00010804696
0.000102849786
7.353037e-05
0.00014381621
7.042224e-05
5.7859e-05
0.00010988671
0.000110670466
8.835965e-05
8.926829e-05
7.6565935e-05
0.000102723134
0.0001466954
0.00010158685
8.204013e-05
0.00012281124
0.00010785948
0.00012022986
9.843214e-05
0.00010951202
8.591885e-05
0.00012526853
0.000102688646
7.531492e-05
0.00012170339
8.921578e-05
0.00012620189
0.000104818304
7.273617e-05
0.00015319155
0.00011566748
8.806115e-05
0.000119014636
9.5194475e-05
0.00011475526
8.756559e-05
9.9463796e-05
7.721118e-05
8.3314335e-05
0.000101989994
8.5273525e-05
9.769341e-05
0.00018803826
0.00020450253
8.37185e-05
0.000118731674
6.536262e-05
9.683348e-05
0.00011039024
0.00010446497
0.00014085697
8.5930726e-05
0.00015320104
0.00012307054
9.8720186e-05
0.00011082865
8.6198044e-05
8.458723e-05
0.00013586078
0.0001223739
9.3460796e-05
0.00012847394
0.00011515878
0.000117384254
8.919917e-05
5.9481186e-05
7.8293866e-05
0.00010482212
9.158804e-05
7.866284e-05
9.07311e-05
0.00015269463
9.870629e-05
0.00017074932
9.5011914e-05
0.00010826291
0.00016149212
0.00015768998
8.7827444e-05
9.2740105e-05
0.00019209147
8.638485e-05
7.142386e-05
0.00011544141
0.00012959488
0.0001623981
8.328105e-05
0.00010355543
0.00025284593
0.00017316524
7.418598e-05
0.00014945398
8.108491e-05
0.00011422122
9.071503e-05
9.702572e-05
0.00018528555
0.00010566269
7.046733e-05
9.636714e-05
0.00010503959
0.00010207516
9.462958e-05
9.6151234e-05
0.00013361165
8.430398e-05
9.74195e-05
6.759901e-05
8.514599e-05
7.272115e-05
0.00013312529
0.00012434168
6.341044e-05
9.237618e-05
0.00010036197
0.00010779797
8.128959e-05
0.000112545895
8.0678954e-05
0.00017387199
7.811065e-05
0.00010134296
0.00012130941
9.68335e-05
0.0001425084
9.491367e-05
0.00012216403
0.00013439823
9.902615e-05
9.7908385e-05
8.425383e-05
0.00012399929
8.8463305e-05
8.701447e-05
9.563982e-05
0.000111644855
0.00015747528
0.00014363375
0.00014759731
7.3009985e-05
7.34811e-05
0.00015972374
7.0254886e-05
8.535168e-05
0.00011618031
0.00010373893
0.00013205138
8.564178e-05
7.976146e-05
0.00012095407
6.244215e-05
6.7929286e-05
0.00013146858
0.00015268105
8.3115e-05
6.476665e-05
0.00013073736
7.303508e-05
0.000103353486
9.978148e-05
0.00010964724
7.3361836e-05
0.00013295453
0.0001288854
0.00017614457
0.0001122007
8.249151e-05
8.16959e-05
8.043593e-05
8.53378e-05
0.00013141037
8.552449e-05
0.00013842237
8.5068605e-05
9.7105476e-05
0.00016785752
9.578527e-05
0.000110184425
8.237034e-05
8.423996e-05
9.1168324e-05
0.00011177231
0.00011751495
0.0001304767
0.00012336813
0.000109135224
9.645898e-05
7.4393116e-05
0.00010522742
0.00010215049
9.981827e-05
8.478906e-05
0.00011324513
7.7430035e-05
0.000147219
5.0632294e-05
9.57473e-05
9.4596755e-05
7.59864e-05
8.4920706e-05
0.000106942985
0.00012310292
8.021866e-05
8.3633655e-05
0.00010571295
9.234173e-05
0.00012598053
9.060696e-05
0.00012173187
8.187659e-05
0.000121652476
8.5932246e-05
8.4211875e-05
0.00012697563
9.365097e-05
0.000105383144
9.754163e-05
6.533883e-05
6.86672e-05
0.00015862923
5.2573538e-05
0.00012857388
4.481557e-05
0.00019277362
0.00011598682
9.46919e-05
7.258197e-05
8.4113606e-05
0.00014807799
7.9118865e-05
5.4902666e-05
0.00013095827
0.00014679297
6.157191e-05
0.00013553216
8.9108966e-05
0.00016333706
5.3290463e-05
9.158612e-05
9.722918e-05
0.000112333524
0.000111045185
8.819695e-05
8.286562e-05
9.609481e-05
7.04924e-05
0.00010316481
0.0001923107
0.000109952
8.954199e-05
9.207418e-05
0.00010977549
0.000114109185
9.595526e-05
0.00013313604
0.00011717817
9.4099996e-05
0.00010919577
8.1962135e-05
6.1262814e-05
8.950328e-05
7.962464e-05
0.00010765831
7.356481e-05
0.0001244444
0.00013414414
0.00017206476
9.531142e-05
0.0001671081
8.5000065e-05
9.215489e-05
0.00012544286
0.00012211938
0.000112713584
7.40535e-05
9.547629e-05
0.000102140424
6.858883e-05
8.3201034e-05
8.1045444e-05
6.1727806e-05
7.4376876e-05
0.00010853899
7.309815e-05
0.00013005562
0.00020077243
9.796772e-05
8.562459e-05
0.000116207
5.3178956e-05
8.988392e-05
6.8828966e-05
6.148132e-05
0.00016700011
0.00018500292
8.214288e-05
0.00011275914
8.090217e-05
0.000116834206
6.983075e-05
0.00010511088
8.352369e-05
7.4936754e-05
0.00014327801
9.1454254e-05
8.577598e-05
8.152994e-05
8.5011015e-05
6.213593e-05
0.000103569895
8.0146805e-05
9.269458e-05
0.00015180084
9.110979e-05
0.00011113321
7.655784e-05
0.00018090344
0.00015373134
0.00012217267
0.00012313135
7.2459225e-05
9.754695e-05
8.8099136e-05
0.000111796406
0.00015194895
7.528474e-05
8.719668e-05
0.000140532
5.5161174e-05
9.626435e-05
0.00010792004
7.584088e-05
7.961835e-05
0.00011692841
0.00010833186
6.387741e-05
0.00011804419
9.150636e-05
8.408457e-05
0.00011228708
9.460341e-05
7.122016e-05
0.00018468763
0.00012249993
0.00014640814
6.564946e-05
9.18834e-05
0.00013434424
0.000113529146
0.00011088326
8.440641e-05
9.4807874e-05
7.403132e-05
0.00018835258
0.00010585851
8.665769e-05
7.0284696e-05
0.00018895739
9.529189e-05
0.00011500862
6.8921334e-05
9.188271e-05
9.542356e-05
8.918385e-05
0.00015514529
0.00011015668
0.00011628944
0.00010747131
6.331712e-05
0.00010614463
5.6188157e-05
9.568989e-05
6.715267e-05
0.00012189544
0.00015428268
9.256443e-05
8.235383e-05
0.00010032573
0.00010453688
0.00011008727
7.078927e-05
9.547049e-05
0.00021721196
0.0001223681
6.891402e-05
0.00011072746
7.8196805e-05
6.7972614e-05
9.515082e-05
8.554212e-05
7.3283176e-05
5.2240328e-05
7.033833e-05
6.850568e-05
7.744408e-05
7.6500924e-05
9.692269e-05
9.998032e-05
6.7624096e-05
0.00012854057
7.994248e-05
9.719716e-05
7.757438e-05
0.00011583919
0.00010439362
0.00018782692
0.00014293363
0.000104288396
8.000305e-05
0.00012547449
0.00015257113
0.00012515177
9.951583e-05
7.630168e-05
0.00012806791
0.00014985648
0.000121487334
0.00015028675
8.022879e-05
0.00014071146
8.648398e-05
9.953244e-05
8.026402e-05
0.00011008401
0.000105878804
9.444964e-05
7.646385e-05
8.5273394e-05
0.0001553256
6.5197324e-05
0.000107483014
8.043921e-05
0.00010385949
7.90881e-05
9.0538095e-05
8.991293e-05
7.6146374e-05
7.4811614e-05
0.0001717074
0.00013884055
0.000107430234
9.316334e-05
0.00011706024
7.04833e-05
0.00010891124
0.00010571814
7.0544695e-05
8.617993e-05
0.00011733757
0.00012650415
8.262347e-05
8.789057e-05
0.00012301054
0.000115429975
0.00014704595
8.059239e-05
8.0760736e-05
8.7120054e-05
0.00010123425
7.6216005e-05
8.486234e-05
0.00015842775
0.00023194526
0.00016493825
0.00010245054
0.00014502568
8.7090266e-05
7.931908e-05
5.8181486e-05
0.00019242338
7.865198e-05
0.00011270268
9.7695134e-05
0.00012833328
8.131221e-05
6.806879e-05
0.0001316583
0.00010234937
0.00011051943
0.00017884473
0.00010193198
0.0001234389
0.00011332533
0.00010844773
0.00014680029
0.00014525832
0.0001994279
6.954526e-05
0.00016378266
9.009039e-05
8.661377e-05
6.786283e-05
8.515568e-05
8.98218e-05
0.00015072743
7.703143e-05
0.00010163557
8.2945e-05
0.00010037866
5.0312483e-05
9.203759e-05
0.00014416855
0.000114616516
6.0736813e-05
9.4669565e-05
5.325484e-05
0.00022590329
0.000100334066
7.561656e-05
9.372563e-05
0.000112614194
8.078738e-05
0.00010422379
8.91922e-05
0.00012513378
0.000105343825
8.082905e-05
0.000112152215
7.799354e-05
0.000108011256
9.015785e-05
8.969133e-05
9.419842e-05
8.6317414e-05
7.350243e-05
0.000103989885
9.5337164e-05
0.0001022439
9.6615564e-05
0.00010495144
0.00010142182
0.00024309155
6.0867846e-05
0.000155679
8.046309e-05
8.1669816e-05
0.00015783876
8.1436774e-05
0.00011425873
0.00011825289
8.5654916e-05
5.4700584e-05
8.200366e-05
9.574942e-05
9.205477e-05
0.00019208471
0.000121060155
9.754508e-05
8.4757055e-05
0.00020488018
9.71489e-05
0.000103397004
9.3107046e-05
8.338885e-05
0.0001261627
7.7285054e-05
0.00014100659
8.576443e-05
0.0001338713
0.00013594836
0.00019921646
7.190806e-05
8.006952e-05
6.204076e-05
0.00010377051
7.332323e-05
0.00012327192
0.00013598552
8.46399e-05
0.00025260032
9.702307e-05
9.412546e-05
0.00012307391
9.6686264e-05
7.766384e-05
0.0001519837
0.00012960746
0.00010558723
6.1738836e-05
0.00016070098
5.318582e-05
8.8847875e-05
0.00017597296
0.00014192176
0.00010862875
0.000100678226
0.00010858521
9.816085e-05
7.9944846e-05
8.417086e-05
0.00013919928
7.57526e-05
0.0001217155
0.00026698437
9.5039155e-05
9.656802e-05
0.00012513214
0.00010906918
0.00010000957
7.467623e-05
0.00011142468
0.00011429369
9.521038e-05
0.00013561797
0.00018519154
8.520428e-05
8.5592736e-05
8.545454e-05
9.638752e-05
0.000107287015
9.487764e-05
0.00010204569
7.091266e-05
0.0001298502
8.2310835e-05
0.00021020682
9.1044596e-05
7.618326e-05
7.827904e-05
9.425701e-05
0.0001533189
0.0001321728
8.6835724e-05
0.000112834896
0.000103936494
8.031919e-05
9.993455e-05
0.00017938878
7.9306796e-05
0.00010096356
0.00012870469
0.00011673722
0.00010896421
0.0001290977
0.00012756378
7.13093e-05
7.6088545e-05
9.47429e-05
8.166734e-05
0.00012506782
7.7629156e-05
0.00010646867
6.940003e-05
6.011479e-05
0.000100457124
0.0001077927
0.0001555481
0.00012279804
0.00016288056
0.00010213588
0.00016038422
0.00012642199
0.00014313938
0.00010584291
0.0001472238
0.00010847547
0.0001587753
7.5608834e-05
6.9989495e-05
7.9796046e-05
8.011703e-05
8.9762885e-05
0.00012582364
7.877071e-05
0.00018323342
0.00021938594
8.2367296e-05
0.00010174476
6.492646e-05
0.00020329535
0.000108883905
0.0001841124
0.00011772593
0.00014512347
0.00012447212
