0.0013069807
0.0015081794
0.0025749514
0.0015706737
0.0021125705
0.0012694133
0.0017085243
0.0012117055
0.0013288177
0.0013220947
0.0015279696
0.0013187393
0.0021439474
0.0012781341
0.0019321514
0.0015631225
0.0019999424
0.00085099577
0.0021844907
0.001921015
0.0015721113
0.0012947059
0.00092987256
0.0020384963
0.0016457874
0.0013048877
0.0023021796
0.0016173029
0.002084294
0.0017137013
0.002422518
0.0019414666
0.0012428365
0.0014004862
0.0010454278
0.0016086122
0.0020146903
0.0012612763
0.003376577
0.0013153797
0.0013623346
0.0015208682
0.0013483281
0.0014981742
0.0024942374
0.002536185
0.00154938
0.0011841167
0.0013708222
0.001487124
0.0014557699
0.0013943639
0.001935981
0.0012141339
0.0018688533
0.0009865917
0.0046151006
0.0023844645
0.0017051206
0.0018476179
0.0013226559
0.0011611234
0.0033324237
0.0019527
0.00096849387
0.001611031
0.001270288
0.0016052044
0.0011552622
0.0012288331
0.001536171
0.0013242711
0.0015871318
0.0014386051
0.0018277923
0.0016768441
0.0012931477
0.0020054744
0.0033077635
0.0012610373
0.0016523999
0.0015998817
0.0014315735
0.0017494858
0.0011525442
0.0017579985
0.0024877542
0.0014934372
0.0008313382
0.0017797004
0.003401885
0.0020305722
0.0015952187
0.0024892527
0.0012503704
0.0015885112
0.0021118044
0.0013039164
0.0011441791
0.0012409124
0.0020034912
0.0013902934
0.0013177946
0.0009785177
0.0012550318
0.0014490428
0.0012789817
0.0013208028
0.0010818446
0.0021086792
0.003894826
0.0011507906
0.0012226573
0.0015018852
0.0019791268
0.0012441225
0.002156352
0.0017120423
0.0011397259
0.0012512903
0.0013203725
0.0018016964
0.0012229249
0.0011287646
0.0016680597
0.00095648866
0.0012653179
0.0016095428
0.0020891172
0.002579218
0.0014326801
0.0018946701
0.0014812668
0.0012809171
0.0013921263
0.0017296736
0.0039599566
0.0012515177
0.0012579034
0.0013412777
0.001585212
0.0015319883
0.0030969493
0.0028421087
0.0012772852
0.0020029682
0.0015790648
0.0011907505
0.0011853224
0.0019256535
0.0012537517
0.0016562107
0.0014381701
0.0015816513
0.002242561
0.0037863315
0.0011758158
0.0019131447
0.0010828417
0.0013565305
0.0016365449
0.0010134759
0.001354414
0.0024377978
0.0018215928
0.0025480022
0.0025427435
0.0013440732
0.0014805599
0.0016878021
0.002928499
0.0019915982
0.0012298877
0.0018040711
0.0014580165
0.0012681908
0.0010342964
0.001687049
0.0015529634
0.0025429118
0.0014578797
0.0008713005
0.0015323332
0.0015498538
0.0020244971
0.0010762755
0.0010533297
0.0015812316
0.0015283392
0.0028444866
0.0015571562
0.0016340431
0.0015688825
0.0015678946
0.0012726474
0.0009833857
0.0015075913
0.0016999224
0.002093543
0.002181976
0.001157563
0.001629148
0.0019862961
0.0011013403
0.0020283347
0.0013089882
0.001765945
0.0013852224
0.0014405503
0.0012146315
0.0020405464
0.0015966455
0.0012370847
0.0011288102
0.0010082545
0.0014395387
0.0016238149
0.0012768485
0.0019153451
0.0016538607
0.002110121
0.0015928436
0.0013861479
0.0011382061
0.0027919828
0.0013963828
0.001857131
0.002087596
0.0016182014
0.0015562524
0.0014654272
0.0015126792
0.0019130039
0.00094868924
0.0015158528
0.0010101637
0.002838115
0.0016247269
0.001783933
0.0021681716
0.0029694354
0.0011812531
0.0011998095
0.0013868958
0.00094509264
0.0020327307
0.0015889412
0.0018613768
0.0012089558
0.0021170496
0.001394091
0.0013642001
0.0011462244
0.0015155516
0.0012184707
0.0019345721
0.0021188296
0.0015568029
0.0016610578
0.0012626024
0.0014942675
0.0015949431
0.0022090778
0.0015022908
0.002636242
0.0014637271
0.0010668092
0.001425476
0.0016980016
0.001904418
0.0014013032
0.0013619444
0.0023969444
0.0017074649
0.0017412243
0.0016473392
0.0015288689
0.0017753658
0.0013301874
0.0018432699
0.0023344331
0.0012721781
0.0018908879
0.0038558869
0.0018165268
0.001913319
0.0015739326
0.0013100136
0.0033132073
0.0016282754
0.0014583726
0.0019509088
0.0017077421
0.0015935503
0.002152112
0.0018891058
0.0013799965
0.0010141991
0.0012240075
0.0014504696
0.0010940899
0.0011576425
0.0027843202
0.0017168071
0.00091827376
0.0013575186
0.0020298641
0.00094897824
0.0012132049
0.0017666105
0.0016295807
0.0018959522
0.0017880701
0.0015405219
0.0015783287
0.0032895096
0.0013142386
0.0012608478
0.001635291
0.0011360047
0.0016828662
0.0016927458
0.0009402491
0.0016992113
0.0018291681
0.0014003356
0.0018126889
0.0013079188
0.0013828987
0.00081495463
0.0011893001
0.0019067964
0.0014419364
0.002245227
0.002036901
0.0016719046
0.002135702
0.002241164
0.0012420326
0.0016781185
0.0021676552
0.0013922264
0.0013597478
0.0017059998
0.0011303007
0.0017990181
0.0012084811
0.0015681961
0.0017701592
0.0017650002
0.0015161645
0.002224416
0.0015504346
0.0010768184
0.0013365375
0.0014302327
0.0022087197
0.0018780971
0.0016412218
0.0016857212
0.0010681478
0.0013308242
0.0019202234
0.0014472901
0.0018247553
0.0016135421
0.0014940394
0.0018113723
0.0014773858
0.0009804948
0.0015454919
0.0012811982
0.0022632724
0.0012355386
0.0014593444
0.0014125073
0.0031285735
0.0020487434
0.0012643469
0.0016233479
0.0007526209
0.0010817461
0.0010651479
0.0015241966
0.0018335965
0.0018685445
0.001295287
0.0011550648
0.0014532149
0.0011111917
0.002133338
0.0009807673
0.0012377247
0.0016095173
0.0024464233
0.0020962653
0.0011123472
0.0017036425
0.0016848794
0.0019667656
0.0013940596
0.0015524495
0.0013760998
0.0019384337
0.0012266315
0.0015415336
0.001965401
0.0017880895
0.0012414275
0.0015854891
0.001044703
0.0016645603
0.0018351076
0.0016743753
0.0024341706
0.0023098805
0.0013645573
0.001968044
0.0018346888
0.0014611484
0.00087058276
0.00133364
0.0016571117
0.0012782693
0.0019207466
0.0015527629
0.0032561212
0.0011037379
0.00178143
0.001534004
0.0015999954
0.0020390502
0.001174898
0.0019142961
0.0026971085
0.0013009014
0.0012376666
0.0021001373
0.0019193111
0.0016966213
0.0019602447
0.0022236798
0.0030263758
0.0019217969
0.0014952715
0.0009953242
0.0016164009
0.0014611626
0.0031864766
0.0015956734
0.0014292023
0.0016674274
0.0012559436
0.001447722
0.0019572405
0.0014648628
0.0014606769
0.0011037942
0.0017567193
0.0014431264
0.00091208774
0.0015080783
0.0019691444
0.0014874425
0.0018191499
0.0009063395
0.0019731
0.0017599827
0.0012131209
0.0023291681
0.0010778595
0.0015663208
0.0009648836
0.002399794
0.0017366174
0.0018674235
0.0025995064
0.0016514183
0.0015719833
0.0011238576
0.002198125
0.0010763521
0.0008843323
0.0016795375
0.0016915166
0.0013505123
0.0013644001
0.001170254
0.0015700476
0.0022421312
0.0015526803
0.001253923
0.0018770794
0.0016485528
0.0018376249
0.0015044628
0.0016738106
0.0013132064
0.0019146374
0.0015695204
0.0011511332
0.0018601469
0.0013635975
0.001928903
0.0016020706
0.0011117188
0.0023414202
0.0017678923
0.0013459498
0.0018190511
0.0014549776
0.0017539498
0.0013383756
0.0015202309
0.0011801161
0.0012733983
0.001558842
0.0013033431
0.0014931719
0.0028740265
0.0031256708
0.0012795756
0.0018147263
0.0009990196
0.0014800285
0.0016872336
0.0015966702
0.002152895
0.0013133879
0.0023415652
0.0018810426
0.0015088654
0.0016939344
0.0013174737
0.0012928535
0.0020765322
0.001870395
0.0014284796
0.0019636296
0.0017601172
0.0017941319
0.0013633438
0.0009091262
0.0011966642
0.001602129
0.0013998558
0.0012023036
0.001386758
0.002333825
0.001508653
0.0026097777
0.0014521872
0.0016547189
0.0024682882
0.0024101753
0.0013423779
0.0014174642
0.0029359767
0.0013203288
0.0010916612
0.0017644371
0.0019807622
0.0024821353
0.0012728896
0.0015827686
0.003864564
0.0026467033
0.0011338781
0.002284294
0.0012393232
0.0017457873
0.0013865125
0.0014829667
0.0028319533
0.0016149766
0.0010770413
0.0014729009
0.0016054529
0.0015601437
0.0014463435
0.0014696008
0.002042156
0.0012885244
0.0014889854
0.0010332011
0.0013013938
0.0011114893
0.0020347221
0.0019004712
0.000969182
0.001411902
0.0015339588
0.0016476127
0.0012424516
0.0017201812
0.0012331185
0.0026575055
0.0011938638
0.0015489525
0.0018541251
0.0014800288
0.002178136
0.0014506856
0.0018671873
0.0020541782
0.0015135418
0.0014964576
0.0012877578
0.0018952378
0.0013520966
0.0013299522
0.0014617844
0.0017064095
0.0024068938
0.0021953362
0.0022559164
0.001115904
0.0011231045
0.0024412598
0.0010737942
0.0013045376
0.0017757305
0.0015855732
0.0020183083
0.0013089717
0.0012190953
0.001848694
0.00095438235
0.0010382491
0.0020094006
0.0023336175
0.0012703517
0.0009899107
0.0019982243
0.0011162874
0.001579682
0.0015250865
0.0016758774
0.0011212816
0.0020321123
0.0019699184
0.0026922403
0.0017149051
0.001260822
0.0012486618
0.001229404
0.0013043255
0.0020085108
0.0013071789
0.002115684
0.0013002111
0.0014841858
0.0025655788
0.0014640073
0.0016840879
0.00125897
0.0012875458
0.0013934408
0.0017083575
0.0017961296
0.0019942406
0.001885591
0.0016680516
0.0014743045
0.001137044
0.0016083237
0.001561295
0.0015256489
0.0012959384
0.0017308685
0.0011834612
0.0022501342
0.0007738774
0.0014634271
0.0014458419
0.0011613962
0.0012979505
0.0016345448
0.0018815376
0.0012260833
0.0012782789
0.0016157447
0.0014113755
0.0019255198
0.0013848607
0.0018605822
0.0012514235
0.0018593686
0.0013134112
0.0012871166
0.0019407291
0.0014313861
0.0016107039
0.0014908521
0.0009986559
0.0010495277
0.0024245312
0.00080354785
0.0019651572
0.000684973
0.0029464029
0.0017727732
0.0014472961
0.001109362
0.0012856146
0.002263263
0.0012092737
0.00083914684
0.0020016008
0.0022436224
0.0009410813
0.0020715094
0.001361965
0.0024964868
0.0008145055
0.0013998264
0.0014860765
0.0017169353
0.001697244
0.0013480255
0.00126654
0.0014687384
0.0010774245
0.0015767983
0.0029393276
0.0016805355
0.0013685834
0.0014072862
0.0016778376
0.001744075
0.0014666056
0.0020348865
0.0017909821
0.0014382493
0.001668977
0.001252731
0.0009363571
0.0013679918
0.001217004
0.0016454781
0.001124384
0.001902041
0.0020502945
0.0026298831
0.001456765
0.0025541242
0.0012991634
0.0014085197
0.0019173019
0.0018665049
0.0017227442
0.0011318533
0.0014592848
0.0015611412
0.0010483298
0.0012716666
0.00123872
0.00094346405
0.0011367959
0.0016589386
0.0011172515
0.0019878044
0.0030686588
0.0014973645
0.0013087089
0.0017761384
0.00081280124
0.0013738096
0.0010520001
0.00093969674
0.0025524737
0.0028276336
0.0012554935
0.0017234405
0.0012365303
0.0017857249
0.0010673116
0.0016065424
0.0012765982
0.0011453532
0.002189899
0.001397811
0.0013110228
0.0012461252
0.0012993308
0.00094970193
0.0015829897
0.001224985
0.0014167684
0.002320164
0.0013925461
0.0016985893
0.0011701302
0.0027649761
0.0023496703
0.0018673195
0.0018819721
0.001107486
0.0014909334
0.0013465305
0.0017087258
0.002322428
0.0011506719
0.001332737
0.0021479283
0.000843098
0.0014713298
0.0016494783
0.001159172
0.001216908
0.0017871647
0.0016557727
0.00097631913
0.0018042186
0.0013986074
0.0012851708
0.0017162254
0.0014459436
0.0010885478
0.0028228145
0.0018723212
0.0022377407
0.0010034037
0.0014043702
0.002053353
0.0017352095
0.001694769
0.0012900899
0.0014490687
0.0011315142
0.0028788308
0.0016179695
0.001324499
0.0010742499
0.0028880746
0.0014564665
0.0017578221
0.0010534119
0.0014043597
0.0014584789
0.0013631096
0.0023712816
0.0016836638
0.0017773985
0.0016426198
0.0009677556
0.0016223426
0.00085879466
0.0014625496
0.0010263792
0.0018630822
0.0023580974
0.0014147792
0.0012587177
0.0015334049
0.0015977692
0.0016826029
0.0010819619
0.0014591962
0.003319925
0.0018703063
0.0010533001
0.0016923877
0.0011951806
0.0010389114
0.0014543103
0.0013074484
0.0011200794
0.000798455
0.0010750695
0.001047059
0.0011836757
0.0011692604
0.001481392
0.0015281257
0.0010335846
0.001964648
0.001221862
0.0014855871
0.0011856674
0.0017705167
0.0015955797
0.0028707965
0.0021846353
0.0015939714
0.0012227877
0.0019177851
0.0023319374
0.0019128527
0.0015210262
0.001166215
0.0019574238
0.002290446
0.0018568445
0.0022970224
0.0012262381
0.002150671
0.001321844
0.00152128
0.0012267765
0.0016825531
0.0016182796
0.0014435933
0.0011686938
0.0013033411
0.0023740376
0.0009964932
0.0016427988
0.0012294542
0.0015874159
0.0012088035
0.0013838082
0.001374253
0.0011638413
0.0011434405
0.0026244214
0.0021220758
0.0016419921
0.0014239331
0.0017891796
0.0010772854
0.0016646282
0.0016158241
0.0010782238
0.0013171968
0.0017934184
0.0019335229
0.001262839
0.0013433427
0.0018801257
0.0017642622
0.0022474893
0.0012317954
0.0012343684
0.0013315659
0.001547291
0.0011649056
0.0012970584
0.0024214515
0.0035451127
0.0025209598
0.0015658812
0.0022166108
0.0013311106
0.0012123338
0.0008892612
0.0029410499
0.0012021377
0.0017225775
0.0014931982
0.00196148
0.0012427974
0.0010403814
0.0020123
0.0015643348
0.0016892082
0.00273351
0.0015579554
0.0018866729
0.0017320943
0.0016575438
0.0022437344
0.0022201666
0.0030481087
0.0010629481
0.0025032975
0.0013769653
0.0013238278
0.0010372334
0.0013015419
0.0013728602
0.002303758
0.0011773687
0.0015534249
0.0012677533
0.001534214
0.00076898927
0.0014067269
0.0022035101
0.0017518292
0.0009283175
0.0014469547
0.000813961
0.0034527655
0.0015335324
0.0011557435
0.0014325273
0.0017212251
0.0012347756
0.001592984
0.0013632372
0.0019125779
0.0016101028
0.0012354126
0.001714164
0.0011920739
0.0016508726
0.0013779964
0.0013708661
0.0014397536
0.0013192982
0.0011234306
0.0015894088
0.0014571584
0.0015627228
0.0014766979
0.0016041056
0.0015501579
0.0037154756
0.00093032024
0.0023794388
0.0012298191
0.001248263
0.0024124493
0.0012447012
0.0017463606
0.0018074084
0.0013091724
0.00083605817
0.0012533655
0.0014634595
0.0014069894
0.0029358736
0.0018503154
0.0014909048
0.0012954492
0.003131443
0.0014848495
0.0015803472
0.0014230727
0.0012745372
0.0019283042
0.0011812452
0.002155182
0.0013108463
0.0020461243
0.0020778705
0.003044877
0.0010990618
0.0012238037
0.0009482473
0.0015860558
0.0011206917
0.0018841206
0.0020784386
0.0012936586
0.0038608103
0.0014829262
0.0014386384
0.0018810942
0.0014777784
0.0011870346
0.002322959
0.0019809548
0.0016138231
0.00094363274
0.0024561961
0.00081290613
0.0013579744
0.0026896172
0.0021691697
0.0016603105
0.0015387926
0.0016596451
0.0015003163
0.0012218981
0.0012864897
0.0021275587
0.0011578228
0.0018603319
0.0040806597
0.0014526036
0.0014759712
0.0019125527
0.0016670421
0.0015285728
0.0011413712
0.0017030442
0.0017468949
0.0014552206
0.002072821
0.0028305165
0.0013022848
0.001308222
0.0013061098
0.0014732124
0.001639803
0.001450135
0.0015596934
0.0010838478
0.001984665
0.0012580606
0.0032128566
0.0013915497
0.0011644051
0.0011964375
0.001440649
0.0023433666
0.0020201642
0.0013272201
0.0017245983
0.0015885929
0.0012276197
0.0015274261
0.0027418255
0.001212146
0.0015431538
0.0019671565
0.0017842425
0.0016654378
0.0019731633
0.0019497186
0.0010899103
0.0011629574
0.0014480755
0.0012482252
0.0019115695
0.0011865045
0.0016272954
0.0010607283
0.0009188104
0.0015354132
0.0016475321
0.0023774384
0.0018768776
0.0024895095
0.0015610717
0.0024513549
0.0019322671
0.00218778
0.0016177311
0.0022502074
0.0016579678
0.0024267638
0.0011556254
0.001069738
0.0012196238
0.0012245299
0.0013719597
0.0019231219
0.0012039524
0.002800588
0.0033531527
0.0012589236
0.0015550938
0.0009923532
0.00310722
0.0016642103
0.0028140226
0.0017993543
0.0022181056
0.0019024649
