127128
-142177
27207
-12265
101246
25815
399571
-203052
-119706
16439
-19777
-222987
21305
-90285
23080
24340
-87306
-249126
68126
84801
281992
-38424
154195
26674
-46814
-89892
-102379
106775
-132097
-19424
-72600
-205315
-64683
-164615
-86425
-175592
22907
39265
63963
128497
-54032
-50253
6229
152914
-164991
262381
-63032
59651
88856
-40679
-141890
-170115
-10913
190250
215078
-45979
-98339
-32790
13691
-33364
-131001
75580
-25732
141029
-19382
110698
77038
118382
193581
83998
-47128
2442
81441
73173
154831
-75225
81934
74647
-148382
-154118
178905
129650
35113
-123113
-72971
101956
-103778
-22778
-68899
3359
83785
90693
60266
79229
120986
14754
