0.00972633
0.01432593
0.01308361
0.00579775
0.00723083
0.00686422
0.00764966
0.01197782
0.00510188
0.01252512
0.01137230
0.00521314
0.01001842
0.00823766
0.00644171
0.02116884
0.01000457
0.01290573
0.00498402
0.00794166
0.01427232
0.00895575
0.00977180
0.00464607
0.00820680
0.00642734
0.00508181
0.00991863
0.01062281
0.01191110
0.01889524
0.00586279
0.00728331
0.02025589
0.00928721
0.00646129
0.00612051
0.02152435
0.02100089
0.00700256
0.00589707
0.00421828
0.00841878
0.00927604
0.00613153
0.00585030
0.00969870
0.02418192
0.00688995
0.01115888
0.01492896
0.01482791
0.00753760
0.01208580
0.00427415
0.02666829
0.00606350
0.01044403
0.02983756
0.00619307
0.01151355
0.00480542
0.01049490
0.00283010
0.01796807
0.00747422
0.00667967
0.01177697
0.01285484
0.00301567
0.00628359
0.00769851
0.01393948
0.00653801
0.00773974
0.00716456
0.01040191
0.00971921
0.00826113
0.00358437
0.01009006
0.02681206
0.00289092
0.00862199
0.00432218
0.00556411
0.00558853
0.00588633
0.00670962
0.00889205
0.00689374
0.01437503
0.00573676
0.01206374
0.00947392
0.00509319
