0.00034806
0.00026651
0.00115456
0.00073738
0.00044913
0.00023112
0.00021146
0.00040376
0.00032557
0.00028032
0.00024003
0.00088030
0.00043209
0.00074006
0.00056250
0.00045691
0.00061045
0.00023562
0.00112803
0.00045198
0.00017765
0.00054707
0.00092416
0.00066747
0.00031939
0.00043732
0.00095726
0.00078663
0.00037166
0.00089461
0.00074368
0.00050667
0.00075006
0.00087161
0.00042041
0.00031770
0.00065578
0.00049479
0.00065246
0.00056063
0.00028892
0.00056260
0.00035190
0.00074936
0.00015158
0.00028077
0.00026511
0.00061084
