1805814503
1500990903
2031488514
1222937710
1553026873
1644294428
1443173158
1246804031
1201341859
1174861859
1818698092
1866113923
1672596082
1921502794
1807662558
1214489455
1171297752
1560392695
1144976157
1384510587
1566992895
1756814624
1111262340
1969499443
1571269824
1193210413
1989775255
1495393934
1162215878
1376326340
1941884210
1789340405
1487737703
1913820163
1825667902
1633575704
1507379895
1788337175
1887604171
2018710528
1316924547
1075779669
1902705427
1436916169
1098721961
1846471730
1117070515
1638644657
1879235119
1375006300
2009470249
1538955248
1114852848
1518415428
1084359928
1524698818
1174729855
1277217749
1282286702
1396971763
2137197304
1746043099
1481612718
1667157518
1227584251
1555323742
1298259184
1287725266
1298232783
1889663433
1920816374
2112697365
1603109185
1886178528
1211162955
1782634603
1621325735
1222726504
1517200992
1706969919
1979162135
1533991899
1352618424
1162585489
1244955975
1385091405
1122825889
1702719391
1537688010
1689228584
2068132820
1574913134
1268083073
1801009558
1610131797
1470946796
1924934898
1075885272
1923034041
1714150936
1190147921
1515669746
1872133304
1281191069
1856556834
1180194820
1635370958
1601683542
1335035494
2087933418
1577077999
1914110571
1864001859
1700422522
1271039962
1205961998
1526810882
2077478702
1663250200
1544816225
1587163103
1673071296
1135683077
1470365978
2142583067
1173832228
1802435201
1698204855
1567468109
1179930812
1184973365
1128211651
1589750382
1563191180
1289203710
1839607523
1937818487
1714256539
2098704943
1542704162
1869862836
1696726410
1087607226
2038299920
1822499806
1541859336
1429101533
1818064472
1394437287
1118232150
1951124488
1205565986
1181198051
1937818487
1519946675
1774186348
1245589594
2058628533
2136458082
1120713825
1536103962
2126848192
1625576263
1938874519
1733529121
1096108283
1884700084
1156249298
1988244009
1089772091
1890191449
2015489631
1476834173
1495974751
1490060973
1992732144
1570530601
1167760045
1672068066
1824928680
1879050313
1077363717
1417775591
1529450962
1398872620
1726928922
2035976649
1171825768
2030062871
1484252797
1361409890
1087079210
1150229916
1231227561
1325003191
1074512431
1173911431
1682733988
1999173939
1181778868
1210621739
1697835244
1476385360
1400826279
1155246067
2096012061
1222356893
1114800047
1602581169
1115697674
1637694229
1125729977
1182042876
1085785571
1248546483
1573487491
1083884714
1900962974
1455000715
1780997754
1570689006
1106906208
1100886827
2100288990
1475725340
1242738308
1846577333
1132171771
1440612280
1233867640
1132910993
1354730488
1085864773
1397130168
1107196617
1410224963
1920182755
1487104083
1438421014
2087352600
1178980384
1355311306
1763626029
1770015022
1927891787
1189725508
2041309610
1932802335
1696832013
1697254426
2128326637
2087616608
1998540320
1223888139
1926888557
1946953163
1607491717
1167020823
1276188118
1287038845
1934861598
1494918719
1290259742
1632994887
1102682081
1746043099
1111262340
1768853387
1158519766
1603954010
1183389317
2108790047
1189778310
1206384411
1907563174
1615253551
1110206308
1151497154
1909675237
1976574857
1132646985
1244322356
1154322039
1412125820
1116331293
1524751620
1873822955
1566517680
1224574560
1365871624
2013615174
1093230596
2034973419
2078059520
1853177532
1712144476
1983175056
1748947186
1193263215
1933805566
1761989180
1086339988
1346810249
1469151542
1845389297
1301612085
1750478433
1710771634
1271409573
1365185204
1253826643
1414924305
1191520762
2063486280
1090748921
1670431217
1120661024
2098546538
1308423491
1127683636
1367561275
1269007101
1463343366
1529767771
1601630740
1334613081
1479395051
1411861813
1815529996
1542017741
1959255934
2002711645
1929317430
1089006468
2027581196
1209552506
1218660781
1870971669
1985762334
1720487127
1971400300
1090801722
1966595355
1160235818
1558491838
1527444501
1265971009
1391638802
1586423881
1772021483
1927363771
1790158830
1436256149
2125052938
1197988957
1645033650
1790449239
1623332195
1169687303
1099540386
1454314294
1419042829
1616679194
2110902111
1938452106
1742637396
1780364135
1788284374
1366558045
2056674874
1945844329
1755441782
1309426721
1468227514
1338916411
2047645802
1896210831
1156328500
1834327363
1332976232
1176419506
1631833252
1319723032
1325425604
1307209054
1570160990
2025310727
1300344847
1857771271
1078419749
1696515204
1101652450
1199467402
1853388739
1884647282
1441325102
1845574103
1723549620
1274577669
1829575220
2011318305
1136976716
1568207331
1220746444
1881637591
1736380407
2052503548
1314918087
2043210468
1710666031
1764206847
1213169416
1925410112
1451647813
1501254911
1232970013
1987346382
1314231666
1252295397
1127208421
1905926324
1329649731
2052609151
1428811124
1602633970
1480134273
1695987188
1582569365
1244111149
1357634576
1647251317
1204061141
2120828810
1175521879
1697676839
2097807316
1097111513
1562346354
1097243517
1769381403
1340210050
1398027795
1780997754
1830525649
1932168716
1190781540
1980323770
2022195433
1408693717
1963691268
1847210952
1417511583
1562293553
1467435490
1659606890
1388259500
1609339773
1171139347
1975994039
1460808890
1232072386
1871446884
2025891545
1700897736
1304067359
1402674335
1345411007
1544974630
1321887897
1351087178
1988930429
1126891612
1849164611
1449509349
1078789360
2088619838
1636215784
1118179349
1092016159
1082485471
1746755920
1480292678
1395757326
1607438915
1128475659
1085178353
1295143890
1162717493
1544974630
1873822955
1903075038
1737172431
1302404109
1440691483
1305466601
1866800343
2130174692
1256493123
1892409116
1696832013
1183125309
1575705158
1735799590
1595505755
1211743773
1669216780
1435305720
1816110813
1404258383
1582569365
1367244466
1329544128
1155510075
1177633943
1436572958
1504423006
1342797328
1998170708
1201790672
1076017276
1098220346
1427438283
1722176778
1286141218
1520263484
1443120356
1150573126
1332184208
1738122860
1490377782
1759824315
1712038872
2075841853
1192523993
1959572743
1105401363
1642974388
1968813022
1316554936
1685532472
1261430072
1095633068
1223465726
1949962853
1451938222
1595875366
1966120141
1664095025
1770859848
1194266445
1645429662
2038405523
1365079601
1529556565
1915747421
1417537984
1638380649
1300556053
1575599554
2090045481
1074459629
1429972759
1497347593
1909147221
1138613565
1261139663
1988217608
1751006448
1331075374
1213275019
2040464785
1679724297
1138455161
1121822659
1393592461
1636690998
1485520036
1196695318
2006249352
1396074136
1199995418
1509703166
1680146710
1587321508
1073773208
1832320903
1509465558
1577183602
1452888651
1160975040
1524487612
1613088686
1284372365
1230329934
1401301494
1960628775
1489374552
1662906989
1370993379
1684582044
1311485983
1417300377
1531457422
1582041349
1650525016
1182095678
1529978977
1617418417
1923667660
2004612503
1949329234
1940775376
1579454071
1610078995
1283342734
1082538273
1510600793
1309822733
1199678608
1169819307
1088372849
1834960982
1621589742
1892197910
1615623162
1576312376
1164803156
1976258047
1565356045
1619636084
1484067992
1358558604
1478761432
2019608155
1155219667
1303935355
1810513845
1704857856
1509597562
1075278054
2057308493
1239200601
1876832646
1468412319
1123089897
1975202015
1129320485
1683050797
2001180399
1926518946
2020822592
1194662457
1232441997
1860305747
1183811730
1958305505
1573857102
1169555299
1790766049
1184234142
1296173521
1524065199
1887788977
2005404527
1690601425
1693347108
1568840950
1896052426
1993788176
1085547964
1312198805
1977419682
