0.00017100
0.00028427
0.00038474
0.00023161
0.00058825
0.00062282
0.00054664
0.00023613
0.00022752
0.00044501
0.00008611
0.00035342
0.00063354
0.00036391
0.00034235
0.00023001
0.00044366
0.00029552
0.00043369
0.00052442
0.00029677
0.00033272
0.00042092
0.00009325
0.00014879
0.00022598
0.00018842
0.00028321
0.00022011
0.00026066
0.00036777
0.00008472
0.00028176
0.00072491
0.00034576
0.00030938
0.00007137
0.00033869
0.00035749
0.00019116
0.00024941
0.00040748
0.00036035
0.00054427
0.00083234
0.00017485
0.00021156
0.00015517
0.00071181
0.00026041
0.00038057
0.00029146
0.00021114
0.00028757
0.00082146
0.00028876
0.00022248
0.00024189
0.00024285
0.00026457
0.00020238
0.00008267
0.00056120
0.00031574
0.00046498
0.00014728
0.00049175
0.00024388
0.00049174
0.00035788
0.00018189
0.00010003
0.00030361
0.00035722
0.00011469
0.00033761
0.00015353
0.00023157
0.00028734
0.00032328
0.00037483
0.00007263
0.00025617
0.00044036
0.00023578
0.00026232
0.00042530
0.00064495
0.00029122
0.00007998
0.00019584
0.00029827
0.00012008
0.00034109
0.00015247
0.00013929
0.00018228
0.00020376
0.00009105
0.00016232
0.00005635
0.00028705
0.00017728
0.00097057
0.00035161
0.00044703
0.00030972
0.00030334
0.00025284
0.00039543
0.00014934
0.00036251
0.00035302
0.00032204
0.00024072
0.00045679
0.00028916
0.00039345
0.00015750
0.00029257
0.00030059
0.00031686
0.00043017
0.00027847
0.00020289
0.00022231
0.00034136
0.00032162
0.00014843
0.00089386
0.00044884
0.00042734
0.00015054
0.00029605
0.00024416
0.00034840
0.00009175
0.00016233
0.00039747
0.00058434
0.00035413
0.00032134
0.00020598
0.00038603
0.00034516
0.00029201
0.00054131
0.00008608
0.00052818
0.00042356
0.00036952
0.00005708
0.00044741
0.00018350
0.00057572
0.00033601
0.00023590
0.00009747
0.00020231
0.00021225
0.00014546
0.00040280
0.00061573
0.00009180
0.00032831
0.00020759
0.00035694
0.00043796
0.00037655
0.00041278
0.00017899
0.00038171
0.00055939
0.00014166
0.00014110
0.00075480
0.00029744
0.00044232
0.00063334
0.00034562
0.00035587
0.00040808
0.00026851
0.00028966
0.00026493
0.00032706
0.00038559
0.00022193
0.00038447
0.00014055
0.00051567
0.00041176
0.00043568
0.00011659
0.00012547
0.00010175
0.00044465
0.00063738
0.00037862
0.00044763
0.00091711
0.00032155
0.00027961
0.00013265
0.00021879
0.00004962
0.00011575
0.00042226
0.00030351
0.00042260
0.00031016
0.00005330
0.00044773
0.00041127
0.00023646
0.00029800
0.00041055
0.00036002
0.00006889
0.00033730
0.00059494
0.00041927
0.00041699
0.00079554
0.00055897
0.00005884
0.00017486
0.00021442
0.00054567
0.00011684
0.00010728
0.00025657
0.00020565
0.00013230
0.00041938
0.00006677
0.00036366
0.00028164
0.00054484
0.00019766
0.00044657
0.00025668
0.00033401
0.00033522
0.00036512
0.00005633
0.00009665
0.00036605
0.00008034
0.00008036
0.00020154
0.00039537
0.00018925
0.00023179
0.00036493
0.00073746
0.00030444
0.00022102
0.00048339
0.00024375
0.00036644
0.00007078
0.00012218
0.00030927
0.00041767
0.00033068
0.00021046
0.00033500
0.00043882
0.00030377
0.00044824
0.00019969
0.00022533
0.00091390
0.00036127
0.00061182
0.00021026
0.00043616
0.00036167
0.00037434
0.00021451
0.00047132
0.00043723
0.00026744
0.00021142
0.00028877
0.00017744
0.00007417
0.00011596
0.00006467
0.00076271
0.00041409
0.00019270
0.00009839
0.00035097
0.00016213
0.00037559
0.00033123
0.00022599
0.00009156
0.00016685
0.00010287
0.00102028
0.00013912
0.00069899
0.00024651
0.00008288
0.00008100
0.00024079
0.00025855
0.00047492
0.00026797
0.00022566
0.00009770
0.00041315
0.00031636
0.00042448
0.00039744
0.00006195
0.00042714
0.00012950
0.00048067
0.00013857
0.00014486
0.00030333
0.00050552
0.00014009
0.00026739
0.00034384
0.00029204
0.00037106
0.00037929
0.00036539
0.00041249
0.00019200
0.00045815
0.00011540
0.00017717
0.00009402
0.00032584
0.00004667
0.00041317
0.00037245
0.00043947
0.00014758
0.00028928
0.00047952
0.00026356
0.00030045
0.00033560
0.00018251
0.00067807
0.00027201
0.00040246
0.00045377
0.00031155
0.00067818
0.00015372
0.00044305
0.00020824
0.00055086
0.00053750
0.00015309
0.00039978
0.00018356
0.00066007
0.00033718
0.00033868
0.00025881
0.00038951
0.00009213
0.00033246
0.00049598
0.00055613
0.00050715
0.00009695
0.00035912
0.00087598
0.00017370
0.00050490
0.00022280
0.00030905
0.00024994
0.00025102
0.00049514
0.00059474
0.00038357
0.00024627
0.00008796
0.00040848
0.00032130
0.00020864
0.00045433
0.00035101
0.00035693
0.00054594
0.00034953
0.00032642
0.00048278
0.00017325
0.00009523
0.00021533
0.00014850
0.00046239
0.00017818
0.00032885
0.00019436
0.00024903
0.00019348
0.00032398
0.00008353
0.00011488
0.00036465
0.00054985
0.00014216
0.00023351
0.00018819
0.00012445
0.00023717
0.00021348
0.00009024
0.00025182
0.00038874
0.00006765
0.00007588
0.00007008
0.00008030
0.00007493
0.00011781
0.00006428
0.00031197
0.00045607
0.00020083
0.00044526
0.00008038
0.00039730
0.00010389
0.00059178
0.00041561
0.00016755
0.00050764
0.00026477
0.00016865
0.00008667
0.00036593
0.00011276
0.00037505
0.00019149
0.00026679
0.00018595
0.00069968
0.00013423
0.00014794
0.00055583
0.00031431
0.00006573
0.00030479
0.00044360
0.00037423
0.00013833
0.00011667
0.00035443
0.00019184
0.00032213
0.00049395
0.00026565
0.00050961
0.00007315
0.00025035
0.00025588
0.00018834
0.00010671
0.00035021
0.00006863
0.00020431
0.00039556
0.00030988
0.00021177
0.00041363
0.00041002
0.00066163
0.00028035
0.00013217
0.00030443
0.00010686
0.00020552
0.00049057
0.00044041
0.00014630
0.00008872
0.00018021
0.00032900
0.00012333
0.00027285
0.00024724
0.00035355
0.00040343
0.00047593
0.00008960
0.00008034
0.00022407
0.00029842
0.00032874
0.00030217
0.00022949
0.00031613
0.00054366
0.00034395
0.00026595
0.00029972
0.00025894
0.00025180
0.00021884
0.00044606
0.00027207
0.00056984
0.00025431
0.00037843
0.00045521
0.00040757
0.00020799
0.00013517
0.00032616
0.00024358
0.00028792
0.00054662
0.00043581
0.00050460
0.00032918
0.00056452
0.00033329
0.00008106
0.00019657
0.00090340
0.00018556
0.00020935
0.00015558
0.00037287
0.00024934
0.00031922
0.00023890
0.00041500
0.00023171
0.00036930
0.00027498
0.00007556
0.00018618
0.00031516
0.00016769
0.00022618
0.00062325
0.00038605
0.00025853
0.00007242
0.00018141
0.00053693
0.00031029
0.00024631
0.00029840
0.00039583
0.00040698
0.00013541
0.00014179
0.00036157
0.00005391
0.00047769
0.00075309
0.00033162
0.00025209
0.00022978
0.00038644
0.00007953
0.00021561
0.00042492
0.00026393
0.00030997
0.00014067
0.00011332
0.00009499
0.00052880
0.00045453
0.00014296
0.00007955
0.00015031
0.00005084
0.00034702
0.00057175
0.00014935
0.00027516
0.00043975
0.00028872
0.00015275
0.00048649
0.00023301
0.00026539
0.00037132
0.00028207
0.00062987
0.00025965
0.00007976
0.00024838
0.00013421
0.00029004
0.00029962
0.00031259
0.00044775
0.00057952
0.00015316
0.00009108
0.00037965
0.00018459
0.00009189
0.00029913
0.00030493
0.00024305
0.00041004
0.00028609
0.00049613
0.00045441
0.00022155
0.00041225
0.00034752
0.00030711
0.00035836
0.00030598
0.00059707
0.00022060
0.00009357
0.00029646
0.00030674
0.00056213
0.00051459
0.00056012
0.00038249
0.00043757
0.00049390
0.00034289
0.00008072
0.00028590
0.00040729
0.00038963
0.00093876
0.00035545
0.00027810
0.00010635
0.00037408
0.00042776
0.00031875
0.00009475
0.00036486
0.00009568
0.00045251
0.00023341
0.00035232
0.00022420
0.00037088
0.00029807
0.00011075
0.00033915
0.00011214
0.00049096
0.00007216
0.00071505
0.00009495
0.00032018
0.00032070
0.00007428
0.00035909
0.00037760
0.00041118
0.00049703
0.00037450
