932
287
322
693
424
636
555
340
1155
-898
259
421
-1100
-27
-319
109
1464
-146
-95
543
645
-2134
498
1681
354
672
409
1000
6164
497
312
2095
121
289
1219
829
-1247
13
1172
642
169
-41
354
614
773
-707
628
856
1002
448
-1005
1073
-934
179
1416
2042
-291
-109
433
1005
760
549
-168
921
570
-143
-1556
634
1463
918
280
334
363
317
171
-156
-472
-35
301
652
539
839
-231
69
-298
-754
157
258
872
939
1181
540
560
896
-360
-731
302
67
911
615
-1899
-122
1031
717
453
487
780
1108
800
6059
412
221
962
254
1011
1897
2452
-91
499
543
57
526
918
610
188
821
347
-140
792
257
667
964
814
408
482
1121
257
978
-844
164
823
941
-705
1118
-381
-483
4475
702
621
981
387
997
323
140
992
71
318
320
3807
1138
311
236
463
366
-466
999
2578
139
568
81
-600
1748
287
319
586
-397
1170
1496
784
231
461
484
171
48
600
898
2577
955
-315
-46
2
476
62
697
972
-1287
418
265
373
-455
390
1001
522
545
725
514
850
-17
5
-2075
895
932
-59
160
1167
-983
147
50
281
404
102
-340
3409
-1008
-149
1071
107
1024
1118
1109
18
725
23
1529
339
34
483
620
662
152
1149
1041
-298
884
-63
1220
769
345
871
13
270
257
694
666
550
957
1098
-686
119
1238
11
1148
398
3997
711
761
644
496
1501
879
-161
235
559
374
-574
79
34
415
832
1300
6386
743
125
6302
-1815
1231
442
1006
-241
26
915
581
230
471
-302
447
881
252
15
416
483
-119
775
1061
43
3146
1159
271
-914
1183
499
2156
-745
917
-73
279
785
889
234
735
716
1147
615
1498
-294
2038
250
859
-424
1070
593
1289
387
1316
1083
1254
1143
299
549
25
155
630
8
-1625
208
332
438
401
281
116
788
562
-539
488
746
121
55
784
-372
791
619
1741
-127
765
1008
191
1168
1032
1291
774
169
638
463
-193
1609
447
-350
509
711
217
-914
735
291
744
1007
831
454
461
547
893
695
920
989
362
588
650
260
503
1143
2047
1
1027
511
646
929
-1132
403
310
2882
473
847
622
768
760
302
-862
1023
2036
724
63
609
904
211
1204
686
1014
940
502
-1109
1248
340
564
1051
512
472
220
1207
786
1211
905
-431
-151
-381
943
1000
305
1103
924
639
586
589
687
1003
1125
639
-1571
5285
-231
664
110
675
131
129
400
411
369
437
-284
906
1110
1259
710
1632
155
286
3547
305
656
1551
1422
513
-348
198
334
906
1372
719
695
1008
194
-338
357
782
-1093
655
795
757
293
-214
1166
-15
731
1803
496
710
-166
709
776
768
1087
-370
645
-504
1133
886
79
378
1091
-688
260
832
-195
783
-64
58
557
180
678
151
1079
1090
946
-141
485
732
532
143
183
428
170
1496
-40
491
180
-777
107
226
539
154
1620
-121
342
72
-35
-968
-687
640
614
423
135
503
828
1000
138
-647
129
-81
-858
56
97
451
23
858
882
74
903
357
1247
232
1063
3689
-1259
-2499
445
-214
1085
428
146
129
1135
1072
734
277
396
-18
992
926
118
120
284
1546
714
-291
280
3223
105
796
301
-425
-140
654
-80
421
159
-637
203
-153
932
592
498
-196
394
723
940
166
103
-31
954
1224
-2163
617
-1276
-272
45
382
-97
392
-247
1149
1275
228
224
-21
31
344
438
579
393
1198
-1068
-323
221
629
235
399
1352
1371
883
1872
912
542
14
601
729
883
4930
475
565
586
585
1136
-485
2314
438
617
-289
281
454
1339
694
348
-419
-24
-1123
418
43
711
-247
567
562
617
74
443
803
845
28
105
235
658
1294
1264
729
416
5059
1129
1150
1041
594
675
149
-134
500
718
371
162
492
-582
-1352
486
555
1397
176
1406
-103
708
-242
-51
654
-1985
1845
881
696
525
-33
281
-503
-91
524
536
457
663
3463
24
1154
-261
1060
-181
-131
608
538
-250
71
724
693
898
1181
-362
326
2651
977
871
2675
293
-1363
312
311
-1014
1012
-35
51
365
1357
859
1359
5867
777
419
-838
1132
1797
57
715
-78
-801
776
-79
800
-2637
217
1326
324
214
491
-362
1899
-53
701
324
1420
610
547
404
958
-1420
456
-417
554
188
-30
278
752
1629
-410
301
1020
-1247
2024
1432
987
41
3937
1288
-43
818
-38
6
952
867
1148
-49
335
356
855
807
866
-80
-277
41
430
85
470
755
1123
-371
677
543
-2782
340
872
378
635
-174
851
-1048
1233
420
422
756
-402
-395
-1181
533
360
94
-118
-802
721
-116
384
380
393
13
535
996
8116
1224
1098
259
854
1125
-712
79
-525
1083
161
734
1067
72
641
1128
853
819
-1658
16
-941
-243
-188
325
1169
1597
-445
166
-466
452
914
610
1241
-1387
548
551
158
28
641
721
415
660
-189
5724
880
-48
1125
781
5113
652
-2163
-1020
-319
681
737
1236
454
474
523
621
128
697
38
1099
645
9
571
-109
-392
934
820
443
608
809
411
1089
365
418
173
-115
145
-254
-1780
932
128
473
1653
465
-1674
677
319
-408
685
671
569
-552
430
405
2373
670
653
639
-293
1324
-76
407
-47
-201
-57
697
604
900
238
-142
-215
857
211
-148
898
971
549
40
1261
-709
-172
1054
1010
947
706
1095
488
-3
753
333
603
645
1010
1437
-131
-27
1334
670
-194
1085
-477
-2215
-64
194
1009
595
1517
-151
857
393
348
822
-791
706
-379
480
472
181
365
-434
-924
1102
608
-543
511
-2324
1426
1075
-531
-64
575
-290
1540
1124
316
47
476
888
1421
544
2068
529
264
1990
226
518
845
502
-222
389
6443
846
122
668
1096
-284
989
27
-443
103
501
6
252
862
1052
-45
511
602
344
719
1522
644
105
195
1547
496
460
337
73
2037
613
302
444
1419
114
-144
182
1526
-324
-3493
433
843
221
396
215
793
-337
450
701
393
451
876
-128
446
1284
764
497
-122
-1440
234
781
18
1169
755
816
2465
95
777
315
3991
496
518
799
901
85
177
815
240
807
-464
1393
2248
589
882
