1835553125
1184642134
1680550756
1395751840
1790806874
1248428871
1580461017
1422541113
1918071295
1131066922
1837927391
1591887249
1303034567
1892848808
2138791992
1936773943
1105246929
1075195314
1342634757
1393973262
1235372831
2040967138
1306064514
1866391315
1299168356
1922658028
1512825642
1529561854
1323405504
1214366515
1313197008
1440205095
2144991869
1732008944
1114093161
1584940187
1795319677
1533374739
1405085591
1380257603
1862700840
2143162387
1625825680
1435336577
1820593673
1732807032
1763391312
2048089937
1579585060
1901745943
1931460023
1191542837
1544991554
2002382587
1670118650
1612341206
1805732997
1182165152
1806297173
1939367577
2092625303
1245556482
2004264184
1728012445
1245428618
1213125146
1733672385
1259489388
1973083004
1788414429
1106342558
1216591405
1539219506
1378892612
1771139492
1760844339
1814805869
1979609509
1513973688
1926769665
1288790789
1587030850
1420923121
1903785097
1608515595
1826900204
1477874602
1479102337
1679901135
1388214848
1989695595
1154339335
1251381251
1325454354
1995627624
1099388225
1256088273
1434947532
1733442715
1737664642
2087305929
1253259212
2028171068
1921484227
2144432541
1565578223
1268058683
1214655269
1353121402
1723501460
1176128893
1491025782
1131046318
1467656411
1678552809
1530845340
1979752522
1371395615
1480500960
1655113143
1560589719
1090326261
1413879708
2076925938
1787490901
1488733325
1094365179
1679084868
1078829432
1941343708
1186000762
1457123710
1518535879
1161745434
1391030275
1163515831
1601326441
1280319664
1591611523
1140819108
1833431556
1671170042
1115134251
1873566228
1230710350
1728630554
1075526790
1990355517
1366332575
1121891032
2109555432
1246359417
1124799174
1752358065
1481272990
1934829929
1893721433
1427687780
1830669457
1426334000
1110991708
2113373165
1519668776
1633512654
1999305373
1257169661
1078405239
1902895505
1190231476
1263617387
1250794956
1973644150
1590816162
1626070499
2024907210
1349318819
1788905886
1671998429
1277009751
1699615180
1544160440
1090430491
1490878527
1472141337
1674537524
1779492448
1500228336
1662363805
1374629780
2100683749
1217463423
1414015146
2077507082
1460067001
1860874388
1385269740
2018690365
1445992293
1907887039
1390543059
1215566071
1514589070
2095009265
1940792258
1348902504
1217763085
1737383160
1421043410
1754976545
1419765076
1080509234
1890449090
1501691800
1657528616
1313013999
1867524515
1806944370
1252738667
2033432267
2071688978
2056438651
2095452849
1710407243
1139446542
1560448523
1205776920
1561628990
1321215459
1723364507
1258030772
1601819413
1111011100
1311072410
1945997706
1080964332
1370744177
1668227357
1652208636
1215604854
1131276594
1439211273
1491066990
1585601018
1076693925
1989417446
1123922308
1930565582
1152679834
1163381908
1325048341
1445975628
2115771670
1520082364
1203388716
1138738747
1110090602
1100680800
1682532947
1453654422
1242085375
1697429982
1257693236
1744967419
1487645574
1351508864
1265944992
1825876688
1920220133
1550127919
1495346486
1782831449
1090275358
1715379991
1676516079
1973829583
1313835115
1125497274
1846308829
1500190159
1992734025
1296857112
1643075165
1292542469
1245603749
1408321574
1218754181
1922941025
2015939780
1516902132
2145741478
1113545650
1081974213
1530007862
1423257392
1982623094
2086392097
1322652865
2099336634
1505443480
1940501989
2016658483
1800298485
1140494601
2117515708
1848197092
1936736978
1540745993
1974482839
1177860810
1750787947
1674425416
1525420523
1959368254
1577091414
2060633461
1149783811
2137456392
1967791506
1475524576
1475517304
1925394070
1615088761
1652843713
1529696384
1317022316
2026837892
1867033360
2048093573
1465689369
1487073520
1883974095
1966054740
1553846270
1204857028
2054033480
1990262801
1355384772
1694035230
1340694985
1481396612
2085140577
1568049447
1292011016
1409243889
1493874841
1223142149
1388165157
1683234077
1904275948
1119679171
1157669246
1580129238
1577245941
1277135493
1327064467
1345809535
1729584987
1553543881
1387591891
1404893492
1674999288
1429666941
1140554290
1660580984
1286106862
1350242346
1993403038
1413560351
1177811725
1628967128
1111574973
1884460098
1568248818
1471117822
1076799367
1162395660
1700602639
1235965489
2015384694
1772241180
1968449610
1967707879
1140324621
1117398227
1271663107
1431714579
1733550581
1083641593
1282878151
1852442653
1775317182
1696808843
1481824441
1445189054
2073659049
1585374378
1249338461
1273475621
1468985951
1455499053
1219000212
1279147075
2001711151
2105661345
1788148399
1296655924
1938829459
1394999505
1490264660
1565681241
2038508034
1889541318
1617872070
1325181053
2008550346
1911771430
1243886981
2078994179
1282293371
1297383717
1692597823
1506142186
2114779060
1904357757
1305613658
1718043920
1186042878
1190795955
1262625988
1089127008
1876469523
1520004494
2125513554
1777310281
1372510333
2139546449
1892645802
1265212351
1598667057
1644797690
1258690088
2057919083
1507109344
1617911459
1223364547
1766196437
1664461740
2141869206
1473650857
1500232881
1965531771
1432088474
1204454045
1226590834
1978335719
1234402642
2144765835
1621603146
1514421211
1485850028
1343412847
1878014190
1125168828
1580077729
1278954673
1117661529
1421301865
1756026724
1986757153
1610874711
1589082124
1915683697
1329397526
1482116527
1280568120
1644082926
1473684792
1973705961
1330379229
1790815964
1919006942
1605740770
1082103592
1155573129
2059778258
1173020774
2068426938
1675400453
1273778010
2011686947
1927946497
1327140519
1687622045
1888278437
2053570201
1185664740
1929091210
1975789958
1267010170
1952501183
2133922262
1944785727
1124835231
1303668432
2102369005
1228202160
1205028220
1524041898
1485747615
1914569889
2017196602
1973693841
1146832340
1077097514
1220823634
1326698450
1249717204
1141157856
1827780100
1150964884
1971697713
1501377292
1171585185
1084847511
1097138187
1493386111
1234837137
1080918883
1194616112
1933877920
1515171426
1232562253
1236306358
2093393697
1202532150
1215043102
1829325979
2040270857
1376888302
1931116124
1692855369
2064567392
1867039723
1660992451
1820786983
1760836461
1695844108
1290533614
1881518020
1658791498
1565484294
1543830478
1215474566
1134321690
2046253789
1694087951
1252110862
1089151853
1705229671
1415905530
2042214264
1381833781
2106348537
1234938943
1905372183
1746160612
1141345107
1392914901
1469055034
1546586518
2053654130
1444375513
2042443328
1535094537
1783538639
1384451655
1201521663
1262529636
1274148118
1459993070
2039304304
1418109513
1390680013
1611457067
1287626077
1135628203
1348757370
1483304267
2033280467
1711129582
1829359308
1577327749
1451990375
1191370130
1953567725
1519750281
1080194726
1760512863
1366896902
1232226535
1869319455
1783228978
1105142699
1387738541
2022663837
1830709452
1484378080
1302887918
1453306887
1922841643
1458870172
1183054745
1324112694
1731876838
1929422687
1846721508
1277147310
1967001295
2145896611
1082469912
1455691758
1176238577
1788379887
1360721114
2067738534
1292663060
1426278249
1416907836
1696548874
1210092775
1400909112
1693377732
1100262819
1790029390
1280545698
1432220277
1626940094
2052381250
1404493539
1999444751
2024902362
1571925355
1501645139
1187559669
1620148166
1336119160
1793157507
1651302076
1776606727
1982397060
1465580291
1123138764
1094185807
1182323618
1233281259
1591457602
1815113712
1218846291
1921703595
1438398641
1557336768
1198884700
1327747114
1779205815
1259536655
1451278944
1164286650
1361845224
1782177587
1323695470
1235312838
1399771064
1104379153
2008087370
1105275411
1646565058
1137464957
1730556388
1392057427
1251864224
1443188986
1284637338
1306721406
1275997749
1173831284
1825100567
1865392644
1146196051
1581723293
1398863293
1246686652
1834154502
1549729784
1139352614
2106530333
1969027724
1494998042
1366295609
1393821461
1220475796
1743403361
1850476824
1463090887
1404651702
1356561603
1224550468
1712273690
1894972194
1195132717
1420402576
1987554029
1966132307
1378772929
1306109963
2100077759
1192611499
1187764493
1422940460
2005090753
1486508738
1158161916
1604176106
1521646422
1722094353
1841408800
1748008577
1206265347
1174785111
2089339629
1884289815
1673686715
1647159533
1754154823
1968703519
1801381994
1971697107
1393655117
1339626626
1233479115
1405304050
1810836639
1167649284
1215955116
2086676912
1743242471
1674148479
1964965777
1817272246
1261862442
1701543741
1798551418
1522348158
1134550754
1681968165
2094463268
1134901622
1443176261
1238983619
1236058205
1170193227
1125569993
1168553420
1378850496
1278167190
1471219022
1516779116
1115640252
1146630545
1293018170
1237383049
1078344640
1400276460
1164979295
1419094852
1118687772
1193874987
1331214888
1679258181
1279922135
1323811517
1715484828
2038464402
1927112655
1281146234
1319349618
1479133848
1124650707
1709555222
1591512444
1428384668
1562903992
1312374681
2014418141
1738496666
1360264198
1777451476
1437861128
1560779999
1828192173
1757469585
2106124927
1580607364
1872360309
1937410838
1461764983
1919172983
1500116228
1601610347
1147143212
1451324999
1522968691
1501447586
1354457608
1083978826
1369282530
1657177142
2141975860
2128751961
1760930996
1252234484
1761271562
1671411831
1769244563
1585904619
1211495641
1749334784
1666291828
1999196295
1329322990
1524555171
1436593399
1303965367
1384161992
1582149606
1812005592
2092927085
1095260832
1519605450
1464070772
1243022840
1402903120
1382514307
1413344013
1873208088
1172855339
1393560583
1988582999
1298118479
1495155599
1875850202
1291935873
1845787072
1201059293
1378720814
1927124775
1126937105
1207004048
1917543478
1330146226
2110080219
1797188548
1102404840
2017615340
1202902864
1620922923
1675791922
1229522611
1211854386
1479208991
1554598908
1152986161
1310719421
1167967429
1135002216
1082258119
2057587001
1145820338
1419042130
1785386906
1325137421
1201887074
1509021241
1605903175
1223855399
1225173425
1956211050
1820284012
1626072317
1495264071
1636287479
1934437248
1105105128
1522464508
1415261666
1363111135
1168999429
1309913758
1809231979
1815473669
1851578512
1375661174
1750826124
1245329236
1332450500
1415239548
1484030848
1728652369
1747903438
1389626197
1849436946
1626432275
2009801108
1367600910
1607013954
1806874378
1170180502
1690331423
1729105649
1547467626
2027571139
1909639560
1531378004
1349117630
1492518940
1902879143
1552978493
1850402287
1359054643
1632876971
1468579938
1517891712
1250837375
1118232068
1718750504
1798027540
1778605280
1105548712
1111489831
1228072175
1552643381
1160966737
1673508554
2120363857
1786495261
1358670446
1427839277
1209164400
2021389442
1710868401
1559778905
1196627087
1920106207
1192844502
1437385730
1699478832
1471758958
1438176243
1820723355
1099332777
1166018264
1670096834
1664486585
2122892045
1540304833
1265660177
2089551725
1113001775
1815108864
2114320932
1093985830
1231615092
1354097044
2105158374
1221489010
1260599560
1447606648
1854211536
1106673428
2003856353
1527852055
1648896299
2078385766
1890607859
1877648172
1647710983
1623536858
1584926855
1540280593
1275263289
1472970937
1176079505
1498355526
1436933359
1143481219
1255033851
1328269023
2035058743
1093927049
1304559843
1480154334
1922957993
1384554067
1462849703
1138266075
1449424616
1501077327
1888461445
1524046746
1837677723
1521307068
1083067721
1800572392
1668195240
1267924759
1201310778
1832371075
1459508278
1840581018
1698186257
2033932814
1131657458
1805748753
1163662481
1680080508
1617781778
1282943598
1748579116
1704803357
1285030625
2064783124
1192425763
1415448008
1150118620
1103751954
2001815381
2065412747
1167882590
1737928248
1663589721
1579410535
1908268206
1781350411
2023952171
1102649659
1574756537
2080727309
1415718279
1899826169
1788490177
1161613631
1214409843
2085983660
1186224069
1622892691
1326783288
1130279136
1935257152
1922665906
1566840498
1121921028
1342470534
1082564750
1277378798
1886630146
1516071926
1396289353
1468362994
1764591171
1159628410
1659312649
1890347284
1467460676
1210807237
1643108495
1552132532
1601557020
1912825851
1344962968
1841992367
1696032571
1552689436
1588551883
1483121258
1645314902
2034761808
1919993493
1155502835
1674799311
1400554003
1088098644
1155202264
1308375757
1396355709
1553020912
1952692070
1893575995
1423278602
1453721687
1561868356
1129296221
2099360268
1964590670
1277710274
1747189582
1195338754
1336395491
1468190893
1566138157
1113593826
1346373711
1495660388
1700718686
1899099588
1849427250
1159992609
1176187068
2139631893
1640279131
1088397700
1951554628
1892329778
1231840520
1113257502
1887705171
1408507612
1572450444
1400627933
1389340777
1205676325
1715925988
1911377537
1637926680
1219647409
1952689040
2001295442
1233422758
1174171244
1543212369
1361437393
1122845768
1626373494
1108544723
1661936582
1447206089
1107066715
1878069335
1378712936
1879601882
1270860777
1436156480
1671376684
1896699264
