0.00038452997
0.00025285577
0.00023101707
0.0003579912
0.00036833272
0.00030063526
0.0003557656
0.00025380423
0.00024239458
0.00030278057
0.0002918608
0.00034479945
0.00038159234
0.00021043763
0.00035936828
0.0008120733
0.00031446668
0.00063250115
0.00043398992
0.00035484115
0.0003075186
0.0004278998
0.00022604155
0.00025133602
0.00039318664
0.0003040853
0.00022157548
0.00027533338
0.0003094682
0.00043772263
0.00029161444
0.00036343958
0.00041972863
0.00035128984
0.00020650019
0.00035870762
0.00029526293
0.00031307657
0.0002392036
0.00041752835
0.00041744023
0.00031901017
0.0002516965
0.00046130034
0.00021897728
0.00023172976
0.00029073402
0.00027292751
