0.0003637629
0.00026598052
0.0006019205
9.8838806e-05
0.000881456
0.0016961931
0.0008951135
0.0002700748
5.8237943e-05
4.7242087e-05
9.4755844e-05
0.00026959504
0.0002270872
7.7717115e-05
5.40664e-05
0.0003718441
0.00040949445
0.00047264516
0.0007679495
0.0012280602
0.00081662345
5.1952575e-05
0.00069013843
0.00013457394
0.00022540556
9.901638e-05
0.00044596862
8.565919e-05
0.0006287559
0.00050889666
5.9826318e-05
0.0001030506
0.00037986645
0.00031832673
0.00042446778
0.0006170112
0.00017407029
0.00015532927
4.2814867e-05
6.642477e-05
0.00040422604
0.00030537086
0.0006840716
0.00068012596
0.0005337613
0.00034182772
7.639005e-05
0.00022932945
0.0002588807
0.0003679358
0.0009910356
0.0003476999
0.0004440825
0.0002778727
8.135609e-05
0.00014155374
0.00029377147
0.0010373151
0.00042613226
0.00058452005
0.00018701314
8.64738e-05
0.0005069057
9.431933e-05
6.0153736e-05
0.00026269458
0.00023025753
0.00045555172
0.0005699987
0.00028328146
0.0008099656
0.0008193257
5.832402e-05
5.586318e-05
0.00010080297
0.00035220617
0.0001793875
9.906041e-05
0.00026250762
0.00019543893
0.00058674207
0.00020984912
0.0002988159
0.00053157686
0.00019780878
0.00050755474
0.0003571085
0.00033329558
0.00018156962
0.0008861596
0.0004438917
0.00026533136
0.00057146937
0.0009747736
9.631451e-05
0.00044432937
0.0005084203
0.00011267351
0.00023790091
0.00013662048
0.00030157078
0.0009932102
0.0007458738
0.00055112113
0.00011535593
0.00063319755
0.000116197116
0.00031424407
0.0005805025
0.00044657403
0.00038086547
0.00022320203
0.00033538998
9.06651e-05
0.0001994991
0.00021979316
0.00073983066
0.00042352176
0.00022831271
0.00035487884
0.00074308173
7.964094e-05
0.00044055897
0.0004897038
0.00012027081
7.277701e-05
0.00026389767
0.00026264432
0.00010020259
0.00026475947
0.0006836629
0.00060696114
0.00026378894
0.00047526148
0.0002636694
0.00026612208
0.0001458354
0.000702377
0.00011837274
5.709338e-05
7.7311626e-05
9.854404e-05
0.0003276004
0.000702061
9.657894e-05
0.0008633978
0.0008486751
7.4932366e-05
0.00072759774
0.00028374486
0.00087748695
0.0005525959
0.00018303844
0.000546264
0.0001731904
0.0003910753
9.700762e-05
0.00032630438
0.0004490616
0.0004083291
8.457891e-05
0.00030921903
6.229621e-05
0.0005771687
0.00074274157
0.00051769335
0.00052449305
0.0005327771
0.0007572932
0.00042464302
0.00066108315
0.00025980416
0.0005444121
0.0005136847
0.000111442954
0.0007102483
4.7898142e-05
0.00077331543
0.0007423602
0.00026220232
7.811507e-05
0.0002483136
4.549781e-05
0.00044351327
9.542752e-05
0.0003475464
0.000116250165
0.00027995137
0.00017641566
6.985658e-05
0.00025421774
0.00020688119
0.00020897822
0.0005271719
6.950323e-05
0.0011093015
0.0005092142
0.0008022871
4.3704695e-05
0.0005840416
0.0003386127
8.453561e-05
0.00037236305
5.6200166e-05
0.0006720003
0.00011279849
0.0003134987
0.0003306086
0.0004325665
0.00026373428
6.117434e-05
0.0011136784
0.00035363404
0.00062632473
0.0005364525
0.0002200195
5.87149e-05
0.00015958643
0.000268559
0.00020193937
6.684186e-05
0.00020697522
0.00031168165
7.48544e-05
0.00035436463
9.551337e-05
0.00015099677
0.00017279445
0.0005558968
7.312576e-05
0.0003940717
0.0008805103
0.00036397105
0.0002264246
0.00033783272
0.00042907824
0.0005702138
0.0003878207
0.000323029
0.0003804431
0.00016385749
0.00049180206
0.00044110083
0.0009876966
0.00044642593
0.0003202357
4.9293474e-05
0.00041609054
0.00011379787
0.00011523721
0.00031843086
0.00049050356
0.00025988108
9.521088e-05
6.454648e-05
0.0007607517
0.00026032628
0.00016022527
0.0005971877
6.6980836e-05
0.0005926339
0.000108434506
0.00039089483
9.175316e-05
5.22352e-05
0.0001435163
0.00019167706
0.000246044
0.00043153166
0.00030417118
0.00020556022
7.635882e-05
0.0001312642
6.2197905e-05
0.00092282
0.00046775982
0.00016614936
0.00016447084
0.0005033536
0.0005259061
0.0005731132
0.0001363757
0.00029893283
0.00024665004
0.00017369246
0.00039771714
0.00022534713
8.764666e-05
0.0005756509
6.400368e-05
6.481575e-05
7.255337e-05
0.0001688984
8.157316e-05
0.0010705381
0.0002555684
0.00025973833
0.0003252166
0.00039763737
6.0466016e-05
0.00049570296
0.00033465956
0.00017321037
0.00021089608
0.0009457406
0.0007101248
8.913571e-05
0.00062166445
0.00043847167
0.000100207646
0.00046485738
0.00032696797
0.00021790367
0.00039195947
0.000759124
0.00086387206
5.801957e-05
0.0005789518
0.00041592278
9.031154e-05
0.00045896348
0.00041495176
8.742679e-05
0.00011642717
9.63175e-05
5.246545e-05
0.00016945622
0.00079511333
0.00028914405
0.0003080093
0.0008879902
0.00046152907
9.678067e-05
0.00060342316
0.00013320611
0.0007234194
0.00029734345
0.0001068322
8.988959e-05
0.0005895569
0.00010209838
0.00021675394
0.00056250626
0.00020488669
0.0002141731
0.0003446139
0.00082747533
0.00012240061
0.00016067605
0.00052263506
0.0002934293
8.7069326e-05
0.00032022296
0.00060788746
0.0004483901
0.00040676454
8.4156316e-05
0.0003578097
7.076832e-05
0.00013923364
0.00036005815
0.00012326687
0.00017041875
0.00017297662
0.0004504743
0.00011431868
0.0008344054
0.00073151465
0.00051150576
5.0884908e-05
0.00017680458
0.0013195744
0.0003848455
0.00014636222
0.0010405158
8.845374e-05
7.624295e-05
0.0005248663
0.00046915398
0.00021070408
0.00026910962
0.0009866335
0.0006499797
0.0009135365
5.8513317e-05
0.000683212
0.00089851697
0.00028726202
0.00085014757
0.0008267566
0.0008007858
0.00021369076
0.0005373303
0.0007286777
8.590355e-05
0.0005410776
0.00065194134
0.00017680958
0.00032690694
0.00032900606
4.7737853e-05
0.00022450036
0.00018882536
0.0006250043
8.377652e-05
5.0130428e-05
4.731716e-05
0.0002075419
0.00035922622
0.00050899223
0.00046887118
9.77349e-05
0.00023061674
0.00042958878
0.0005601554
4.7693677e-05
0.0006525093
0.0003241163
0.000117484495
0.0004959392
0.00063379726
0.001191483
0.0001766897
0.00034631355
5.4299304e-05
0.00037928723
0.00053111895
0.00047541605
0.00035218196
0.00026043862
0.00043323013
0.00015678359
0.0011114513
0.0002982826
0.00057989993
6.370935e-05
0.00012212242
0.0008479907
0.00014249343
0.00053482514
0.0003250186
8.195446e-05
0.00047899762
0.001047166
0.0007624245
0.0007111157
0.00018269371
0.00027835934
0.0010240285
5.2301773e-05
0.00045015797
6.146274e-05
0.00041597043
0.00035620385
0.00017939598
0.00016751312
0.0003615618
0.00013986159
0.00037083743
0.0005103182
0.0005323223
0.00021210767
0.00019893846
6.7863926e-05
0.00043292213
0.00023749641
0.0002752563
6.5967295e-05
0.00091367867
0.00034901252
0.0008362314
0.00023574501
0.00019150434
0.0001643799
0.00014545537
8.68859e-05
0.00042431548
0.0003361433
0.0008843335
0.00024871557
0.00050414697
4.9877046e-05
0.00060736766
0.00021694471
0.00018673854
0.00022696465
0.00026430414
0.00016820153
0.00021512544
0.00027698523
0.0006200212
0.0010392935
0.0015966682
0.00018142504
0.00012636586
0.0004934624
0.0003448796
0.0005339238
0.00042432154
0.00048793896
0.0004564499
6.689603e-05
0.00018323104
5.7646943e-05
0.00012467595
0.00065400737
0.0008917886
0.00011977146
0.0003825341
0.000224207
0.0006972309
9.9184756e-05
0.00014138652
0.00014503438
0.00047160932
0.00035091725
0.0004029035
0.00022421953
0.00023574504
0.00043202864
0.000118262586
0.0001508337
0.0003019758
0.00025652224
0.00016232459
0.00029689813
0.00035079703
0.0002673869
0.00038409085
0.00059815415
0.000394003
0.000412309
9.2709655e-05
0.00058829354
6.754616e-05
0.0002217742
0.00021131699
0.00031186602
0.00056655804
0.0005731339
9.7799195e-05
0.00048554208
0.00031240284
0.00034919797
0.0001483796
0.0003511889
0.00030979895
0.00013429248
0.0005185291
0.00054119935
0.0003552491
0.00047543208
0.00028848826
0.0002328673
0.00020398753
0.00025766282
0.00036017597
6.1125145e-05
0.000658797
0.0009014432
0.0005427154
0.00017194399
0.0001891644
0.00091173814
6.8764864e-05
0.00013105849
0.00023045101
0.0007677468
0.00036192837
5.944251e-05
0.000108377266
9.632625e-05
8.0874575e-05
6.4032574e-05
0.00025354067
0.00081555475
