-4827
2327
-10143
-12616
6329
-1641
-10002
-4805
-4068
1326
-741
-3176
-6199
16
-558
3829
-4278
-2552
20630
-8636
-5500
-2127
-599
-5602
-8985
-8053
-2834
-1848
-1074
-7919
-5321
-334
179
-2429
2933
-3101
-7264
-3081
-3941
2483
-1714
557
-2847
-6888
-5610
-2468
13499
-7213
-5156
-4513
1268
-1857
-803
-3096
9167
94
-4876
5990
5772
-2503
3393
-641
2131
-3531
-9721
9181
-967
93
-5195
1417
-5040
595
-3449
88
3925
-2061
-5774
-9244
-8317
-9311
-7638
2438
-4792
-2881
-3701
4417
25422
-1648
-6094
27471
-6701
15439
5289
-6674
1679
2210
2153
-7562
-6551
-2294
3397
-2596
-3080
4142
-8247
-635
289
-14904
-4081
-5087
-4545
1598
-5485
-7929
-2833
5042
3722
-3448
-7134
256
-7053
3727
-3561
-8785
9489
-2580
13800
-5555
-4100
805
-470
-6058
-4283
6577
3379
-2118
-7026
-9291
13877
-10039
-462
-2893
2544
-6418
11721
-2096
3306
-4600
-1795
-2774
-8769
570
-6426
-7861
3797
-4580
3792
-7370
-8646
-1995
-1667
-8134
4068
-8542
-2832
-1101
-9087
2489
-3346
-7066
-13830
-4898
-3685
1360
4556
-10310
3092
-3986
-7994
5051
3748
3819
-2833
-2229
9314
-1674
1905
-1006
-1271
-4852
0
3875
-3628
3371
1878
-1539
-2913
6292
-6352
1491
-5129
-4319
2937
6381
-8871
-3959
-2966
-12353
-985
-12637
1721
-5751
3270
2034
722
5274
-4916
828
-4250
1695
-296
7404
14291
-2805
-3374
1102
3834
-5386
-1076
4766
-5905
2274
2263
2481
-5970
-2953
-1152
7364
-6552
-890
1172
4195
-2637
-2038
2935
-4358
11019
-4604
-4968
-1597
-5419
-4465
-6517
-5180
-5903
-3802
-1056
2039
-2034
-8750
-7861
1401
-823
789
3668
-10024
1752
-2462
1481
-8484
-8865
8095
15800
-5588
-1027
-8585
2213
-3563
-2012
-4939
-3806
-5133
2894
-5000
-4718
1442
-7626
-9015
-8341
9973
-4526
-3143
6731
-6978
-2938
-2425
1279
-5979
-6379
4991
6646
7636
-11165
-4894
-6130
-3488
-6755
3569
-2354
2046
-2177
-4535
-461
-2828
-6042
-7787
26
-5851
-3355
-1415
24574
-1028
2161
-6387
-6723
2207
-6203
-7923
-1026
-9755
-594
-6091
16
1739
-1174
1040
3469
-8591
586
-7232
-4069
-2637
-4845
1114
-11621
-10895
-5315
-3616
-4641
-5077
-6096
-5797
4815
12029
-2152
-1690
193
-2371
718
-3176
-10794
-1215
-16446
-1499
3562
-10107
402
1497
-5681
-5797
-10756
-1533
10066
-7291
-4719
-7954
-3781
-5423
-5054
-3510
-1631
-3702
4089
3651
-1575
-3527
15146
-4364
-471
4536
-1664
2347
19863
2915
16064
4358
-3477
-6182
342
-1482
-6474
-7243
97
-2084
8855
2572
-7561
4239
6940
-9985
-10138
-7059
-3050
-6137
3017
-821
11507
-5392
-5473
-1231
-1582
-8607
-10189
6097
-1303
-1071
5306
-5238
168
-5154
-10418
-5457
-2680
-5215
1420
536
-1373
-12685
-9132
15743
4064
-6169
-1936
-1829
-6199
-8173
-1242
-3441
8919
3729
-6430
-7048
2663
105
-8361
-563
10527
-6655
-4581
-1259
6602
-4517
-3501
-3763
-6124
-1982
-8917
6017
-10065
-1532
-4028
-2033
-429
4309
-4441
-9417
-7155
-4272
993
-6168
-5524
1711
6109
-6978
-3005
-1624
-3754
5517
-8799
-7385
-15877
-4706
-6627
3882
3693
-7587
-5531
-3851
1044
3
4216
-5675
4021
-5389
-11960
8638
-4851
-3210
-2880
-2301
-5882
-1898
-2603
2386
-5383
-787
766
2247
-11070
-6648
-5059
-4711
584
-8609
-8430
4880
-4007
-5632
-9720
2690
-1789
-6593
-3589
2277
-2575
-11422
-4597
-6260
9488
535
-6578
-4945
6666
-5454
-5504
-5488
-572
-5394
887
1337
-8737
-3118
-8069
-5716
8206
-10060
-5967
-9065
-533
-2031
-6887
11980
45
-8546
-1559
-3602
-8089
-3398
-6484
-1383
-3241
-9561
-661
5233
-817
-3349
-737
-11822
-1086
-4107
266
2288
221
527
-6650
-3328
634
-4410
-5524
-7584
-411
-733
-12266
-1897
-6563
-513
-3988
1386
-12366
-8200
2109
-1400
-851
-10244
-12042
1818
-4529
7077
-4709
-5253
-5859
-2520
-8237
11804
-2866
-3918
2572
-4645
-7314
41540
-10257
-509
-5221
-2677
2201
1910
-572
-969
794
-4220
-7266
4153
-6596
10474
-9903
1406
-6085
203
-4368
60247
-2019
-928
-6767
5931
-6499
-5523
-6256
-5393
-2175
-3365
5551
-7060
-835
901
-2532
-4630
-4983
-2172
-5765
2008
-2378
9444
-9622
1628
-10628
-6304
-580
-25
-3406
-9716
-3242
-7377
