5.5463614e-05
2.9142719e-05
3.1656255e-05
0.000108326545
2.3325974e-05
0.00012474786
0.00015569145
0.00011937344
3.8410257e-05
4.978777e-05
0.00019528334
0.00019620123
3.452946e-05
9.158537e-05
0.00010080612
0.00022081337
5.1029445e-05
0.00019554404
6.747432e-05
0.00049836177
0.0001056165
0.00031877751
0.00017307333
0.00016014221
0.00018298115
0.0002390173
0.0002850642
0.00010312422
0.00023741777
0.00016232186
0.00024386912
1.7509994e-05
4.2291045e-05
6.541042e-05
0.00014720559
0.000103096965
1.9642337e-05
8.2451814e-05
3.0720697e-05
0.00020169449
5.0949973e-05
6.2591105e-05
8.927378e-05
3.8477323e-05
0.00012228025
0.00010062894
3.0185896e-05
3.1673273e-05
0.00013352177
0.00014662974
0.00020007856
0.00033412993
3.911324e-05
8.356306e-05
2.6144584e-05
0.00020311432
9.48483e-05
0.00010408809
3.693545e-05
2.5197476e-05
6.0642982e-05
9.709175e-05
0.00020861512
0.00017265206
9.2824106e-05
6.8005065e-05
3.9900504e-05
0.00013154482
0.0001748393
4.8497997e-05
0.00014849746
1.7186914e-05
0.00015853716
0.00020712448
0.00016436787
0.00019029205
0.00010322877
0.00019881815
5.1880575e-05
6.08555e-05
3.7362075e-05
0.000106191605
8.349247e-05
0.00019507126
4.777118e-05
7.1158094e-05
4.7115813e-05
9.4847106e-05
0.0001333047
5.7828824e-05
0.00017043826
6.132993e-05
0.00013979798
9.664254e-05
0.00021389377
6.683359e-05
7.843835e-05
8.294138e-05
0.00012148978
4.7057096e-05
0.00014951397
0.00013520243
7.241517e-05
0.00013890771
2.7737517e-05
4.1351796e-05
4.8460584e-05
3.385047e-05
0.00018401671
0.00022782822
0.000176308
5.1529685e-05
9.035993e-05
4.340783e-05
2.3568427e-05
0.00015828612
0.00021835034
8.985448e-05
0.0003182993
1.25902325e-05
7.9054844e-05
4.046224e-05
9.2451715e-05
2.6959986e-05
0.00024698282
1.5581201e-05
0.00015376712
8.065971e-05
0.00033914167
5.7214274e-05
0.00015887234
5.0948183e-05
0.00011948329
0.00013261086
0.00020837398
6.902136e-05
3.4146233e-05
1.9591882e-05
0.00011916532
0.00012612794
3.8412316e-05
2.484997e-05
4.035478e-05
6.776226e-05
0.00018794103
0.0001642308
0.0001794389
0.00017281833
0.0002265454
5.743798e-05
0.00018379168
5.4440377e-05
6.55094e-05
9.156712e-05
8.0810845e-05
4.9843118e-05
0.00018783637
0.00016267256
2.359659e-05
0.00023165061
0.00015454285
0.00014771687
0.00020068193
0.00028196815
3.5019617e-05
0.00019010315
1.5543075e-05
4.2802167e-05
9.7145e-05
0.00026363606
0.000117736745
4.532956e-05
7.57237e-05
0.00017452608
0.00012905107
0.00012204965
0.00019908
0.00017673393
2.3629325e-05
8.533617e-05
0.00023410798
0.00016044789
7.81931e-05
3.456934e-05
0.000114071794
6.903501e-05
0.00015033167
0.00010272312
7.4918666e-05
0.00017260811
6.277181e-05
6.0553106e-05
5.0001825e-05
0.0001205142
0.00019281343
0.00016168266
4.0925363e-05
2.98942e-05
4.4324737e-05
0.00018916065
0.0002852945
0.00013303143
0.000105450665
0.00016256604
2.676843e-05
0.00011955996
0.00014175336
0.00016251003
4.4465243e-05
4.3169246e-05
4.1004703e-05
3.206968e-05
9.328268e-05
9.970474e-05
0.00016537083
7.906248e-05
3.369861e-05
8.76375e-05
6.256851e-05
7.9000245e-05
0.00017998938
0.0001747653
2.7290045e-05
9.732544e-05
3.676212e-05
4.879739e-05
0.0001281258
8.366325e-05
0.00016148198
0.00013449043
3.4862875e-05
0.00020240831
2.6169982e-05
0.00016508356
3.3931647e-05
2.860112e-05
2.8031931e-05
0.00014646392
0.00011670547
3.6796875e-05
6.345851e-05
3.5063254e-05
0.00023897628
0.00015184275
0.0003342252
0.0002507767
0.00016680532
5.5552515e-05
7.2178475e-05
8.5058375e-05
3.138741e-05
6.895111e-05
8.646135e-05
7.023049e-05
0.00040163184
4.6578843e-05
5.1093302e-05
9.953141e-05
8.413879e-05
0.00023778275
0.00017074311
0.00014608764
0.00014530729
0.00012909739
0.00019167551
6.3147476e-05
7.673831e-05
3.3050732e-05
9.911113e-05
3.1191605e-05
0.00010413845
0.00032622556
0.00016588694
0.0001301684
5.1470954e-05
0.0001426571
0.00017197385
4.0420473e-05
0.00016410243
5.0985134e-05
0.00011996419
2.802058e-05
4.357895e-05
4.6311226e-05
0.0001303112
2.753694e-05
0.0001508443
0.00018428655
6.253258e-05
1.2612479e-05
9.500765e-05
4.281136e-05
0.000109894514
0.00014078987
6.0193826e-05
0.00021263663
7.408131e-05
2.5763291e-05
0.00014691449
0.00018314784
0.00014333092
0.00013725784
6.562228e-05
6.170247e-05
9.955085e-05
0.00011207353
3.447456e-05
4.5478308e-05
0.0002592074
0.00018743072
9.474015e-05
0.00012604914
2.5452746e-05
0.00014831562
0.00015938119
4.3810527e-05
0.00015213012
0.00010823409
0.000113597656
5.7265643e-05
0.00016061067
0.00012908713
5.2451313e-05
0.00016013953
3.1242253e-05
8.713665e-05
4.8595688e-05
2.4765053e-05
7.023552e-05
0.00020349471
0.00011161058
0.00019398054
0.0001315665
0.00012472676
8.549946e-05
5.686404e-05
0.00018530744
0.00018807022
0.00019910613
4.8361682e-05
8.89942e-05
9.897287e-05
0.00016815675
3.5088007e-05
0.00012229536
0.000116000265
8.315189e-05
2.9173358e-05
6.112965e-05
3.9177346e-05
9.959044e-05
0.00014858111
0.00023364602
0.00013902031
0.00020117569
4.7840505e-05
6.586505e-05
0.00012661594
9.425577e-05
7.75043e-05
0.000101420985
3.256428e-05
0.00022246616
0.00020950202
2.4858693e-05
3.3396245e-05
3.068852e-05
0.00010163922
5.8482743e-05
0.00020711674
7.242343e-05
9.637554e-05
0.00022399245
7.64176e-05
0.00011041015
0.00010026029
6.590418e-05
6.0911112e-05
0.00010742874
3.787196e-05
3.9285198e-05
0.0001737327
5.967948e-05
0.00026264877
