-15204
66875
37815
78162
37047
127344
68500
139270
14905
94046
62951
61885
122306
86163
117191
15050
134405
43917
19285
16486
61120
21591
49008
49938
68977
102392
74018
44427
61044
55800
50122
55406
52600
962032
54393
53763
8900
46816
93838
55260
15109
64425
49508
40553
19712
196320
93410
83312
35445
71393
54340
57966
3742
85232
49952
8071
32146
73058
44659
61431
69747
64919
193677
159542
48702
113949
79438
57022
32062
68388
11349
91527
64050
48995
49734
13215
-11278
42085
54455
71401
71457
-4202
56760
68453
10169
10997
289717
38741
70415
58801
70723
42345
49375
-3864
94969
39772
100775
24488
53469
76536
83099
27696
272
47465
227290
53286
254540
41185
36076
65258
43313
11594
20536
65786
57062
31630
60794
137257
32749
84176
94169
174048
66220
45189
243857
77891
39166
121879
80859
45034
56690
19481
168119
52393
85878
53019
83625
105937
176616
52593
81552
118132
65651
44503
351874
10527
40786
187223
6143
49958
429764
36825
53134
148845
30723
64310
68619
85740
74110
14763
49287
76133
49756
51024
219537
54235
376228
50027
-12621
13261
89772
40461
55282
57183
50227
36464
86992
21561
49128
19486
25157
164972
94899
8670
100327
31404
60607
14923
111298
75025
41087
23875
