0.00042333413
5.7720707e-05
2.5087124e-05
3.1191154e-05
9.699726e-05
0.00026809142
0.00026856264
6.775906e-05
7.4340736e-05
0.00016877137
0.00015749963
4.472915e-05
3.5955392e-05
3.8664388e-05
0.00012594882
0.0002769906
0.00013443422
0.00028359302
0.00021366966
3.7247588e-05
3.1977386e-05
0.0005451342
3.8485807e-05
0.00016149455
3.5196084e-05
0.00039682104
5.57815e-05
0.000115155206
0.00023806622
5.138758e-05
4.823301e-05
0.00017363811
0.0003639625
0.0005088023
0.00015928864
0.00018905575
0.00033160296
0.00021653682
0.00023070128
0.00021110638
0.0003958675
0.00013845718
8.5896434e-05
4.6561778e-05
0.00023569196
0.00016259938
3.8597973e-05
0.00016977155
2.4323446e-05
3.094478e-05
2.6692825e-05
0.00026924937
0.000119713906
0.00029816158
0.00023982415
0.00014609833
0.00016235792
8.850736e-05
0.00011215749
3.889936e-05
0.00014418458
4.6085723e-05
0.00016996305
0.000103494
0.00030706925
0.0005809262
0.0001982081
0.00021174752
0.00016661154
3.3755558e-05
0.00016947408
3.394859e-05
0.0002683386
4.77989e-05
0.00012534697
0.00010211936
0.0005866315
0.00024912672
0.00018850132
4.2008163e-05
0.00013654104
0.00045724917
0.0001335887
0.00031043438
0.00013254196
0.0002714924
0.00019236762
4.586114e-05
0.000106986554
4.6174297e-05
0.00016695756
0.00013351893
0.00017314416
0.00042688425
0.00030150768
3.512873e-05
5.2751504e-05
2.8300943e-05
0.00011336697
3.7182763e-05
0.00013808823
3.27496e-05
0.00025731718
2.6140213e-05
0.0002683813
0.00027853725
0.00017105091
0.00012780887
2.3262946e-05
8.723754e-05
4.4663087e-05
0.0004086318
0.0001232284
5.9588692e-05
0.00029698195
0.000119270895
8.301483e-05
3.5808727e-05
0.0001728227
0.00014465518
0.00011593186
0.00045852282
3.5316076e-05
0.00012148433
0.00031802637
7.52324e-05
0.00019744644
0.0002793348
0.000119165044
0.00019400306
9.852271e-05
0.00020546038
4.0813473e-05
0.00030066413
5.3217875e-05
6.520538e-05
0.00023246757
0.00013805789
0.00026676359
0.00015501076
2.189222e-05
3.3456596e-05
0.00035096065
0.00024773175
6.203758e-05
0.0001427635
3.8152277e-05
4.1172883e-05
0.00032226834
0.00016521402
0.00028999848
0.0003604169
2.2402184e-05
0.0001321554
0.00019058667
3.3027976e-05
0.00016027725
0.000105539795
0.000100922414
0.00014821588
7.5830125e-05
0.00015023156
0.0002698758
0.00015314738
4.1731764e-05
0.0001697025
0.00016826726
0.00012768296
0.0005180547
0.00031198183
0.00042212076
0.000390001
0.00016897352
0.00022586429
6.393904e-05
4.1237767e-05
0.0003384596
0.0001464836
3.0609193e-05
0.00013589821
2.873119e-05
0.00023961639
0.00015745003
0.000227046
0.00019806666
4.1784344e-05
2.1994028e-05
0.0003930912
0.00047639976
0.00016639143
7.990564e-05
2.4698049e-05
