1618004217
1764891517
1534147920
1907426334
1482913565
2049317644
2052919764
2071828129
1136536067
1290105260
1203942945
1367656408
1099386533
1182217848
1925530859
2117344084
2055257345
1083906752
1633312250
1138897198
1955506867
2083530244
1176757425
1234480473
1076169583
1516669906
1705597438
1760515823
1819802049
1571247254
1474791955
1327307058
1391082922
1944667816
1217618266
1445161070
1267403122
1655229193
1763503680
1613718267
1513025468
2116761109
1313201976
1423691575
1801652891
1242925880
1180187078
1297750721
1487446860
1892359893
1632341084
2058169090
1830210158
1139588511
1833239838
1116790275
1241080155
1353118245
1714686224
1189402420
1102161410
1409135522
1299214670
1582236997
1173634072
1110164477
1515122628
1618619277
1273595328
2064246929
1295476864
2076051215
2051207236
1461518395
1916329564
1561221175
1121067476
1904349658
1440922979
1284458451
2087466728
1747629242
2042330951
1186495752
2026328009
2075315122
1470477368
1402268629
1635631858
1411843793
1276240360
2041264293
1323531291
1631573064
1152377462
1074110156
1612951078
1730681951
1733176993
1136915084
2111120622
2002729859
1966958233
1598547198
2051533523
2129166529
1307530233
1953967635
1422594332
1333704997
1365636365
1561811173
1883940437
1822007711
1135079860
1823437371
1269147289
1094902034
1321074145
1105758644
1772389606
1752497208
1079838556
1857276720
1215512725
1150167969
1509300352
2135263276
1821819090
1482978886
1506234914
1570559816
1247929118
1149153382
1627211034
1993745919
1777005450
2110656604
2039167500
1184917729
1338770619
2045964614
1341389216
1893686266
1896885922
1091298478
1166559263
1258918606
1231725710
1262912461
1108388735
1377531379
1369956354
2020418127
1456863600
2019753230
1225175419
1613513492
1542922155
1132977048
1159306113
1148385075
2062957591
1170673991
1276007170
1297222883
1286251785
1952042733
1980031009
1192410199
1613366759
1490603339
1291650494
1726529294
1955025673
1260902494
1293609462
1119735350
1871837806
2077639167
1756992690
1831651663
1203563820
1735562368
1514041348
1277614852
1344996508
1502414323
1820823691
1271912811
1221613526
1510354943
