-18
-94
-26
0
-20
-81
88
23
21
-70
62
2
-17
-13
-5
-26
4
-16
-2
17
-115
14
-32
2
0
34
19
-33
-9
-8
16
-26
-16
24
74
-70
-2
22
-15
19
-68
13
-35
-15
57
127
-70
-4
-8
53
12
16
-1
-108
7
24
-73
-12
-79
-11
-38
-9
-54
-5
-4
-101
7
-27
-18
-8
-15
34
-35
-51
-12
-24
-19
-4
15
10
39
20
31
78
3
-11
-35
14
-127
36
-3
54
-31
-72
-68
-17
-14
-86
15
26
5
-118
29
2
71
-79
20
-18
-28
-29
-2
16
27
31
-27
-16
-127
14
3
20
33
-14
-6
11
12
2
-44
0
6
13
-32
-7
18
-28
-12
-8
-55
5
-67
-7
-99
85
-45
-13
-42
-1
45
-21
23
12
40
-75
-45
27
10
-15
-31
28
-12
-2
36
33
32
21
-44
22
32
14
113
64
3
49
73
7
29
-56
-23
24
69
119
65
93
88
-9
1
127
33
-11
-10
26
17
-12
31
26
-50
-5
-3
11
-100
-10
-20
77
59
4
42
-14
26
-17
5
-56
12
-11
-41
-9
-38
41
-103
-7
4
-31
-38
-23
0
21
-29
46
24
-12
-2
47
5
-25
-5
52
46
-18
-7
127
42
18
-8
12
16
-47
-98
19
-5
127
24
29
-18
18
63
-17
-10
-6
89
-12
4
-82
-20
0
55
-66
32
-15
21
-11
6
-22
2
12
-42
-8
-58
-9
-2
66
74
10
12
44
12
72
3
0
-21
-8
-74
-82
10
39
5
37
54
-30
-89
23
37
8
3
-35
17
127
95
9
8
21
28
-18
-72
-18
-47
-36
-10
20
-112
25
-93
53
11
-21
-39
29
-16
-17
-61
9
11
62
-40
10
64
36
-72
3
-35
-103
7
-1
21
70
-18
26
-33
-101
6
-15
3
6
30
-14
36
27
3
33
-25
-12
-22
11
-41
-5
3
17
40
-5
28
-11
-23
-43
-40
18
-3
33
-26
2
6
-14
127
-14
-14
-1
45
-1
98
48
-50
16
40
49
-105
-4
71
-12
6
8
-58
-55
21
65
56
-86
-1
32
-1
28
-81
15
68
-12
18
-20
48
-42
-21
57
-28
53
4
6
23
66
-58
-30
-61
34
39
-58
29
-23
110
-127
-22
32
22
61
-35
-39
-1
30
-34
3
-56
52
-51
-37
-44
-49
-23
-102
-13
-53
20
70
11
80
-3
-126
10
-58
-23
45
30
96
56
10
32
27
51
-56
-45
72
-92
127
42
14
25
-7
-104
-29
-80
106
-56
-40
73
34
-51
-58
24
54
-59
2
43
-3
-58
-85
-33
47
-15
74
28
-31
-115
-5
-17
-57
33
-24
80
2
-23
59
20
5
2
-127
61
-76
-14
-5
-39
-54
53
29
8
34
-24
-25
-19
-33
-11
-17
21
-58
-42
13
10
9
-10
-8
13
19
3
17
15
58
0
-1
-2
-5
-5
32
-11
-33
13
4
20
-11
0
45
7
8
-46
-6
-11
-17
10
8
-21
8
-83
-20
127
11
26
31
-8
26
11
62
97
-13
-18
-127
-54
15
-20
-46
-55
12
-13
26
-104
-5
-46
82
44
10
-79
79
1
3
-51
0
-7
18
5
-44
66
-11
21
27
-9
-80
-113
8
-17
-20
15
-101
36
-87
31
45
-10
19
-1
17
21
99
-127
7
-17
-17
18
11
-1
-7
-3
19
11
15
-2
5
11
-13
-18
10
56
-29
1
11
62
-13
-35
6
-3
5
18
-7
-12
7
-4
-15
-102
-7
-45
-1
-38
-7
0
-9
99
4
-1
71
-59
-5
15
-33
-14
74
-26
15
-62
-30
-101
-38
50
-30
-41
-63
-13
84
-3
89
54
-41
15
-30
11
52
-22
73
-61
-72
-26
-22
69
-50
-19
-7
-36
37
23
-90
18
27
-127
22
-100
94
-25
6
26
120
-42
-37
-45
12
-90
11
44
22
-76
-33
62
114
-46
101
69
-64
-127
-7
-30
-16
69
-8
62
-9
-26
22
8
-30
59
-85
35
-57
-46
-33
-72
30
-18
63
16
92
-102
-9
79
-7
18
14
-33
-47
-19
-37
-68
-8
2
-117
-8
-127
-67
-30
-45
62
38
-75
-35
-39
-19
-36
-15
32
20
49
0
-28
-26
17
6
45
-74
-6
-2
-18
65
-96
-46
19
3
-46
-20
-54
-64
23
2
-127
0
-14
78
41
-41
18
-68
-72
-15
-30
-5
61
15
-33
0
10
-4
12
-33
46
23
-23
-18
-62
36
11
7
-26
-11
-5
-12
-25
-35
4
-5
23
2
7
27
-42
59
-6
2
-33
-17
14
-1
-127
-1
-6
-5
-71
75
-10
46
70
99
-7
18
-5
-2
4
-11
-68
2
10
-9
-2
-30
0
27
-15
2
-3
-26
1
-8
10
-7
9
-9
-31
2
-11
-8
-5
-63
20
29
-2
-1
-73
88
-9
-17
-39
-3
-20
5
-38
109
7
28
-69
56
0
-8
-12
-27
-17
-5
-21
-1
15
-77
30
26
21
-8
18
24
0
21
5
17
1
21
1
75
-59
15
28
-4
3
-45
1
-38
-7
15
127
-72
11
14
-12
16
19
127
9
-15
-126
-40
28
34
12
-57
-32
3
-32
7
21
5
94
-40
2
12
97
83
36
13
5
24
3
5
-27
6
-12
113
104
22
2
10
-12
23
21
37
12
4
-18
4
24
68
-20
21
37
30
7
11
23
47
-58
14
-3
15
1
3
58
66
1
-16
43
-25
-23
-16
-46
58
-127
-22
59
26
9
-89
23
27
-30
34
75
-4
-17
-68
-31
33
19
38
16
-86
-67
-60
-3
-40
-17
5
21
90
-2
20
-127
-19
13
16
-3
-73
-34
14
-42
-11
38
9
60
-9
3
9
84
42
9
9
14
16
-9
22
4
0
-8
58
74
-29
3
13
-24
-8
9
10
22
-21
-2
26
14
-58
-19
-38
-2
-18
11
-69
-20
124
61
-13
-17
47
22
88
72
21
84
-8
-12
-111
-4
-45
17
-82
42
12
-18
-67
-19
7
9
-54
-7
121
30
-5
8
47
-7
-27
-57
60
-60
-14
-127
-72
-17
-61
-21
37
-27
63
-18
6
-66
-45
44
5
28
-59
15
-14
-24
32
15
11
29
-26
8
0
9
123
29
-10
17
60
-4
-40
-10
-20
5
60
127
86
95
68
35
24
88
26
15
-17
19
-16
20
76
4
2
-10
-26
59
11
-16
35
80
20
17
-42
-14
2
-56
63
-29
-24
-41
-8
14
-20
38
32
49
-26
10
24
-2
64
36
-73
1
-35
-73
87
-12
-127
-18
47
17
-10
-42
-15
21
-68
44
-14
-10
-8
-27
16
-24
-16
3
-26
7
-13
-14
15
11
7
14
19
46
1
0
-26
3
-7
24
-6
-13
12
-6
10
-6
4
23
-13
1
-22
0
-13
3
7
-3
-14
13
-59
-16
127
17
0
21
-30
-9
-106
-32
21
-9
-66
13
-79
16
-64
-45
78
16
6
-3
6
-8
118
-27
-98
-62
-53
81
49
-24
-46
-74
-13
52
8
7
-71
127
-55
-15
-88
-26
83
-49
8
-21
-41
-65
3
-5
23
37
-8
5
73
-18
-8
13
8
27
19
39
-39
-29
43
0
22
24
16
26
43
30
6
74
32
-17
7
-16
-26
-4
6
-16
30
-105
-72
16
-11
0
-7
4
8
-40
-22
127
15
-15
-7
22
-1
-39
-127
-63
-55
-24
-6
-20
51
-62
-108
-2
-9
0
44
-5
40
8
-1
71
-12
-25
96
29
-23
30
2
5
24
-15
-99
-32
15
77
-55
41
-42
-47
-3
-27
10
-36
35
29
-52
-42
-105
14
-26
-50
-99
-37
5
-16
-29
87
28
12
-127
58
45
7
11
10
-13
-23
-29
24
13
-1
104
7
2
-9
-17
24
24
-7
-40
14
25
1
-3
-3
61
-82
3
-3
-1
20
-68
-4
-52
-17
28
-35
-41
4
-9
-21
-35
-11
-15
-51
-56
-1
-22
12
-33
-3
9
-18
13
2
10
30
-12
8
-29
11
-25
13
18
-18
14
-6
-5
-20
16
19
-30
18
-11
-8
-10
-4
1
19
-20
9
-38
-28
127
15
42
-7
-18
-21
59
42
59
4
-32
13
18
33
-7
116
15
30
-125
-23
-36
-7
12
58
-26
26
-127
-32
16
-12
-26
34
-2
-37
67
112
-107
41
-28
5
-9
42
82
-21
17
-73
-20
80
-21
-5
-27
-10
50
63
-8
-19
-15
60
34
-26
127
126
61
-1
-10
-22
-2
18
18
8
-1
25
27
42
-37
-5
32
-13
28
-18
-29
-20
23
10
10
-22
6
-47
7
-10
-1
82
90
36
-122
-26
3
69
-13
9
-11
-76
22
-11
5
126
-1
7
31
-71
33
45
41
56
95
-26
49
9
-62
60
4
44
-18
23
-25
-5
-5
-9
22
45
-9
1
-63
-90
13
-3
22
39
37
54
22
-74
127
-69
86
24
7
-6
-19
71
-26
-2
2
-101
10
7
-43
6
-56
-13
-28
-16
-21
-16
3
-88
4
-38
22
19
-35
35
-56
-50
13
-16
-1
-3
34
12
-6
12
-3
59
-6
6
-1
25
-127
37
-21
3
-30
-48
-64
-25
1
-52
4
-20
28
-65
29
38
82
-93
85
-12
-11
14
-26
9
-9
33
16
45
-127
-5
-5
9
15
-14
-15
40
16
4
-16
-1
32
8
14
-7
1
38
-20
-17
-88
-10
-75
-49
-80
125
-71
-50
41
35
-33
-4
6
-6
43
40
-127
-59
55
4
-16
-17
-45
-31
-22
-87
2
-2
85
2
-20
30
64
-55
15
-22
74
8
23
3
-3
32
-118
34
2
-60
-31
-9
21
71
-75
15
10
87
47
3
-19
-31
-22
12
-2
-91
-61
18
-14
16
-35
-7
-28
-18
-13
-16
-10
38
-11
-15
33
-20
-8
-10
22
21
-21
20
-21
-19
30
-40
10
0
-21
9
6
-41
12
-12
10
-8
1
7
-127
41
27
-6
88
1
-42
6
-127
-1
-14
-86
-24
38
29
-8
-51
-7
-52
25
10
57
0
-34
-25
61
-34
92
50
-48
22
-21
-7
8
10
-27
-21
-11
-87
-46
4
36
1
-55
-37
-19
63
5
11
-15
-105
-12
22
58
-27
-8
-32
84
-57
-30
-38
54
-61
-13
-9
-30
16
7
8
-93
1
7
111
4
-30
-5
-16
11
-9
-1
27
-10
14
9
-10
14
12
27
-10
-11
4
-8
75
10
70
-10
127
-98
14
-31
37
-120
-78
-45
-16
-51
-16
71
-14
54
-127
-117
-12
-61
-14
75
-45
69
29
104
30
-39
-14
31
-13
37
9
-7
60
-11
16
17
-34
24
-37
27
-17
39
38
-12
-8
-18
-81
22
-37
-17
31
17
55
84
59
-97
127
28
21
27
27
-74
-47
-3
0
6
52
112
-15
31
13
-101
72
64
-102
93
68
-2
67
-4
-48
-38
10
19
-41
98
3
-108
31
-52
-31
68
-72
-36
90
-64
58
50
48
90
-12
-41
-1
-1
-13
-100
127
-21
9
-7
-2
7
26
17
-11
-7
9
10
-14
0
-27
11
19
-3
-40
22
14
-16
-43
6
3
7
-4
-20
-29
18
3
-1
4
3
86
6
54
-2
45
11
-13
1
-80
65
-15
-11
-6
76
-18
-18
-83
-11
-63
13
27
23
-47
-43
16
127
-43
48
46
-30
-64
-17
-33
18
52
-13
-2
13
-10
-3
-4
-11
42
-36
-11
-22
-37
2
0
18
-43
33
22
84
-107
32
-38
24
-29
91
-19
13
3
-84
-18
18
44
-62
-60
42
32
-8
-66
-13
-75
26
-27
-1
35
-32
81
30
-12
-27
33
26
24
-24
-66
22
19
127
-6
86
48
17
22
113
24
32
17
1
17
125
-49
-27
37
-15
-59
8
8
94
-14
51
-63
3
57
51
-37
4
20
12
-4
-75
-56
9
4
-60
117
-4
-6
43
33
-35
-2
-48
-72
24
-33
28
70
127
94
26
6
115
37
50
-20
30
-34
-20
7
35
-4
41
29
-108
29
4
-88
19
-83
18
-6
49
-15
-36
-19
-70
-46
-51
-42
20
7
34
-23
-32
3
-50
11
8
-17
8
-35
-52
-3
72
27
29
-69
-1
-127
21
-32
27
17
-57
-66
-67
-5
21
0
-4
13
39
-119
15
-18
84
-39
-3
-3
10
12
12
38
28
-3
-17
101
1
-39
-9
37
-2
4
-2
-35
5
-34
-6
-5
-3
-35
50
20
-23
8
13
60
9
56
-17
30
-127
59
13
-109
-51
-19
84
64
-13
-70
-87
-21
72
9
53
12
2
-107
-32
22
81
-29
19
-33
-57
-99
24
127
48
4
33
101
-2
-73
27
-44
70
29
92
30
98
115
79
35
-18
39
81
5
-26
-40
52
13
-72
7
15
30
42
-28
-15
-33
-2
27
-61
71
14
127
18
-65
115
48
46
-19
-94
-32
-8
22
36
54
-56
-8
-75
19
-21
-50
-51
-51
-19
4
53
4
0
101
-90
-28
-10
13
22
53
-16
-16
56
1
54
51
-54
8
24
24
-3
100
-30
31
-22
-8
-10
42
29
-83
36
16
-20
65
-6
-6
-15
72
-37
-14
-6
127
35
-4
30
-35
-22
-26
84
31
-70
-5
19
9
-4
38
-19
-45
4
-22
-98
-56
9
-4
-36
47
-52
93
-61
49
0
22
-44
54
6
31
-31
-6
-23
-122
31
-34
-17
20
-49
-18
2
25
-37
-20
60
-44
32
-3
-26
-24
24
-8
-24
-107
27
-80
-1
-56
127
2
-16
-28
-61
11
-8
20
58
8
9
-24
-78
6
-10
14
12
14
-29
17
45
-18
3
2
-1
-2
12
-34
2
1
5
30
-9
1
14
-24
-33
-30
22
-35
22
11
6
-27
-21
127
-32
12
1
33
-24
41
-59
-42
-41
69
96
4
21
-25
-87
15
16
3
-35
-68
-28
-17
5
22
17
81
-36
4
26
61
-66
4
3
-9
5
21
-2
-1
25
-127
-56
-31
19
34
-7
72
71
-17
-53
4
101
100
58
39
120
-19
-16
-18
-9
16
-8
-25
-76
-79
8
-12
-21
4
14
18
55
0
15
1
14
-49
2
-57
15
8
-10
-38
-17
15
12
-2
13
12
71
-5
26
-31
-3
127
22
17
-33
73
79
-51
-43
39
127
-30
20
-20
64
-59
44
-18
66
-9
-34
27
46
11
83
-66
-35
-16
-14
94
-3
-59
-62
7
-1
-12
3
16
17
-2
7
2
-17
-33
6
51
26
-22
19
51
25
107
-57
45
-114
67
5
-9
-36
-45
81
21
64
-31
-47
-35
-21
14
-20
-43
-20
9
-74
52
16
-45
6
-33
-18
101
11
62
38
26
-14
84
-18
28
-22
-70
-5
106
52
-66
69
68
2
-56
72
-61
116
-44
33
-37
127
-65
-97
47
-40
50
-1
9
-44
-39
127
57
17
0
13
-23
4
-19
-51
28
39
73
38
-80
22
28
5
-15
15
-4
7
-30
-47
24
32
22
-73
56
-47
-32
1
-72
6
37
-61
6
-103
79
-60
-17
-37
-19
-17
-19
-73
127
-30
-11
9
-4
5
21
11
-3
-8
-5
-7
-18
16
-9
27
-1
8
-35
28
1
-15
-52
0
16
8
-3
-7
-20
20
1
-6
10
4
77
3
43
10
48
19
-4
11
-98
-29
-22
-56
75
1
-21
24
-9
-72
19
-6
64
28
92
59
-52
47
52
50
2
-102
0
-74
-52
16
-8
9
-44
-52
30
-70
39
61
27
24
-73
84
24
-1
44
-47
-44
92
-34
-17
127
-19
68
-27
6
-10
0
-57
-75
31
47
16
-18
0
8
29
1
28
8
-13
6
24
34
-3
3
36
-13
0
-2
-6
58
13
-19
16
-3
-5
1
-6
8
2
-5
-18
-36
8
10
-21
127
28
-9
1
5
34
-88
-74
9
-46
-2
-30
-11
-42
15
-86
-89
-11
127
-15
18
41
12
-30
10
-46
73
-34
-16
-49
43
-108
-11
48
-24
-1
97
-106
42
-66
-26
-68
-94
-55
-8
21
10
-44
-13
-10
55
31
-14
18
-36
10
19
32
34
-42
24
-101
61
-39
41
-72
48
-49
17
-6
46
-61
41
17
-48
-57
51
-127
-69
-30
4
-14
1
-4
-28
91
48
-3
7
12
20
10
71
-27
20
-9
-115
-104
-81
-2
-16
-7
-36
-19
4
-2
-23
-2
15
14
2
26
-21
2
30
-19
47
-12
62
-20
-22
-25
3
-27
3
29
43
94
28
51
89
6
-73
4
-13
-12
72
14
-127
4
25
-3
-1
-4
-19
-9
-16
59
-17
6
-22
-25
10
-11
-10
-10
24
20
-32
-90
28
-18
85
24
52
3
5
-36
-7
14
107
24
20
-20
24
-41
29
8
-27
-127
40
8
-22
-24
16
-6
-55
11
1
99
16
-67
-25
1
10
-28
-2
1
3
22
84
0
17
-127
-24
17
15
4
-66
-22
18
-39
0
15
11
62
-27
20
9
85
42
34
6
0
11
10
7
-3
2
2
73
84
-13
6
13
-8
3
16
1
20
-3
-2
14
37
-75
16
-11
5
127
-1
28
81
33
-10
-48
-7
50
13
21
-17
11
-73
-5
14
27
-38
19
-48
-29
31
-4
-33
-5
24
22
58
-33
43
109
47
-15
-40
-21
67
21
45
-72
-16
-7
22
87
-43
7
66
-21
-14
-26
108
73
-25
-40
-44
-7
-1
15
-15
5
0
12
-30
-12
18
-127
15
-21
16
-6
10
21
-19
5
-8
20
16
-25
13
-2
-25
1
18
1
18
-11
25
-25
-20
-12
-72
57
-7
-15
24
-24
-53
97
-44
-61
-11
-45
21
20
21
-39
-107
-28
45
8
41
33
41
-60
99
43
-97
-39
-50
-23
-127
45
91
-120
4
-49
68
-35
-78
-85
67
-40
24
60
-5
-30
-5
17
-32
0
46
-23
52
-31
16
-6
127
-123
2
-26
-52
-7
-11
0
-22
26
4
10
50
3
-12
20
14
-11
3
20
-9
-2
-3
40
-19
2
23
-19
19
45
-7
-22
30
-8
-1
-79
8
-100
-5
-18
69
-66
-12
-62
-37
-40
39
-8
79
-64
15
-31
-30
33
9
-16
-7
22
-4
12
68
-19
12
3
-19
9
-5
57
4
10
-14
27
-7
-26
8
-34
-25
71
-79
-44
5
20
-21
-127
8
-119
35
-54
72
-55
26
-71
24
-48
-11
-1
-85
-16
25
-28
-1
-40
-15
-37
-57
-7
26
-52
-58
35
-13
19
-36
-24
-5
14
-37
-38
2
-46
-15
17
-48
58
91
3
18
-22
1
-51
-53
-20
23
-62
127
-19
-18
9
-22
-86
-19
-18
-26
-23
80
42
-7
-127
16
32
-2
13
0
-4
-3
-4
51
10
-5
69
21
11
3
-33
24
12
-6
-27
5
12
-12
-13
5
46
-67
0
12
-6
19
-10
-7
-50
-26
36
-8
-69
11
-46
8
-27
34
51
-28
-40
-41
-4
32
50
59
-5
-31
-127
32
12
-12
-30
1
-15
-2
-14
-20
-50
-4
6
9
80
1
-54
67
-23
59
-40
-23
-27
102
11
117
47
-94
-21
21
-32
-29
-22
21
-57
-49
-27
-13
-24
95
-25
8
-124
98
108
7
-13
-27
-12
4
10
-15
1
4
127
15
-59
9
6
25
4
-11
-17
-23
20
0
2
17
73
-82
-6
15
-22
19
-95
22
-31
-52
56
-74
18
-53
28
70
-1
52
112
-10
-18
90
54
-3
50
-18
-45
-20
2
41
33
64
-40
127
13
-31
-46
-28
113
-50
17
48
-43
6
-96
31
23
47
-35
29
-32
56
-117
-67
-30
20
93
-34
-77
-86
-47
-42
47
18
-32
-61
25
-49
-27
-51
78
66
-86
-25
51
0
-13
13
-18
27
12
-7
20
-62
2
27
5
-25
12
-52
-127
35
6
-5
-85
29
46
20
0
89
15
16
-102
-36
-56
-28
-36
-34
-26
-10
23
-55
-34
0
-10
97
-24
-13
52
-6
84
-5
61
11
32
43
22
77
-12
39
-7
-9
-19
-2
32
59
13
-27
22
-4
3
-11
-42
4
-1
-45
-5
-5
20
-26
127
-38
-3
-39
39
52
75
-8
-74
19
-33
13
38
27
15
48
49
27
-44
127
7
123
51
34
48
-114
-13
48
29
9
20
63
31
-66
-44
-95
-15
14
39
14
-17
-29
103
-6
-13
33
-58
79
59
16
-26
4
31
59
39
-18
-46
23
-12
14
22
-115
49
31
-27
37
-47
-82
-68
-47
-127
13
-96
1
59
-82
22
-74
35
-21
23
19
-38
9
9
-76
18
0
80
85
-46
5
-79
-21
-41
-64
-39
75
-68
78
-59
-3
-10
-31
-26
-67
-6
2
2
-79
42
-14
67
-96
25
8
-1
-24
19
22
18
28
-9
-16
-122
9
-27
-8
13
-21
5
-1
18
-10
-11
11
-12
18
-1
-1
-11
10
-13
-4
-62
10
-68
-7
-76
127
-34
-13
54
82
-34
-9
-31
-61
22
3
40
78
-6
-18
-14
-11
-55
32
-4
-59
52
4
43
1
4
6
16
17
-14
-30
-39
-24
-2
2
43
65
36
21
30
-33
10
-19
-21
23
-127
40
-15
4
-22
35
-56
19
-33
-51
-69
1
-10
127
7
28
-14
0
21
25
-5
33
5
-13
-10
-86
-8
-30
-38
-100
56
-27
8
-15
10
-18
-10
17
-22
7
-69
-17
41
53
53
3
7
56
21
-5
8
8
-28
-12
17
-49
-31
-13
-6
-113
127
-36
41
55
25
-9
34
-23
3
7
14
-67
-8
11
-13
9
-42
13
-21
-5
13
-12
-47
-18
12
15
-15
21
-40
5
8
-10
-13
8
50
26
88
-17
45
-49
69
-20
-4
106
-35
7
59
-66
-15
127
-58
9
118
-19
1
-25
-15
-18
14
39
-4
118
-37
9
-31
28
60
28
13
-23
-76
14
14
1
3
29
-1
-29
3
36
-38
15
21
5
72
-55
25
-64
-60
-19
24
11
-3
-23
-39
50
-8
-23
-34
41
-51
9
-8
0
-8
-6
-5
-70
-10
-11
84
3
-7
-6
-32
32
19
-12
13
7
15
-9
-9
8
34
-10
-14
3
4
8
53
3
48
-1
127
-39
10
-8
70
51
0
-14
13
102
15
-29
12
17
-15
1
45
31
-11
24
7
-78
7
24
-30
25
3
26
-26
-7
23
0
49
20
5
53
4
20
33
22
11
37
-15
-1
19
31
29
-26
127
-42
-2
-2
24
42
49
-12
18
-76
-34
58
-47
33
-28
24
-9
-120
63
-15
-67
-35
-66
-28
-38
-47
-39
76
-8
-25
-3
60
-60
127
28
-20
27
23
16
-58
34
-39
74
-67
39
82
-118
91
-28
-30
-44
-9
22
-35
-6
-4
-2
-62
-83
41
50
32
-7
2
-28
25
-26
35
0
8
-2
29
49
-7
-5
34
3
-17
2
-2
41
-1
3
25
2
-16
2
-6
-3
1
-2
5
-18
18
-11
0
127
20
13
-11
-33
-83
-40
1
47
-23
-57
37
-127
-99
-33
-3
28
26
24
-14
-2
-8
1
-34
-48
13
-20
36
-102
-23
31
-48
38
13
4
-3
-49
63
-18
74
5
15
3
-57
-73
-8
114
-7
-56
-51
20
6
44
32
15
-34
-11
-107
66
-21
14
-9
-32
-9
13
-17
19
11
3
-7
17
3
-15
17
17
6
-50
9
4
-5
-59
-2
20
5
8
-6
-54
70
4
0
5
-12
127
14
55
-19
32
-19
23
-4
-54
-13
42
-104
-5
51
-19
-34
74
62
11
79
-78
38
15
-127
-33
-15
-59
-5
-14
32
3
26
-43
-15
23
15
30
14
-25
24
-50
-8
-74
26
17
-3
-66
-2
27
16
-38
-80
45
-4
-44
-82
-25
-66
-19
-9
-30
-66
127
34
9
-96
65
-6
-7
-3
-34
-32
-12
-9
3
14
-74
-15
-6
15
-3
43
19
-24
13
-4
33
-47
-11
13
121
-82
-14
4
7
26
-54
-5
-16
-3
79
124
-122
13
37
33
-28
-43
20
-20
-3
-70
91
38
-64
2
41
2
-33
20
-25
15
6
-6
17
-53
24
2
10
-10
16
-65
-127
21
10
-11
-71
15
28
27
21
77
-9
20
-105
-24
-61
-17
20
-43
-30
-7
-74
-77
19
-10
25
107
-34
11
-56
99
35
4
39
22
-3
-2
0
18
25
11
89
2
-49
-20
66
-14
-12
8
18
2
-17
-25
-11
22
23
-112
16
-50
-10
-17
-127
11
-5
-22
-64
-113
78
-24
-6
-54
6
0
1
-35
13
11
42
-6
17
-3
-1
-6
-6
18
11
-23
7
5
127
10
24
12
-24
8
17
-3
24
15
6
9
-5
1
13
2
-28
-4
-14
-13
-3
14
12
-3
110
38
-103
11
-17
-97
11
6
19
-98
54
-12
100
-63
24
18
-6
0
-16
17
28
53
13
-28
-127
-5
-16
-7
36
-39
-4
5
-10
-12
-21
11
-1
23
-48
-19
10
-19
-3
-17
-52
8
-65
-8
-125
76
-51
-22
-24
21
-33
32
-2
-2
5
-80
17
12
25
-15
-18
108
-123
17
38
43
56
-12
3
17
55
-84
-4
19
19
-71
52
-127
-8
22
-20
-3
25
15
-50
41
-93
58
-14
-38
76
-78
-10
5
52
17
-85
2
-14
25
34
41
1
55
61
11
-10
82
17
127
44
19
45
-77
-23
55
50
32
20
38
27
-38
-32
-30
3
40
20
-26
-2
-34
78
-15
7
18
-32
86
40
-24
2
3
12
44
63
-44
-43
2
13
-39
-100
0
9
127
14
36
-18
4
59
32
-22
33
24
1
-17
-83
-12
-12
6
-105
36
-12
4
-3
29
-19
-8
1
-38
9
-53
-12
44
73
62
26
13
67
31
21
-8
19
-30
-27
-5
127
-9
-21
-12
93
-50
5
-59
-98
-103
2
-9
12
13
-3
0
88
-10
4
-5
-1
10
13
-30
-4
3
-1
12
9
13
2
-12
-5
44
38
-10
36
-13
-19
40
-5
-65
-7
8
109
-117
-5
31
73
-7
8
-25
-40
48
15
-21
-122
-56
4
-22
-6
12
26
13
84
-2
7
-41
-1
-20
-8
-48
12
5
-7
-73
1
10
2
-9
-6
5
98
-27
23
-26
-4
121
20
-18
-9
34
127
-102
0
60
59
0
-28
-49
127
98
-31
57
-61
-24
16
24
6
1
7
-1
-127
37
6
-100
29
28
-13
-40
-33
37
37
24
35
-8
47
16
7
45
14
0
62
-13
-17
11
45
63
-39
100
-66
-9
-6
32
54
15
-31
-10
118
127
-11
6
-10
25
-2
12
1
-10
9
-8
-55
-17
-11
8
28
10
48
-41
-18
37
-17
17
-21
3
84
14
41
5
-4
-19
45
-42
-28
-31
45
21
-22
92
2
-46
3
-3
-16
57
-35
24
27
-16
19
5
0
-3
-29
4
16
-19
15
-4
-17
-117
19
-15
-11
2
48
29
-2
-84
-127
-27
-102
-47
16
31
-14
24
2
-60
-14
37
16
34
3
-9
10
-15
14
15
-31
-17
88
-48
55
-39
-97
49
-40
3
67
-19
14
-23
-26
-46
-6
-25
-4
122
-27
74
34
19
-8
33
-59
95
43
-13
89
39
0
10
34
-6
25
26
-22
-30
54
-33
42
-127
58
-25
16
-26
-14
46
-16
-22
-44
-34
-86
-29
22
-16
-96
55
23
82
34
-39
14
22
73
14
1
14
-46
-80
127
-61
-25
47
-72
98
22
19
22
-82
18
59
-25
7
30
-5
-5
69
100
-81
-85
8
-118
32
0
19
124
13
14
19
127
-83
13
-80
-113
-117
3
4
-5
20
-8
-2
102
13
-8
18
-32
19
-13
-45
26
23
3
0
9
14
-3
4
0
49
48
10
21
-14
-4
42
6
-84
-3
17
122
-125
5
24
89
-25
-20
49
2
89
-7
-98
66
116
-27
65
16
97
-9
44
-9
16
-11
22
-45
-69
6
-7
-67
41
-58
44
-11
-15
-41
-127
18
-84
110
-9
-2
10
2
-56
-101
-75
-50
77
80
22
-49
-48
-26
-14
10
27
101
-70
0
-23
16
41
-6
-19
-9
6
-23
14
12
-3
2
36
-10
3
-15
52
-12
4
-3
66
-10
-3
-10
1
-2
57
-70
-8
-15
-12
-15
-127
24
-64
-1
-48
-2
-13
1
-45
-87
-22
17
7
38
-31
0
23
60
92
-18
25
-10
17
-3
8
-34
5
11
31
7
-17
0
54
-23
-6
-8
20
-11
-6
18
-14
8
1
-51
-8
-13
-2
-11
-127
24
-29
16
-30
-59
29
12
6
6
-31
-1
10
16
20
0
52
-26
24
-14
38
0
13
1
-2
-33
11
5
31
2
-17
22
6
-19
-1
2
30
-8
-14
32
-14
10
3
9
-19
10
-7
-16
-11
20
-1
-6
127
-11
-55
-6
-4
23
-45
0
21
-13
-54
-1
59
-6
13
10
41
-25
22
7
15
37
-15
9
-51
10
-54
7
45
-43
14
-4
8
-20
3
29
-12
17
-56
50
-23
-28
-31
1
-14
25
-15
-27
-127
-17
31
-14
-127
31
-36
-3
-33
15
-12
19
51
-17
1
7
-9
10
1
43
10
-41
-1
23
15
32
-28
65
8
-71
13
-2
-12
-5
30
-55
-6
-27
26
-7
-20
73
-27
-30
57
-53
-18
14
1
22
73
6
-8
-10
-23
30
-57
26
4
-8
70
-39
-10
-77
-127
22
74
-85
84
2
-6
20
55
-33
-44
30
12
-78
80
-28
-85
-29
17
35
-59
122
-12
-29
-23
21
87
61
-10
36
-17
-4
27
11
25
39
60
-56
-46
24
50
42
127
45
7
116
-94
82
8
-53
57
-65
-16
72
-34
-41
9
20
-34
-7
57
-74
-34
-19
9
-10
-14
23
4
3
62
-36
-35
115
-70
-20
-5
16
2
-71
32
23
-14
-1
-28
-48
3
-8
-8
-20
21
7
33
-11
27
-3
-3
6
-3
15
0
-38
-6
35
127
17
34
4
-18
15
20
3
34
12
-3
8
-11
-27
28
10
-11
-5
-9
-10
40
-4
18
-5
102
33
-82
-24
-23
-12
-17
-16
-123
62
54
40
47
-23
50
127
-21
-114
29
49
1
-30
-72
121
73
10
23
9
-13
-58
37
-77
52
-60
58
25
-54
46
54
82
107
-96
-41
69
-31
2
92
-111
37
27
-56
57
-64
18
-68
-22
-127
-6
-4
-31
-23
-9
23
15
-55
0
-15
63
-21
19
19
-7
-12
39
-37
115
4
-111
8
48
11
-19
22
-78
15
-30
-68
-64
-28
123
-42
-103
0
-57
67
60
38
-8
-33
9
22
32
14
-24
-13
106
88
-34
20
-23
28
-5
39
37
12
23
13
-32
-4
16
10
25
-3
21
-53
8
37
-2
14
6
-13
46
-3
3
21
-1
-7
43
4
4
-16
12
5
-31
127
-9
-20
3
21
2
-49
-34
54
-6
-36
29
-20
-25
1
127
12
81
40
29
7
-82
-12
72
16
20
27
-33
-23
-21
-31
-62
-21
9
58
-11
49
51
49
13
21
-20
-66
114
15
89
-43
87
-44
0
8
-10
-64
-5
7
-45
-53
2
27
54
-34
45
5
4
33
27
-33
37
46
22
-12
-64
-31
-10
-24
-65
127
9
-4
8
62
-6
-40
5
-22
-1
-17
38
66
121
67
22
39
104
49
16
26
33
-15
-9
47
17
-33
68
-44
3
-9
-25
0
13
-4
51
26
-23
27
-7
-93
30
41
23
4
50
1
-13
31
-40
127
-22
-20
33
-67
-4
1
-3
8
-11
-44
1
85
38
-25
37
25
-21
-4
27
4
-63
-22
19
29
12
24
-3
1
-27
-5
-10
-4
-34
1
68
-12
66
-127
-4
-17
29
31
18
-87
-3
-15
5
-37
26
19
27
-1
-38
22
36
6
-5
75
-1
-43
21
-18
15
12
-97
9
11
-1
-39
-43
-74
-11
-13
23
82
3
7
-22
-113
3
-19
6
6
23
-10
22
20
1
18
-8
-3
-24
22
-51
-7
-8
12
37
-15
19
-18
-31
-33
-24
15
-26
43
-3
2
-5
-26
127
-22
-12
-23
40
-3
9
26
-17
0
4
59
58
11
24
6
30
-2
-4
10
2
-6
-11
-28
3
-7
40
-5
-4
9
-5
12
-1
0
0
0
-6
0
-2
4
16
16
-20
5
-5
-15
10
10
48
0
-127
12
-33
-9
-36
39
30
-2
-25
4
3
33
-20
5
4
-24
28
72
-16
77
-127
-7
-18
-7
22
18
-94
-47
-7
-1
-41
33
2
9
8
-43
7
30
-33
-33
76
4
-37
39
1
30
36
-106
24
-2
-12
-45
-96
5
-6
-46
-51
-29
24
58
-18
37
15
-3
-6
31
-16
34
3
30
-22
-74
-14
0
-8
-97
118
2
10
-13
49
0
-22
14
-29
-3
-7
20
76
127
99
27
12
92
59
21
15
37
-47
-9
1
12
-32
-15
-42
13
5
6
32
-2
65
72
12
68
-33
-26
46
21
-47
-15
40
127
-13
26
-10
-93
-7
-26
-10
27
27
44
54
-37
43
75
61
-79
2
100
-19
39
-1
-51
11
16
12
-48
26
34
-90
-73
72
34
9
-20
-35
70
59
83
-41
68
76
127
-14
59
6
23
-100
-76
18
13
-42
-116
-6
7
29
-11
100
-20
-19
76
-29
-46
-59
-31
33
50
5
57
17
32
57
-17
-48
-66
-6
-99
-24
47
-62
-14
36
22
-30
2
37
39
42
15
10
51
63
25
-58
-23
-8
-48
-43
-10
16
15
69
-53
-60
34
-1
-39
-39
-8
26
77
-99
-47
-59
19
4
72
-23
43
25
21
-57
127
51
14
-75
114
-90
54
-55
13
57
-87
45
-73
-20
49
77
8
-95
-26
-83
-13
-10
-85
37
-93
-66
-15
-7
-32
-26
31
28
19
-27
-4
-43
-11
-93
-42
-33
10
-20
-34
-40
12
-10
-8
28
127
127
-33
7
6
49
21
1
-31
-17
12
13
-17
11
-8
4
-37
28
46
-5
-28
-14
-32
-12
-51
-18
72
9
-21
21
-3
8
64
-22
16
-37
-11
-14
-79
67
61
-39
61
30
-74
-4
-10
-72
-25
-13
33
21
13
-6
-119
-2
32
-88
-48
-79
-21
7
-7
-14
-16
12
-96
4
-41
-71
4
0
24
-20
-77
31
-36
-26
0
9
10
9
43
52
107
-3
-13
-51
3
-127
18
1
71
-48
-89
-57
-32
-89
56
-1
-5
10
60
10
46
125
23
26
26
23
32
46
62
13
-98
-6
82
33
25
-11
32
15
-24
-20
-57
-11
-9
23
-22
26
17
113
4
21
38
-39
32
127
-45
-112
54
-13
66
119
-4
-23
50
-43
15
56
-16
31
4
25
9
45
28
13
-30
31
15
-29
36
-110
-89
14
75
72
29
34
-5
42
28
-13
-22
38
42
-106
-127
-5
-22
-48
-17
-32
78
-37
34
35
38
31
38
-14
31
-35
-19
-59
52
25
16
-19
-5
5
30
-3
49
71
5
-75
-19
4
-40
-86
-51
-18
-87
-10
97
27
45
28
77
60
-26
-42
8
60
96
-46
30
52
66
40
127
39
-109
-20
15
-31
-2
-38
-24
-127
8
-30
-11
71
10
20
68
7
-35
-34
13
26
25
37
6
-27
-50
18
20
13
-24
9
-7
-45
-18
-8
32
16
-1
27
-6
-2
11
50
17
-32
46
-43
-4
26
2
-20
21
17
0
90
-7
-46
-10
-17
24
-2
11
-5
-8
10
44
-23
-36
96
-20
-5
24
53
-28
-50
-61
-23
-22
93
78
32
33
18
43
71
-19
-57
-127
41
92
-57
16
55
71
-2
119
31
43
9
-50
-28
4
-44
-37
98
50
32
-85
58
-52
50
-92
-24
-27
-49
-95
-127
-22
95
-1
-7
52
48
110
37
83
87
66
-55
6
-25
-75
-70
10
79
-83
69
-61
58
114
-35
-95
-96
-118
39
87
104
-92
34
-39
51
-30
-19
-38
9
12
77
-103
-82
8
2
26
6
2
14
15
-11
55
8
127
29
-28
-33
-31
-15
10
43
-70
9
-5
-44
2
-6
-1
6
4
-55
-3
-2
-22
-3
-4
-45
8
-106
-3
41
31
18
12
-59
-40
-44
-61
-1
-109
40
10
-6
-3
-18
-104
4
-16
116
-1
-2
-33
-16
-69
18
-30
126
38
-13
-9
30
-30
8
20
-26
-127
124
-17
0
13
30
-10
-67
-5
28
42
52
-64
-58
-37
90
-7
71
-7
-32
39
-42
35
-13
91
44
-30
-37
2
60
-16
16
-3
-15
-19
7
-20
23
-7
-19
-16
-113
-56
-1
-21
-65
-24
1
-11
-31
28
-85
-127
-70
-92
-101
8
-12
-102
-39
-30
2
-27
-5
-60
17
52
-2
2
14
33
-10
-6
-41
0
-8
-12
5
4
18
-11
9
10
-6
-8
-127
4
-7
-13
13
-15
-18
-9
-21
-1
-1
-3
4
5
-7
-17
8
2
11
-5
-13
-2
-18
-1
-73
-32
85
-7
56
77
-46
23
0
-86
53
-36
107
-127
-68
-16
36
-34
51
12
12
0
-4
-15
-120
29
-3
3
-35
-24
-19
-16
-18
-30
13
47
-33
13
-69
88
-9
25
4
-2
114
25
22
22
9
124
-39
9
-54
-60
-6
2
6
49
-25
9
21
47
44
-13
6
-4
-20
-8
11
-14
3
-18
6
-14
-3
-28
57
-1
9
-14
43
-4
-10
1
0
4
43
-78
-4
-13
21
-6
-127
7
-65
42
-84
12
11
13
-16
-18
-23
6
0
84
-43
4
-28
5
60
3
-17
-13
-1
-2
11
9
-5
-14
-10
-22
19
-9
49
-29
24
-23
63
-24
9
15
-25
-9
51
-69
-29
-1
-4
3
-127
-9
-58
39
-39
-2
-7
40
-19
-41
-31
2
-10
-105
127
-31
38
14
7
-11
45
-4
9
-16
11
-9
-9
10
-43
5
-16
0
-34
-10
3
-11
-47
-5
3
5
-12
0
-49
-1
-1
-28
2
10
49
18
47
15
4
22
12
29
10
73
-32
2
16
61
-86
-26
-47
97
-52
6
30
-25
27
7
15
14
-5
-15
93
10
-42
-6
18
-31
4
-8
-14
-22
-11
27
-22
15
-49
52
-19
-2
-24
-1
70
22
46
-12
21
-127
63
-4
36
-6
-33
37
71
-8
-29
-127
-1
-31
31
18
-66
-53
30
-57
29
12
-3
48
-18
-12
23
87
-42
11
24
-4
-28
11
3
42
49
-22
54
33
-67
-56
-26
-12
-18
-51
-45
38
-15
-37
39
59
41
47
-19
4
9
20
22
-14
106
127
32
-14
-24
8
8
35
2
17
4
-1
19
46
-14
11
50
32
31
-20
17
-16
14
34
-13
-5
7
-74
-7
-30
10
40
122
24
-126
-7
-49
50
-6
-22
7
-41
-25
-52
-1
35
-25
-42
26
19
61
-24
18
30
-8
30
8
127
2
62
-21
-7
5
-65
11
78
19
52
32
-1
-20
-54
-42
37
-10
-48
-39
8
66
-56
74
-62
1
-32
-35
16
97
47
-28
52
-45
-5
77
-72
63
20
-99
38
-127
18
-10
16
3
-29
-34
-53
-6
-76
-50
-57
24
31
-3
-23
-1
1
18
-39
8
27
-41
43
14
20
-39
93
-126
-109
-106
28
-28
46
25
-50
-18
-25
-9
-55
-27
-7
16
-85
-107
5
41
39
37
2
-7
-11
3
4
-1
4
3
-17
127
-5
-20
11
-11
-28
16
-17
0
-11
14
0
-28
23
3
24
-13
-18
-4
4
25
2
34
-17
-8
107
-34
-19
-88
7
-16
-60
-30
-10
29
44
-32
36
-4
9
-15
46
-12
46
28
-5
-19
-61
-41
-34
-40
-88
127
4
3
-10
73
0
-5
18
-19
-6
31
71
89
117
83
25
67
87
53
14
-17
35
-14
14
18
-16
-27
34
118
12
-3
-116
-5
4
0
0
-42
-79
14
-41
13
10
38
73
6
28
12
127
-15
9
5
2
-14
-23
15
-9
-5
28
34
51
-70
-92
-22
-24
-11
-29
-38
-9
-6
-11
8
38
-2
44
-4
-19
18
85
59
-15
-3
-15
24
5
33
10
22
16
6
-10
-5
-12
-12
12
-28
39
-30
-39
25
-17
10
-2
-2
57
-1
26
-12
-2
-17
21
-16
-9
-23
39
-27
-17
127
-17
-41
-10
-6
41
19
-1
-31
-86
7
26
-58
-30
-61
14
-9
-23
-14
-13
8
-98
9
-29
2
3
-6
37
-23
-67
7
-33
-33
43
3
14
17
49
24
99
59
-23
-35
14
-127
25
-8
67
-9
-78
-59
-26
11
-4
32
-30
13
64
-70
15
9
51
1
27
-27
42
-69
-16
7
3
-103
52
39
-66
-11
33
1
11
127
12
102
6
18
16
-8
-34
59
-80
-16
32
-50
-18
-119
44
-21
3
49
-1
15
-30
-9
-115
125
127
6
49
-21
13
-26
53
-53
-11
32
-50
118
-12
-102
-23
97
-5
-61
-114
-14
54
85
-98
37
-96
-11
-78
53
42
36
-57
18
-76
74
24
-36
82
82
33
-3
50
23
4
-88
-36
87
8
-73
97
-74
43
-34
51
46
-76
15
-39
16
17
42
-24
-55
-31
-56
-12
-2
-38
46
-30
-127
-47
7
-39
-65
16
19
33
-2
-23
-75
-100
-96
-79
-74
-3
-25
-96
-81
15
-26
-36
16
66
-78
-9
-20
-26
37
-8
5
-79
-36
43
24
-18
-44
-7
38
-6
-6
26
12
3
-30
-6
-30
5
127
21
8
-16
37
-10
3
19
-19
16
48
112
38
61
56
-4
12
62
39
11
35
28
-12
20
-38
-42
50
44
56
-61
-24
35
-15
-11
-23
94
14
41
-127
6
-53
-51
-3
44
2
3
-89
-19
-4
4
-26
68
1
-40
54
38
-77
32
9
46
-27
44
53
-32
48
-78
27
80
-115
-27
42
-16
28
37
-5
-7
18
20
-32
-1
-35
21
-22
-9
9
-1
21
-19
-15
25
-9
-13
-127
-20
-13
5
5
-26
-4
2
-19
-5
-5
-20
-11
6
-33
-10
7
2
8
4
1
6
-24
-5
-96
-32
95
-3
69
-26
39
-70
-2
0
41
39
72
50
21
-18
-56
16
-8
48
-73
69
-122
56
51
-36
24
79
-87
8
107
76
22
-21
34
72
-42
-96
-46
62
-30
98
-108
21
2
127
-37
-10
110
20
23
-89
-29
9
-20
51
38
-1
-13
16
-31
22
-19
95
36
20
-127
-39
-7
4
-41
-10
8
-34
-75
18
34
-7
11
55
21
-42
12
36
-35
37
-14
-15
-1
35
50
33
-11
-53
-48
55
-5
5
-52
19
34
8
22
-33
21
-16
64
7
-25
67
21
-26
99
26
1
32
0
122
11
-17
38
-21
-18
32
-80
-114
67
-33
59
33
66
42
54
127
-5
62
-45
79
40
-71
-61
-20
-45
-55
53
39
57
50
-48
-6
-12
13
-5
113
-65
33
-60
-18
52
4
-20
-3
0
12
18
44
0
16
79
-19
-33
6
23
10
19
-3
25
-16
5
7
5
4
90
-62
-18
7
-21
-8
-127
7
-84
-20
32
36
-82
-5
29
-108
-23
-45
-91
88
49
-123
50
-10
-92
29
-2
-34
2
17
-13
-54
-23
-127
-9
-17
-26
-30
-61
-54
14
-12
126
-11
17
-20
-63
-3
69
36
-60
-43
22
20
-9
11
-68
25
-68
63
74
8
70
-3
4
0
3
-30
-79
33
66
-5
3
-12
6
16
-21
28
11
-39
3
17
9
-4
12
41
6
-12
7
8
77
7
-9
29
0
-17
14
8
5
20
-2
-15
-20
12
15
-8
127
23
11
0
28
54
-63
55
-19
-65
51
2
84
-92
-40
-43
42
-24
41
34
15
-3
-11
-5
-90
22
69
27
-38
6
-12
-37
-15
-18
56
58
-84
-2
-69
71
-32
35
43
6
75
18
11
40
13
127
-57
61
-21
-15
85
-103
41
68
-25
-100
28
7
-39
33
51
-26
-50
99
-37
-89
-65
-45
-17
2
-53
-45
18
13
127
-26
46
46
119
-16
81
46
-33
50
-60
-14
-52
-59
-3
-37
7
-76
52
16
-38
-82
-52
-48
-5
-9
-1
71
-15
9
14
-75
16
-13
19
-27
12
-17
28
55
8
-1
16
-24
-39
37
-25
-7
-15
-5
14
20
42
11
-14
-16
-31
18
-41
23
8
40
-19
-2
127
-30
25
28
57
-42
71
18
17
-42
-41
-6
-77
-20
-67
55
44
-63
50
25
-21
24
23
-94
-29
21
-36
-12
2
31
49
-127
34
28
-8
17
32
60
-59
-9
117
-13
-21
-33
19
46
70
-19
26
-79
-113
66
-15
-34
0
-39
-9
0
110
-10
21
-127
-34
20
13
-6
-62
-42
14
-39
9
39
4
72
-32
5
-8
93
44
26
9
10
17
-5
-6
-8
17
14
80
99
-14
-15
13
-24
25
9
-7
12
9
5
9
46
31
-37
-48
-36
81
127
24
1
34
-96
20
32
3
-34
-83
-11
-10
12
33
17
71
-42
-12
30
32
-60
5
-11
-27
-12
34
-12
17
-5
-123
-55
-21
45
47
14
49
83
-37
-82
52
69
95
66
43
65
3
-32
23
-82
8
-10
37
-25
-40
-4
-4
-17
39
29
-32
-33
59
6
-28
36
-8
13
-12
-7
-40
2
-60
-17
-6
38
29
26
-93
77
33
10
-11
5
127
-32
65
-71
23
1
26
-56
-16
-127
11
5
28
-91
79
-6
9
96
68
17
17
-27
3
-26
-10
-89
4
16
-2
6
6
-3
46
-17
1
1
-29
-3
-3
18
13
13
-18
-36
-20
-34
8
-2
-61
18
46
-14
5
-74
116
-8
-7
-48
-1
-19
-10
-39
100
25
21
-82
70
-6
-4
-2
-17
-22
-16
-14
7
34
-114
9
21
18
-24
29
-6
-5
13
-2
8
-1
-3
0
70
-76
3
36
0
16
-46
-12
-24
-12
-1
127
-86
-9
78
100
-16
4
23
-94
31
-31
65
-48
-69
28
-4
8
-8
17
3
-11
2
-8
-63
0
5
5
-27
-44
-3
3
-15
8
-5
48
-17
2
-62
105
12
6
-1
8
127
-8
65
7
15
30
0
-14
-14
15
50
40
39
-7
-4
-22
-5
-17
61
119
86
103
-48
70
53
-13
-24
-30
-29
-33
49
38
-31
-29
104
-127
69
31
83
8
14
5
4
37
5
-10
16
-96
17
9
-28
-114
36
-65
-51
23
127
-3
16
31
-61
11
-6
-77
-57
21
30
-41
-8
-58
-36
-22
-21
91
3
-33
-35
4
-10
-12
34
14
48
-13
0
-4
-73
15
-21
-12
-75
-21
-11
-6
64
-48
-54
-4
51
-58
-4
-4
-85
-13
-22
-25
6
-33
-33
-39
127
-20
-51
-61
18
2
3
2
-20
-28
-47
19
-11
-26
-17
3
25
11
-47
35
10
13
-9
-4
32
-36
-25
16
89
-59
-14
18
22
23
34
-16
-25
-15
15
111
-73
17
63
-17
-3
30
90
11
-17
-127
11
-30
21
16
-26
-59
22
-55
45
7
39
79
-18
33
33
117
-28
20
15
9
-22
-2
13
2
17
8
45
39
-57
-74
-33
-22
-6
-53
-36
16
-22
-13
36
23
54
98
1
-10
-3
-45
12
2
-2
-44
-94
14
-16
0
-2
11
-8
25
2
-23
-12
-4
-9
26
-36
-6
-6
4
-36
1
-9
8
19
7
-41
84
5
14
-26
-5
127
-5
18
-11
30
33
-29
-14
-57
49
-16
-7
39
-23
-19
7
-9
19
-48
-64
-61
-56
-49
-14
-74
54
61
-56
8
-47
12
-59
26
10
-55
15
6
-77
35
7
35
57
-104
-1
-34
-18
-19
-76
-22
84
-73
71
-127
-43
15
2
-11
-77
2
-4
-7
-48
58
-9
55
-90
34
-6
-23
-5
6
21
-3
-34
9
3
-102
14
-14
3
-10
2
-7
4
18
5
0
12
10
10
31
-47
25
-2
-4
-14
-72
-9
-46
-14
-21
127
-39
-42
25
-38
32
58
-21
19
-18
0
3
13
-6
-28
35
-50
-58
-34
32
5
-31
-15
-14
36
-11
-12
14
24
41
-38
-16
13
-52
19
-44
-62
30
36
50
-19
23
-40
10
-31
2
-127
-14
7
1
34
-28
2
-110
-13
11
-23
-15
-38
-2
5
7
-42
9
-24
39
-11
25
-14
-52
-81
-8
-79
77
65
-2
9
53
-12
57
23
-72
-21
127
15
-26
-23
29
10
-52
95
26
-64
-3
-44
-24
-12
1
-1
-74
13
-42
-8
63
101
34
60
17
86
51
-70
-33
-49
-87
8
-35
70
31
-110
-127
-17
-15
60
-32
-104
49
-20
-39
-22
9
31
-63
57
4
62
-25
-61
13
-55
29
23
-25
-64
108
-2
9
-18
-110
-93
-5
18
-9
-90
48
-4
65
-108
18
19
-23
28
-3
-7
43
57
-28
-9
-120
4
-41
2
33
-37
-38
-15
-19
-19
-21
-12
-6
7
-27
5
26
-13
-16
-37
-62
-7
-92
-9
-127
123
-50
-34
