-27491
-23555
-4627
-12059
-8394
-22852
-19269
-17755
-25718
-4656
-20618
-19187
-13749
-15998
-8980
-12225
-18142
-16019
-6854
-10789
-20252
-8711
-3466
-7870
-14860
-31020
-19081
-9001
2504
6228
-2327
-16898
-13433
-24951
8187
-13257
-11695
-9899
-2186
-17739
-8401
-3789
-10440
-18091
-30451
-4850
-13590
-23822
-4628
-25332
-10828
-16990
-3054
-21334
1424
-10411
-13612
-24287
-38480
-16486
-9635
-5037
-7597
-10397
-33
-8396
-10625
-4848
-21569
4559
5030
12478
-20850
-13275
-2898
-4735
-6625
-10356
-24927
-6964
-24230
-4965
-16104
5065
709
-10889
-13422
1959
-18914
-11463
-7603
1890
-11269
-8055
-11609
-12876
-5075
-33575
-31099
-17732
-18742
9683
-16771
-26496
-24844
-11804
-11415
-19027
6719
-11117
11552
-7910
-10903
-10532
4077
-10202
7042
-18261
-12637
1458
-10244
-12590
-7892
-14530
-16902
-26103
-8964
-18085
-16666
-9218
-15777
-27558
-10268
-39960
-21972
-33601
-16246
-15699
-19471
5228
-25224
-13717
7317
-39451
-2735
-8439
-19065
-5121
-19622
4142
-9052
-27571
-6467
-20416
-17435
-21480
4065
-7521
-17506
1271
59189
8006
-6304
-23144
335
-27952
-11542
-24794
5322
-11113
-4958
-27110
-12896
5374
-5419
-9072
-9153
-7970
-4378
-30215
-16721
-13859
-17286
-9435
-15640
-15480
7169
-12925
-10475
-15264
-20739
-14903
