0.00045334
0.00032025
0.00032780
0.00050430
0.00031961
0.00037655
0.00026488
0.00029965
0.00025882
0.00045948
0.00045165
0.00032220
0.00047653
0.00054495
0.00032897
0.00031787
0.00035214
0.00034685
0.00014924
0.00037312
0.00033346
0.00042501
0.00035214
0.00017859
0.00024557
0.00029212
0.00033517
0.00030380
0.00039139
0.00053837
0.00020496
0.00046842
0.00022894
0.00029226
0.00017685
0.00023722
0.00029337
0.00039043
0.00040336
0.00033596
0.00040817
0.00032296
0.00034957
0.00030197
0.00028788
0.00080443
0.00041060
0.00023195
0.00044049
0.00029475
0.00025411
0.00043777
0.00072810
0.00022429
0.00012756
0.00042844
0.00028168
0.00025978
0.00016088
0.00026665
0.00030601
0.00050443
0.00024395
0.00026938
0.00043476
0.00020639
0.00026671
0.00029794
0.00017046
0.00026801
0.00020384
0.00024264
0.00018014
0.00029482
0.00017025
0.00040306
0.00020656
0.00017879
0.00023344
0.00036129
0.00020756
0.00044822
0.00034935
0.00017830
0.00021769
0.00034954
0.00034648
0.00029645
0.00027931
0.00051350
0.00040979
0.00019074
0.00049836
0.00042647
0.00023041
0.00053055
0.00019691
0.00018506
0.00027081
0.00026563
0.00022275
0.00021318
0.00028573
0.00028747
0.00021617
0.00034203
0.00037872
0.00023562
0.00067991
0.00024699
0.00012206
0.00070193
0.00032303
0.00020157
0.00054506
0.00026982
0.00021267
0.00030039
0.00028842
0.00057808
0.00022923
0.00025005
0.00034787
0.00024321
0.00029558
0.00028417
0.00030588
0.00021250
0.00032078
0.00033021
0.00022752
0.00017838
0.00038591
0.00022537
0.00030554
0.00021852
0.00036808
0.00053158
0.00034038
0.00036515
0.00025939
0.00022782
0.00047819
0.00027222
0.00061353
0.00021374
0.00023141
0.00023102
0.00027190
0.00019880
0.00035969
0.00022181
0.00045160
0.00026454
0.00027777
0.00020054
0.00028560
0.00021238
0.00027031
0.00048085
0.00010868
0.00026854
0.00030805
0.00022872
0.00042894
0.00021351
0.00030598
0.00021376
0.00040107
0.00031357
0.00018611
0.00045057
0.00028335
0.00025575
0.00026503
0.00018631
0.00047681
0.00030874
0.00039651
0.00036546
0.00039952
0.00021073
0.00028534
0.00024920
0.00026585
0.00036160
0.00026899
0.00046239
0.00023690
0.00027487
0.00030844
0.00037369
