5.3064632e-05
5.4983444e-05
4.6054804e-05
0.00013624165
8.4588995e-05
5.8141428e-05
4.0564762e-05
8.0058344e-05
7.341046e-05
4.5341654e-05
3.322818e-05
4.166024e-05
0.00014405044
5.8731166e-05
1.8387955e-05
3.329388e-05
3.819149e-05
4.7623205e-05
3.7677313e-05
5.7666122e-05
2.8998676e-05
0.0001061732
4.3727814e-05
0.00011312673
3.441753e-05
3.7697246e-05
6.757312e-05
4.9685088e-05
5.1141462e-05
2.9964649e-05
4.1292977e-05
7.4789736e-05
6.190008e-05
4.6033547e-05
0.00030131868
3.7654794e-05
4.8595557e-05
3.9641345e-05
8.398185e-05
0.00011111862
2.6429152e-05
8.043123e-05
3.8022965e-05
5.087553e-05
5.885751e-05
7.752113e-05
3.3362197e-05
2.6653008e-05
6.165706e-05
3.7608697e-05
0.00010310757
4.1128016e-05
5.8460533e-05
4.4079756e-05
7.0100614e-05
0.00028519216
3.134536e-05
2.138651e-05
5.4656844e-05
6.5451575e-05
0.00011869712
3.598247e-05
2.6229847e-05
3.0122117e-05
3.7973026e-05
4.364413e-05
4.827165e-05
4.2986394e-05
6.363383e-05
0.000124882
0.00012728067
5.717676e-05
5.075186e-05
7.480667e-05
0.00010807711
3.029003e-05
7.035615e-05
3.563531e-05
5.5707005e-05
7.5124684e-05
5.3147163e-05
4.6317306e-05
4.9808667e-05
4.6652553e-05
8.959959e-05
4.482378e-05
7.308736e-05
5.261779e-05
0.00015199996
4.4008753e-05
2.5993417e-05
5.747446e-05
8.718731e-05
0.00011463297
6.280799e-05
7.1588925e-05
8.615649e-05
4.6393587e-05
5.389152e-05
4.1569274e-05
4.0896735e-05
6.9737056e-05
4.505354e-05
6.504421e-05
6.197708e-05
4.5075583e-05
4.710956e-05
5.073851e-05
0.00015561919
3.4635712e-05
3.376697e-05
5.552012e-05
3.5399706e-05
4.382665e-05
5.8642567e-05
5.5677967e-05
2.9083008e-05
0.00016515584
6.846337e-05
7.049991e-05
0.00014385786
3.9156777e-05
2.7814718e-05
3.80274e-05
5.5121505e-05
9.431337e-05
3.9484497e-05
6.015463e-05
6.1162835e-05
3.3339005e-05
3.6458983e-05
2.9285276e-05
0.0001026734
3.816027e-05
4.11709e-05
5.3723234e-05
0.00014841996
5.7672354e-05
3.916199e-05
9.21636e-05
4.3077303e-05
4.066669e-05
0.00012286523
6.3832194e-05
3.8020316e-05
5.592176e-05
8.586372e-05
3.8457303e-05
0.00010829996
9.6459284e-05
4.905736e-05
5.2954365e-05
4.182104e-05
7.136473e-05
5.885215e-05
6.8636946e-05
7.379869e-05
2.4615463e-05
6.3964515e-05
3.3095544e-05
3.0499581e-05
0.00011357017
4.0177216e-05
4.4076063e-05
3.997227e-05
3.140392e-05
5.8989084e-05
7.568195e-05
3.656402e-05
7.65613e-05
4.5372202e-05
5.5544082e-05
0.0001937193
5.5748907e-05
2.7593986e-05
4.4396143e-05
6.584033e-05
0.0001498676
3.7894864e-05
3.86137e-05
4.695909e-05
2.7963868e-05
0.00022115101
6.696215e-05
5.608433e-05
0.000102248894
6.9909525e-05
6.8973044e-05
7.1476614e-05
4.7344998e-05
0.00013573254
5.5090793e-05
0.00011614743
4.93923e-05
5.0471415e-05
6.9707814e-05
7.874643e-05
8.3590785e-05
1.8951374e-05
6.5652566e-05
5.7356014e-05
6.187329e-05
0.00011009115
4.5328856e-05
4.898391e-05
4.588054e-05
5.526835e-05
9.0714064e-05
2.2655766e-05
4.2204494e-05
5.7559642e-05
9.3330724e-05
3.757357e-05
5.0567647e-05
9.51185e-05
3.3409036e-05
5.1564464e-05
6.1758925e-05
6.153314e-05
4.324493e-05
7.7077464e-05
8.208293e-05
4.8271817e-05
2.979836e-05
4.232432e-05
8.1574384e-05
4.097164e-05
9.173681e-05
6.572905e-05
5.5843997e-05
8.841833e-05
6.785539e-05
4.48871e-05
3.289117e-05
3.5790203e-05
1.782791e-05
3.0100451e-05
0.000112128546
6.485211e-05
5.4070446e-05
6.210404e-05
5.4921617e-05
4.1134394e-05
4.1665604e-05
4.842034e-05
6.6181594e-05
6.410442e-05
0.000182252
3.8820952e-05
4.4081415e-05
3.0046884e-05
8.3302926e-05
7.629679e-05
4.181557e-05
2.8725479e-05
0.00018006816
4.622056e-05
3.0131807e-05
6.361508e-05
5.532697e-05
7.8185905e-05
6.326082e-05
9.5688374e-05
3.8204278e-05
0.000111847505
5.2816544e-05
6.655743e-05
4.3680622e-05
3.593165e-05
0.0001337944
3.1425225e-05
8.224505e-05
4.1053954e-05
9.725006e-05
8.68391e-05
4.497181e-05
5.3791893e-05
3.5325796e-05
0.0001298714
3.960188e-05
7.041286e-05
4.94884e-05
6.0171442e-05
3.3012457e-05
3.3047334e-05
3.5192268e-05
5.020086e-05
9.886538e-05
6.1889405e-05
8.20847e-05
5.6857458e-05
5.3845357e-05
3.4573262e-05
0.00012518525
8.956242e-05
0.00011955868
6.690279e-05
5.2475465e-05
4.4649758e-05
9.448726e-05
3.925619e-05
0.000116544325
8.705238e-05
6.1851075e-05
9.10715e-05
3.20238e-05
5.253818e-05
2.582245e-05
4.4432494e-05
6.1238745e-05
8.505301e-05
0.00018455977
0.000110332236
5.099684e-05
7.3829535e-05
0.00011166524
4.3312804e-05
7.039453e-05
0.00017931126
4.813429e-05
2.6817783e-05
0.00019247728
8.964263e-05
2.4901135e-05
9.7385375e-05
0.00010888721
0.00013270814
4.9219376e-05
4.3060383e-05
4.027289e-05
5.975566e-05
5.291139e-05
3.375957e-05
7.451421e-05
5.20517e-05
5.4500455e-05
4.3653734e-05
6.325966e-05
6.500457e-05
8.231335e-05
5.2246014e-05
2.4088788e-05
3.5203935e-05
0.00010115965
7.57224e-05
4.771905e-05
3.008062e-05
7.54942e-05
4.130854e-05
2.5561103e-05
6.396319e-05
2.8847197e-05
6.0264196e-05
7.6935976e-05
9.263489e-05
6.4150285e-05
3.3599597e-05
9.965665e-05
5.991941e-05
0.00010155035
4.3878186e-05
6.930897e-05
6.8200694e-05
6.698242e-05
5.6085017e-05
4.3488122e-05
4.6435085e-05
4.5218323e-05
3.1588992e-05
3.2449985e-05
2.704271e-05
5.9239785e-05
8.823481e-05
4.5632743e-05
9.529297e-05
4.358191e-05
0.00010574341
5.8250607e-05
6.126807e-05
5.2153482e-05
4.1423948e-05
3.1246556e-05
4.458296e-05
4.4174576e-05
3.7170317e-05
4.16057e-05
6.003949e-05
2.7893933e-05
0.00021962596
3.8097445e-05
8.873926e-05
8.085278e-05
8.75902e-05
6.4203894e-05
3.3703684e-05
3.745362e-05
4.7723515e-05
4.6352146e-05
0.00023305169
4.000504e-05
4.5250392e-05
3.718341e-05
3.6854424e-05
4.4277316e-05
3.3570737e-05
3.7814392e-05
8.0577745e-05
2.826207e-05
4.0523544e-05
0.000102009544
4.3460983e-05
2.9449575e-05
4.245568e-05
4.35812e-05
6.388171e-05
4.8543192e-05
2.620499e-05
4.521693e-05
6.9774636e-05
1.937241e-05
0.000105717525
6.910049e-05
6.275519e-05
5.6876674e-05
3.847294e-05
8.184271e-05
3.1980642e-05
0.00015725057
0.00012164371
7.534642e-05
4.473573e-05
5.3445605e-05
3.2583026e-05
3.5540383e-05
5.2237006e-05
2.8364759e-05
3.31548e-05
4.060605e-05
7.4408665e-05
8.3305764e-05
2.9913206e-05
3.3911416e-05
5.1249728e-05
5.6746838e-05
3.9246e-05
5.9754344e-05
0.00010946012
4.3216343e-05
6.8883885e-05
8.8296285e-05
4.7197227e-05
3.982344e-05
6.878654e-05
7.687034e-05
0.00014192032
0.00012271894
9.8444674e-05
7.131762e-05
6.7314824e-05
4.8616228e-05
9.516346e-05
2.300196e-05
2.9114792e-05
0.0001600766
3.5155295e-05
2.5134092e-05
0.00017573887
5.205906e-05
2.6915239e-05
5.2073377e-05
4.271019e-05
3.262928e-05
3.614196e-05
5.0789044e-05
3.32411e-05
4.616055e-05
3.7996517e-05
3.9787254e-05
8.286547e-05
6.320698e-05
0.00012002478
3.187664e-05
5.384402e-05
5.930021e-05
5.8479578e-05
3.361845e-05
3.9184455e-05
4.8004982e-05
5.156913e-05
3.8121376e-05
7.730979e-05
5.499926e-05
4.017395e-05
5.1518273e-05
4.558401e-05
5.5030472e-05
5.0765906e-05
3.3807544e-05
2.60502e-05
3.3941684e-05
0.00014970469
7.7990335e-05
6.6095716e-05
8.581858e-05
4.352526e-05
5.8275204e-05
6.436339e-05
3.5838442e-05
0.00013340141
2.5484118e-05
6.5835324e-05
3.9104052e-05
8.2027655e-05
7.3231364e-05
0.00020199313
3.4981702e-05
4.515686e-05
2.7297614e-05
4.380124e-05
2.7994698e-05
4.819517e-05
2.5632487e-05
8.501821e-05
3.8668353e-05
3.0471623e-05
2.5488303e-05
5.758525e-05
3.0114643e-05
5.860494e-05
4.3347376e-05
6.330771e-05
3.1320902e-05
0.000102921505
4.3608892e-05
0.00010261993
4.7907284e-05
8.508928e-05
0.0002497788
3.0892847e-05
5.9648817e-05
7.6136865e-05
3.0497979e-05
5.18525e-05
9.023214e-05
9.177531e-05
4.529846e-05
3.4685134e-05
5.6732184e-05
4.8869326e-05
7.623918e-05
6.046458e-05
2.966599e-05
3.3486584e-05
2.9842424e-05
4.840284e-05
7.052873e-05
4.7535817e-05
3.6936137e-05
4.9187143e-05
4.6361627e-05
4.8894974e-05
8.3465005e-05
5.2312997e-05
3.646676e-05
3.0145986e-05
4.1979292e-05
2.4494182e-05
0.00013589549
8.0214115e-05
4.0889678e-05
4.825159e-05
0.000115573384
6.5738655e-05
3.8580816e-05
3.678941e-05
9.3370414e-05
4.327886e-05
4.0304716e-05
7.108285e-05
0.00010543192
4.7283218e-05
0.00010616072
4.9954237e-05
3.373753e-05
8.7356166e-05
0.00011343105
7.438826e-05
4.2613945e-05
0.00016590884
5.017499e-05
8.449183e-05
4.673277e-05
2.228958e-05
0.00013576381
6.448342e-05
7.000278e-05
6.864536e-05
0.00011144754
7.3539675e-05
6.102884e-05
5.0613497e-05
2.6717553e-05
4.5232333e-05
4.341853e-05
5.575885e-05
3.132777e-05
4.3642227e-05
5.62435e-05
3.9047158e-05
0.00010392156
0.000111527326
4.230359e-05
6.175648e-05
6.039825e-05
4.9038743e-05
5.5388406e-05
0.00016804106
0.000115180024
4.2511525e-05
0.00013840453
0.0001149237
4.3485114e-05
3.0886786e-05
0.000117062926
8.0718855e-05
4.35369e-05
5.6732413e-05
4.027493e-05
5.053999e-05
7.103787e-05
0.00010096716
0.00018658608
4.401125e-05
8.496443e-05
0.00016956513
3.180058e-05
5.911762e-05
3.9887866e-05
4.1208546e-05
4.473091e-05
8.085719e-05
2.5047733e-05
6.9205606e-05
5.267311e-05
0.00013874998
4.6191e-05
0.00014043965
4.1832645e-05
3.6581827e-05
0.00010773862
4.7805803e-05
4.4966448e-05
5.0915918e-05
0.00011229627
0.0001295304
6.4571155e-05
0.0001254356
4.251445e-05
4.9361657e-05
0.00017203184
3.6999772e-05
4.4516146e-05
5.8184094e-05
5.8222235e-05
4.9098537e-05
1.6545991e-05
4.3574877e-05
0.000113116614
3.0786887e-05
3.9355054e-05
5.085756e-05
6.894939e-05
