0.0014543219
0.0015069101
0.0012622062
0.0037339223
0.002318298
0.0015934597
0.0011117428
0.0021941282
0.0020119322
0.0012426613
0.000910672
0.0011417662
0.003947935
0.0016096224
0.00050395157
0.0009124725
0.0010466995
0.0013051908
0.0010326076
0.0015804332
0.0007947555
0.0029098478
0.0011984314
0.0031004206
0.000943268
0.0010331539
0.0018519504
0.0013617
0.0014016143
0.0008212296
0.0011317007
0.0020497334
0.0016964716
0.0012616237
0.008258125
0.0010319904
0.0013318397
0.001086435
0.0023016583
0.0030453852
0.0007243336
0.0022043476
0.0010420807
0.001394326
0.001613085
0.0021245917
0.00091434486
0.0007304687
0.0016898112
0.001030727
0.0028258294
0.0011271797
0.0016022053
0.0012080768
0.0019212206
0.007816152
0.0008590702
0.0005861318
0.001497959
0.0017938061
0.0032530862
0.0009861577
0.0007188713
0.0008255452
0.0010407121
0.0011961379
0.0013229625
0.0011781115
0.0017439878
0.003422593
0.0034883323
0.0015670214
0.0013909367
0.0020501975
0.0029620277
0.0008301472
0.0019282239
0.0009766432
0.0015267404
0.0020589132
0.0014565839
0.0012694006
0.0013650869
0.0012785885
0.0024556215
0.001228468
0.002003077
0.0014420755
0.0041658045
0.001206131
0.0007123916
0.0015751803
0.002389509
0.0031417015
0.0017213542
0.00196201
0.0023612578
0.0012714912
0.0014769841
0.001139273
0.001120841
0.0019112567
0.001234765
0.0017826416
0.001698582
0.0012353691
0.0012911136
0.0013905708
0.004264995
0.00094924757
0.00092543836
0.0015216185
0.0009701861
0.0012011401
0.0016071942
0.0015259446
0.0007970668
0.0045263623
0.0018763492
0.001932164
0.003942657
0.0010731547
0.00076230726
0.0010422022
0.0015106938
0.0025848101
0.0010821364
0.0016486348
0.0016762662
0.0009137092
0.0009992173
0.0008026103
0.0028139304
0.0010458438
0.001128355
0.001472372
0.0040676887
0.001580604
0.0010732976
0.0025258923
0.001180603
0.0011145363
0.00336732
0.0017494243
0.0010420082
0.0015326261
0.002353234
0.0010539845
0.0029681353
0.0026436225
0.0013444962
0.0014512999
0.0011461731
0.0019558656
0.0016129382
0.0018811064
0.0020225723
0.0006746265
0.0017530508
0.0009070368
0.00083589024
0.0031125739
0.0011011214
0.0012079757
0.0010955046
0.0008606752
0.0016166911
0.002074186
0.001002096
0.002098286
0.0012434984
0.0015222753
0.00530919
0.0015278888
0.00075625774
0.001216748
0.0018044605
0.0041073635
0.00103857
0.0010582708
0.0012869897
0.00076639495
0.0060610007
0.0018352059
0.0015370816
0.002802296
0.0019159835
0.0018903177
0.001958932
0.0012975661
0.0037199692
0.0015098521
0.0031832077
0.0013536757
0.0013832506
0.0019104552
0.0021581731
0.0022909404
0.000519393
0.0017993145
0.0015719342
0.0016957374
0.0030172255
0.0012423105
0.0013424832
0.0012574303
0.0015147183
0.0024861654
0.0006209178
0.0011566823
0.0015775149
0.002557879
0.0010297643
0.001385888
0.002606876
0.0009156286
0.0014132074
0.001692603
0.001686415
0.0011851972
0.0021124324
0.0022496153
0.0013229671
0.00081667217
0.0011599662
0.0022356778
0.001122894
0.0025141954
0.0018014108
0.0015304949
0.002423247
0.0018596866
0.0012302034
0.0009014356
0.0009808883
0.0004886027
0.00082495145
0.003073064
0.0017773767
0.0014818879
0.0017020615
0.0015052155
0.0011273545
0.0011419131
0.0013270376
0.0018138133
0.001756885
0.00499491
0.0010639508
0.0012081224
0.00082348334
0.0022830511
0.0020910366
0.0011460232
0.0007872681
0.0049350588
0.0012667491
0.0008258108
0.0017434739
0.0015163249
0.002142811
0.0017337649
0.0026224945
0.0010470499
0.0030653614
0.0014475227
0.001824114
0.001197138
0.0009847649
0.0036668514
0.000861259
0.0022540584
0.0011251499
0.0026652948
0.0023799657
0.0012325251
0.0014742537
0.0009681605
0.0035593356
0.0010853534
0.0019297781
0.0013563095
0.0016490956
0.0009047597
0.0009057155
0.0009645009
0.0013758356
0.0027095652
0.001696179
0.0022496637
0.0015582704
0.0014757189
0.0009475361
0.003430904
0.0024546026
0.0032766988
0.0018335788
0.0014381749
0.0012236987
0.002589576
0.0010758792
0.0031940853
0.002385811
0.0016951286
0.0024959615
0.0008776639
0.0014398936
0.0007077059
0.0012177442
0.0016783467
0.0023310152
0.0050581587
0.003023833
0.0013976508
0.0020234175
0.0030603663
0.0011870574
0.0019292759
0.0049143145
0.0013191979
0.00073498464
0.0052751508
0.002456801
0.00068245584
0.0026690033
0.0029842297
0.003637081
0.0013489365
0.0011801394
0.0011037436
0.0016377004
0.0014501221
0.00092523557
0.0020421823
0.0014265608
0.001493673
0.0011964011
0.0017337331
0.0017815552
0.0022559303
0.0014318863
0.0006601921
0.0009648207
0.0027724435
0.0020752945
0.0013078176
0.00082440797
0.0020690404
0.0011321272
0.0007005433
0.0017530145
0.000790604
0.0016516376
0.0021085546
0.0025388086
0.001758142
0.0009208512
0.0027312515
0.0016421882
0.0027831513
0.0012025526
0.0018995242
0.0018691502
0.0018357614
0.0015371004
0.0011918622
0.0012726284
0.0012392811
0.0008657473
0.0008893442
0.0007411491
0.001623562
0.0024182175
0.001250639
0.0026116576
0.0011944326
0.0028980689
0.001596452
0.0016791504
0.0014293503
0.0011352901
0.00085636234
0.001221868
0.0012106756
0.0010187125
0.0011402714
0.0016454791
0.0007644783
0.006019204
0.001044122
0.0024320427
0.002215901
0.0024005508
0.0017596113
0.00092370383
0.001026477
0.00130794
0.0012703554
0.006387158
0.0010964028
0.0012401601
0.0010190714
0.001010055
0.0012134913
0.00092006027
0.0010363645
0.0022083633
0.00077456766
0.0011106131
0.0027957363
0.0011911184
0.00080711313
0.0011635664
0.0011944132
0.0017507813
0.0013304045
0.0007181901
0.001239243
0.0019122866
0.00053093216
0.0028973594
0.0018938106
0.0017199074
0.0015587971
0.001054413
0.0022430315
0.0008764812
0.004309706
0.0033338421
0.0020649903
0.001226055
0.0014647631
0.00089299044
0.0009740415
0.0014316395
0.000777382
0.0009086608
0.0011128744
0.0020392896
0.002283129
0.0008198197
0.00092939707
0.0014045816
0.0015552387
0.0010755999
0.0016376643
0.0029999313
0.0011844137
0.001887874
0.0024199022
0.0012935163
0.0010914257
0.0018852062
0.0021067557
0.0038895556
0.0033633104
0.0026980352
0.0019545746
0.0018448714
0.0013324062
0.002608108
0.00063040585
0.00079793786
0.0043871575
0.00096348766
0.00068884034
0.0048164073
0.0014267626
0.00073765556
0.001427155
0.0011705417
0.00089425803
0.0009905287
0.0013919558
0.00091102597
0.0012651044
0.0010413559
0.0010904339
0.002271062
0.0017322893
0.0032894728
0.00087363075
0.0014756824
0.0016252181
0.0016027272
0.00092136784
0.0010739133
0.001315654
0.0014133353
0.0010447778
0.0021187996
0.0015073435
0.0011010319
0.0014119415
0.0012493033
0.0015081989
0.0013913217
0.0009265503
0.0007139478
0.00093022664
0.0041028988
0.002137451
0.0018114599
0.0023519967
0.00119288
0.001597126
0.0017639826
0.0009822104
0.0036560812
0.0006984334
0.0018043234
0.0010717097
0.0022481002
0.0020070237
0.0055359476
0.00095873006
0.0012375966
0.0007481352
0.0012004437
0.0007672399
0.0013208664
0.0007024997
0.0023300613
0.0010597686
0.00083512405
0.0006985481
0.0015782168
0.0008253404
0.001606163
0.0011880049
0.0017350499
0.00085839984
0.00282073
0.0011951721
0.002812465
0.0013129765
0.0023320091
0.006845591
0.0008466683
0.0016347722
0.0020866536
0.00083584635
0.0014211015
0.0024729576
0.0025152506
0.0012414774
0.00095060206
0.0015548371
0.0013393428
0.0020894578
0.0016571294
0.0008130443
0.00091775384
0.0008178798
0.001326558
0.0019329538
0.0013027958
0.0010122944
0.0013480531
0.0012706153
0.0013400457
0.0022874933
0.0014337221
0.0009994304
0.0008261994
0.0011505103
0.0006713026
0.0037244353
0.0021983974
0.0011206476
0.0013224127
0.003167475
0.0018016739
0.0010573695
0.0010082732
0.0025589669
0.001186127
0.0011046159
0.0019481403
0.0028895321
0.001295873
0.002909506
0.0013690765
0.0009246315
0.0023941367
0.003108761
0.0020387305
0.001167904
0.004547
0.0013751265
0.002315635
0.001280787
0.0006108819
0.0037208262
0.0017672722
0.0019185392
0.0018813368
0.0030543997
0.0020154736
0.0016725939
0.0013871446
0.00073223765
0.0012396651
0.0011899549
0.0015281613
0.00085858814
0.0011960857
0.001541444
0.0010701504
0.002848138
0.0030565865
0.0011593981
0.001692536
0.0016553116
0.0013439859
0.0015180086
0.0046054367
0.0031566946
0.001165097
0.0037931998
0.0031496696
0.0011917797
0.00084650225
0.0032082985
0.0022122306
0.0011931991
0.0015548434
0.0011037994
0.0013851301
0.0019469076
0.002767168
0.005113693
0.0012061993
0.0023285872
0.004647206
0.0008715463
0.0016202139
0.0010931913
0.0011293867
0.0012259228
0.002216022
0.00068647356
0.0018966914
0.0014435916
0.0038026674
0.0012659389
0.003848975
0.0011464912
0.001002584
0.0029527508
0.0013101952
0.0012323781
0.001395433
0.0030776607
0.0035499898
0.0017696768
0.0034377654
0.0011651771
0.0013528359
0.0047148103
0.0010140385
0.0012200369
0.001594629
0.0015956743
0.0013456247
0.0004534696
0.0011942398
0.0031001435
0.00084376434
0.0010785888
0.0013938335
0.0018896693
