0.0001166642
5.6772507e-05
4.4387012e-05
3.0311661e-05
8.2512735e-05
2.5698062e-05
5.9448892e-05
2.1406839e-05
0.00023224048
4.1195377e-05
5.4753884e-05
5.277296e-05
2.128205e-05
2.5490512e-05
3.0421254e-05
0.000308323
2.3033126e-05
8.034371e-05
0.00011685245
5.2743053e-05
4.3300515e-05
0.00024096314
4.2987376e-05
8.788768e-05
3.0503552e-05
3.424888e-05
3.6977806e-05
0.00010622398
5.7908237e-05
6.872023e-05
2.990394e-05
9.306728e-05
4.3068165e-05
4.894801e-06
5.280036e-05
6.5737266e-05
0.00015382242
6.550119e-05
3.313838e-05
7.040563e-05
0.00030865707
6.6174915e-05
7.613555e-05
4.12345e-05
7.891449e-05
1.2556127e-05
2.225689e-05
3.6977384e-05
7.085293e-05
2.781355e-05
5.8834183e-05
4.9962957e-05
0.00016963352
3.5287445e-05
6.419614e-05
0.00024145228
3.4116267e-05
2.6198399e-05
3.9799084e-05
3.3026874e-05
4.4421646e-05
4.6120407e-05
1.9401954e-05
3.431258e-05
7.4680975e-05
3.0633597e-05
2.5376581e-05
6.8009955e-05
8.7312146e-05
3.723222e-05
0.0002606196
2.410458e-05
4.1842773e-05
3.0243467e-05
7.3436124e-05
0.00019412015
0.00027890233
7.1206035e-05
9.062343e-05
5.1979405e-05
5.366124e-05
0.00017088953
4.7131587e-05
4.9328675e-05
0.0003184269
0.00021369733
1.7012291e-05
4.0982624e-05
4.5047393e-05
4.8699585e-05
4.6687335e-05
4.4689e-05
0.00010429848
0.00022748769
4.1760624e-05
4.30235e-05
2.9108909e-05
5.88516e-05
5.392128e-05
3.7361493e-05
2.3811039e-05
4.6904912e-05
0.000180001
5.5577664e-05
1.3534237e-05
6.7718196e-05
1.3710598e-05
7.6003176e-05
3.9380408e-05
7.992152e-05
4.336447e-05
0.0003131229
0.00011521173
5.345736e-05
6.543319e-05
9.536866e-05
5.65913e-05
2.1586591e-05
0.00011754633
4.46831e-05
3.0620264e-05
2.7344804e-05
3.3451248e-05
7.8075536e-05
1.3670609e-05
3.99996e-05
9.852886e-05
1.9000654e-05
2.6021364e-05
7.621619e-05
7.723856e-05
0.00011742258
1.6755466e-05
7.1247865e-05
3.0920997e-05
7.1027534e-05
4.0656483e-05
4.8394777e-05
2.6625978e-05
8.349488e-05
2.3461787e-05
2.3340965e-05
3.2959808e-05
6.818794e-05
9.026403e-06
0.00024848408
4.6645833e-05
1.0973109e-05
0.00015054026
8.941777e-05
6.413269e-06
7.988466e-05
5.8735823e-05
2.7216434e-05
9.6637734e-05
3.931369e-05
5.053874e-05
3.8493185e-05
3.5061035e-05
0.0001803974
5.3787324e-05
2.7864215e-05
5.8767924e-05
4.0004135e-05
1.4725394e-05
5.8641188e-05
5.3864223e-06
8.826106e-05
0.00035988755
0.00022337631
3.6059042e-05
6.3668056e-05
5.4970107e-05
6.100069e-05
6.961316e-05
5.9509857e-05
4.8727463e-05
9.536432e-05
3.645571e-05
6.212663e-05
5.720704e-05
2.7104757e-05
4.469342e-05
0.000117319854
2.0181977e-05
5.2367533e-05
4.5884455e-05
0.00032883833
4.15485e-05
5.2371775e-05
9.713429e-05
6.5800385e-05
