11997
113344
102073
169757
69714
230362
112436
270216
26441
157908
111743
112087
254464
194124
204638
23344
249851
77072
43034
71756
125218
31989
114705
79314
161878
180229
147334
68436
107033
94138
145972
82361
117887
1483250
105522
94276
27590
88586
176549
92604
23432
103620
84194
109029
55837
428376
220313
157469
74300
171913
100319
111686
21075
163244
92028
19736
117367
179956
115668
145896
131585
124986
329844
231770
84232
200519
192177
95699
63199
144489
21795
205421
129744
143675
85998
27393
574
80126
82370
122312
120554
13755
114284
122746
18611
23987
438451
108390
131013
115117
128518
105487
73434
9699
157757
106377
194787
73129
104555
149261
202804
89122
16909
97420
434455
92510
449092
76553
108440
96576
109374
20068
44629
115636
97472
60433
108012
265829
55150
143294
183937
267172
150549
79307
436787
145762
65881
266956
189244
80104
90129
43238
326037
89507
175306
90203
149445
157832
272457
83511
201507
236180
152177
84332
654215
21583
101365
440281
25456
78748
906402
71069
99157
244888
58949
134986
121440
154099
153277
30011
101064
176371
96593
120807
401579
100618
934616
79250
-3093
25438
165312
83749
104562
100913
88536
83676
140269
50883
126946
66018
75693
259933
152979
33439
241631
86175
121170
22631
172897
125158
68056
67217
