0.0019922792
0.0009695064
0.0007579988
0.00051763345
0.0014090732
0.00043884682
0.0010152111
0.00036556544
0.00396598
0.0007034951
0.00093503424
0.00090120593
0.00036343443
0.00043530247
0.00051950495
0.0052652443
0.0003933376
0.0013720327
0.001995494
0.0009006952
0.00073944463
0.004114937
0.00073409715
0.0015008614
0.00052091037
0.0005848695
0.00063147146
0.0018139912
0.0009889012
0.001173538
0.00051067077
0.0015893137
0.0007354768
8.358871e-05
0.0009016738
0.0011225978
0.0026268316
0.0011185664
0.0005659055
0.0012023197
0.005270949
0.0011300716
0.0013001697
0.00070416316
0.0013476259
0.00021442148
0.0003800818
0.00063146424
0.0012099583
0.00047497312
0.0010047137
0.0008532194
0.0028968384
0.0006026051
0.00109628
0.00412329
0.00058260484
0.0004473911
0.0006796505
0.0005640012
0.00075859023
0.0007876
0.00033132793
0.00058595726
0.00127533
0.00052313117
0.00043335688
0.0011614087
0.001491033
0.00063581613
0.0044506113
0.00041163486
0.0007145507
0.0005164689
0.0012540716
0.0033149975
0.004762826
0.0012159883
0.0015475799
0.0008876544
0.0009163751
0.0029182872
0.000804868
0.00084238773
0.005437789
0.003649318
0.0002905196
0.0006998619
0.0007692761
0.00083164475
0.0007972815
0.0007631558
0.0017811093
0.0038848163
0.00071314786
0.00073471403
0.000497094
0.0010050111
0.00092081586
0.0006380237
0.00040662204
0.000800997
0.0030738844
0.000949102
0.00023112471
0.0011564264
0.00023413643
0.0012979093
0.00067250076
0.001364823
0.0007405368
0.0053472123
0.0019674753
0.00091289345
0.0011174051
0.0016286144
0.0009664119
0.00036863508
0.0020073433
0.00076305505
0.00052290346
0.0004669683
0.0005712483
0.0013332991
0.00023345354
0.00068307476
0.0016825813
0.0003244749
0.00044436785
0.0013015468
0.001319006
0.0020052302
0.00028613376
0.0012167026
0.0005280391
0.0012129401
0.00069429236
0.00082643953
0.00045469287
0.0014258454
0.00040065788
0.00039859457
0.000562856
0.0011644481
0.00015414425
0.0042433725
0.0007965728
0.00018738821
0.002570782
0.0015269908
0.00010951965
0.0013641935
0.001003034
0.00046477612
0.0016502864
0.00067136146
0.0008630521
0.00065734965
0.00059873867
0.0030806535
0.00091852824
0.0004758383
0.0010035821
0.00068315223
0.00025146615
0.0010014179
9.198415e-05
0.0015072377
0.006145814
0.003814606
0.0006157817
0.001087262
0.0009387267
0.0010417112
0.0011887867
0.0010162522
0.00083212083
0.0016285402
0.0006225556
0.0010609389
0.0009769269
0.000462869
0.0007632313
0.0020034758
0.0003446484
0.0008942825
0.0007835707
0.005615585
0.0007095254
0.0008943549
0.0016587661
0.0011236757
