0.0034259805
0.0006921267
0.001346554
0.003857308
0.0022928282
0.0018463295
0.0019823662
0.0010716696
0.0016261896
0.0016593622
0.000569757
0.0031272073
0.0012844022
0.0012440183
0.00056303595
0.0014858466
0.0010801558
0.0007134205
0.0003232596
0.0025348214
0.0015832197
0.0060297237
0.0012262727
0.004344496
0.0036067478
0.0011207351
0.00043013532
0.0018551815
0.0026512267
0.00044406054
0.0014059087
0.0011759653
0.004120434
0.0011113412
0.0034000056
0.0015229592
0.00069551903
0.0017083936
0.0044634347
0.0006793723
0.005615575
0.0027518906
0.0022294961
0.0009959566
0.0045100916
0.00080078957
0.0023527336
0.0006717708
0.0024001645
0.0013930252
0.0015982089
0.0031045557
0.007536721
0.0013729474
0.002624762
0.00085345533
0.0042372732
0.00034969972
0.0030668878
0.00079782313
0.000508216
0.0008953425
0.0062243817
0.0021857573
0.0022727915
0.0016145982
0.0006265288
0.001977446
0.0029084545
0.0011412173
0.0023071934
0.0047586
0.004289864
0.0017605532
0.0015623063
0.0030351407
0.0022675581
0.00088078564
0.00178805
0.0017648033
0.0031153492
0.0036200036
0.0012174874
0.0012251632
0.0044394527
0.0015317849
0.0013017589
0.0008651566
0.0011071429
0.0024415464
0.0009358248
0.00043338572
0.0042451145
0.004452417
0.0010941555
0.0014942535
0.0019293127
0.003786728
0.0013376484
0.0016916201
0.0011083415
0.0010907481
0.002351988
0.0013101586
0.0042875567
0.001593599
0.003461544
0.0007237476
0.0024668793
0.0022394424
0.0010575939
0.0017745458
0.0006297932
0.002701578
0.0047344826
0.0006070061
0.0010479756
0.0013487196
0.004675302
0.0010312165
0.0011180056
0.008552249
0.002341861
0.0031723944
0.0017686158
0.0023576024
0.0024178342
0.0016760563
0.0016192495
0.0012895896
0.0012127116
0.0025996873
0.001262511
0.0011879753
0.0006746783
0.0044771493
0.0018934339
0.0017792105
0.0018821249
0.0061887507
0.0005419813
0.0020997804
0.0038999403
0.0018127457
0.00034521054
0.005847286
0.0013217848
0.0009046225
0.0018191775
0.0053553456
0.0021058042
0.0015925549
0.0039620837
0.0006506717
0.006272419
0.00083226594
0.001306231
0.00067402294
0.0007545071
0.0015005536
0.001037626
0.0006995685
0.0017054043
0.0011203819
0.0035119522
0.0021335627
0.004297946
0.001065382
0.00023312356
0.0013096167
0.0024302849
0.0007037007
0.0036676617
0.00075724843
0.0012413316
0.00083023217
0.0004607936
0.0012307366
0.00061073306
0.00072278525
0.0024034693
0.0018662547
0.0037208952
0.0038647987
0.0013611305
0.005811179
0.0037875897
0.0015742712
0.0016260289
0.0008937745
0.002868667
0.00217346
0.0013725624
0.0044993954
0.0020702358
0.00036478648
0.0005722788
0.0039423
0.0010584258
0.00673182
0.001113747
0.00074661954
0.0049768216
0.0040991115
0.0029355218
0.001475043
0.002715757
0.0031268457
0.0008786091
0.002311537
0.0019030676
0.0016889769
0.0018367383
0.0006761165
0.0011071065
0.002758682
0.0026683514
0.0023674269
0.0009941778
0.002350418
0.0042510373
0.005867588
0.004419808
0.0016659185
0.0033125398
0.0021976144
0.0018263997
0.0010924597
0.0054281703
0.0025794974
0.0005358679
0.0018069282
0.0004870393
0.0023800458
0.001942534
0.0016735264
0.00402775
0.0007087494
0.0053935363
0.001238094
0.0013741192
0.00096906524
0.0015987796
0.0006383505
0.0030810474
0.0013197287
0.0011216309
0.0010009612
0.0008382646
0.0071323025
0.0017589235
0.0062517407
0.0004888709
0.001253779
0.0011385462
0.0056574596
0.0018771241
0.003167511
0.000978769
0.0019294708
0.0038460765
0.0011281858
0.0009173817
0.0011941355
0.00077522715
0.00044762058
0.0011220998
0.0009988714
0.0026573436
0.0023019803
0.0016805121
0.0017677394
0.00074336486
0.0013303574
0.0019945137
0.00071077136
0.0017431915
0.0005453651
0.0027685717
0.002100602
0.0030741387
0.0018302699
0.0028465465
0.0015062474
0.0018569479
0.0015367165
0.0018672918
0.00067073223
0.0009212861
0.0010622875
0.0011723585
0.00046441972
0.0008309247
0.00095784
0.0016260827
0.0020091734
0.0010492892
0.0022551485
0.0011474808
0.004849359
0.0007793403
0.0022466937
0.0025479507
0.0011894766
0.0033490635
0.00080923433
0.0010892274
0.0036257608
0.0017726169
0.00079116493
0.001514826
0.0013188979
0.0023118977
0.0016450009
0.0046414696
0.0018339112
0.0011385835
0.0032861177
0.0020029903
0.0020492782
0.0013298552
0.0007890024
0.0036386806
0.0048598377
0.0012738558
0.0010684561
0.0010351689
0.0032584877
0.0007363806
0.0032140457
0.0012165185
0.00041492408
0.0017503971
0.002188092
0.0020408062
0.000571613
0.00033570008
0.009790975
0.0022390008
0.0008998227
0.0018906937
0.0011606821
0.0032230732
0.0013847341
0.0037886263
0.0015514458
0.0034585665
0.003141394
0.0027144144
0.0019114335
0.0033058827
0.0006714474
0.0009761437
0.0011768632
0.0021287415
0.00024045425
0.0037019805
0.00036919673
0.00071051
0.0010065896
0.0005800146
0.0012318338
0.0009122459
0.0035880797
0.0010496653
0.0012797432
0.0032636665
0.0037818062
0.0002892686
0.0015350882
0.0008513514
0.002346296
0.0017091724
0.00070537184
0.0004994525
0.0016545461
0.0010572593
0.0010826181
0.003642074
0.001384035
0.0005701109
0.0050207265
0.0015593339
0.0015066552
0.0013827542
0.0009278726
0.0005869906
0.0018024782
0.0030170458
0.004886115
0.0019502223
0.0035091096
0.0028394063
0.0014047207
0.0026440998
0.0018107946
0.001355015
0.0010322458
0.0015724406
0.0012848882
0.004284428
0.00036220395
0.0027217346
0.0009920641
0.00082773675
0.0019235407
0.0024450053
0.0009081239
0.003856524
0.010058779
0.003210387
0.0015280531
0.0012833793
0.00075087533
0.0067587155
0.0032099753
0.0015357396
0.0017968728
0.0012153112
0.003464902
0.003800097
0.002178719
0.0011422393
0.005025185
0.010793509
0.00092852395
0.00089617964
0.0004566348
0.002268204
0.0037729205
0.0025116652
0.0023168565
0.0023512638
0.005884113
0.00076071627
0.0002971366
0.0012264398
0.0035877381
0.00095381937
0.004429879
0.0016415954
0.0017541276
0.0011340181
0.0018230644
0.0020173653
0.0035757595
0.0021370125
0.00073381054
0.0043709385
0.0024168885
0.00049626484
0.0013483575
0.0018652631
0.0068089343
0.0035357215
0.0032743588
0.0011009334
0.003040082
0.0009459718
0.006367184
0.0008383809
0.0055547203
0.0028087234
0.0038501825
0.00093265314
0.0005054432
0.0014522559
0.0010282102
0.0019569634
0.001638616
0.0022046857
0.0021798606
0.002448329
0.0023107866
0.0010806413
0.0011517489
0.001212185
0.0021618372
0.0003952933
0.0010196568
0.00074246305
0.0017614599
0.00082236825
0.004189972
0.004881775
0.0005209801
0.0015049943
0.0006804069
0.0016601548
0.0021525782
0.0010243591
0.0014645563
0.00031397943
0.0022476453
0.0020732211
0.0010738508
0.0016414641
0.0043582874
0.0015477558
0.002080391
0.0011489503
0.0040294323
0.0013411244
0.0033171235
0.004296418
0.0017542513
0.0017838398
0.0023063563
0.0011045692
0.002217547
0.0014012655
0.0015310241
0.0017164524
0.004094294
0.0010819207
0.0014894931
0.0024958153
0.0005749695
0.0028692104
0.00052008894
0.0015523401
0.0009409853
0.00056902773
0.00097545394
0.00083403225
0.0011800183
0.00090351613
0.0011647913
0.00091200025
0.0015110186
0.0022031083
0.00096680486
0.011904741
0.00097407924
0.007144506
0.00232093
0.002227645
0.003039348
0.0039296825
0.001308668
0.00055243704
0.001647466
0.002325455
0.008267699
0.0072884317
0.0021298386
0.0011606774
0.0019741256
0.0013747808
0.00095313974
0.0019769839
0.0010213392
0.0047353506
0.0021076857
0.0010363485
0.0010559993
0.0007997515
0.00457931
0.002457978
0.001997514
0.00059770903
0.0021894036
0.0036818776
0.0013101981
0.002530034
0.005445545
0.0011738145
0.000852357
0.001818671
0.0026656932
0.0017547203
0.0010372712
0.0008477536
0.0017001462
0.0030431903
0.0020630378
0.0022565634
0.0008342624
0.0030264612
0.0037536856
0.0011773222
0.0016375353
0.00065834756
0.0029915578
0.0031777795
0.002877842
0.0010865694
0.0014578704
0.0006180772
0.0032464936
0.007919668
0.0030241678
0.0040752594
0.0009973573
0.003537417
0.0030432094
0.0002379031
0.00076082576
0.0015692635
0.0022904363
0.0017122403
0.0011187611
0.0021106987
0.00081438344
0.0012514363
0.0007723922
0.0026096248
0.0024216648
0.0013569455
0.0010970928
0.0015147399
0.00087185553
0.0045861816
0.0002342705
0.0007526877
0.0041559213
0.0016371728
0.0040515475
0.0011315848
0.0024690013
0.0021680717
0.0013916723
0.0040221657
0.0013915489
0.001494716
0.001784642
0.0010494341
0.0010945436
0.0009775945
0.0013587928
0.0026930773
0.002864124
0.0014142392
0.0057327114
0.0012793017
0.00068152824
0.0032191314
0.0011477998
0.0021939678
0.0031128176
0.000782987
0.0023999882
0.001629641
0.001831668
0.0014276662
0.0021101527
0.0011277793
0.0022241254
0.0012740871
0.001957024
0.00014130159
0.0026895367
0.0005283589
0.0027940238
0.0016252114
0.0015301295
0.0025887163
0.0010163569
0.00080575334
0.0010521926
0.0016783453
0.00026582292
0.0020454233
0.0016912146
0.0016665602
0.0012842099
0.0028864278
0.0025175542
0.0025024111
0.0014871291
0.0005944468
0.004801772
0.003213772
0.0007663843
0.0009697833
0.0011947055
0.0035693476
0.002058296
0.0038868429
0.00356325
0.0011156403
0.0021926633
0.001090153
0.00080214516
0.0057637026
0.0008818923
0.0004573703
0.0012019244
0.0012122663
0.0013868061
0.0046172547
0.0013422973
0.0012937199
0.0007570338
0.0019546037
0.0015262414
0.00035267504
0.0010229351
0.0037460926
0.0028545398
0.0007179147
0.0010610559
0.004290901
0.003886133
0.0018389979
0.0027817576
0.0011520503
0.0032981539
0.0033939853
0.0006306572
0.0010531585
0.0013121201
0.0016361077
0.0022538556
0.00030482377
0.0026622748
0.0013000162
0.00046931536
0.0024918143
0.0031703755
0.0010853057
0.0014937392
0.0045789895
0.0015120106
0.000709816
0.0005921176
0.0015683854
0.0012641452
0.0010094314
0.0023055694
0.005582092
0.0007529239
0.0018174136
0.0009640338
0.0010621956
0.0009883855
0.0012739007
0.0010684779
0.0015985034
0.00077796075
0.0026090518
0.0029481992
0.002080812
0.00088047975
0.0010127511
0.002306546
0.0054631694
0.0018335128
0.0011409986
0.0013285289
0.0024214
0.0045096967
0.0024768303
0.0016049397
0.003487059
0.00036990776
0.004586748
0.0046689194
0.0025083842
0.002928564
0.0012026613
0.0011415108
0.0008925481
0.0015246894
0.0011301445
0.0034183688
0.0016309284
0.0026612591
0.0013119569
0.0010731224
0.0012911332
0.0026214414
0.0015702168
0.0034368234
0.0036571391
0.0020348644
0.0010260842
0.0040087886
0.0019429978
0.0015537413
0.0033024496
0.0016309522
0.00069748086
0.0006138464
0.00071625185
0.0019490909
0.0007493166
0.0018177176
0.0019087105
0.002694691
0.006416592
0.0026428038
0.00097495655
0.0009584753
0.0011276199
0.0027097925
0.0016869019
0.00097155914
0.0007097541
0.000834781
0.0042722835
0.0045862733
0.0038261684
0.0008266785
0.0017142893
0.002620019
0.000890748
0.0006987749
0.0033663758
0.003678082
0.0024114004
0.0013704741
0.0040774713
0.0036650102
0.0019863097
0.0012397458
0.003174617
0.0019489822
0.0012377946
0.0013635408
0.0010720666
0.010960886
0.0015254488
0.0038394649
0.00076403463
0.002674359
0.0059923795
0.0012468036
0.001882104
0.0014532183
0.003026147
0.0014958916
0.000979365
0.0047265156
0.0044407398
0.0025772583
0.0015338856
0.005572673
0.004319501
0.0011478509
0.0006508327
0.0019440706
0.00094704214
0.0015126674
0.0010092349
0.003783021
0.0007396626
0.0020831197
0.0030471
0.0012242071
0.0034044576
0.0011901257
0.0035737127
0.0010002817
0.0011837317
0.003261147
0.0018658614
0.0006230653
0.0024257754
0.00047125493
0.0026935705
0.0012770793
0.00833909
0.0011504492
0.003400741
0.00052146777
0.0011802627
0.001567265
0.0016373366
0.0024429841
0.0014170634
0.002070635
0.0029170485
0.0019824414
0.0025996931
0.0007399997
0.00390844
0.0017723009
0.0014596289
0.0016500192
0.0006037943
0.0035007645
0.0015185818
0.0012717245
0.003109141
0.0006965901
0.0010745507
0.0014744034
0.004623964
0.001093991
0.0030321493
0.0011604147
0.0013191197
0.0034298303
0.0028859496
0.0027188968
0.00095209945
0.001986924
0.0015053484
0.0020572979
0.0013849334
0.0010237708
0.0008181177
0.00089451176
0.00260454
0.006015541
0.0021368104
0.002257287
0.0041345344
0.00088648475
0.000276239
0.0015169252
0.0011311736
0.0020071166
0.0006335021
0.00081300637
0.002175643
0.0026052296
0.0024930348
0.0007921177
0.0020046555
0.0026230263
0.0034285008
0.0024810156
0.001925181
0.001855369
0.0025689113
0.001060195
0.000734224
0.00020833657
0.0020123513
0.001986902
0.0010651597
0.0007297406
0.001272492
0.0013098886
0.0013445308
0.0015627145
0.001097966
0.0020822594
0.0010413323
0.0035955382
0.0009863174
0.0006788779
0.00054976455
0.001231482
0.0018066164
0.0008415635
0.0012073609
0.0022542954
0.0021632472
0.0008887894
0.0013285443
0.0025368582
0.0018289658
0.0016610455
0.0019663472
0.0020580068
0.0018353433
0.0016771023
0.0008618823
0.0011165314
0.008796565
0.0043302146
0.00094664557
0.0016089336
0.00093240297
0.00087741984
0.000956585
0.0016613447
0.0009741513
0.004403195
0.0020087545
0.0018735667
0.0006895072
0.0022649057
0.0028457516
0.0016913571
0.0006618741
0.0012818786
0.0012339671
0.0014170529
0.0016935011
0.0009175863
0.00089746865
0.001190855
0.0015615941
0.0010525376
0.0023914708
0.002316474
0.0012818117
0.00089813175
0.0014696148
0.001262235
0.0009327199
0.0013422447
0.0011196533
0.0025575636
0.00092560885
0.0009170644
0.000661314
0.00075199135
0.0023608292
0.0012161259
0.002141635
0.0003844024
0.0017935688
0.0021402608
0.0010046422
0.00087480305
0.0014331861
0.0007120996
0.0016731145
0.004166796
0.00063943234
0.0011023574
0.00075050374
0.0018877017
0.00096330006
0.0008317204
0.0016605709
0.0007416275
0.002028053
0.003624226
0.0013394885
0.00599511
0.001583436
0.0017854259
0.006886945
0.0015237071
0.00035849
0.0014077164
0.0034500663
0.0032317734
0.0017092549
0.0012505912
0.0020450645
0.0027481245
0.002086767
0.0039673983
0.003358568
0.00087602093
0.0007348576
0.001124813
0.0009687058
0.005323106
0.0018529976
0.00092774775
0.0013421159
0.0020341836
0.0017225457
0.0018411634
0.0012706221
0.002530351
0.00032017916
0.0038845658
0.0014978327
0.0013158403
0.0013108543
0.001612328
0.0011614446
0.0024104533
0.00064367655
0.00054504327
0.0012529452
0.003988405
0.0033197124
0.0012955841
0.00221589
0.0011929659
0.0025467526
0.0011777225
0.0011198543
0.00275473
0.003503603
0.0023248738
0.0008440285
0.0009991851
0.0013208836
0.0008816337
0.0014231113
0.0017866872
0.0024648756
0.0029420024
0.0011355064
0.0018973475
0.000756003
0.0013338426
0.005355097
0.0005466476
0.0008456715
0.0020561302
0.0009033695
0.00066954514
0.002120175
0.00079453737
0.0010364117
0.0012790579
0.0026637856
0.0011141441
0.0017810942
0.0015876377
0.0036575384
0.001816077
0.0010790161
0.00088775274
0.0013672356
0.0012953749
0.0018759797
0.0011922573
0.0012901396
0.002830452
0.00071906555
0.0013469415
0.0020108689
0.0008303
0.002108848
0.0015547794
0.0021479612
0.003350326
0.00050202804
0.001121308
0.0010512313
0.0016369293
0.0013649658
0.002343327
0.005201582
0.0016953544
0.00060486054
0.0015406866
0.0013266075
0.00068878784
0.0022736017
0.0012948932
0.00072334084
0.001044933
0.00080030924
0.001818181
0.0010088693
0.0005793487
0.0012062996
0.0017063228
0.0010908092
0.0007439634
0.0010924424
0.0014820523
0.0023344972
0.0023877644
0.0025324058
0.0034264498
0.0013323331
0.004727916
