1937011089
1565282766
1522653244
1090439409
1296339478
2087788247
1120807680
1211820016
1838858883
1876369769
1288537017
1768088033
1452373325
1406708089
1273336847
1680162078
1221416185
1613440068
1462138922
1433159680
1790269592
1704569224
1386641668
1228164775
2039214917
1267302248
1945549726
2097797881
1498974000
2008534955
1589770123
1329755324
1164823704
1256679848
1922325280
1722128313
1572954751
1931813195
1261788104
1536438027
1587491561
1555888240
1260532168
1126205497
1274977693
1811029905
1330209279
1519246751
1357026194
1575201755
1807218953
1755281121
2130589026
1552498222
1484011132
1930136490
1197853487
1581730580
1733984116
1804321109
1149358666
2024866645
1759597977
1235802751
1285010922
1825751592
1416929545
1118025888
1644407705
1290462958
1304461319
1345229698
1212720696
1990794248
1766621100
1716034773
1282051977
1991945390
2021887016
1995600167
1761383704
2046709568
1376707449
1385387288
1255008525
1732108220
1471999849
1956599576
1251932430
1380423034
2116419554
1960251630
1200070270
1258673479
1237246621
1689668481
1090811909
2140973759
1512582912
1912846297
1253287779
1233393641
1329787797
1481498198
1212068410
1802006159
1957118293
1636795173
1394746083
1266155865
1195903549
2006616629
1424312171
1527442103
1338411770
1372777883
1185027520
1525101892
1321681772
1166076510
1264215793
1208836452
1324061997
1793636400
1999911275
1332962040
1367016462
1895246975
1831011100
1458239082
1371307069
1469834117
1427619306
1343335974
1525822289
1265665118
2141052762
2011891586
2128264777
1749525301
1225720777
1187192373
1102491365
2049812350
1561425613
1652995160
1494644661
2045853716
2057085368
1513926253
1190598206
1800825363
1120058965
1471530225
1773177820
1882215391
1477056834
1524340273
1706359527
1696792426
1173324267
1582112781
1928432988
1266902767
1985618612
1206292565
1215005389
1204710276
2108887357
1480885359
1374055986
1591458103
2073655017
1712559235
1403669959
1877616022
2084220527
1391689501
1381206656
1634618825
1358894731
2110319204
2103752599
1092557018
1539135984
1642787855
2141460882
1780150715
1838677155
2021320524
1621912332
1228850101
1552062938
1271954042
1170488257
1649969562
1294240156
1114466221
1196844261
1903047935
1259400210
1688521440
1406919618
1158795969
1659711187
1667945710
1535458619
1767883570
1987023054
1306917252
1075973182
1909857443
2076942750
1529074877
1251891282
1559728041
1508656055
1338516656
1124194037
1328900132
1201744595
1658734305
1249454898
1883783440
1872872998
1242506641
2065251945
1235328954
1534513367
1458418980
1211894919
2043234030
1101466327
1345651437
1098287010
1892386253
1138622338
1602875949
1524722657
1400008958
1553823331
1095797323
1807864228
1443665004
1741989759
1492319679
1268315080
1131864559
1895781763
2016262111
1988951484
1767332235
1105608535
1417745346
1287442546
1599332282
2122610035
1790875365
1106770220
1090901235
1087264379
1275727213
2074709511
1350301840
1753219031
2024637383
1268845329
1129501430
1502432405
1301514016
1900285582
1998920335
1681160779
1504338430
1127675726
1607448814
1971162013
1233373286
1565319521
1187656871
1738083696
2069628363
1609405616
1703230899
2099795283
1737684618
2111491799
1516898047
2083539594
1201211015
1325676905
2100621745
1879182240
1083104082
1838737999
1135964248
1186512758
1275035810
1297545608
1370886575
1762521081
1270255518
1440582942
1345033619
1893523117
1830128157
1231673957
2049964681
2004435522
1789263276
1712931404
1491380285
1307121129
1860130335
1312117526
2073745882
1287484867
1857934145
1132468392
1158639007
1503770547
1784372570
2057269366
1373848997
1440447781
1208186326
1170545843
1842312529
1665365342
1817185571
1375611953
1876747548
1979309919
1237122771
1153849050
1292734490
1518408663
1383926889
1265905970
2034998774
2137954153
1312473405
1822289526
1565826413
2142046997
1754340226
1955434889
1776109125
1534699525
1080703173
1869109125
1518515445
1103801501
1330770719
1203566712
1087601166
2093058371
1669917632
1606857720
1138229081
1311735142
1392930116
2063094487
2028660208
1186938011
1447105031
1845240612
2138191052
1308393828
1735843318
1925378456
1326569586
1932693941
1595237498
1129539504
1870923847
1195525229
1224200394
2059187948
1565035799
1289337442
1419331333
1763259856
1703692176
1563587610
2098435322
1327511689
2038202231
1705804018
1381277385
1102633958
1984011355
1605368601
1588426782
1494944418
2047606129
1532220712
1167240538
1778080754
1452922976
1211183820
1638288597
1538838277
1121804038
1871972410
1087548448
1382378701
2053772448
1090217740
1421780328
1815116964
1727888343
1451216618
1698146164
1910651132
1814884202
1736580116
2031863629
1374246793
1959016997
1074266165
1231823469
1291618639
1420591717
1525632324
2099908332
2026759930
2065409745
1282417228
2133167051
1420067472
1309924813
1329378249
1663405831
1720401819
1343981761
1386830865
2028467094
1078557650
1252302001
1856279332
1983528333
1282322300
2061480531
1140595834
2021694378
1208243071
1659553108
1235639931
1366481747
1122330435
1524692674
2109197862
1924847750
1999057400
1851285901
1244910918
1718828426
2139367564
1799967388
1896044764
1570288315
1588020785
1088425112
2109246699
1143087790
1642178566
1162677046
1106445276
1852910327
1246504666
1232468818
1384257892
1306492987
1221965105
1302371954
1370711802
1222278626
1787955300
1153005169
1679121203
1991819381
1859831310
1184481676
1380050608
1178225370
1701813974
1538777798
1877265964
1217043684
1158322520
1656087601
1420163608
1270793528
1172176091
1214286456
1856130992
1232063480
1750167648
1176229872
1299207449
1139098075
1516513503
1875464641
1214573217
1983668253
2017126127
1303988071
1249022066
1253776293
1584519767
1731247902
1940926048
1157434013
1223411830
1684285527
1411106108
1300325350
1622219594
1176209957
1755351448
2128090297
1286887696
1103021504
1886210195
1334338439
2043351692
1317120000
2062539051
1708626154
1245612864
1093241337
1682701938
1101467074
2019711986
1312227903
1259485656
1718413460
1110899325
1479812707
1249366853
1862917765
1314786232
1168616132
2060398983
1204186983
1312468060
1116148601
1554571332
1077789148
1117764644
1154907533
1338657144
1191661962
1171879739
1194100469
1808682299
1294545441
1389713259
1129372016
1351752152
1237864439
2081692437
1481542788
1430453010
1539425233
1327323297
1927652478
2056512579
1507153244
1984198648
1172923176
1917241679
1922487422
1720585854
1166418550
1275835796
1886730633
1711127299
2122292011
1331289765
1851688383
1488889464
1691393437
1796681084
1627099683
1228668482
1648527273
1397815697
1835531283
1119422971
1709830782
1152053072
1127789398
2000016014
1720596654
1076062098
1720649591
1774488213
1294987132
1936163109
1265070034
1193365501
1841773274
1415096152
1746807649
1475452726
1369182157
1534403576
1240568033
1712834170
1971749519
1296487929
2119262776
1702244938
1174855633
1851278432
1145349841
1279570674
1395945805
1225803514
1573671927
1137043746
1573532446
1690191481
2018033304
1186676548
1237685493
1105442036
1536492501
1522635891
1619343825
1599190055
1620605564
1446605900
1541313796
1820061010
1297906355
1240444807
1759952355
1770768418
1356926507
1842761724
2071209152
1614373018
1193056849
1275267620
1257495685
1440709171
1106479469
1278245389
1520633987
1194912902
1579709894
1837752771
1730236242
1463631299
1149273659
1822255772
1189796024
1897835323
1202346517
1156459474
1912387802
1884509109
1452155866
1631953999
1423397085
1414835275
1681612391
1344374359
1357434131
1817030970
1733220483
1096609280
1350946236
2018069181
1163737580
1098788776
2014621833
1261541120
1239707313
1232720689
1814095785
1629366529
1994448146
2068736415
1359109225
1370803618
1568169407
1305272141
1517839784
1462909547
1712073796
1105111088
1725839761
1595188236
1156712224
2117998878
1613924921
1623603827
1199818325
1213013771
1098588084
2079497784
1572774707
1302712787
1864739442
1918921349
1426266081
1190888152
1483716134
1850074061
1274304796
1378751696
1505220421
1470029245
2122765376
1408843984
1792494886
1227239476
1689086906
1294454650
1709747862
1605288208
1339106724
1773495223
1429467269
1141442570
1303543195
1578026161
1702779141
2055090675
1090107876
1201107045
1117644199
1440498521
1208210854
1807551951
1759401239
1475128697
1666878916
1176467906
1991253768
1145196411
1304095409
1544407499
2073295368
1290215699
1502270812
1369032535
1274866126
1400372159
1814830021
1971544177
1673133684
1296647912
1319877410
1418212480
1655777447
1359942525
1290794931
2018546859
1724084712
1277942074
1932707486
1844217309
1504646241
1483531623
1213462894
1459984612
1482133735
1775566136
1943141495
2067705571
1150489600
1160273062
1133262191
1098549278
1756935970
1867168102
1844244327
1577391649
1388247497
1619843176
1101994174
1694620984
2055434509
1079163607
1523548341
1813934668
1494211866
1102459112
1083822503
1275087356
1532086356
1907510935
1098617408
1605148214
1887903301
1207750712
1296513922
1081636435
1869579188
1938480036
1481329429
2014475908
1580318048
1903311338
2079546548
1363378928
1549701493
1152678376
2072155794
1123037294
1401876837
1794892977
1101932817
1399670469
1541861398
1212268992
1549290700
1724943273
1085395274
1727906574
1512052663
1694012172
1409857658
2128241201
1643266740
1710949635
1691520764
1107443977
1336159568
1255372421
1457153031
1734483503
1575363458
1221098819
1297964198
1471894121
1099155784
2141788169
1710490445
1141220278
2138877732
1672787872
1177772660
1722796286
1384306070
1924842350
1345767561
2020537269
1131096130
1338537376
1843816145
2109874328
1409096478
1371506370
2131538158
1522914634
1444092820
1178707112
1300902239
1922740978
1179328188
1334614693
1772228249
1851463602
1381236016
1602383628
1170714026
1649266671
1120850183
1469837412
1673550297
1104894160
2004078362
1650515743
1865804772
1365514164
1979293152
1717178446
1438037646
1757873570
1575377114
1215077875
1667222457
1307168684
1237060572
1714343314
1312171012
1491631132
1939187694
1631683713
1537233912
1076612819
1123384643
1702214333
1163173248
1566051707
1157657036
1850218448
2022987857
1472577836
1700559923
1208128776
1276244941
1168809795
2004834344
1249459547
1715305076
1279105810
1134801245
1432699941
1838658850
1230084382
1472967761
1409534069
1791417951
1133409836
1483029747
1938436105
1402738473
1088475834
2098009776
1452433803
1198844811
1660488109
1884658724
1137760958
1123372196
1204458770
1650348658
1438905505
1481192730
1520365458
1767082596
1241555386
1177286269
1177515297
2032877193
1115305636
1535319979
1243322954
1392532320
2042881482
1903242440
1365256728
1274553410
1223075757
2010046479
1502288238
1434311335
2068153742
1878273158
1111750765
1163574120
2075365256
1896429820
1949194472
1262548827
1243369888
1224127505
2140891388
1819346141
2108680793
1984333444
1081684924
1878611428
1101548566
1244758587
1135727350
2118587409
1559358580
1280552388
1608956237
1912548883
1496864867
1449519632
1395342448
1602371766
1914973222
2075172179
2029675053
1346592295
1765815622
1190186059
1352110923
1309708526
1449444070
2031174642
1661807653
1427307102
2109397602
1517780330
1266078986
1446017955
2093315588
2073991896
1495598259
1700670007
1334786390
1375168029
1210856460
1738694536
2028127652
1210079611
1136026960
1978415628
1620614826
1610452604
1891920510
1177929970
1446111675
1246521141
1697305761
2134570871
1089278163
1880981805
1877736467
1677231579
1146638487
2049096895
1514663783
1694784188
1790514142
2018919761
1946900901
1722973841
1621490007
1591814384
1950628934
1827208568
1932787295
1414140724
1156256585
1553758935
1179834861
1121561318
1898896919
1981169817
1661921142
1271913405
1095390887
1504812374
2095328293
2098152845
1517634699
1150104726
1947816206
2081946359
1436791100
1430632176
1448205725
1098145057
1693715856
1487922759
1482284858
1823184550
1313335553
1362843334
1455710187
1232645567
1416802437
1127499928
1876928244
1465017582
1252839498
1348979220
1439905524
1331742256
1266306256
1557493557
1980897956
1314457774
1908817080
1129856247
1493625679
1993863423
1609222460
2020345912
1393613172
1663375262
1284005375
2145478164
1709742664
1508279419
1513856036
1236273766
1912532848
1162513000
2043020012
1514213269
1198723195
1796890306
1171951200
1446330086
1506074589
1259849332
2014021587
1795265293
2067931414
2053579298
1220127392
2007702021
1546039394
1464781086
2121315898
1348177843
1458861147
1600306052
1626206600
1523091238
1136922862
1877769268
1192318989
1758109810
1214433186
1894236998
1135364259
1267950012
1188708948
1851003204
1543472865
1324890941
1470458214
1917068884
1367925544
1742174013
1500098125
1557731883
1285469014
1464236267
1635875401
1181586907
1809943635
2055958461
1140806886
1310229110
1364056749
1929471739
1233462759
1682514370
1235309478
1675871545
1319898644
1350015262
1431793898
1937276470
1506572475
1336555387
