0.052910395
0.010689114
0.020796005
0.05957176
0.03541014
0.028514473
0.030615404
0.016550725
0.02511466
0.025626974
0.008799253
0.04829618
0.01983614
0.019212456
0.008695453
0.02294722
0.016681787
0.011017974
0.004992379
0.03914745
0.02445104
0.093122266
0.018938394
0.06709583
0.055702142
0.017308487
0.006642954
0.028651182
0.0409452
0.006858013
0.02171267
0.018161455
0.063635446
0.017163409
0.052509245
0.023520384
0.010741505
0.026384206
0.068932705
0.010492137
0.0867262
0.04249984
0.034432046
0.015381424
0.069653265
0.0123672895
0.03633531
0.01037474
0.037067827
0.021513699
0.02468253
0.047946353
0.11639614
0.02120362
0.040536482
0.013180653
0.065439895
0.005400717
0.047364615
0.012321476
0.007848822
0.013827553
0.09612854
0.03375655
0.035100695
0.024935644
0.009676029
0.030539418
0.044917792
0.01762481
0.035631992
0.0734912
0.066252105
0.027189754
0.024128055
0.04687432
0.03501987
0.013602738
0.027614411
0.027255392
0.048113048
0.055906862
0.018802715
0.018921262
0.06856233
0.023656687
0.020104194
0.013361366
0.01709857
0.037706923
0.014452756
0.0066931527
0.065561
0.06876255
0.016897995
0.023077056
0.029796055
0.058481734
0.020658467
0.026125161
0.017117081
0.016845372
0.036323797
0.02023392
0.06621647
0.024611335
0.053459633
0.011177463
0.038098164
0.03458566
0.016333342
0.027405852
0.009726444
0.04172282
0.07311873
0.009374523
0.0161848
0.020829448
0.072204754
0.015925972
0.017266333
0.13207981
0.036167394
0.048994046
0.027314272
0.036410503
0.037340716
0.025884794
0.025007477
0.019916253
0.018728958
0.04014923
0.019498056
0.018346936
0.0104196435
0.06914451
0.029241946
0.027477896
0.029067291
0.09557826
0.008370289
0.032428734
0.06023017
0.027995808
0.005331387
0.090304725
0.020413471
0.013970871
0.028095141
0.082707256
0.032521766
0.024595208
0.061189905
0.01004889
0.09687042
0.012853406
0.020173261
0.010409523
0.011652509
0.023174353
0.01602496
0.010804044
0.02633804
0.017303031
0.054238133
0.032950465
0.06637692
0.016453622
0.0036003299
0.02022555
0.037533004
0.010867862
0.05664289
0.011694846
0.019170962
0.0128219975
0.0071164365
0.019007336
0.009432082
0.011162601
0.037118867
0.028822195
0.05746502
0.059687447
0.021021122
0.08974709
0.05849504
0.024312839
0.025112178
0.013803337
0.04430332
0.033566635
0.021197675
0.06948808
0.031972453
0.0056337146
0.008838199
0.060884368
0.01634619
0.10396535
0.017200563
0.011530695
0.07686138
0.063306145
0.045335814
0.022780372
0.041941795
0.048290595
0.013569124
0.035699077
0.029390728
0.02608434
0.028366348
0.010441855
0.017098008
0.042604726
0.04120967
0.03656223
0.015353952
0.03629955
0.06565247
0.09061826
0.06825893
0.025728228
0.051158432
0.03393967
0.028206678
0.016871804
0.08383195
0.03983742
0.008275874
0.027905963
0.0075217714
0.03675712
0.030000241
0.025845723
0.06220404
0.010945833
0.083297074
0.019120961
0.021221718
0.014966117
0.024691343
0.009858602
0.047583293
0.020381717
0.01732232
0.015458714
0.012946049
0.11015035
0.027164586
0.09655107
0.007550058
0.0193632
0.017583558
0.08737307
0.02899006
0.048918627
0.015115982
0.029798495
0.059398305
0.017423553
0.0141679235
0.018442074
0.0119725065
0.0069129937
0.017329562
0.015426439
0.041039668
0.035551485
0.02595361
0.027300738
0.01148043
0.020545866
0.030803008
0.0109770605
0.026921622
0.008422547
0.04275746
0.032441422
0.047476597
0.02826645
0.043961693
0.023262288
0.028678462
0.023732848
0.02883821
0.010358701
0.014228223
0.01640583
0.018105753
0.0071724374
0.012832693
0.014792756
0.025113009
0.031029413
0.016205085
0.03482822
0.017721543
0.07489286
0.012036029
0.034697644
0.03935022
0.018370122
0.0517225
0.012497709
0.016821885
0.055995777
0.027376063
0.012218648
0.023394775
0.020368887
0.035704646
0.02540518
0.07168225
0.028322686
0.017584136
0.05075037
0.030933922
0.031648785
0.02053811
0.01218525
0.056195308
0.0750547
0.019673264
0.016501097
0.015987013
0.050323658
0.011372565
0.049637303
0.018787753
0.0064080334
0.027032904
0.033792607
0.031517945
0.008827917
0.0051845084
0.15121053
0.034578834
0.013896744
0.029199626
0.017925423
0.04977672
0.021385653
0.05851105
0.023960326
0.05341365
0.04851528
0.04192106
0.02951993
0.05105562
0.010369746
0.015075436
0.018175323
0.032876007
0.003713544
0.057172902
0.005701826
0.010973024
0.015545639
0.00895767
0.01902428
0.014088606
0.055413835
0.016210893
0.019764187
0.05040364
0.058405723
0.0044674263
0.0237077
0.013148161
0.03623589
0.026396235
0.010893671
0.0077134795
0.025552595
0.016328175
0.016719813
0.056247715
0.021374855
0.008804719
0.077539444
0.024082148
0.023268588
0.021355076
0.014329944
0.009065406
0.02783724
0.046594862
0.07546052
0.03011898
0.05419423
0.04385142
0.021694323
0.04083513
0.027965676
0.020926675
0.01594187
0.024284568
0.019843647
0.066168144
0.0055938307
0.042034112
0.01532131
0.012783458
0.029706912
0.037760343
0.014024947
0.05955965
0.15534647
0.049580798
0.023599053
0.019820342
0.011596421
0.10438072
0.04957444
0.023717763
0.027750669
0.018769108
0.053511497
0.0586882
0.033647854
0.017640594
0.0776083
0.16669354
0.014340003
0.013840482
0.0070522083
0.035029847
0.05826849
0.03878983
0.03578123
0.03631261
0.09087347
0.011748402
0.004588939
0.018940978
0.05540856
0.014730662
0.06841447
0.025352584
0.027090518
0.017513627
0.028155169
0.031155927
0.05522356
0.033003744
0.011332874
0.067504205
0.03732611
0.0076642497
0.020823859
0.02880688
0.105156295
0.05460522
0.05056877
0.017002672
0.04695063
0.014609465
0.09833396
0.012947845
0.08578637
0.043377556
0.059461717
0.0144037735
0.007805999
0.022428451
0.015879543
0.030223088
0.025306571
0.034048878
0.033665482
0.037811674
0.035687488
0.016689284
0.01778746
0.018720828
0.033387132
0.006104858
0.015747447
0.011466502
0.027203755
0.012700548
0.06470938
0.0753935
0.008045949
0.023242936
0.010508115
0.025639214
0.033244137
0.01582007
0.022618417
0.004849057
0.03471234
0.032018557
0.016584411
0.025350558
0.06730882
0.023903338
0.032129288
0.01774424
0.06223003
0.02071215
0.051229224
0.06635331
0.027092429
0.027549388
0.035619065
0.017058821
0.034247506
0.021640962
0.023644937
0.026508667
0.06323174
0.016709043
0.023003537
0.038545046
0.008879754
0.044311713
0.008032186
0.023974137
0.014532454
0.00878799
0.015064783
0.012880686
0.01822405
0.013953785
0.017988885
0.014084813
0.023335975
0.034024518
0.014931208
0.18385527
0.015043553
0.11033882
0.03584414
0.03440346
0.046939295
0.060689505
0.0202109
0.008531765
0.02544325
0.035914022
0.12768526
0.11256159
0.03289295
0.01792535
0.030488139
0.021231934
0.014720166
0.030532282
0.015773429
0.073132135
0.032550823
0.016005231
0.016308716
0.012351258
0.07072227
0.03796069
0.030849343
0.009230941
0.033812866
0.056862436
0.020234529
0.039073516
0.08410029
0.018128239
0.01316369
0.028087318
0.04116862
0.027099673
0.016019482
0.013092596
0.026256837
0.046998635
0.031861287
0.034850072
0.01288424
0.04674027
0.057971433
0.018182412
0.025289882
0.010167434
0.04620123
0.049077213
0.044445015
0.016780837
0.02251516
0.009545503
0.050138425
0.12231032
0.046704855
0.062937774
0.0154030565
0.054631405
0.04699893
0.0036741446
0.011750094
0.024235502
0.0353732
0.026443616
0.017278
0.032597356
0.012577232
0.019327018
0.011928724
0.040302705
0.037399873
0.020956488
0.016943358
0.023393447
0.013464823
0.07082839
0.003618043
0.011624411
0.0641835
0.025284283
0.06257157
0.017476046
0.038130935
0.033483416
0.021492805
0.0621178
0.0214909
0.023084199
0.027561778
0.016207322
0.016903989
0.015097842
0.020985018
0.041591536
0.04423316
0.021841325
0.08853525
0.01975737
0.010525433
0.049715847
0.01772647
0.03388335
0.04807395
0.012092349
0.037065104
0.025167964
0.02828804
0.02204869
0.032588925
0.017417276
0.034349103
0.019676834
0.030224022
0.0021822432
0.041536853
0.008159906
0.04315054
0.025099553
0.02363112
0.039979797
0.015696483
0.0124439495
0.016249927
0.025920145
0.0041053346
0.03158925
0.026118899
0.025738139
0.01983317
0.044577613
0.03888078
0.03864691
0.022967028
0.009180559
0.07415794
0.04963308
0.011835939
0.0149772065
0.018450875
0.055124536
0.031788055
0.060027894
0.05503037
0.017229803
0.033863205
0.016836181
0.012388226
0.08901387
0.013619829
0.007063567
0.018562363
0.018722082
0.021417653
0.07130828
0.020730264
0.019980041
0.011691531
0.030186644
0.023571074
0.0054466673
0.015798077
0.057854164
0.04408514
0.011087381
0.016386809
0.066268116
0.06001693
0.028401244
0.042961102
0.017792115
0.05093626
0.052416265
0.009739787
0.016264843
0.020264212
0.025267834
0.034808252
0.0047076587
0.041115824
0.02007728
0.0072480454
0.038483255
0.048962865
0.01676132
0.023069113
0.07071731
0.023351295
0.010962306
0.009144587
0.02422194
0.019523295
0.015589528
0.035606913
0.086209096
0.011628059
0.028067898
0.014888412
0.01640441
0.015264496
0.019673957
0.016501432
0.024687078
0.012014724
0.040293854
0.045531604
0.03213579
0.013598015
0.015640797
0.035621997
0.084372476
0.028316533
0.017621433
0.020517627
0.037395786
0.06964717
0.038251843
0.02478648
0.053853683
0.005712807
0.07083713
0.07210618
0.03873916
0.045228362
0.018573744
0.017629344
0.013784396
0.023547104
0.017453803
0.05279284
0.025187844
0.04110014
0.020261692
0.016573163
0.019940093
0.0404852
0.024250224
0.05307785
0.056480378
0.03142618
0.01584671
0.06191121
0.030007405
0.023995778
0.0510026
0.025188213
0.010771804
0.009480163
0.0110617
0.030101504
0.011572348
0.028072594
0.029477876
0.04161646
0.099097006
0.04081512
0.015057102
0.014802568
0.017414814
0.04184968
0.026052292
0.015004633
0.01096135
0.012892248
0.06598059
0.07082981
0.059090845
0.012767115
0.02647526
0.04046323
0.013756596
0.010791788
0.05198987
0.05680382
0.037241355
0.021165423
0.062971935
0.056601938
0.030676307
0.019146472
0.04902837
0.030099828
0.019116338
0.021058345
0.016556857
0.1692785
0.02355883
0.059296194
0.011799651
0.04130245
0.092545524
0.019255472
0.029066969
0.022443313
0.046735417
0.023102354
0.015125184
0.07299569
0.06858221
0.03980284
0.023689128
0.08606363
0.06670981
0.01772726
0.010051375
0.030023972
0.014625995
0.023361437
0.015586492
0.05842448
0.0114232525
0.03217143
0.047059014
0.018906495
0.052578
0.018380146
0.055191953
0.015448219
0.018281398
0.05036473
0.028816119
0.009622538
0.03746336
0.0072779995
0.04159915
0.019723047
0.12878782
0.017767387
0.0525206
0.00805348
0.018227823
0.024204636
0.025286812
0.03772913
0.021884942
0.03197862
0.045050517
0.030616565
0.04014932
0.011428459
0.060361437
0.027371185
0.022542318
0.02548268
0.00932492
0.05406535
0.02345278
0.019640347
0.048017167
0.010758047
0.01659522
0.022770494
0.07141189
0.016895454
0.046828117
0.017921293
0.020372313
0.05296985
0.04457023
0.041990288
0.0147041
0.030685795
0.023248404
0.03177264
0.02138873
0.015810981
0.012634903
0.013814723
0.040224176
0.092903234
0.033000622
0.034861248
0.06385321
0.013690755
0.004266199
0.023427194
0.017469697
0.030997645
0.009783723
0.012555964
0.03360035
0.040234827
0.038502105
0.012233362
0.030959638
0.040509675
0.05294932
0.03831648
0.029732244
0.028654076
0.039673932
0.016373513
0.011339259
0.0032175228
0.031078491
0.030685455
0.016450187
0.011270018
0.0196522
0.020229748
0.020764759
0.024134358
0.016956843
0.032158144
0.0160822
0.055529024
0.0152325565
0.010484502
0.008490492
0.019018847
0.027901148
0.012996997
0.018646324
0.034815043
0.033408906
0.013726348
0.020517865
0.039178908
0.02824631
0.02565297
0.03036801
0.03178359
0.028344803
0.025900949
0.0133107975
0.017243566
0.135853
0.06687527
0.014619871
0.02484816
0.014399909
0.013550757
0.0147733735
0.02565759
0.015044666
0.068002366
0.031022942
0.02893512
0.0106486585
0.034978908
0.043949418
0.026121099
0.010221897
0.019797165
0.019057227
0.02188478
0.02615421
0.014171083
0.013860389
0.01839141
0.024117054
0.016255254
0.036933564
0.035775322
0.019796133
0.0138706295
0.02269654
0.019493792
0.014404804
0.020729452
0.01729178
0.03949868
0.014294982
0.014163023
0.0102132475
0.011613656
0.036460336
0.01878169
0.03307513
0.0059366603
0.027699644
0.03305391
0.015515563
0.013510345
0.022133939
0.010997573
0.025839362
0.064351454
0.00987531
0.017024664
0.011590682
0.029153418
0.01487708
0.012844982
0.02564564
0.011453598
0.031320985
0.055972073
0.020686887
0.0925877
0.02445438
0.027573885
0.10636108
0.023531932
0.005536473
0.02174059
0.053282373
0.049911086
0.02639751
0.019313969
0.031583708
0.042441677
0.03222776
0.06127198
0.051869288
0.013529153
0.011349045
0.017371465
0.014960566
0.082209356
0.028617453
0.014328015
0.020727463
0.031415667
0.026602771
0.028434686
0.019623322
0.03907841
0.004944805
0.059992727
0.023132334
0.020321665
0.020244664
0.024900584
0.017937198
0.037226725
0.009940857
0.0084175775
0.019350322
0.061596412
0.051269203
0.020008832
0.034221917
0.01842401
0.039331716
0.018188592
0.017294884
0.04254369
0.054109186
0.03590505
0.0130350655
0.015431285
0.020399554
0.013615836
0.021978345
0.027593363
0.038067218
0.0454359
0.017536614
0.029302387
0.011675612
0.020599691
0.08270342
0.008442354
0.01306044
0.031754605
0.01395152
0.010340367
0.032743704
0.012270732
0.016006207
0.019753603
0.041139156
0.017206697
0.027506987
0.02451927
0.056486547
0.028047256
0.016664185
0.013710338
0.021115407
0.020005602
0.028972385
0.018413065
0.019924749
0.043713134
0.011105155
0.020801987
0.031055598
0.012823044
0.03256877
0.02401181
0.03317283
0.051742
0.007753256
0.017317334
0.01623508
0.025280524
0.021080354
0.036190037
0.080332555
0.026182832
0.009341387
0.023794163
0.020487953
0.01063755
0.035113208
0.019998161
0.011171182
0.016137809
0.0123598715
0.02807975
0.015580846
0.0089473855
0.018629935
0.026352227
0.016846316
0.0114896735
0.016871538
0.022888621
0.03605367
0.03687632
0.039110143
0.052917644
0.020576378
0.073017314
