-9
-11
1
17
-5
16
12
11
-2
13
5
-13
-2
-2
9
3
6
-6
3
16
1
-4
-1
6
6
5
11
14
6
-8
9
7
10
-20
-3
1
-2
2
10
19
18
14
14
8
-6
-25
2
5
-4
-15
6
2
-1
7
12
-15
13
-12
-14
13
-6
8
-14
-26
7
18
-36
4
4
3
-7
-8
8
14
8
2
-11
-22
-15
1
-19
0
15
-11
1
16
-8
-13
3
2
-2
5
-12
-28
2
6
11
3
-1
-12
19
-28
4
-32
5
8
-15
10
-10
16
14
-7
5
10
11
12
-16
14
-10
2
1
11
3
15
4
-6
-2
15
-6
-26
5
16
17
12
-10
10
-10
13
0
12
8
3
-22
-6
7
7
-32
3
-6
-1
15
9
-3
6
-3
10
2
17
-14
-6
8
3
-10
5
-4
1
-13
16
3
-25
12
17
-6
-5
14
7
11
11
1
6
-6
-3
10
-38
4
-14
-1
3
4
-5
-3
0
3
-34
2
3
7
3
-7
-25
-23
2
8
6
-15
4
7
11
-7
20
4
5
-5
3
-6
2
8
2
12
-12
-6
-19
-11
6
-12
9
-9
-1
-32
-10
9
4
17
7
-1
4
-2
-4
14
-11
9
0
-16
11
-1
8
-3
-1
-4
12
13
15
1
-3
-12
2
-2
17
3
7
14
-8
-2
-7
-7
-6
-17
-29
0
-4
7
-8
-5
-5
-12
-32
11
-10
7
-9
-2
-11
-25
2
5
-16
6
-4
13
-5
-9
6
13
5
1
7
1
9
-29
7
7
-31
-2
-11
12
-6
-3
6
8
5
16
7
-11
18
-19
-8
-8
4
7
7
6
11
6
2
3
3
5
-10
-1
16
1
-35
2
-16
-4
-14
8
-3
11
3
-21
-4
-13
1
9
-3
1
-9
1
-13
-12
11
3
-12
-3
-5
-13
13
-4
9
-11
-3
-5
4
-7
-8
-30
3
10
-5
7
5
17
-12
4
8
12
-8
-7
-11
1
10
-5
-7
2
15
-25
21
8
8
4
-10
1
-5
-6
-34
-30
12
-7
-22
-1
0
-6
15
-1
16
-2
3
-2
-1
-24
3
-8
-7
6
3
-32
-1
8
-13
12
-8
-14
3
4
14
11
10
7
0
-6
-27
1
5
-25
19
-4
-6
-18
-15
7
11
4
-7
-12
-24
7
17
2
-6
11
-8
8
-1
-12
18
-1
9
7
-4
3
-19
1
0
-15
8
10
11
-30
-6
5
3
2
1
-2
10
-1
7
4
8
9
7
-27
-5
6
4
-13
0
12
3
3
4
-30
13
5
-3
-18
-30
-12
-2
1
6
-11
10
6
9
-15
14
3
-22
15
10
25
11
4
15
10
12
-4
-5
-18
-1
0
-6
-11
-13
-10
-4
7
-10
7
0
-11
8
11
7
0
3
-29
15
-8
6
-2
23
9
-18
9
-1
7
-16
1
10
-4
3
10
7
4
-10
-1
4
-26
13
10
-23
7
-1
-6
-3
3
8
8
3
-13
-12
-20
-8
