61673
66776
89771
-74115
-72025
59040
78360
69752
-65647
80372
41253
48493
-18618
26744
57232
-46839
68724
70721
36532
-15002
74290
46509
76155
74916
47502
49788
-25831
88184
26745
64180
74299
77020
89339
54089
46362
-48337
68214
72698
75552
-2438
90532
63228
69345
47708
116357
64296
-539
-77793
50580
43312
-82342
-4981
78704
69910
52747
56511
58329
72011
35471
98718
63309
-63117
59030
81282
43880
44857
83839
22406
37670
50700
57003
37772
78484
45075
49317
73314
56440
42485
85942
97839
72439
64479
34994
-46703
60039
66704
-57484
61464
56771
59185
-2286
67385
10340
49590
64837
26105
-105670
51875
41458
6476
39408
94
74280
53036
-96270
83700
-94971
69148
50897
28209
30796
79080
72597
-53000
78432
78705
58663
-99313
71633
58985
59151
-78064
56759
59335
79071
8945
37486
32580
65307
45666
67979
59041
83987
36448
35698
94544
7401
6955
48004
31327
40757
100702
56521
93543
51987
18809
-73318
-89529
-81072
40716
52900
72375
75839
62066
5563
41342
-109716
39919
51598
49553
50038
31193
103124
49888
78261
63415
81952
8424
70426
48434
37764
19491
42459
-45620
-23005
70413
47908
53699
7165
49883
29793
-70778
54260
30082
47438
56779
48636
45089
51003
65713
-27677
40231
52411
58354
65217
39836
38782
72818
16903
105107
79564
80873
77580
-99765
83868
59896
81959
70722
-66127
52115
67988
81232
53616
22756
34017
-92947
30859
59000
93312
-4799
59302
34815
93502
8305
41738
-117552
23799
64280
83331
21191
59986
65195
80033
37103
31282
88095
61178
3757
41376
27594
12747
69673
6312
74615
23943
27336
69697
83704
7207
-89253
43384
114356
-15111
-87052
116055
-11001
47151
22164
28634
90620
71579
75862
68602
108590
-8182
62944
65336
57302
-10524
49295
39657
18691
41998
80324
65886
66947
40427
51731
70994
72863
44681
68893
8805
38695
28284
48585
66777
38027
2877
-75678
64151
91673
34667
52523
53397
30119
24739
15702
6895
98036
56145
63941
78144
61351
8632
57716
48395
18658
1899
48059
-107284
56031
53573
38294
-89220
71605
-53407
51175
85133
36270
65767
68750
64714
37823
47465
50643
26204
49732
-6692
54963
33434
45520
91273
29373
33104
43004
53740
12117
57667
37102
60485
60063
46481
32202
25766
53057
74949
56288
57973
-6332
79774
47216
-79226
84210
85829
45900
92815
27522
59565
30415
65961
67492
71634
69757
-63661
67246
-1365
65527
31612
36393
68460
51095
56573
72261
85617
70971
36856
33888
71170
45836
109932
50218
93294
69730
87572
55275
-26618
59745
24428
88132
77281
32836
80477
58825
77461
87613
53907
63947
89490
-561
62998
29418
51326
46163
18707
37305
-92796
37906
67498
45338
-83959
86126
12542
55851
52213
835
38225
40231
35735
70227
34079
94058
92516
73389
52407
45545
70518
16491
-98988
2191
67565
90796
-13466
109694
75502
13600
76333
49514
72424
40340
73267
-9610
-15430
10416
87196
48287
44702
22733
88431
63401
76498
44423
66388
79391
50310
100592
-1809
47004
52877
9291
9162
49825
27406
49386
-102145
62056
35876
58041
35270
56354
79111
37889
80589
70331
-111725
43123
42258
84030
68114
29681
43133
103369
36816
36709
47976
102323
81845
62849
86313
69476
6389
37502
21479
37038
15534
41017
6035
88826
88796
61848
59661
77078
-37795
35830
28900
45561
58133
66680
57510
30809
87909
2384
38572
46805
57602
20681
50766
75213
44678
50313
79401
56673
72825
-66385
31379
59249
86479
33439
66913
51721
41045
36028
68911
-65803
58519
-56102
19215
-98800
2687
45966
68702
96509
61800
66504
84100
100964
44376
59707
62326
44947
2505
-106703
65098
34787
32890
53397
67294
58599
10438
82702
59914
795
60318
62059
39986
84085
25674
23055
43302
56332
18422
108038
48410
23267
-8234
7512
54719
77727
51126
39899
57770
18702
93048
79649
70649
17007
74617
-72026
40556
26533
63865
-74029
78853
21999
64300
-2885
55822
22654
88218
57246
78463
62937
-7657
-88278
27880
12597
70576
45479
86128
41345
-788
64750
65400
102021
63190
37590
40748
36143
82228
72581
82063
40057
69881
79882
88016
54114
80573
64313
41222
89597
8034
-1857
39532
94593
30006
56202
77703
36960
19998
81649
28698
27330
75074
64925
28276
28152
54764
17685
29672
-99349
44825
101125
103707
33486
79183
65221
-42411
41374
34480
-5266
66536
34931
62641
53916
78571
16634
48987
-7116
30700
-83010
72045
43649
89490
84399
44313
7447
77739
-95117
72643
-12161
30039
75375
-92993
11441
68065
37619
-22368
39398
60578
76552
82774
-3371
-87754
-41396
42529
5693
54379
61632
87091
69633
38629
42682
-98177
95821
11712
67312
50892
49501
-32446
42086
68683
103141
72415
44696
19148
-47043
45645
48955
91002
51619
41484
71240
50112
33725
75546
93581
71367
67954
-45801
89646
58387
41212
16373
46329
52221
62528
-89067
54926
76796
22770
-34637
107608
-77942
-101870
80340
23450
100493
67230
54540
90035
34650
38049
78964
104242
-109370
351
82311
27858
39934
-73548
37846
57306
38799
87866
72769
55472
96090
38931
769
440
44763
72952
-58830
-121388
42734
87854
50025
34969
77910
48432
22966
55732
79610
65411
45960
82192
69430
25395
16084
79953
58341
48148
94283
29654
55875
-2430
59513
74454
97395
71741
55815
-15234
70906
42659
76295
62388
54015
86639
49109
36095
69313
53214
34292
58786
72365
36054
56782
26788
64135
66382
41788
-99177
62275
31967
53957
26809
36751
74888
68160
989
46817
43568
40233
33214
31567
59916
66335
58021
-97313
-16201
18795
-7450
56785
44949
48140
56926
49499
62942
3302
45606
49842
28165
-111425
46073
13333
74806
47555
83369
49180
48398
85581
74923
53069
6947
62863
44111
-69228
53629
112289
83485
56567
68224
60213
73559
38726
-72361
44507
33784
5322
-2924
48975
69732
45037
47045
24981
67726
-106523
48476
64620
58727
46784
-2298
-10710
20361
92597
68037
71171
66121
52632
61712
57110
-35646
46790
61940
-59675
82826
28666
-6679
-8317
54195
92115
24014
72449
-37949
52251
55934
-4872
82792
41754
76631
102961
72051
26908
65454
53656
78052
75884
91972
47210
23084
26377
49716
101718
12176
43005
75961
-82934
57531
63276
91225
47339
26555
75532
32850
2191
79200
34731
55871
81016
73127
67277
92993
48868
-85227
24153
66717
72998
57070
56661
75863
33385
5308
32693
104266
90810
34012
41803
90792
60752
-39476
47514
40792
2159
33358
22438
44278
68223
56151
59204
79376
75821
19062
-69890
85282
50743
54289
53891
84609
64851
15056
-9619
105765
57344
51257
65416
34392
84682
24000
54212
29581
33669
51307
80068
80185
82355
-93198
67143
39092
-81999
26379
33825
61490
80149
46306
105464
45037
41676
-7473
107111
108866
42489
92203
22610
60094
59950
47906
59383
72720
72059
50809
54519
64926
87792
-19505
84045
49519
76085
-44668
72592
44827
-75075
-51065
74744
76251
31363
36515
45405
-86584
37388
10408
94762
-51509
71294
39160
72053
48436
49187
54727
-48836
73271
-73393
36229
58162
101412
42984
91477
63590
41460
26877
44167
6215
50946
-105168
-82629
36843
-102360
67666
60017
61180
51978
91733
31219
37517
55271
82254
99073
38727
-91534
49988
67213
95028
57913
76658
67711
-27400
38482
41823
32012
64861
58554
63210
64556
48990
69610
58855
57810
20398
74091
29683
53684
-56696
1944
-89066
76889
39657
58571
51449
59001
83388
41387
78794
73752
-74725
62844
-45461
-42587
29229
99431
92683
76550
-13211
47291
64358
77778
57797
42510
56133
65537
37267
91272
63968
45299
51363
53331
47577
47148
59576
25444
92615
40357
39269
71829
