1297259959
1529018497
1120300029
1785693503
1102357122
1926432231
2059109793
1615085221
1129013462
1082288978
1626838621
1595645282
1208122174
1231259898
1590367913
1921553182
1193343985
1081163983
1289814041
1885601290
1448708163
1861021136
1379484154
1669031661
1796043158
1476598703
1396178424
1906197133
1686571806
1656305413
1197277950
1603796774
1610557848
1090012535
1087520074
1943058757
1524687323
1416697454
1099999778
2033143848
1877481819
1432564359
1336254593
1585616948
2078334283
1691868425
1833754359
2048371442
1151944623
1598893293
1311221888
1557593881
1320313651
1131176088
1399016639
1140083129
1226195756
2127117371
1164308460
1105900540
1208657462
1527245307
1209889811
1789453110
1123217463
2070585923
1679194002
1801427141
1752504863
1179524578
1610762931
1585946414
1800406168
1899707035
1722370256
1338972498
1665563020
1912098266
1164627560
1937109871
1773595090
1339273829
1493811974
1520818881
1217450116
1327400489
1701143060
1496836022
1114978607
1533679137
1830096552
1101061841
1489371595
1878542401
1339078371
1090490815
1242266633
1274096321
1136479000
2020098129
1305013871
1226900405
2143207868
1231049633
1326778577
1681332196
1713764916
1764734322
2023215094
1119644059
2116168015
1657762464
1681656478
1994875148
1992366769
1623335923
1860796803
1498938678
1151165382
1197726615
1930470218
1324595961
1551663504
1121702663
1452059085
1920195340
1753060882
1276549728
1224803857
1240517876
1396968771
1236651285
1344258011
1996072329
1223212799
1948637458
1660964571
1814006425
2062094971
1413597518
1882794726
1878547954
1933949965
1197909117
1119065829
1454718500
1444260750
1891646609
1420400053
1564987973
1180050612
1674240916
1722271046
1170660108
1956993292
1347965052
1722148885
1653024826
1152906736
1471085156
1660937918
1119402698
1698756842
1396620796
1765744929
2078876235
1358998811
1247313747
1617791279
1178741635
1314837492
1328322252
1148001034
1504772806
1585468874
1119410102
1629672023
2042969691
1814173379
1795324998
2022747920
1419724094
1978752815
1111954004
1252554097
1868327123
2090945033
2000383513
1361835545
1444785674
1625824497
1506877683
1466060253
2042940076
1763383884
1459291035
1074572454
1186568474
1527091310
1923601790
1920142774
1274829659
1263910658
2083725669
1459358409
1979605723
1151468194
1134395964
1529853636
1628037283
1396374252
1170742290
2040185153
1085230844
1327667023
1798384213
1929840162
1768388796
1322727263
1389920803
2046245835
2120649114
1201021269
1265487650
1997088489
1668271299
1186102040
1191493426
1078197314
1648832101
1788152277
1587282785
1693438012
1551966316
1837284821
1097645396
1134274543
1701288543
2034342140
1651811357
1095761336
1495243483
1176030209
1891467439
1463086180
1620998569
1432417765
1396152881
1166181600
1333595919
1358693037
1567933912
1355542756
2146553608
1441913772
1459740256
1155837127
1374265644
1689121646
1122421934
1859941674
1961097172
1684646099
1090215026
2085116828
2108900526
1131276408
2119657386
1885328278
1191570055
1695190472
1482477625
1157068366
1366841568
1925179522
1332372085
2047012860
1954880271
1243792169
1436486108
1097662795
1343299230
1842123150
1126836400
1775973904
1281882440
1354087185
1915396251
2089691954
1697846926
1399965795
1807223511
1693163705
1333213517
1084500468
1905815102
1128709540
1112469118
1104845511
2105347483
1182154748
1119007340
1975345625
1245120026
1810137243
1875512430
1310098003
1589955526
1631472977
1090935408
1122682545
2056602894
1613577824
1365418203
1441383666
1656840701
1879742174
1401938145
1436540895
1271456526
1392418447
1636356099
1174882078
1772537099
1961921206
1432568431
1073798766
1114683939
1237256723
1272851016
1394973469
1801893575
1802009813
1178480839
1322316357
1076930908
1793218270
1423811685
1964997450
1380786097
2038986491
2099206840
1499430284
1218998973
1859474870
1095681190
1459296218
1273213428
1477306499
1339535736
1189358935
1709143887
1531027866
1514735617
1760926590
1648798784
1881431702
1121999181
1520103312
1791406211
1493495465
1975234569
1876352012
1834776442
1622707717
1425148426
1574610583
2056882014
1736158197
1825993413
1249020304
1082432980
1468123669
1358482031
1705127741
1371819827
1266092904
1465284344
1174931312
1783062962
1210164859
1332190323
1509608914
1947950393
1112901495
1385972771
1145203540
1385326056
1962994374
1926800936
1079668432
1418242240
1913388363
1183892771
1144307320
1270291922
1399255779
1653788889
2062678384
1417039506
1918664252
2031452469
1363330355
1569670083
1326899998
1888173526
1097109367
1489162810
1656044802
2110854367
1282394777
1495866135
1644943669
1182074048
2062642476
1815435713
1171187253
1363719790
1481974542
2052400545
1522559495
1128670300
1081982834
1383365182
1167837812
1911981657
1482645319
2089263649
1383600620
1270818326
1329137401
1303248085
2051445095
1635661630
1946598474
1558829562
1355309539
1779747578
2019658349
1673722656
1513535845
1767527929
1675355916
1608274172
1424452107
1208490879
1442079616
1737271716
1508798947
1937360857
1885258683
1982871502
1257119229
1843751967
1405856192
1529465682
1626736450
1200541508
1506391259
2016494000
1132086005
1293650647
1258926476
1706097998
1953577217
1464076057
1426900516
1882465260
1328006113
1583492822
2119048060
1760189921
1350463066
1943288272
1243841404
1399046994
1774385437
1259329238
1391527780
1545966345
1439706724
1738456311
1467539146
1640777598
1557871891
1957738106
2065134937
1316963840
1074001628
1335602326
1842870925
1439614918
1828353718
1095684522
1809637863
1745929622
1424280896
1806881459
1159433113
1548385139
1952391142
1364878102
1083269600
1252574087
1317030844
2005051556
1707021611
1938233755
1189983068
1770948261
1961085326
1537864458
1474399800
2039725382
1382524490
2119051022
1999632776
1817294046
1766466421
1244872001
1314015310
2090443061
1617330028
1484455157
1918240759
1945594530
1637129787
1272557829
1786584910
1565851246
1316980868
1465151077
1585146072
1187205194
1975175339
2012426769
1538031782
2087560794
1566308426
1578173992
1394459651
1596053227
1884392448
1497275803
1321734425
1553408560
1857496967
1325739465
1485083363
1755034713
1247619520
1100313696
1986785847
1718258972
1502591671
1263352418
1678193760
1568750172
1464444762
2080308114
1853657399
1411437854
1345093891
1331417745
1707330346
1204617254
1401867070
1148294961
1295695183
1600031985
1472334533
1361704869
2048633534
1075834788
1581959142
1718404640
1573142426
1480456040
1399654839
1256756447
1734411660
1385877633
1995471888
1496910800
1412888242
1614516616
1800940717
1611843874
2046747067
1921726429
1129293323
1396807370
1258361573
1855864818
1872501339
1809342454
1634295644
2124925871
1266744061
1863034947
1472454103
1944035307
1592298432
1312003720
1193150748
1663861646
2026104024
2118426889
1190376205
1363809375
1248199972
1933961811
1632317371
1568275964
1090735508
1992949441
1931452691
1258808017
1703105045
1437521888
1979615348
1354521783
1888157238
1953464681
1140159758
1683200153
1357190083
2116408635
1541769178
1154517785
1834133799
1130775547
1275000685
1473962980
1421587239
2088732062
1336194623
2117443675
1924527995
1429622862
1191178768
1117870869
2081651148
1156116618
1638174451
1202375779
2045453637
1875787849
1107762760
1254922546
1923337477
1320544647
1477817355
1779070138
1332952536
1118338784
1753980424
2081671138
1308532858
1259718674
1714042556
1226665522
1413678959
1661061560
1352203680
1487772022
1414921673
1370353335
1857528062
1321025889
1636675199
1491944757
1514135546
1380486617
1476504676
1172612468
1526598963
1144506480
1197455639
1684341806
1796200857
1649310751
1589822259
1375783036
1156083301
1892317756
1301232793
1518855415
1918497668
1735112792
1315536033
1400750959
1420308247
1563002296
1610938029
1675755716
1146762392
1953184820
1896901767
1445700033
1285426969
2093183917
1381903688
1781166130
1780767810
1255436364
1123125657
1831392573
1194325348
1848573638
1686065392
1961700575
1649229681
1558343138
1473297386
1813257540
1494260269
1756838258
1592789669
1108613262
1189361156
1603917455
2130559359
2017644538
1096172427
2035727375
1348700241
1815354272
1732393407
1446816513
1226964262
1314806027
1110484922
1993116025
1119644059
1136642622
1905624826
1491834071
1356546700
1280797795
1962219576
1313973849
1309447957
1177075429
1921745678
1798287965
1784739904
1585470355
1612633850
1181967064
1458278947
1172015359
1726657748
1297545002
1825729840
2042371840
1410577542
1939812968
2129291472
1918000879
1079848343
1852238107
1827046221
1607934712
1186766894
1132845256
1374507376
1979174827
1542512141
1813812818
1644784489
1327624081
1989704392
1263087365
1709922387
2004218638
1767943463
2038765120
1156849215
1077491740
1452006889
1137807967
2051587617
1637350418
1781689943
1073976085
1829574590
1438183780
1875765267
1345566988
1952017995
1438032004
1980427536
2071973010
1901959986
1322487012
1593935394
1155585401
1444537649
1225788182
1729820986
1857315576
1127235090
1742794889
1778808047
1259700165
1866807140
1165216156
2056133498
1855822987
2054141899
1422091432
1529235426
1451829570
1364647846
1670614020
1296413714
1611543283
1076193868
1341446820
1266825501
2117102364
1257783713
1594762389
1124972514
1106169295
1189575123
1287946454
2125110964
1448002589
1337142299
1306593824
1900089067
1629915976
1221475517
1708743716
2032025517
1335327278
1227054957
1165596336
1125974977
1086925185
2031396941
1250851983
1867040357
1962701557
1098325798
1264548859
1103998340
1199694153
1729720666
1373871952
2047441535
1554792315
1551307386
1690617937
2130315036
2090041039
1562489959
2126005333
1224556203
1428538958
1164855224
1220326460
1148863197
1514482040
1139948752
1837797898
1608544037
1131326384
1123323336
1181037898
1335730410
1918833056
1470717561
1460620743
1943399328
1363518039
1188322414
1169751117
1767977150
1197613338
2054755667
1919137349
1891974594
1606220011
1683837613
1186871656
1160197916
1370471980
1981218993
2012636664
1277296208
1135498378
1183803186
1560321411
1674775464
1541350868
1347009972
1708444606
1248587186
1164462642
1113816964
1134088340
1086711588
1373171005
1715590303
1960839893
1344413119
1543765960
1458544000
1923601790
1648810630
1914663098
1894795410
1295393852
1999103040
1826169621
1890330969
1845999735
1510143462
1361591222
1136440871
1099627001
1676165142
1601762973
1376220596
2028177065
1810367129
1960417511
1568948221
2057273671
1940953881
1093587790
1460682564
1303238830
1122669218
1925118812
1388165752
1535476019
1216333636
1861489791
1079857597
1352131864
1782048283
2103248529
1270032051
1388638109
2084816237
1489158368
1130872536
1348883113
1859960183
1124039646
1636749791
1965207716
1725028190
1632691999
1717812158
1836041737
1343027513
1212480001
1632609818
1289431269
1233206705
1447179295
1151594798
2124145519
1696084841
1943254215
1289849579
1168657403
1990266705
1811086770
1446018393
1771415065
1679784819
1863788645
1171263141
1928349794
1346271082
1888722141
1550164252
2040853708
1862092084
1467583938
1249909490
2128346388
1611219000
2005058220
1243297046
1190407301
1804284235
1470712008
1706487063
2070743993
1700726231
2010508095
1630341319
1629760868
1785461396
1350389769
1614278956
1876486759
1689780577
1312838859
2117126056
2051645366
1201809024
1315153261
1293920142
1490263743
1081893249
1674654043
1701545822
1182781103
1190150762
1471775182
1078072931
1639431602
1192118485
1230956716
1292968024
1207928937
1578396844
1694494523
1378318809
1935575821
1206680670
1644239946
1082530709
1343572057
1798672218
2014501105
1822925313
1176906624
1301661468
1076015809
1099291983
1301777707
1710328851
1472036533
1197719952
1387754105
1235604399
1435623575
1500074408
1492333082
1617785356
1989398619
2080986294
1137800563
1442181046
1619316075
1952239366
1190452464
1295299825
1415052348
1428660379
1639918767
1398429894
1107906947
1802845323
1642403454
1667999953
1446413011
1647554220
1556499982
1145728093
1911163176
2000280601
1315243216
1186676568
1651680311
2052553061
1081814770
1410573100
1937175764
1093966490
1079576626
1362332704
1143863097
1244337083
1698132709
1804647758
1084628182
1486587428
1515857651
1106570947
1819033179
1353715519
1925310198
2104622659
1329275480
1812403336
1613225407
1550417459
1225649732
1614288581
1435746476
1213974071
1541847657
1094085319
1091324103
1485774870
1551808617
1250456254
2031482824
1170925161
1698034240
1140639519
1677677721
1818764424
1644063367
1177500587
1615372485
1127966207
1813465584
1431990571
1717615589
1203934631
1623849741
1883067183
1422611543
1322663961
1628317883
1169596194
1314240383
1488093714
1091259691
1323545744
1256186361
1269873982
1142524875
1084223199
2090369394
1436410960
1440640333
1713901145
1193436902
1677597761
1271422469
1119659607
1250269681
1795500466
2086426175
1920894991
1694544868
1362425991
1856341247
2074585041
1796103869
