0.00002619
0.00014757
0.00008816
0.00004175
0.00006789
0.00007984
0.00008304
0.00012501
0.00010370
0.00011769
0.00012928
0.00002837
0.00011324
0.00013704
0.00009939
0.00006864
0.00009838
0.00013644
0.00024855
0.00014354
0.00009839
0.00002689
0.00008496
0.00002168
0.00004613
0.00008600
0.00013988
0.00012801
0.00008515
0.00011260
0.00012596
0.00009130
0.00010737
0.00011915
0.00003034
0.00012463
0.00012230
0.00007724
0.00003066
0.00013773
0.00002853
0.00008297
0.00004670
0.00013033
0.00003391
0.00012339
0.00012759
0.00015903
0.00003727
0.00003823
0.00012076
0.00007545
0.00005309
0.00013807
0.00010225
0.00013708
0.00003013
0.00011548
0.00005414
0.00014928
0.00016532
0.00016541
0.00004021
0.00004881
0.00010054
0.00006508
0.00013566
0.00016776
0.00002728
0.00007968
0.00007047
0.00002453
0.00002565
0.00009290
0.00007464
0.00011962
0.00006747
0.00014453
0.00014269
0.00008663
0.00004887
0.00003877
0.00012416
0.00010579
0.00002276
0.00011368
0.00015652
0.00009323
0.00017197
0.00008197
0.00010385
0.00011914
0.00002338
0.00002493
0.00009475
0.00003693
0.00011820
0.00004455
0.00012442
0.00006995
0.00010669
0.00010977
0.00011382
0.00005646
0.00003240
0.00016344
0.00003121
0.00015554
0.00009326
0.00003648
0.00012508
0.00007209
0.00016289
0.00013091
0.00004122
0.00012027
0.00010729
0.00012503
0.00003127
0.00008520
0.00010898
0.00005399
0.00008257
0.00006061
0.00007595
0.00008321
0.00009980
0.00005882
0.00008859
0.00011586
0.00011153
0.00005245
0.00015330
0.00007443
0.00014716
0.00003549
0.00009542
0.00008162
0.00012948
0.00002992
0.00007114
0.00009785
0.00002359
0.00007353
0.00027713
0.00004017
0.00004653
0.00011687
0.00010424
0.00006552
0.00004311
0.00014544
0.00002346
0.00010376
0.00003925
0.00013417
0.00008893
0.00014492
0.00010109
0.00008764
0.00007536
0.00008162
0.00012272
0.00014643
0.00009029
0.00008846
0.00002808
0.00008575
0.00036767
0.00011923
0.00005889
0.00011937
0.00017490
0.00015594
0.00009868
0.00026693
0.00023867
0.00013516
0.00012053
0.00011278
0.00009144
0.00006108
0.00008449
0.00003054
0.00009800
0.00002613
0.00002448
0.00004419
0.00009486
0.00012939
0.00003366
0.00010592
0.00006563
0.00003378
0.00010243
0.00020332
0.00011503
0.00003568
0.00010159
0.00002418
0.00005424
0.00009924
0.00003432
0.00003632
0.00006904
0.00010473
0.00005218
0.00011609
0.00015866
0.00011668
0.00005885
0.00007123
0.00009418
0.00012697
0.00015065
0.00006106
0.00015353
0.00004789
0.00009554
0.00012410
0.00002198
0.00002698
0.00003678
0.00006232
0.00003649
0.00009142
0.00010301
0.00004286
0.00003322
0.00004460
0.00008148
0.00014200
0.00012717
0.00005818
0.00013680
0.00009135
0.00003429
0.00009962
0.00002470
0.00019568
0.00011769
0.00011966
0.00011333
0.00008890
0.00003248
0.00012313
0.00006463
0.00008381
0.00013953
0.00002747
0.00004831
0.00003050
0.00017511
0.00007376
0.00011097
0.00007161
0.00009719
0.00009025
0.00007316
0.00008429
0.00002904
0.00012532
0.00008527
0.00010256
0.00013991
0.00014262
0.00009919
0.00009022
0.00003983
0.00009999
0.00009578
0.00002953
0.00013843
0.00009813
0.00006916
0.00012098
0.00007967
0.00012446
0.00002201
0.00002477
0.00010260
0.00005339
0.00004788
0.00004959
0.00014739
0.00004741
0.00004603
0.00013441
0.00008204
0.00009554
0.00010834
0.00018316
0.00010182
0.00010298
0.00010640
0.00011179
0.00009798
0.00020487
0.00010420
0.00002451
0.00005322
0.00011595
0.00007523
0.00014661
0.00004745
0.00013508
0.00013990
0.00003049
0.00013602
0.00012097
0.00005694
0.00009885
0.00014681
0.00014078
0.00002458
0.00010709
0.00007461
0.00003534
0.00010026
0.00013442
0.00014405
0.00007495
0.00004147
0.00011080
0.00006904
0.00012736
0.00012373
0.00006897
0.00013620
0.00006171
0.00007545
0.00013646
0.00017845
0.00014464
0.00010014
0.00010467
0.00017601
0.00002683
0.00005779
0.00008353
0.00006447
0.00017471
0.00003907
0.00005111
0.00002846
0.00006534
0.00004693
0.00002738
0.00008281
0.00004757
0.00003967
0.00016005
0.00010827
0.00011025
0.00006801
0.00018342
0.00002704
0.00014635
0.00012284
0.00009245
0.00012267
0.00009934
0.00017707
0.00003285
0.00013614
0.00012132
0.00016705
0.00013571
0.00018943
0.00009712
0.00009925
0.00012646
0.00008175
0.00012465
0.00010275
0.00013621
0.00011618
0.00020565
0.00006366
0.00007469
0.00010140
0.00003775
0.00008789
0.00006970
0.00013518
0.00011279
0.00016935
0.00013081
0.00003671
0.00002957
0.00011455
0.00011323
0.00008042
0.00008062
0.00011531
0.00013494
0.00009707
0.00008599
0.00011236
0.00004889
0.00004725
0.00020831
0.00014120
0.00009693
0.00010899
0.00014185
0.00004464
0.00009248
0.00001953
0.00001881
0.00003599
0.00013519
0.00012391
0.00011455
0.00002994
0.00003614
0.00009423
0.00005991
0.00005709
0.00002926
0.00004092
0.00005878
0.00006818
0.00009950
0.00002679
0.00011110
0.00012518
0.00010141
0.00006658
0.00002965
0.00011423
0.00004988
0.00014920
0.00002127
0.00012099
0.00019239
0.00014531
0.00003722
0.00009648
0.00002300
0.00015592
0.00008579
0.00012310
0.00009461
0.00010407
0.00007625
0.00003835
0.00007315
0.00003130
0.00008657
0.00014938
0.00013641
0.00013891
0.00004358
0.00003195
0.00011985
0.00006657
0.00003622
0.00007175
0.00005561
0.00013922
0.00002331
0.00004975
0.00004336
0.00015147
0.00011854
0.00008667
0.00007480
0.00008767
0.00014986
0.00004206
0.00003093
0.00015207
0.00013181
0.00014962
0.00011814
0.00008358
0.00008035
0.00019984
0.00010551
0.00010363
0.00007608
0.00011100
0.00003438
0.00003340
0.00011816
0.00012899
0.00012412
0.00011839
0.00012576
0.00007617
0.00011679
0.00014477
0.00014604
0.00013649
0.00002931
0.00011252
0.00002665
0.00013400
0.00006573
0.00010750
0.00004367
0.00008084
0.00003727
0.00002520
0.00007080
0.00006468
0.00009141
0.00005938
0.00012010
0.00007427
0.00009882
0.00011094
0.00002190
0.00019759
0.00005502
0.00017487
0.00018087
0.00010797
0.00014458
0.00013160
0.00011553
0.00016731
0.00009901
0.00014396
0.00014390
0.00019738
0.00023840
0.00008964
0.00010337
0.00006514
0.00015024
0.00006849
0.00006378
0.00002495
0.00012029
0.00004977
0.00013925
0.00002441
0.00012100
0.00009000
0.00015124
0.00014251
0.00002925
0.00002801
0.00010626
0.00009076
0.00008219
0.00013711
0.00012484
0.00007971
0.00006773
0.00002320
0.00010659
0.00011757
0.00018587
0.00015798
0.00002460
0.00014090
0.00007008
0.00012021
0.00010287
0.00002886
0.00013245
0.00007061
0.00003324
0.00010222
0.00007961
0.00005092
0.00004660
0.00010877
0.00009651
0.00012498
0.00006930
0.00003888
0.00005734
0.00004343
0.00014090
0.00003251
0.00004282
0.00013263
0.00013762
0.00009472
0.00004055
0.00004918
0.00012967
0.00006747
0.00010290
0.00013903
0.00011589
0.00004491
0.00005186
0.00004900
0.00018118
0.00004041
0.00002864
0.00016001
0.00019294
0.00009668
0.00011465
0.00005044
0.00011359
0.00008283
0.00009878
0.00010897
0.00012625
0.00008537
0.00003583
0.00007679
0.00010984
0.00009751
0.00011503
0.00002286
0.00016201
0.00015785
0.00003566
0.00010901
0.00003861
0.00021141
0.00008925
0.00002665
0.00016239
0.00004477
0.00014158
0.00012818
0.00006800
0.00008950
0.00009602
0.00009966
0.00011764
0.00004196
0.00002273
0.00011299
0.00002385
0.00010213
0.00014360
0.00003153
0.00009053
0.00003633
0.00006274
0.00010618
0.00006213
0.00012922
0.00014538
0.00004531
0.00004872
0.00012863
0.00012128
0.00024633
0.00010921
0.00028002
0.00006278
0.00011661
0.00006458
0.00012947
0.00008372
0.00002626
0.00012944
0.00006419
0.00007553
0.00007847
0.00019135
0.00004783
0.00007650
0.00010571
0.00013374
0.00003317
0.00003917
0.00012056
0.00008243
0.00016580
0.00003623
0.00006369
0.00009152
0.00009034
0.00010451
0.00002969
0.00016139
0.00003021
0.00002345
0.00004500
0.00014404
0.00007305
0.00017448
0.00002969
0.00010086
0.00010779
0.00007695
0.00010045
0.00009842
0.00001934
0.00009030
0.00016122
0.00014517
0.00005706
0.00011196
0.00019164
0.00014896
0.00002866
0.00002582
0.00011661
0.00008260
0.00002395
0.00002976
0.00009074
0.00012599
0.00011075
0.00004138
0.00003295
0.00012404
0.00010828
0.00010093
0.00010926
0.00007529
0.00017004
0.00010513
0.00008909
0.00016196
0.00007560
0.00004066
0.00010500
0.00006485
0.00002657
0.00007616
0.00008474
0.00014211
0.00006289
0.00013968
0.00009037
0.00004360
0.00002924
0.00011819
0.00008628
0.00009114
0.00010947
0.00012399
0.00012779
0.00014673
0.00009102
0.00014053
0.00004912
0.00008058
0.00005120
0.00014055
0.00011245
0.00008688
0.00009029
0.00005550
0.00009047
0.00012417
0.00005590
0.00004208
0.00011620
0.00007595
0.00001991
0.00021123
0.00002741
0.00002656
0.00003304
0.00003640
0.00007055
0.00012280
0.00011055
0.00005446
0.00011579
0.00011943
0.00011785
0.00007789
0.00013002
0.00009206
0.00005566
0.00004515
0.00008290
0.00003696
0.00003354
0.00003668
0.00015234
0.00008069
0.00006737
0.00010355
0.00002879
0.00013758
0.00012300
0.00011683
0.00007614
0.00013646
0.00009834
0.00008355
0.00005358
0.00005453
0.00008735
0.00007669
0.00014437
0.00013584
0.00009101
0.00005628
0.00009942
0.00009004
0.00014891
0.00013247
0.00002699
0.00003249
0.00009676
0.00009743
0.00005738
0.00008128
0.00010409
0.00015480
0.00003633
0.00004798
0.00005315
0.00013126
0.00003090
0.00004488
0.00008193
0.00006503
0.00013445
0.00010883
0.00005154
0.00009548
0.00010105
0.00001647
0.00011205
0.00004682
0.00011824
0.00005543
0.00001645
0.00011070
0.00011781
0.00011976
0.00003030
0.00010392
0.00012312
0.00002618
0.00005058
0.00011142
0.00009107
0.00002813
0.00004724
0.00011609
0.00008862
0.00006373
0.00014079
0.00011012
0.00013784
0.00010598
0.00013398
0.00004134
0.00003095
0.00009732
0.00003089
0.00008994
0.00003430
0.00015065
0.00010654
0.00012324
0.00005007
0.00012841
0.00008264
0.00013904
0.00009797
0.00013075
0.00004534
0.00012107
0.00003196
0.00010227
0.00010911
0.00010114
0.00011642
0.00004351
0.00011609
0.00012557
0.00003686
0.00005508
0.00004095
0.00008910
0.00002643
0.00005405
0.00011452
0.00011873
0.00017689
0.00003394
0.00013457
0.00015855
0.00002590
0.00011478
0.00016836
0.00008035
0.00004211
0.00008878
0.00015631
0.00011959
0.00008232
0.00005457
0.00011514
0.00006077
0.00012730
0.00008364
0.00013121
0.00010511
0.00005526
0.00013579
0.00011858
0.00012438
0.00003148
0.00002256
0.00006538
0.00010909
0.00008917
0.00011614
0.00021218
0.00008455
0.00011145
0.00012276
0.00016867
0.00013844
0.00012379
0.00004911
0.00005985
0.00007497
0.00010537
0.00003630
0.00005594
0.00011814
0.00015675
0.00009466
0.00009559
0.00011235
0.00010563
0.00024679
0.00008871
0.00003093
0.00011653
0.00010570
0.00010027
0.00010402
0.00013729
0.00020098
0.00009491
0.00009361
0.00012822
0.00004121
0.00009236
0.00017373
0.00016328
0.00008941
0.00007419
0.00010456
0.00011564
0.00004642
0.00011048
0.00013622
0.00013098
0.00011359
0.00012489
0.00013514
0.00013397
0.00011473
0.00008672
0.00003459
0.00011634
0.00013105
0.00003459
0.00003291
0.00012848
0.00010393
0.00009880
0.00009014
0.00007162
0.00006786
0.00004996
0.00014311
0.00009876
0.00003725
0.00010849
0.00003124
0.00008628
0.00013158
0.00016709
0.00004949
0.00012193
0.00008215
0.00007881
0.00016774
0.00010954
0.00009675
0.00016235
0.00014695
0.00002492
0.00010971
0.00008920
0.00011334
0.00011460
0.00004989
0.00013802
0.00016880
0.00008753
0.00005694
0.00013744
0.00010428
0.00009484
0.00006989
0.00006653
0.00004918
0.00007209
0.00013701
0.00006866
0.00006849
0.00012624
0.00013730
0.00013294
0.00006202
0.00008659
0.00002922
0.00015085
0.00013444
0.00011517
0.00014457
0.00007896
0.00009350
0.00004182
0.00015410
0.00014613
0.00003465
0.00013209
0.00002268
0.00010007
0.00003893
0.00002463
0.00010600
0.00026352
0.00011908
0.00008537
0.00007747
0.00011520
0.00007179
0.00009040
0.00011479
0.00004917
0.00004219
0.00004856
0.00007627
0.00013088
0.00014199
0.00018243
0.00002418
0.00010089
0.00021300
0.00009008
0.00003115
0.00004523
0.00012246
0.00008496
0.00007821
0.00022586
0.00003212
0.00008338
0.00012698
0.00004125
0.00015250
0.00007588
0.00010318
0.00011809
0.00013974
0.00007499
0.00003103
0.00004474
0.00012281
0.00013522
0.00011848
0.00007730
0.00004895
0.00018861
0.00004272
0.00003232
0.00003651
0.00013790
0.00008458
0.00007228
0.00004746
0.00009424
0.00013549
0.00002547
0.00003492
0.00005989
0.00008116
0.00016814
0.00011261
0.00004473
0.00017287
0.00013179
0.00012048
0.00007579
0.00015125
0.00010308
0.00006419
0.00009390
0.00011224
0.00004868
0.00012146
0.00008834
0.00006477
0.00003469
0.00012560
0.00013147
0.00012292
0.00010318
0.00007872
0.00004990
0.00012651
0.00010436
0.00007551
0.00017736
0.00007554
0.00011688
0.00013096
0.00006722
0.00014654
0.00014252
0.00003866
0.00015740
0.00010673
0.00008783
0.00005498
0.00011159
0.00005697
0.00002808
0.00010769
0.00012275
0.00017747
0.00012460
0.00008592
0.00010445
0.00008700
0.00014852
0.00010444
0.00011469
0.00005359
0.00010253
0.00009116
0.00010950
0.00007555
0.00004938
0.00012728
0.00008392
0.00007562
0.00005656
0.00004606
0.00004326
0.00004466
0.00012984
0.00003124
