2139477138
1506623657
1800109653
1705080536
1386320839
1630192615
1695515413
1276321915
2117391811
1201589524
1319870446
1158701997
1156057979
1399074338
2029439330
1401640591
2008831543
1393008649
1268778687
1465446966
2008909308
1098200645
1734709091
1770869925
1883785046
1755939000
1428119653
1306844769
1738597353
1149564582
1285964804
1864188207
1096178749
1216481567
1238955719
1272433653
1248637491
1577156725
1252331340
1406150974
1164923216
1694193404
1907114616
1330602049
1384687769
1259757920
1302606564
1623621453
1522021174
1561059322
1232928914
1540684830
1083969607
1409572644
2087841022
1399463164
1230246013
1178920958
1105432811
1524081953
1687855537
1688710954
1641935166
1993122966
2052846666
1328774566
1385037713
1712662647
1114064753
1626926475
1438890138
2003543507
2095306484
1896849605
1524120835
1221264129
1377688898
1475595329
1456815025
1768770264
1995766984
1583455709
1267534443
1080042462
1858900171
1160607246
1597997808
1903692946
1755705704
1673741147
2120502420
1216326036
1909292043
2035893845
1934721275
1508023432
1206760912
1819395431
1270217344
1428391831
1089179877
1120713680
1162007020
1152791839
1323097703
1668647524
1274727727
1587927210
1904237302
1489826367
1276944037
1471940363
1663009544
1336512206
1683461801
1227874174
1095401096
1276438563
1277060685
1739608301
1112626096
1102477733
1686028054
1237478180
1550794311
1699170379
2037760211
1200928520
1808974890
1182809220
1138638567
2141965625
1565064231
1519765982
1502385452
1449232914
1948407956
1666664510
1321892342
1221847368
1452576819
1997866645
1927022516
1501413387
1414646826
1640224331
1899960215
1193190879
2128512239
1337873098
1760604914
1484810509
1916446444
2118713820
1602897018
1369795727
1815895996
1479561356
2064122625
1789533581
1538818465
1666586745
1252914579
1494997755
1843580419
1806253107
1146726151
1750806494
1876825057
1217220336
1202406059
1218658993
1785645320
1592048768
2014974997
1362563560
1218347932
1379866325
1230557074
1151430948
1867065520
1247043304
1725143967
1247043304
2001132785
2133878041
1999499715
1804464506
1936976466
1320959160
1374733819
1081325589
1339972759
1379555264
2091495988
2075748528
1174332809
1456853907
2074232106
1974925901
1107532473
2026484251
1401796121
1483138557
1409728175
2138388424
2131078492
1185181060
1619849839
1191168983
1201706172
1454365420
1923134255
1296268697
1538079695
1246732243
1567474954
1955640123
1950740913
1266951204
1795132678
1101777845
1502113274
1272472536
1489981897
1866676694
2103238538
1750339903
1356692285
1821261797
1663631666
1449738388
1298290594
1187863960
1396624733
1865276920
1400551877
2034105244
2017230189
1997788880
1201511759
1221691837
1157068927
1815196109
1326363843
1257075019
1319676033
1711223990
1424503570
1121841276
1972904005
1245487999
1787783864
1506079301
1132922822
1462219708
1984568790
1842802767
1493792394
1721100175
1186075360
1279432524
1741085840
2094062240
1428352949
1456076255
2025317773
1842102880
1626693180
2041726237
1955640123
1205983260
1413266493
2003699038
1412138897
1235184106
1626693180
1270606170
1797310105
2023140346
2094995423
1090113060
1955484592
2025317773
1504796174
1936198814
1879741254
1372284214
1675140921
1950818678
1106054933
1869903951
2078975785
2102694181
1086302564
1141321467
2000666194
2091651518
2127656822
2001988203
1086691390
1183742403
1536096681
1496786355
1937754119
1379088672
1428275183
1245021408
1388653796
1235028575
1162668024
2018474432
1498847134
1437295951
2007276238
1093340317
1523498713
1443167226
2047092039
1372361980
1470657236
1530342054
1693415751
1131173104
1409572644
1300273607
1263218473
1408172870
1390481279
1260107863
1540607065
1393125297
1821883919
1476722925
2044836847
2137144180
1796999044
1095712157
1179931906
1705547128
1316332128
1783701189
1595276025
2087063369
1162123668
1334140367
1916446444
1118108545
1690771733
1942575563
1620160900
1634003112
1105316164
1125535125
1388653796
1872547969
1104266333
1494181220
1254081058
1887673308
1252409105
2028428382
1807769529
1341294768
1389859157
1238566893
1705508245
1385465422
1933943622
1983013485
2026639782
1291097309
1669152998
1272550301
2098106033
1390636810
1186153125
2099583572
1299768133
1525131783
2070343844
1541462483
1794666087
1423103795
1380060738
1151508713
1728915581
1335540141
1499002664
1207694095
1169511365
1156019097
1642090696
1646212254
1177210123
1377611133
1981924772
1755783469
1147153860
1996389106
1929666534
2126684756
1441534156
1979202989
1112703861
1448144201
1822817102
1888295429
1595431555
1536641038
1469918467
1380216268
1265084838
1169433600
1222469490
1475673094
1924067437
1223402673
1165700868
1194785066
1671019364
1200228633
1392230997
2031694522
1094156852
1134322596
1277954985
2070732670
1359491833
1210960235
1166245225
2036827028
1523265418
1737275344
1235184106
1964194298
1483566265
1519843747
1969948926
1878497010
1591854355
1751739677
1256802841
1931766196
2124857273
1556859999
1566036297
1493636863
1278149398
1767526020
1525054018
1392619823
1418165703
1779735162
1304589578
1223635968
1359336303
1479094764
1464941492
1135527957
1421315195
1904004007
2031538992
1770714394
1546439458
1210221465
1769781212
1527309210
1790000173
1529992110
1717522974
1263062942
1552544028
1345688504
1527503623
1206099908
1706558076
1640535392
2040209815
1077204031
2116069802
1553360563
1133272766
1403973548
1364157747
1206333204
1316915367
1267223382
1208666161
1283942908
1555382460
1192296579
1477967168
1490953963
1393475241
1196806962
1148709165
1088402225
1368046009
1342072421
1097461875
1783156832
1650567107
1522021174
2058290232
1445577948
1320609216
1866443398
1212515540
1226163338
1516499842
2017774545
1132611761
1788600398
2017269071
1123396581
1785295376
1846535498
1102283319
1476100803
1343588843
1179465315
1708113381
2021740572
1469762936
1469140814
2015091645
1216967599
1830282564
2110626235
1330096575
1533802607
1398374451
1302256621
2037449150
1228107469
2032627705
1421626256
1994211679
1235339636
1837748027
1544106501
1454909776
1194318475
1143926603
1084825024
1853145543
1678329296
1399851990
1274533314
1627548597
1382976934
1894672179
1088246695
1200306398
1897588375
1612928733
2009142604
1438462429
1430958084
1227290934
2100361224
1178609897
1352181901
1441767452
1357469937
2087296665
1625448936
2079442376
1902915294
1110448669
1970571048
1276010854
1415093976
1587655032
1170755609
1773513943
1438501312
1327763618
1748784598
1354009384
1405023378
1934021387
1655932908
2008209421
1323797591
1377766663
2101061112
1419409947
1183159164
1833859765
2117547341
2001055020
1849684990
1650333811
1169433600
1633614286
1969754513
1974148249
1170561196
2059690007
1159635180
1691238325
2016996893
1112548330
1288958765
1743029971
1463386187
1567980428
1121374685
1991023304
1174371692
1866987755
1653949895
1611528959
1456231785
1112898274
1576612369
1079187045
1822350510
1088246695
1657838156
1828416199
1445461300
1308633370
1388420501
1827483016
1960617098
2034882897
1201006285
1713479182
1856411683
1153569492
1947863599
2085274769
1466107970
1287481226
1848557394
1483605148
1280948946
1084047372
1268662039
1319248324
1484188387
1850345995
1989701295
1313221519
1238216950
1257424963
1114959053
1429402779
1281882129
1190507978
1318665085
1321814577
1709513155
2144765173
1321503516
1310733031
1542162370
1602197131
1953579344
1953307166
1562070270
1079264810
1365401991
1354359328
1599630878
1230868135
1683150740
1692676981
1479716886
1300545785
1868776355
1844669133
2133955806
1212204479
1647689793
1233823214
1915513262
1837592496
1470579471
1491537202
1781290466
1212204479
2059378946
1100455836
1571246567
2050980300
2009531430
1579878508
1843813715
1645940075
1482127608
1165000981
1142993420
1956534423
1520815813
1170522313
2108682105
1190507978
1686494645
1955640123
1215470619
1852678952
1286314747
1130706513
1689683020
1345494091
1266329082
1105510577
2060856485
1115425644
1537418690
1735953335
2146709304
1819006605
1653483303
1543717674
1660598822
2144065286
1324186417
1084980555
1555149164
1730198707
1450827101
1284137321
1426058874
1845291255
1780357284
1194162944
1206605382
1761771392
1861077597
1117641953
1265862491
1304706225
1498030599
1858511344
1434651933
2006031995
1645434601
2090796101
1434962994
1148009277
1773980534
1843658185
1133272766
1847235385
1267651091
1141360350
1718300626
1186308656
1550716545
1626226588
1078253862
1119508319
1084825024
1349226822
1486560227
1440523208
1253731114
1128645734
1112120622
1182148216
1219319998
1203144829
1590376815
1327452557
1879819019
1136461140
1843813715
1692715864
1509112145
1369756844
1497913951
1555304694
1647534263
1375589237
2114358967
1175810349
1404556787
1255714128
1192724287
1554682572
1393125297
2008053891
1706013719
1094079087
1113364865
1783545658
1565803001
1473923376
1386826313
1858355814
1149136873
2029905922
1838447914
1520232573
1352492962
1102399967
1326674904
1975625788
1989312469
1171688791
1659665639
2125246100
1580422865
1483605148
1959372854
1085213850
1340089407
1261818699
1832771052
1672807964
1327763618
1372634158
1111070791
2104638312
1949574434
2063189442
1345338561
1143965485
1912091591
1207149739
1131795226
1343161134
1130123274
1202794885
1222625020
1237244884
2121902194
1256958371
2137921833
2065444634
1137510971
1859444527
1148592517
1929199943
1185258825
1809441481
1301401203
1437412598
1124290881
1407239687
1081986593
1367812713
1688283246
1263685064
1987057277
1261507638
1836503783
1400862938
1538079695
1087663455
1258163732
2044759082
1310966327
1687427828
1419448829
2000355133
1334840254
1851590239
1236078406
1305211699
2088152083
1113909222
2065133573
1188524965
1776780083
1185181060
1281959894
1505223883
1124718590
1672419138
1819239901
1079536988
1103566446
1169161421
1212165596
1805864281
1386243074
1373878402
1618644478
2115525445
1171805439
1718806100
1640690922
1719544870
1812785386
1595820382
1220953068
1680817783
1114298048
1175460405
1240899850
1299690368
1707724554
1339583933
2146164948
1128295790
1386359722
1210649174
1269867400
1285614860
1843036063
1334995784
1113714809
1820795206
1185686534
1083114189
1726388211
1137822032
1253342288
1722033358
1413344258
1263840595
2005565403
1222080664
1530886411
1075765374
1482205374
1142293533
1206138790
1600253000
1932932674
1951907391
1147076095
1078448275
1259796802
1811307847
1263062942
1189730326
1079187045
2047325334
2123924091
1401679473
2051874601
1937987414
1911391704
1309022196
1682839679
1885806942
1773708356
1667014454
1825538885
1514944538
2134966754
1180631793
1895760892
1127945847
1390714575
1337250976
1159674063
1275077671
1379671912
1367773831
1171338848
1770636629
1412683254
1187747312
1337911981
1412683254
1344094317
1311705097
2122057725
2017385719
1840469810
1462375239
1385620952
2040404228
1461092112
2016452536
1521087991
1107610238
1275816441
1761849158
1343355547
1705897071
2021118450
1244788112
1677396113
1609118237
1712507116
1118302958
1975470257
1657488213
1500324673
2035582784
1120052676
1821339562
1157146693
1170055722
2037138089
1409067170
1723355367
1787200624
1162745789
1403118130
2129212127
1936587640
1426992057
1358480885
2008520482
1472018128
1398841042
1402029417
1398452216
1288842118
1401757238
1357275524
1266406847
1768148142
1193385292
1540023826
1372517510
1175849232
1475906390
1612384377
1909214278
1707880085
1573229581
1491887145
1415016211
1348565818
1852367891
2043359307
1589832459
2011320031
1082219889
1345183030
1215703914
1743029971
1581900405
1176121410
1465796909
1845835611
1171960970
2008209421
1723122071
1983169016
1557404356
1336162263
1449582858
1862477371
1974925901
2060078833
1087274629
1839303332
1272083709
1847079855
1250270561
1734786856
1596909095
1152947370
1311899510
1702436518
1296385345
1684394984
1556898882
1549316771
2106737974
1205594434
1426603231
1531119706
1267417795
1827171955
1253769997
1380566212
1209638226
1578400969
1999188654
1925583859
1744585276
1319987094
1491070610
1407900692
1726932567
1475750859
1938065180
1924145203
1383210230
2080686620
1425903344
1222858316
1657099387
1716550909
1149681230
1826705363
1764843119
1345532974
1230051600
1547605936
1544145383
2104793843
1310810796
1917301862
1145909616
1988145991
1240005550
1803686854
1322631112
1416727046
1282270955
1342227951
1254975358
2106815739
1607407402
2037915741
1291525018
2130922962
1541773543
1810763490
1542473431
1193307527
1336978798
1372634158
1496086468
1455026424
1578945326
1606940810
1089607586
1793421843
1122696694
1139221806
1163367911
1146881682
1099406006
1253186757
1811813321
1272044827
1754461460
2132633797
1776469022
1516266546
2132556032
1170950022
1094234618
2093595649
1861310893
1117953014
1542551196
2016608067
1299457072
1713634712
1544106501
1154969266
1881141028
1766670602
1823905815
1325547308
1275816441
