0.00006878
0.00038748
0.00023148
0.00010963
0.00017827
0.00020963
0.00021803
0.00032825
0.00027228
0.00030903
0.00033945
0.00007450
0.00029732
0.00035982
0.00026097
0.00018024
0.00025832
0.00035826
0.00065262
0.00037689
0.00025833
0.00007061
0.00022307
0.00005693
0.00012112
0.00022580
0.00036729
0.00033610
0.00022357
0.00029565
0.00033073
0.00023972
0.00028192
0.00031286
0.00007966
0.00032725
0.00032113
0.00020281
0.00008052
0.00036164
0.00007490
0.00021786
0.00012262
0.00034221
0.00008903
0.00032399
0.00033501
0.00041757
0.00009786
0.00010037
0.00031709
0.00019812
0.00013939
0.00036252
0.00026848
0.00035992
0.00007910
0.00030320
0.00014215
0.00039197
0.00043409
0.00043431
0.00010557
0.00012815
0.00026398
0.00017087
0.00035621
0.00044047
0.00007163
0.00020921
0.00018503
0.00006441
0.00006736
0.00024392
0.00019599
0.00031409
0.00017716
0.00037950
0.00037467
0.00022745
0.00012832
0.00010181
0.00032599
0.00027777
0.00005976
0.00029849
0.00041098
0.00024480
0.00045154
0.00021523
0.00027268
0.00031282
0.00006138
0.00006545
0.00024879
0.00009696
0.00031036
0.00011698
0.00032668
0.00018368
0.00028012
0.00028823
0.00029885
0.00014824
0.00008507
0.00042915
0.00008196
0.00040839
0.00024487
0.00009579
0.00032841
0.00018928
0.00042770
0.00034373
0.00010824
0.00031579
0.00028172
0.00032828
0.00008211
0.00022370
0.00028615
0.00014177
0.00021681
0.00015913
0.00019942
0.00021850
0.00026204
0.00015443
0.00023262
0.00030420
0.00029284
0.00013772
0.00040251
0.00019543
0.00038639
0.00009318
0.00025055
0.00021432
0.00033997
0.00007856
0.00018679
0.00025691
0.00006195
0.00019307
0.00072765
0.00010546
0.00012216
0.00030687
0.00027371
0.00017204
0.00011320
0.00038187
0.00006161
0.00027245
0.00010306
0.00035229
0.00023351
0.00038052
0.00026543
0.00023012
0.00019788
0.00021431
0.00032223
0.00038449
0.00023707
0.00023227
0.00007373
0.00022514
0.00096538
0.00031305
0.00015462
0.00031342
0.00045924
0.00040945
0.00025911
0.00070086
0.00062668
0.00035488
0.00031648
0.00029613
0.00024009
0.00016036
0.00022184
0.00008018
0.00025733
0.00006860
0.00006428
0.00011602
0.00024908
0.00033973
0.00008839
0.00027810
0.00017231
0.00008870
0.00026895
0.00053385
0.00030202
0.00009367
0.00026673
0.00006349
0.00014242
0.00026059
0.00009013
0.00009536
0.00018128
0.00027498
0.00013702
0.00030481
0.00041660
0.00030635
0.00015453
0.00018702
0.00024730
0.00033338
0.00039557
0.00016032
0.00040313
0.00012574
0.00025085
0.00032584
0.00005771
0.00007084
0.00009658
0.00016363
0.00009580
0.00024004
0.00027046
0.00011254
0.00008723
0.00011710
0.00021393
0.00037285
0.00033390
0.00015275
0.00035919
0.00023986
0.00009005
0.00026157
0.00006485
0.00051380
0.00030901
0.00031420
0.00029758
0.00023342
0.00008528
0.00032330
0.00016970
0.00022005
0.00036636
0.00007213
0.00012685
0.00008008
0.00045979
0.00019367
0.00029137
0.00018803
0.00025520
0.00023697
0.00019209
0.00022132
0.00007626
0.00032905
0.00022389
0.00026928
0.00036735
0.00037448
0.00026044
0.00023688
0.00010459
0.00026255
0.00025148
0.00007754
0.00036347
0.00025766
0.00018159
0.00031767
0.00020918
0.00032678
0.00005778
0.00006504
0.00026940
0.00014018
0.00012573
0.00013022
0.00038701
0.00012449
0.00012086
0.00035293
0.00021541
0.00025086
0.00028446
0.00048091
0.00026734
0.00027039
0.00027938
0.00029353
0.00025727
0.00053794
0.00027360
0.00006436
0.00013974
0.00030444
0.00019753
0.00038495
0.00012459
0.00035468
0.00036733
0.00008005
0.00035714
0.00031763
0.00014951
0.00025956
0.00038548
0.00036965
0.00006453
0.00028119
0.00019591
0.00009279
0.00026324
0.00035295
0.00037823
0.00019679
0.00010888
0.00029092
0.00018126
0.00033441
0.00032488
0.00018108
0.00035761
0.00016204
0.00019811
0.00035829
0.00046856
0.00037979
0.00026295
0.00027482
0.00046216
0.00007045
0.00015173
0.00021932
0.00016927
0.00045874
0.00010257
0.00013419
0.00007472
0.00017156
0.00012322
0.00007189
0.00021742
0.00012490
0.00010417
0.00042024
0.00028427
0.00028947
0.00017857
0.00048159
0.00007100
0.00038428
0.00032253
0.00024274
0.00032210
0.00026084
0.00046493
0.00008624
0.00035745
0.00031854
0.00043863
0.00035632
0.00049738
0.00025500
0.00026061
0.00033205
0.00021464
0.00032728
0.00026980
0.00035765
0.00030506
0.00053998
0.00016714
0.00019612
0.00026623
0.00009911
0.00023078
0.00018300
0.00035493
0.00029615
0.00044465
0.00034348
0.00009638
0.00007765
0.00030078
0.00029731
0.00021116
0.00021169
0.00030276
0.00035430
0.00025486
0.00022578
0.00029503
0.00012836
0.00012407
0.00054695
0.00037074
0.00025451
0.00028617
0.00037244
0.00011720
0.00024282
0.00005129
0.00004940
0.00009451
0.00035497
0.00032536
0.00030076
0.00007860
0.00009488
0.00024742
0.00015732
0.00014990
0.00007682
0.00010744
0.00015434
0.00017903
0.00026126
0.00007035
0.00029173
0.00032867
0.00026628
0.00017482
0.00007786
0.00029994
0.00013096
0.00039176
0.00005585
0.00031767
0.00050516
0.00038155
0.00009772
0.00025332
0.00006039
0.00040940
0.00022526
0.00032323
0.00024841
0.00027324
0.00020020
0.00010069
0.00019207
0.00008218
0.00022729
0.00039222
0.00035816
0.00036473
0.00011443
0.00008388
0.00031470
0.00017480
0.00009510
0.00018838
0.00014602
0.00036554
0.00006121
0.00013062
0.00011385
0.00039772
0.00031125
0.00022758
0.00019640
0.00023018
0.00039349
0.00011043
0.00008121
0.00039929
0.00034609
0.00039285
0.00031019
0.00021945
0.00021096
0.00052471
0.00027704
0.00027211
0.00019975
0.00029146
0.00009027
0.00008771
0.00031025
0.00033869
0.00032591
0.00031085
0.00033021
0.00020001
0.00030664
0.00038011
0.00038345
0.00035838
0.00007695
0.00029543
0.00006998
0.00035184
0.00017258
0.00028225
0.00011465
0.00021225
0.00009786
0.00006617
0.00018589
0.00016982
0.00024001
0.00015592
0.00031535
0.00019501
0.00025947
0.00029129
0.00005750
0.00051881
0.00014446
0.00045915
0.00047490
0.00028349
0.00037963
0.00034555
0.00030334
0.00043930
0.00025998
0.00037800
0.00037784
0.00051825
0.00062597
0.00023536
0.00027141
0.00017104
0.00039447
0.00017982
0.00016746
0.00006550
0.00031585
0.00013069
0.00036562
0.00006411
0.00031771
0.00023632
0.00039712
0.00037418
0.00007679
0.00007355
0.00027900
0.00023830
0.00021582
0.00036002
0.00032779
0.00020929
0.00017784
0.00006091
0.00027988
0.00030870
0.00048803
0.00041482
0.00006459
0.00036995
0.00018401
0.00031564
0.00027009
0.00007578
0.00034776
0.00018540
0.00008728
0.00026841
0.00020902
0.00013370
0.00012235
0.00028559
0.00025340
0.00032817
0.00018197
0.00010208
0.00015055
0.00011403
0.00036996
0.00008537
0.00011244
0.00034823
0.00036135
0.00024870
0.00010647
0.00012912
0.00034046
0.00017717
0.00027018
0.00036505
0.00030429
0.00011791
0.00013615
0.00012866
0.00047571
0.00010611
0.00007519
0.00042014
0.00050659
0.00025386
0.00030105
0.00013243
0.00029824
0.00021748
0.00025937
0.00028613
0.00033150
0.00022414
0.00009409
0.00020163
0.00028840
0.00025603
0.00030203
0.00006002
0.00042537
0.00041446
0.00009363
0.00028622
0.00010137
0.00055510
0.00023434
0.00006997
0.00042637
0.00011756
0.00037175
0.00033656
0.00017854
0.00023500
0.00025212
0.00026167
0.00030888
0.00011017
0.00005968
0.00029668
0.00006262
0.00026815
0.00037706
0.00008278
0.00023771
0.00009539
0.00016472
0.00027880
0.00016314
0.00033929
0.00038171
0.00011897
0.00012793
0.00033774
0.00031845
0.00064678
0.00028675
0.00073524
0.00016484
0.00030618
0.00016957
0.00033995
0.00021983
0.00006895
0.00033987
0.00016855
0.00019831
0.00020603
0.00050243
0.00012559
0.00020087
0.00027757
0.00035116
0.00008708
0.00010285
0.00031656
0.00021644
0.00043533
0.00009514
0.00016724
0.00024031
0.00023721
0.00027441
0.00007794
0.00042376
0.00007933
0.00006158
0.00011815
0.00037821
0.00019180
0.00045812
0.00007794
0.00026482
0.00028302
0.00020205
0.00026374
0.00025841
0.00005079
0.00023710
0.00042331
0.00038118
0.00014981
0.00029396
0.00050319
0.00039113
0.00007526
0.00006779
0.00030618
0.00021687
0.00006287
0.00007815
0.00023824
0.00033082
0.00029080
0.00010864
0.00008651
0.00032568
0.00028432
0.00026501
0.00028687
0.00019770
0.00044646
0.00027605
0.00023391
0.00042525
0.00019851
0.00010677
0.00027571
0.00017028
0.00006976
0.00019998
0.00022249
0.00037313
0.00016513
0.00036676
0.00023729
0.00011447
0.00007678
0.00031032
0.00022655
0.00023932
0.00028744
0.00032556
0.00033555
0.00038527
0.00023899
0.00036897
0.00012898
0.00021159
0.00013443
0.00036905
0.00029525
0.00022812
0.00023708
0.00014573
0.00023754
0.00032602
0.00014677
0.00011048
0.00030510
0.00019941
0.00005228
0.00055462
0.00007198
0.00006975
0.00008675
0.00009558
0.00018524
0.00032244
0.00029027
0.00014301
0.00030403
0.00031359
0.00030943
0.00020451
0.00034140
0.00024173
0.00014614
0.00011855
0.00021767
0.00009703
0.00008807
0.00009631
0.00040000
0.00021186
0.00017689
0.00027189
0.00007560
0.00036123
0.00032295
0.00030675
0.00019992
0.00035829
0.00025822
0.00021938
0.00014069
0.00014317
0.00022935
0.00020135
0.00037907
0.00035667
0.00023897
0.00014777
0.00026103
0.00023641
0.00039098
0.00034784
0.00007088
0.00008530
0.00025405
0.00025581
0.00015067
0.00021342
0.00027329
0.00040646
0.00009539
0.00012598
0.00013955
0.00034465
0.00008113
0.00011784
0.00021511
0.00017074
0.00035302
0.00028575
0.00013532
0.00025070
0.00026531
0.00004325
0.00029421
0.00012294
0.00031046
0.00014554
0.00004318
0.00029065
0.00030934
0.00031444
0.00007955
0.00027286
0.00032327
0.00006873
0.00013280
0.00029255
0.00023911
0.00007385
0.00012404
0.00030483
0.00023268
0.00016735
0.00036968
0.00028915
0.00036192
0.00027827
0.00035178
0.00010855
0.00008125
0.00025552
0.00008111
0.00023616
0.00009007
0.00039557
0.00027973
0.00032358
0.00013147
0.00033716
0.00021699
0.00036506
0.00025723
0.00034330
0.00011905
0.00031790
0.00008392
0.00026852
0.00028648
0.00026556
0.00030567
0.00011424
0.00030481
0.00032970
0.00009678
0.00014463
0.00010753
0.00023394
0.00006941
0.00014191
0.00030069
0.00031175
0.00046444
0.00008913
0.00035334
0.00041629
0.00006801
0.00030137
0.00044205
0.00021098
0.00011056
0.00023311
0.00041042
0.00031401
0.00021614
0.00014329
0.00030231
0.00015957
0.00033426
0.00021960
0.00034452
0.00027598
0.00014509
0.00035655
0.00031136
0.00032659
0.00008266
0.00005925
0.00017167
0.00028643
0.00023414
0.00030494
0.00055712
0.00022200
0.00029263
0.00032234
0.00044288
0.00036349
0.00032504
0.00012895
0.00015715
0.00019686
0.00027667
0.00009530
0.00014689
0.00031020
0.00041156
0.00024856
0.00025100
0.00029501
0.00027736
0.00064800
0.00023292
0.00008121
0.00030598
0.00027755
0.00026327
0.00027312
0.00036049
0.00052771
0.00024921
0.00024579
0.00033666
0.00010820
0.00024250
0.00045617
0.00042873
0.00023475
0.00019481
0.00027454
0.00030364
0.00012189
0.00029009
0.00035767
0.00034392
0.00029825
0.00032793
0.00035483
0.00035177
0.00030125
0.00022769
0.00009083
0.00030547
0.00034409
0.00009083
0.00008642
0.00033735
0.00027288
0.00025942
0.00023667
0.00018805
0.00017818
0.00013119
0.00037577
0.00025930
0.00009780
0.00028486
0.00008203
0.00022656
0.00034549
0.00043873
0.00012995
0.00032014
0.00021570
0.00020692
0.00044043
0.00028761
0.00025403
0.00042628
0.00038586
0.00006544
0.00028806
0.00023421
0.00029760
0.00030092
0.00013098
0.00036239
0.00044322
0.00022982
0.00014952
0.00036086
0.00027380
0.00024903
0.00018350
0.00017469
0.00012914
0.00018929
0.00035976
0.00018029
0.00017983
0.00033147
0.00036051
0.00034907
0.00016285
0.00022737
0.00007673
0.00039607
0.00035299
0.00030241
0.00037958
0.00020734
0.00024551
0.00010981
0.00040461
0.00038369
0.00009098
0.00034683
0.00005955
0.00026276
0.00010222
0.00006466
0.00027833
0.00069192
0.00031266
0.00022414
0.00020342
0.00030248
0.00018849
0.00023736
0.00030141
0.00012912
0.00011079
0.00012751
0.00020027
0.00034364
0.00037281
0.00047900
0.00006349
0.00026491
0.00055926
0.00023652
0.00008179
0.00011876
0.00032155
0.00022308
0.00020535
0.00059304
0.00008435
0.00021892
0.00033341
0.00010830
0.00040041
0.00019923
0.00027091
0.00031006
0.00036690
0.00019689
0.00008149
0.00011748
0.00032245
0.00035506
0.00031110
0.00020297
0.00012854
0.00049523
0.00011217
0.00008487
0.00009587
0.00036209
0.00022207
0.00018977
0.00012461
0.00024743
0.00035574
0.00006689
0.00009168
0.00015725
0.00021309
0.00044147
0.00029568
0.00011745
0.00045389
0.00034605
0.00031635
0.00019901
0.00039713
0.00027066
0.00016856
0.00024655
0.00029471
0.00012783
0.00031891
0.00023194
0.00017008
0.00009109
0.00032978
0.00034520
0.00032276
0.00027092
0.00020670
0.00013103
0.00033216
0.00027402
0.00019826
0.00046570
0.00019835
0.00030690
0.00034385
0.00017651
0.00038477
0.00037421
0.00010152
0.00041328
0.00028023
0.00023062
0.00014437
0.00029299
0.00014960
0.00007374
0.00028275
0.00032230
0.00046597
0.00032715
0.00022561
0.00027424
0.00022844
0.00038996
0.00027423
0.00030115
0.00014071
0.00026922
0.00023935
0.00028752
0.00019836
0.00012966
0.00033420
0.00022036
0.00019856
0.00014852
0.00012095
0.00011359
0.00011727
0.00034091
0.00008203
