0.0012694041
0.0011793324
0.0012240908
0.0014743576
0.0012653761
0.001430531
0.0010092541
0.0013294306
0.0011405151
0.0013852576
0.0010249016
0.0010742281
0.0010088022
0.0013246218
0.0012960194
0.0011874359
0.0014948186
0.0018194711
0.0016130821
0.0013306402
0.0012067739
0.0014051697
0.0010387171
0.0015559295
0.001361512
0.001607671
0.0012679673
0.0014037006
0.0011983087
0.0008862895
0.0011242765
0.0012725465
0.0015555049
0.001203811
0.0011199532
0.0014988725
0.0015336311
0.0010194576
0.0013089441
0.0010698822
0.0014988504
0.0008752278
0.0010923134
0.0011922312
0.0011637517
0.0012666011
0.0012292814
0.0010119828
0.0009639659
0.0013287194
0.001362469
0.0014724187
0.0010524219
0.0012511602
0.0012426893
0.0011517594
0.0013978068
0.001253486
0.0015193068
0.0018362522
0.0018286827
0.0011603435
0.0011645113
0.002699332
0.0011916411
0.0010473588
0.00081700133
0.0012315685
0.001462264
0.0012411424
0.0024896355
0.0009061076
0.0014828347
0.0012281297
0.0017606791
0.001250567
0.0013861321
0.0016425548
0.0014954745
0.0011840245
0.0013289186
0.0014959414
0.0011696083
0.0011655745
0.0012762413
0.0012041264
0.0013125769
0.0010220463
0.0013204704
0.0016531831
0.0015389477
0.0012493592
0.00092744624
0.0014099788
0.0015977478
0.0014302902
0.0011055252
0.0011263685
0.0012730119
0.0010993149
0.0012556611
0.0013828555
0.0012730561
0.0013077972
0.0013630409
0.001452112
0.0011307173
0.0011659433
0.0013372583
0.0013513748
0.0015388025
0.0015129244
0.0015057593
0.0013392981
0.0016724776
0.0012250012
0.001188826
0.0008867184
0.0010218325
0.0013756666
0.0011363631
0.0015136779
0.0009491629
0.0010535368
0.0012023654
0.0010796005
0.0022158723
0.00122802
0.0014291704
0.0011840161
0.0012097426
0.0015455892
0.0012680542
0.0014366248
0.0013927913
0.0011010522
0.0013278971
0.001313762
0.0012141496
0.0012215945
0.0012508659
0.0009394645
0.0014671085
0.001299812
0.0012647627
0.0011871723
0.00097383227
0.001442705
0.0011613832
0.0015830825
0.0013801564
0.0009834943
0.0014032655
0.001270889
0.0015171532
0.0009821265
0.001235785
0.0008047937
0.001450081
0.0012885834
0.0011165828
0.0012565242
0.00095230975
0.0012767665
0.0010409255
0.0012330998
0.0011391243
0.001260945
0.0012755351
0.0011420097
0.0014123837
0.0011277056
0.0015740922
0.0011034353
0.0010449119
0.0013333654
0.001305676
0.0015500375
0.0011035433
0.0015906272
0.0010260036
0.0010960107
0.0014311165
0.0011374869
0.0009061119
0.0013082258
0.001222652
0.0012520453
0.0011390636
0.001319353
0.0010611465
0.001189286
