1995380517
1853796631
1924152496
1158773866
1989049026
1124328381
1586450010
2089736477
1792779408
1088745543
1611046325
1688582741
1585739702
2082177643
2037217368
1866534587
1174855275
1430016450
1267804705
2091637790
1896932046
1104395539
1632762911
1222885501
2140165416
1263551780
1993121968
1103240894
1883625584
1393161558
1767254120
2000320153
1222551702
1892274670
1760458382
1178041385
1205360018
1602488823
2057533840
1681751553
1178024092
1375773553
1717011149
1874072374
1829305279
1990974685
1932311577
1590739182
1515261262
2088618580
2141669674
1157250040
1654305520
1966702909
1953387574
1810454611
1098608662
1970359000
1194101804
1443205501
1437256275
1823947881
1830499402
2121544676
1873144699
1646346992
1284247218
1935906688
1149268894
1950956095
1956733188
1424313671
1165436483
1930501280
1383808695
1965770683
1089432937
1290968710
1175370650
1861172069
2088931673
1175737727
1838511266
1832170446
2006127850
1892770363
2063244151
1606558125
2075651834
1299322110
1209538538
1963872100
1457855919
1108175240
1255752551
1124138955
1737778830
1770542509
2001051804
1728016784
1973778110
1086857655
2001121317
2055730824
2142568680
1141289909
1777378385
1832750328
2102040744
2124230656
1209424542
1189085543
1183454075
2105247105
1314486651
1925583714
1868719754
1393835641
1606222050
1081207528
1786253030
1189677712
1491992407
1656058069
1890002356
1697027861
1741568532
1930328805
1123258949
1861159099
1901598636
1214758446
1993258719
1129117728
1094666668
1730747703
2087325933
2065107010
1908526051
1920228592
1966240323
1476747453
1153076412
2043178881
1988084944
1866120125
1530770229
1133896495
1825582292
1244226353
1084736312
1545958207
1102898903
1997714608
1192409200
1543807967
1942534662
1265057950
1139693612
2025528707
1755160213
1975134809
1496938939
2006953816
1636234400
1938313820
1790593444
1982083840
2005017917
1795128972
1110065347
1772644170
1237160481
1734493672
1642500701
2095921888
2052396472
1218254635
1734663621
1250156238
1612778668
1722822941
1124788464
1788019526
1424320452
2056404680
1921890762
1968094308
1790498105
2073895463
1668019731
1869442644
