-116
-120
-127
-125
-127
-124
-103
-116
-125
-125
-117
-117
-116
-124
-124
-115
-113
-120
-114
-116
-126
-116
-123
-119
-120
-105
-120
-119
-126
-106
-115
-125
-118
-115
-113
-119
-125
-113
-124
-112
-123
-119
-123
-116
-125
-126
-122
-125
-121
-123
-122
-125
-117
-122
-123
-120
-123
-106
-117
-123
-123
-120
-110
-124
-115
-123
-99
-114
-116
-123
-115
-127
-122
-125
-125
-124
-117
-116
-118
-116
-119
-121
-85
-103
-120
-117
-123
-120
-122
-113
-119
-115
-124
-122
-114
-119
-121
-124
-127
-120
-120
-123
-125
-118
-126
-121
-121
-126
-123
-125
-125
-125
-120
-115
-123
-119
-120
-123
-128
-113
-120
-122
-122
-126
-126
-118
-121
-122
-117
-114
-121
-115
-125
-125
-116
-116
-117
-124
-119
-114
-126
-114
-119
-125
-125
-125
-113
-116
-98
-124
-124
-119
-118
-127
-114
-120
-65
-103
-104
-123
-112
-117
-125
-119
-119
-121
-122
-88
-117
-123
-118
-125
-119
-125
-126
-123
-109
-126
-109
-108
-126
-116
-118
-92
-111
-120
-117
-124
-113
-115
-119
-123
-120
-88
-118
-100
-119
-119
-99
-123
-127
-127
-114
-123
-124
-121
-114
-124
-122
-121
-126
-123
-122
-114
-119
-104
-126
-117
-119
-127
-118
-122
-117
-114
-119
-116
-116
-121
-116
-109
-93
-116
-107
-124
-114
-126
-117
-91
-123
-123
-124
-121
-115
-117
-125
-119
-118
-122
-116
-125
-117
-119
-123
-115
-113
-114
-122
-123
-120
-126
-125
-89
-124
-118
-115
-126
-121
-116
-121
-126
-88
-121
-99
-116
-118
-119
-124
-102
-125
-99
-104
-116
-125
-99
-83
-113
-124
-122
-103
-121
-79
-119
-128
-125
-122
-124
-123
-122
-113
-119
-113
-123
-127
-116
-116
-120
-114
-127
-122
-111
-119
-124
-123
-116
-114
-119
-114
-117
-126
-88
-124
-104
-126
-119
-120
-127
-121
-70
-116
-93
-78
-125
-122
-125
-118
-104
-121
-97
-115
-113
-121
-119
-88
-121
-121
-123
-118
-117
-120
-117
-106
-110
-126
-122
-123
-128
-120
-119
-105
-122
-120
-116
-126
-50
-122
-122
-127
-126
-125
-118
-115
-123
-114
-117
-121
-117
-124
-122
-115
-112
-123
-119
-123
-110
-123
-127
-121
-118
-122
-125
-125
-124
-112
-117
-120
-117
-124
-125
-121
-117
-116
-120
-116
-116
-118
-121
-122
-113
-123
-122
-117
-114
-124
-120
-124
-123
-119
-121
-119
-39
-117
-115
-118
-100
-81
-125
-119
-126
-123
-120
-121
-80
-126
-124
-119
-123
-118
-117
-117
-122
-115
-123
-117
-123
-114
-124
-121
-125
-125
-127
-127
-120
-116
-118
-107
-119
-121
-95
-118
-36
-116
-122
-121
-121
-119
-118
-121
-117
-121
-124
-117
-120
-97
-119
-118
-118
-124
-120
-121
-101
-121
-113
-117
-127
-121
-114
-124
-125
-113
-125
-127
-113
-109
-121
-121
-121
-123
-121
-87
-117
-125
-115
-116
-125
-120
-122
-118
-117
-80
-124
-122
-123
-121
-111
-119
-118
-125
-126
-125
-118
-123
-122
-122
-119
-126
-123
-101
-118
-120
-121
-114
-114
-120
-122
-118
-98
-120
-126
-125
-122
-118
-103
-114
-119
-91
-122
-98
-125
-122
-119
-122
-122
-81
-123
-117
-124
-124
-116
-116
-119
-109
-126
-115
-125
-115
-119
-78
-114
-84
-125
-101
-122
-113
-119
-122
-102
-127
-126
-113
-123
-118
-124
-121
-44
-120
-128
-119
-117
-114
-113
-120
-125
-126
-118
-128
-122
-118
-128
-100
-125
-117
-120
-120
-126
-119
-123
-125
-115
-119
-94
-97
-114
-123
-111
-124
-124
-110
-123
-119
-111
-106
-121
-121
-117
-117
-115
-120
-119
-113
-119
-125
-117
-102
-120
-118
-127
-117
-124
-116
-97
-122
-108
-119
-125
-124
-115
-116
-121
-107
-120
-115
-120
-114
-118
-122
-117
-120
-122
-115
-122
-115
-121
-121
-120
-128
-117
-111
-114
-119
-128
-124
-125
-118
-126
-120
-121
-112
-118
-104
-117
-116
-125
-114
-85
-128
-120
-120
-124
-120
-78
-113
-97
-117
-122
-108
-119
-105
-113
-115
-114
-119
-112
-111
-123
-116
-121
-113
-122
-116
-125
-124
-116
-119
-124
-120
-124
-120
-126
-123
-121
-121
-125
-121
-118
-114
-121
-118
-112
-123
-119
-117
-123
-121
-126
-122
-124
-116
-113
-115
-114
-124
-121
-124
-127
-119
-118
-127
-119
-113
-123
-115
-114
-110
-123
-113
-126
-112
-126
-122
-85
-121
-114
-123
-114
-106
-122
-114
-119
-126
-117
-125
-111
-122
-120
-122
-116
-122
-121
-117
-90
-125
-127
-117
-113
-126
-123
-114
-117
-121
-123
-123
-121
-120
-117
-121
-125
-128
-124
-102
-113
-123
-116
-89
-125
-116
-113
-126
-127
-125
-89
-103
-108
-40
-119
-117
-125
-119
-115
-114
-121
-117
-121
-111
-120
-123
-123
-121
-115
-120
-122
-118
-121
-118
-100
-123
-119
-123
-119
-125
-121
-121
-113
-120
-116
-123
-118
-126
-121
-117
-122
-118
-122
-117
-120
-126
-119
-95
-117
-116
-114
-116
-120
-117
-118
-118
-124
-125
-124
-126
-122
-93
-108
-117
-116
-107
-117
-118
-122
-116
-120
-126
-125
-123
-119
-114
-122
-98
-127
-121
-125
-114
-119
-123
-122
-122
-117
-124
-109
-120
-125
-123
-123
-121
-121
-126
-114
-119
-105
-103
-128
-122
-121
-119
-126
-120
-125
-79
-118
-123
-58
-123
-117
-121
-96
-122
-120
-114
-84
-115
-125
-124
-121
-123
-122
-124
-124
-121
-121
-119
-125
-121
-121
-119
-127
-116
-126
-120
-108
-121
-127
-116
-114
-121
-113
-121
-127
-109
-107
-123
-103
-118
-127
-123
-125
-116
-118
-121
-87
-114
-123
-115
-110
-116
-117
-123
-120
-127
-112
-115
-123
-124
-122
-122
-111
-114
-78
-119
-121
-125
-102
-123
-125
-127
-117
-87
-116
-114
-114
-124
-124
-127
-127
-116
-120
-104
-124
-119
-126
-103
-121
-120
-122
-120
-125
-119
-119
-125
-125
-119
-119
-108
-123
-114
-124
-110
-123
-125
-121
-124
-76
-120
-101
-120
-125
-124
-125
-119
-120
-122
-128
-111
-120
-124
-122
-122
-121
-121
-125
-113
-119
-114
-125
-114
-105
-125
-121
-118
-93
-125
-126
-127
-118
-104
-115
-115
-124
-117
-122
-82
-122
-121
-113
-123
-111
-98
-119
-114
-127
-124
-123
-115
-123
-123
-114
-121
-125
-116
-124
-119
-117
-124
-121
-126
-38
-93
-123
-117
-126
-115
-117
-122
-121
-126
-124
-118
-88
-113
-128
-116
-116
-113
-127
-116
-123
-121
-124
-107
-122
-120
-122
-114
-127
-125
-116
-122
-110
-116
-124
-119
-111
-123
-112
-116
-114
-123
-57
-126
-115
-116
-122
-115
-124
-113
-121
-125
-116
-110
-114
-117
-114
-103
-113
-127
-126
-86
-110
-125
-114
-123
-122
-118
-125
-117
-117
-103
-126
-108
-122
-115
-123
-113
-116
-118
-120
-118
-120
-114
-122
-121
-120
-126
-120
-113
-125
-113
-124
-115
-26
-118
-116
-121
-117
-121
-119
-128
-113
-118
-121
-123
-123
-126
-110
-117
-124
-119
-124
-118
-119
-121
-123
-114
-126
-121
-115
-78
-126
-116
-124
-120
-117
-121
-121
-119
-126
-109
-122
-120
-122
-127
-104
-125
-124
-119
-121
-124
-122
-125
-125
-112
-123
-116
-122
-120
-119
-120
-125
-124
-121
-121
-93
-119
-126
-124
-110
-121
-126
-120
-128
-124
-125
-120
-123
-109
-122
-124
-117
-96
-126
-118
-116
-118
-119
-126
-119
-104
-126
-122
-124
-126
-108
