0.00102843
0.00135814
0.00134233
0.00101019
0.00106661
0.00100063
0.00125433
0.00072835
0.00096258
0.00125885
0.00093168
0.00089052
0.00115180
0.00110230
0.00093786
0.00130097
0.00099844
0.00112654
0.00108369
0.00084260
0.00151832
0.00111943
0.00074249
0.00106304
0.00085976
0.00131114
0.00103950
0.00080726
0.00094490
0.00101388
0.00060660
0.00094008
0.00116501
0.00068848
0.00094682
0.00118841
0.00078542
0.00067949
0.00057969
0.00102135
0.00101101
0.00077894
0.00096301
0.00110165
0.00087521
0.00109865
0.00133995
0.00110692
0.00081623
0.00058786
0.00113158
0.00088763
0.00094104
0.00099356
0.00115825
0.00090872
0.00074801
0.00088680
0.00116829
0.00086948
0.00093782
0.00106963
0.00093240
0.00097512
0.00093969
0.00097660
0.00104472
0.00109280
0.00078159
0.00095529
0.00103933
0.00102334
0.00131402
0.00081577
0.00124463
0.00117490
0.00104766
0.00061824
0.00075948
0.00119591
0.00113767
0.00075012
0.00099880
0.00085734
0.00119850
0.00117379
0.00094875
0.00094084
0.00200389
0.00092160
0.00095809
0.00061604
0.00104833
0.00080691
0.00089836
0.00091337
