0.00715632
0.00945062
0.00934061
0.00702940
0.00742200
0.00696287
0.00872831
0.00506826
0.00669816
0.00875972
0.00648308
0.00619669
0.00801481
0.00767040
0.00652611
0.00905281
0.00694766
0.00783901
0.00754088
0.00586325
0.01056523
0.00778958
0.00516660
0.00739718
0.00598265
0.00912357
0.00723340
0.00561730
0.00657511
0.00705508
0.00422104
0.00654156
0.00810672
0.00479082
0.00658849
0.00826957
0.00546539
0.00472825
0.00403378
0.00710711
0.00703515
0.00542026
0.00670115
0.00766588
0.00609015
0.00764497
0.00932408
0.00770252
0.00567977
0.00409064
0.00787411
0.00617657
0.00654827
0.00691369
0.00805969
0.00632332
0.00520504
0.00617079
0.00812957
0.00605027
0.00652583
0.00744302
0.00648815
0.00678540
0.00653885
0.00679568
0.00726971
0.00760425
0.00543870
0.00664743
0.00723218
0.00712096
0.00914363
0.00567656
0.00866078
0.00817559
0.00729017
0.00430204
0.00528488
0.00832176
0.00791652
0.00521972
0.00695019
0.00596583
0.00833976
0.00816781
0.00660187
0.00654687
0.01394407
0.00641300
0.00666691
0.00428675
0.00729479
0.00561489
0.00625124
0.00635567
