0.00052907504
0.0005684546
0.0006492902
0.0011203551
0.00062455767
0.0004375381
0.00037559227
0.00039774235
0.00041467897
0.00027489936
0.0004637333
0.0007727703
0.0007073475
0.0009960865
0.00045455375
0.00087167736
0.00048868667
0.00037200487
0.00035500704
0.00047079413
0.0002964573
0.00045500608
0.0006329315
0.00066539604
0.0007547433
0.0005561434
0.0016489865
0.0006715805
0.0008563524
0.00038265443
0.00048345933
0.00027472954
0.00065404037
0.0006700901
0.00072531105
0.0007147203
0.00044937996
0.00036202918
0.00045926927
0.00071100454
0.00046501515
0.00035113134
0.0010513752
0.0004286772
0.00040313086
0.00038732577
0.00054436334
0.00041437076
0.00041000065
0.0005425104
0.0005775379
0.00043010767
0.00045158484
0.0002940433
0.00047264702
0.00042869846
0.0005706436
0.0005490058
0.00039606867
0.00078751653
0.0010945371
0.00033736855
0.0005421564
0.0023671414
0.00036774375
0.0004332297
0.0005127223
0.0005451439
0.0005109362
0.00048328695
0.00068397826
0.0003888839
0.0005153761
0.0003192972
0.00044734223
0.00051259616
0.0003586185
0.0006142516
0.0005197657
0.0005394146
0.00043480357
0.0007743184
0.00088714395
0.00032942466
0.0010320707
0.0003693026
0.0004933001
0.00035274978
0.00050972623
0.0010514162
0.00030022024
0.00031168715
0.0004998656
0.0007962195
0.00025757146
0.00059356156
0.0011573776
0.00040072642
0.00024211303
0.00051321817
0.00031385367
0.001348469
0.0001393836
0.00070381793
0.0006448161
0.0007145032
0.000574869
0.0005895818
0.00052858045
0.0007469758
0.00056220865
0.00057593326
0.0005418032
0.00086146605
0.00059368985
0.0005116078
0.0007877261
0.0010529844
0.00054848334
0.00059391424
0.0006582247
0.00086746085
0.0006360857
0.0008933509
0.0007737061
0.00075489935
0.00051661464
0.000422929
