0.00011878
0.00010836
0.00013308
0.00010644
0.00004252
0.00009948
0.00008675
0.00010251
0.00007700
0.00002116
0.00003355
0.00009468
0.00004570
0.00005769
0.00015975
0.00002582
0.00013078
0.00009876
0.00013918
0.00018037
0.00015167
0.00017321
0.00008041
0.00023252
0.00017468
0.00016711
0.00012733
0.00015730
0.00010274
0.00004023
0.00015934
0.00011550
0.00011104
0.00012530
0.00003387
0.00002579
0.00012743
0.00009040
0.00016264
0.00011717
0.00003731
0.00001961
0.00008055
0.00005978
0.00004425
0.00006992
0.00018538
0.00012218
0.00019258
0.00003085
0.00024102
0.00006808
0.00011846
0.00008538
0.00006678
0.00025746
0.00005043
0.00003341
0.00021305
0.00017596
0.00009581
0.00011934
0.00003792
0.00003420
0.00002897
0.00001699
0.00004512
0.00007000
0.00002241
0.00009567
0.00006600
0.00011338
0.00017651
0.00003395
0.00004884
0.00002828
0.00019121
0.00015564
0.00005413
0.00029968
0.00003711
0.00010685
0.00012494
0.00003204
0.00007238
0.00004860
0.00012747
0.00012508
0.00007451
0.00009413
0.00005394
0.00016035
0.00018443
0.00009392
0.00009922
0.00003944
0.00019502
0.00010708
0.00013322
0.00017192
0.00012778
0.00020375
0.00001688
0.00011123
0.00007957
0.00009475
0.00003856
0.00015251
0.00010405
0.00008710
0.00003399
0.00009366
0.00009299
0.00010614
0.00005071
0.00010063
0.00008110
0.00024829
0.00002424
0.00016749
0.00004058
0.00016132
0.00002550
0.00021135
0.00013268
0.00009992
0.00012814
0.00002245
0.00007424
0.00013249
0.00013934
0.00016665
0.00011012
0.00019483
0.00012926
0.00004781
0.00017818
0.00003132
0.00005750
0.00016720
0.00007223
0.00001932
0.00017033
0.00004708
0.00004433
0.00025649
0.00016168
0.00006679
0.00006751
0.00009861
0.00005496
0.00002870
0.00012901
0.00002996
0.00007251
0.00003668
0.00006551
0.00011037
0.00012021
0.00014026
0.00006421
0.00015653
0.00011702
0.00003285
0.00006748
0.00013220
0.00012922
0.00011653
0.00006764
0.00010624
0.00011257
0.00001527
0.00003437
0.00012692
0.00012468
0.00003013
0.00013693
0.00008334
0.00010852
0.00008077
0.00012894
0.00017764
0.00002271
0.00002517
0.00003571
0.00012904
0.00010673
0.00007446
0.00015209
0.00002976
0.00019400
0.00011738
0.00009989
0.00015098
0.00010787
0.00006726
0.00011432
0.00006349
0.00002983
0.00005967
0.00020490
0.00007534
0.00017003
0.00002214
0.00008833
0.00013810
0.00004129
0.00009910
0.00008712
0.00007226
0.00012683
0.00008524
0.00003168
0.00003472
0.00008073
0.00002586
0.00020327
0.00014476
0.00016373
0.00009721
0.00015088
0.00006739
0.00018685
0.00008190
0.00018347
0.00022029
0.00013253
0.00008058
0.00006795
0.00004798
0.00014385
0.00017133
0.00002147
0.00005817
0.00013780
0.00007809
0.00002528
0.00003743
0.00011689
0.00009871
0.00008049
0.00008306
0.00002795
0.00003295
0.00004823
0.00004103
0.00011649
0.00006923
0.00004063
0.00012460
0.00002527
0.00010072
0.00005502
0.00007740
0.00002745
0.00006997
0.00013972
0.00009895
0.00004528
0.00004117
0.00009817
0.00005735
0.00007644
0.00005795
0.00010896
0.00016876
0.00010957
0.00004552
0.00008426
0.00013205
0.00013649
0.00004642
0.00008104
0.00013433
0.00011230
0.00008583
0.00012942
0.00019456
0.00003517
0.00008166
0.00006418
0.00005742
0.00011553
0.00004264
0.00011814
0.00004573
0.00014046
0.00006942
0.00003550
0.00007855
0.00005797
0.00006356
0.00003069
0.00010293
0.00010153
0.00013258
0.00026564
0.00012406
0.00012457
0.00007788
0.00004950
0.00003965
0.00002480
0.00005803
0.00011064
0.00010815
0.00004680
0.00013318
0.00020149
0.00011273
0.00007996
0.00017403
0.00008930
0.00009341
0.00011995
0.00011953
0.00008612
0.00014201
0.00003580
0.00007644
0.00010816
0.00006458
0.00013258
0.00003379
0.00013042
0.00003768
0.00012219
0.00002822
0.00014891
0.00003457
0.00014937
0.00003053
0.00002167
0.00013132
0.00008758
0.00010362
0.00019786
0.00003213
0.00018236
0.00016108
0.00025706
0.00020425
0.00002741
0.00022537
0.00016395
0.00002824
0.00007278
0.00003323
0.00013473
0.00004681
0.00012443
0.00009900
0.00001591
0.00012923
0.00009507
0.00009203
0.00008945
0.00017627
0.00005916
0.00010796
0.00007103
0.00023897
0.00012954
0.00014309
0.00009957
0.00002049
0.00010888
0.00020526
0.00013607
0.00011217
0.00007975
0.00013777
0.00002354
0.00012015
0.00008281
0.00012356
0.00004709
0.00026489
0.00002497
0.00004588
0.00005807
0.00020186
0.00018726
0.00003035
0.00002542
0.00015236
0.00009116
0.00008724
0.00014024
0.00002276
0.00006031
0.00019934
0.00002390
0.00010444
0.00021115
0.00001957
0.00014699
0.00015375
0.00008079
0.00021261
0.00017712
0.00005791
0.00002385
0.00005552
0.00029884
0.00010512
0.00015398
0.00003622
0.00002058
0.00008098
0.00009576
0.00003551
0.00001684
0.00009758
0.00013205
0.00009635
0.00032644
0.00017425
0.00004124
0.00002888
0.00007491
0.00006976
0.00006551
0.00007119
0.00008719
0.00007495
0.00009127
0.00015369
0.00013462
0.00017914
0.00016019
0.00008405
0.00011353
0.00002784
0.00016761
0.00001633
0.00004513
0.00010866
0.00010756
0.00014387
0.00002533
0.00011301
0.00009381
0.00015362
0.00012138
0.00019191
0.00017297
0.00002925
0.00004579
0.00006712
0.00003197
0.00013742
0.00007724
0.00008343
0.00013757
0.00019792
0.00013897
0.00007515
0.00006231
0.00007815
0.00005972
0.00003947
0.00003576
0.00008026
0.00008089
0.00006521
0.00006243
0.00005161
0.00003284
0.00006327
0.00007662
0.00016981
0.00020307
0.00016461
0.00002384
0.00015552
0.00012415
0.00002385
0.00003709
0.00008003
0.00011007
0.00008399
0.00009670
0.00012665
0.00004536
0.00002727
0.00005323
0.00012217
0.00011756
0.00019434
0.00017249
0.00010743
0.00002949
0.00010642
0.00010017
0.00008224
0.00004016
0.00006318
0.00004104
0.00010386
0.00005090
0.00012913
0.00006118
0.00026403
0.00015033
0.00010316
0.00009860
0.00015363
0.00020205
0.00003996
0.00006284
0.00002696
0.00010943
0.00015112
0.00011807
0.00013908
0.00004086
0.00011052
0.00006186
0.00012413
0.00003451
0.00003132
0.00008917
0.00004445
0.00002904
0.00005498
0.00009050
0.00004054
0.00006460
0.00002200
0.00007918
0.00016864
0.00003525
0.00008203
0.00014110
0.00004023
0.00009463
0.00008984
0.00016093
0.00002344
0.00003625
0.00004339
0.00009216
0.00013705
0.00011292
0.00013113
0.00012975
0.00007973
0.00012038
0.00011274
0.00002323
0.00002196
0.00005771
0.00002242
0.00024052
0.00008933
0.00016858
0.00006013
0.00002519
0.00002285
0.00001950
0.00016187
0.00006900
0.00004323
0.00004428
0.00002926
0.00002483
0.00011854
0.00014206
0.00008870
0.00003547
0.00008334
0.00011754
0.00006398
0.00002286
0.00015662
0.00010733
0.00006886
0.00007000
0.00012086
0.00006307
0.00010844
0.00003657
0.00003114
0.00006804
0.00002607
0.00013675
0.00003174
0.00019895
0.00002786
0.00009596
0.00015310
0.00008489
0.00010725
0.00005832
0.00011625
0.00010885
0.00004261
0.00009994
0.00010654
0.00004152
0.00002564
0.00008523
0.00009862
0.00008019
0.00002448
0.00002474
0.00002908
0.00006974
0.00008125
0.00010328
0.00012440
0.00006484
0.00010852
0.00018093
0.00010036
0.00001809
0.00012943
0.00012945
0.00016336
0.00004652
0.00003630
0.00005177
0.00010227
0.00004747
0.00006922
0.00018445
0.00012555
0.00004143
0.00003808
0.00012664
0.00011434
0.00008358
0.00007115
0.00005119
0.00002785
0.00004463
0.00005086
0.00013765
0.00007113
0.00005372
0.00008465
0.00011413
0.00018903
0.00007069
0.00011524
0.00005604
0.00005573
0.00024294
0.00005391
0.00004364
0.00007705
0.00014122
0.00006739
0.00006257
0.00010155
0.00012774
0.00005657
0.00005294
0.00007123
0.00027818
0.00007092
0.00012517
0.00012719
0.00005185
0.00025649
0.00004220
0.00004413
0.00007257
0.00014143
0.00012434
0.00008137
