0.00034805687
0.00026650506
0.0011545604
0.00073737506
0.00044912717
0.00023111922
0.00021146012
0.00040376073
0.0003255654
0.00028031904
0.00024002849
0.00088029535
0.00043208626
0.00074006274
0.00056249875
0.00045691145
0.0006104479
0.00023562333
0.0011280326
0.00045197917
0.00017765106
0.0005470744
0.0009241623
0.0006674659
0.00031939396
0.00043731576
0.00095725624
0.00078663067
0.00037166462
0.0008946109
0.000743682
0.00050666777
0.00075005513
0.00087161246
0.00042040786
0.0003176991
0.0006557841
0.00049479055
0.0006524564
0.0005606306
0.00028891748
0.0005626022
0.00035189767
0.00074936496
0.00015158286
0.00028077298
0.00026510694
0.00061083725
