1929492170
1477400522
1600108580
2043860414
1244893322
1281235216
1172252754
1119146321
1804808062
1553979983
1330624666
1220003884
1197659201
2051310165
1559137407
1266469820
1692043009
1306204329
1563343694
1252798539
1969656979
1516384156
1280799211
1850085906
1770596020
1212154350
1326664204
1090193768
2060364280
1239843825
2061342107
1404384593
2079007220
1207970220
1165288945
1761200541
1817706272
1371463294
1808482491
1553959117
1601646358
1559423987
1950783962
2077094160
1680633029
1556496291
1469649966
1693122275
