0.012344629
0.009452208
0.04094911
0.026152683
0.015929317
0.008197169
0.007499914
0.0143202925
0.011546917
0.009942153
0.008513156
0.031221677
0.015324922
0.026248008
0.019950299
0.016205404
0.021650923
0.008356918
0.040008243
0.01603047
0.006300799
0.01940324
0.032777518
0.023673197
0.011328033
0.015510398
0.03395127
0.027899647
0.013181931
0.03172941
0.026376374
0.017970124
0.026602412
0.030913718
0.014910721
0.011267922
0.023258876
0.017548872
0.023140851
0.019884039
0.010247116
0.019953966
0.012480851
0.026577933
0.005376231
0.009958252
0.009402621
0.021664733
