17545
-20225
-28319
3031
-3923
2504
4215
859
14654
6569
-4332
-3166
3666
19972
21364
-4391
15630
-6290
388
22719
-7593
14427
-11539
2459
12555
-16284
-15819
5975
12318
-15528
27208
-36060
-19423
5773
4883
-6047
-41470
-24135
-12195
24096
11407
-81
5491
-20404
-18057
-9263
29757
11977
-8457
13564
6831
-2934
-494
38296
336
6034
922
25155
17499
-1106
-14093
-7694
21738
12244
15139
-3339
-7750
-33120
-8767
-21854
6688
30861
-4436
-15068
3641
27697
-10554
-7440
-28815
-20107
-5093
-7503
7393
-10633
19490
-11149
11744
3557
2564
-7205
-16588
-2302
3834
-6130
9068
-3359
-1619
-10985
9297
16922
23559
-30913
-29698
5298
679
21003
30018
36482
-11916
-2033
-7219
1741
-6420
-18276
8296
-11455
1956
-8890
12606
-14830
9737
8154
-42052
-21651
3035
11061
-9134
-6593
-11804
7278
1553
-24837
17850
-18626
4769
-24570
4039
6075
1754
-2836
-5255
-347
-27984
31960
1217
-1417
-4201
-5201
-14876
17658
4491
-9970
9656
-12786
20841
2933
-14693
4494
6325
42132
10758
1277
7521
17032
-844
391
32560
18151
-15123
16122
-31887
22956
9460
9410
-15542
4990
-1198
4306
-23026
2581
-24539
-4641
-9106
22818
-13169
15221
-6303
-1096
-14398
3539
-736
-10796
-17687
-6255
-7237
-5537
4386
5747
-8007
21437
4723
-17312
10519
-5732
-9721
-2683
-6425
-22380
-14030
15861
-18703
-1576
-12795
28490
383
-26882
-17391
-16648
-12881
-12310
3709
-4339
6156
7449
-2921
-737
13421
-782
-8205
23289
929
34987
-8419
6389
8614
-17864
1057
-10009
19608
633
-5222
5458
-6627
-24400
30608
7317
13662
-27834
-13880
7002
24416
11294
570
-1560
-16105
-13631
-25030
-15407
2759
-13263
-12387
-20696
-12179
-17599
-13122
12917
-7111
4462
-11868
7986
25610
10611
-1957
-409
16773
9055
-8370
-5119
-13572
-569
10315
7363
-7922
-17925
31323
-29710
12293
9799
-8678
-8364
16188
-1242
14484
21043
3833
6027
-4737
-1843
25034
26652
-6338
6038
17698
-5008
-7581
-14238
3897
-22920
10159
-9895
-16752
2824
10821
4013
-6941
29148
5384
-3923
-14229
10334
-10691
-1894
-7580
5273
-11067
26385
6905
21245
8416
1949
5145
-13115
6899
8049
-3689
-4494
12328
-13871
-27865
14697
-7235
6801
-30134
-24181
13109
-887
16105
3710
-6409
-8446
19275
-12179
19066
47220
-649
-807
-33684
-3275
23297
14939
-6955
513
-4215
-6848
16249
24518
-1635
6404
2631
-17044
-12167
-4576
-23414
17231
-6623
310
5847
14436
10094
-10135
-11465
35753
1097
-2110
3013
-24170
17326
30732
-31285
-15429
-1842
8545
-20688
10428
1333
-19483
-13360
-285
-13406
-8541
-28507
8615
37318
25516
10672
-15932
-6941
-3049
32106
-9068
15471
-14636
-18472
4081
-6381
3110
20378
929
22779
-13371
2419
1671
-28347
8774
16063
-30647
2411
-1418
17056
-5499
44749
-8897
-5286
-4963
-6116
43
-16501
-23630
6373
21163
12219
3004
-3457
3727
5474
-3852
-1412
8019
-2320
13773
-13827
10092
-15561
-18270
9430
25499
-1193
1614
1210
3735
-6509
12244
-2948
-8197
-5495
-2335
5083
6662
-5290
27905
-14327
23664
173
33739
16878
13388
-13334
-11055
-19652
-15665
11154
4015
-2174
-12338
-12000
-16088
12754
-11927
29011
8822
-2672
8525
2451
-10340
19310
-8361
-31279
-5200
7293
-869
-15909
-5152
-23138
-14668
-7830
10435
-2679
4309
8382
-7154
-8731
-10171
-14318
-19710
785
9901
2288
-10016
-7355
-20628
-3004
7821
864
-11763
-1725
4468
3682
-4638
-16553
21440
7013
19240
8615
3467
-2344
-16820
8056
15606
32813
3183
-47351
-33123
-7245
-12708
-6495
7791
-5785
-30167
24344
-970
24019
-4573
-1493
-14006
-12858
-2498
12815
20136
-2276
4963
31227
991
-2634
2990
-8181
8396
-1816
-3428
-17032
10812
-25772
6975
-11133
-3526
-11453
1822
1349
-15422
-1688
28500
-452
-2270
-16286
-11743
-28531
83783
17
2462
20603
-12000
13142
-5578
-2053
-5997
-12480
-10726
23244
13494
-32489
-3414
-11928
-10977
893
-6975
11600
24764
-5501
-17456
17461
-10127
10574
-9010
-584
38773
28987
13227
-10040
9804
-16419
10239
23285
4148
-5757
841
-21764
8861
2485
-8849
-12414
2694
10620
-6898
-5298
-8432
-35086
17556
-3150
32712
381
-5878
-5737
-12249
-15247
-13943
-10503
-13211
-2376
-9795
9688
-1750
132
-13103
44246
18615
-3852
-9958
-14594
-17358
22313
1263
-8505
24912
-7016
1105
15754
-4241
-9229
1374
-3058
-17144
-28022
-17036
