0.0006224047
0.0003691707
0.00051884906
0.00054636394
0.0004239419
0.00044520252
0.00034938898
0.0004306405
0.0004741987
0.000430222
0.00050610787
0.0004461386
0.00041734456
0.00069894904
0.0004514529
0.00058854435
0.00060464354
0.00052161945
0.00071808475
0.00059283705
0.0004345915
0.00057795574
0.00036271923
0.00068385847
0.0006100534
0.0003577259
0.00045540056
0.000663227
0.0003371213
0.00043262236
0.00038928387
0.00049113395
0.0004418827
0.00045678765
0.0005094953
0.00043068218
0.0005621915
0.00031570852
0.0005720966
0.00052075397
0.00043586764
0.00033854877
0.00043230745
0.0009747496
0.00045313855
0.0004890136
0.00040554767
0.00047858295
0.00043051908
0.00060878694
0.0006193504
0.00052296196
0.0004075639
0.0005157675
0.00061026664
0.0005281229
0.0005000462
0.0005352585
0.0004527311
0.0005257394
0.00034831287
0.0005077431
0.0006276188
0.0010707572
0.0005266852
0.0004643009
0.00033633356
0.0005116014
0.00065697305
0.0005844769
0.00078968715
0.00035006346
0.00046026986
0.0004763126
0.001146335
0.00043208114
0.0005152632
0.0005509893
0.00061630824
0.000511234
0.0005676927
0.00074284984
0.00048815986
0.000597899
0.0005145468
0.00053410913
0.00054949184
0.00049003406
0.00048819956
0.00085772114
0.00048595053
0.00045425908
0.00042720602
0.00045401847
0.0005776931
0.00053727475
0.0004496942
0.000599791
0.0005140919
0.0003040065
0.00047026656
0.0004944089
0.0005389563
0.0004926429
0.00047598407
0.00049714575
0.00037452922
0.0005056831
0.0005155719
0.00053324294
0.00057239656
0.0004211366
0.00047881124
0.00054319017
0.0005757085
0.00046414265
0.00047855897
0.000317142
0.00038109938
0.00044884087
0.00040021504
0.0007859394
0.0003863629
0.0004808329
0.0005546006
0.00040388227
0.0006380363
0.0004683577
0.0008403618
0.0003598933
0.00045652944
0.00060249557
0.0004709753
0.00053312845
0.0005118832
0.00046504126
0.0005662194
0.00050500926
0.0004782051
0.00047781423
0.00053977885
0.00035244197
0.00049106654
0.00047311577
0.00043679128
0.00052359764
0.00046317268
0.0005036144
0.0005260972
0.00062664814
0.0008828212
0.00046558556
0.0004242691
0.00054285023
0.00056336715
0.0003796507
0.00058664405
0.00035998164
0.00060026953
0.00056662137
0.0007063444
0.00046071952
0.00047305672
0.00043668813
0.0004261512
0.00050394825
0.0004463448
0.00035658368
0.0005292238
0.00051578064
0.00040445913
0.000433835
0.0005375127
0.000401947
0.0003964583
0.00058857794
0.0005497279
0.00046787696
0.00036762148
0.00059816893
0.00033189985
0.00044624816
0.00057985564
0.0005327598
0.0003631103
0.00044933145
0.00051212846
0.00065472873
0.0004499091
0.00055411883
0.0004975837
0.00054855284
