50758
46783
6283
3827
-58435
87538
70970
-1363
102703
94159
-7543
64084
37310
80635
126950
115404
59693
79984
83360
38352
96698
-96997
116699
97857
66084
31827
57368
-84250
75531
61543
69901
59809
6186
-118720
81932
106597
107894
43065
-18275
118428
47463
116345
-1623
82651
58732
91199
43955
86617
43637
80042
106093
97290
84709
55148
-10743
20523
33507
113769
81652
73477
79173
110878
34313
-12065
78143
62433
96274
52719
107161
113721
-11628
108376
108989
100558
85123
78424
57596
113416
87535
67012
49708
-46265
68527
9116
53602
100462
67570
94813
69313
71525
43226
83131
109813
-3767
59146
-16237
87810
60836
32921
99724
84461
81345
49741
104860
76696
-52287
40960
68482
-86933
63576
48126
96041
65696
60509
91326
75549
100725
52351
74271
48187
84337
88153
69028
51166
53668
31573
40521
57078
26494
81487
73672
104901
81662
111234
87650
384
57721
122422
-8186
44024
36893
110654
-23158
90019
93611
101577
71861
3841
76295
92582
-1160
69457
66931
-102715
59214
82999
49963
-111546
-1871
64647
107769
99974
107635
94853
112622
87512
102222
64894
84858
79244
59371
63012
94995
11282
70840
90650
82339
101731
83422
12766
-59110
63834
48947
81913
68302
82248
-7094
-101463
109164
73082
-17978
89060
81157
42947
65571
123600
110205
89700
84872
83403
58623
13397
59065
78257
49761
61441
58324
111804
58199
102349
97366
99344
46926
29775
68804
96938
89861
82419
73690
88624
63380
78369
82500
59510
105199
44725
24766
10196
88553
74069
69918
-33247
81672
76835
111776
95477
65114
82241
100244
69498
63362
-348
14503
76480
-114134
84067
24412
95634
60772
-97768
96007
121571
57713
96831
99033
95366
80280
99006
27796
84668
54881
48082
86723
68779
-12284
95655
95885
63059
-33478
73122
96361
104355
-8018
62948
-8682
22123
-113438
67317
41243
53888
-28159
58392
-15099
63095
88129
63322
-104574
74673
25813
82544
90591
-483
79261
88229
51574
52155
90701
39491
20725
92626
45948
72654
115779
28854
56741
18642
-1032
91941
32903
106327
-113207
77092
102903
77744
-90386
108445
63896
74761
92681
84208
38734
103079
22174
-67684
11732
111983
-9640
90724
75197
75887
64959
72921
95385
43231
38337
42713
77797
73450
26787
77762
80943
80188
45450
46752
82937
-17224
-21741
-104110
50608
71552
98065
81774
41295
86547
56911
83629
97129
64049
69376
64856
54277
80560
95822
75661
-3457
90686
123524
104616
67373
-103861
81957
61917
54215
55654
72956
90714
26520
21902
40810
109068
55122
70929
-106036
51245
43498
71913
25674
104453
25521
28080
81337
58273
90277
82849
92241
105271
-3966
76541
110121
47182
27629
76551
43602
67986
-95275
50789
126866
103225
-127518
-2634
98908
53439
117047
71099
78415
59178
71016
32158
62114
64260
63152
58364
-105165
-14693
115209
-9818
-99048
76635
-44742
66613
-12598
92287
108358
70426
29133
95257
90768
40005
53116
91165
107253
100465
88933
108682
105547
102144
-93417
-58734
66149
57332
76701
56030
96199
94162
3796
-5663
64219
-67509
63788
103510
117697
75031
62667
95689
58761
-100423
76237
111277
37447
70866
68471
59257
-6983
46912
52751
54639
51874
-88558
52089
95426
99680
63251
53261
88156
80443
111386
37135
25537
71503
65130
80357
103465
114326
68510
62870
56217
84947
107922
39450
-90544
69663
104951
59449
86323
75340
106880
41811
55071
97623
-99441
38537
4120
75523
89537
59069
71617
79786
96112
31576
81836
52206
118728
44607
59577
-106414
66328
103853
73814
39494
24962
92640
12992
94318
7249
51837
71276
104440
55177
60049
41622
86474
66406
68623
68123
76211
114948
101940
66219
-105518
90947
34014
58874
56859
73987
114397
46335
-66056
82666
45926
66449
113154
-78532
84011
74929
11460
40933
116423
91212
48956
53801
115214
96951
55965
803
105763
108264
48090
60692
-45192
107980
59586
53008
92843
-107967
101702
84881
12386
70343
45426
35412
50387
88743
93067
58035
92431
53171
-95462
-21490
84096
-100938
95904
21322
95035
84145
872
-17068
42020
81866
116587
82526
100751
80319
84025
108358
100027
108139
43156
82858
106469
93485
77875
87614
77235
13152
-316
-14567
65521
112867
-115092
-12783
7986
96601
70442
86337
94145
85655
53701
63372
72755
63389
96981
-79217
43066
111051
64902
90571
25868
38324
61875
67149
105639
77096
57487
56521
98432
-99081
57360
70565
99044
20533
108114
87812
93312
72263
116344
76298
107281
-112174
53698
93424
-43903
48369
86373
52638
88080
109196
-22899
48186
43595
77809
90832
115508
58183
106484
58648
61084
86438
49422
67934
84596
4313
96385
24800
8920
120971
96010
48397
106067
39184
57519
58451
-76111
60572
44869
86009
45684
-71994
56611
82341
34884
57736
91518
33365
5082
67602
111323
91598
72061
55520
42289
72582
-965
99477
96809
107451
74892
76520
-8992
80829
92001
84395
102359
73220
-114120
63504
74218
-108658
49512
86125
112609
44095
105213
50014
63710
-5153
-95076
86433
60985
88521
59941
77470
113104
63291
88351
66596
69270
92943
97423
61018
75816
33695
62438
80426
106320
66534
9856
-86313
-3130
53878
-1573
119207
86969
101028
64649
-14321
232
47103
-9159
44155
38421
66459
92417
74421
49024
97915
101002
-8157
-23859
125939
90027
85558
-4902
102485
90208
53298
56782
70678
-36466
-5653
107667
51951
113595
108253
100019
74364
-108867
36673
90041
92981
12451
33882
48057
44905
32227
58114
74680
-31263
58302
29179
85627
96533
-3691
65494
99212
64330
86410
102286
-5084
-1797
100653
84397
72505
95530
-72500
1165
52276
102625
-41061
116813
36798
68210
94479
111603
43084
30178
70765
-10125
52655
9827
62563
46728
-112822
111222
3075
-22546
28206
-100141
47391
87606
92731
77909
45496
94083
84320
13764
108654
-113663
74190
-3378
88686
87431
-9737
17428
105890
102878
74646
112432
75739
71809
73461
58860
97312
-112976
-97134
104374
17360
100268
82319
101687
76289
-83349
108076
82909
94421
53753
36662
-7325
89502
105048
-8936
84067
95386
88243
91516
83568
92725
-18374
33160
76166
91509
58377
86889
77554
10395
58378
75520
70336
58299
83837
113132
52168
93958
47350
47775
39160
21988
56478
54739
58933
88128
-2882
109359
87765
8396
-44175
91320
1406
4212
72144
87971
104665
76946
-95724
57905
43782
-2210
-50029
79129
-2579
30539
-19387
94255
14949
105283
-77828
28543
92697
-1234
93772
64995
43718
71129
12619
35215
16907
71263
59873
86495
77364
-8302
80116
68254
80206
79980
28899
58903
52802
71381
85428
80743
78464
105437
-114239
116443
120937
84951
51936
85672
81228
52240
102502
91410
81238
50405
-4915
36166
60550
49585
64012
83351
16721
84002
103780
46766
79352
49691
20109
46584
-13449
113577
110836
120229
92829
90111
68318
517
56879
105978
-485
88597
114123
76194
40793
84832
-103619
46154
38400
101669
-1276
50222
-2892
112738
71600
68750
73313
56061
40683
98734
99070
-18305
38919
95679
101566
49542
57414
105485
46589
82314
67904
76959
77378
31318
59437
64981
104496
47569
5223
-2697
83703
96297
108084
60233
71826
37252
-753
101167
58255
100814
114374
56563
111563
106426
62742
92840
75718
103848
47810
41424
89221
97737
-15742
68157
43331
116035
61015
84697
72365
85785
40470
59988
73939
74366
82581
66527
79894
5230
104105
88632
73921
-2883
47035
68269
85472
50131
-117703
81038
101489
82983
67197
59030
30156
106575
76024
69862
84832
65534
52136
44741
82733
83883
56112
-117412
92695
84310
-106236
118386
-4497
67483
122190
61532
99283
-77180
84774
88173
51202
108164
88800
59840
58772
93495
85155
97439
60430
74824
118833
85997
71351
104830
59506
65465
91499
115092
