-2985
7502
-483
-343
-2178
7776
10783
2236
-5131
19108
-3712
-455
-647
333
12968
-332
23968
21360
-4373
1226
3155
-1343
1486
-320
938
13047
972
-3996
-6105
-2289
2301
-2669
-2720
323
24594
-2100
801
-4715
11603
1843
4785
-9096
8845
416
-4703
13020
6973
19084
1642
4370
10300
-5994
-7888
5830
-6406
-2704
18458
18301
19298
418
22112
143
-5952
-6143
4099
-1340
12104
-1472
1419
7343
-4857
1155
12748
2643
-11927
-3515
1653
-3056
-247
-4044
16690
-5182
8608
-3198
-2412
2039
-3906
4682
18978
-201
-3680
10119
3687
6047
4911
6549
3305
1264
12403
2800
10468
811
-4499
8555
6906
-974
12713
2103
-290
-1821
2054
-210
2245
-2394
-3097
1262
7951
2758
6634
16421
10700
4933
943
-1606
12487
2373
-1307
12457
12125
-2683
1739
2089
10693
342
7624
10682
-1575
-9593
14215
-9667
4527
2167
6897
-1341
1235
-7102
1157
5037
-4098
-5105
8512
-5659
-10754
23147
-4277
97
-2114
4931
26362
-5250
37527
14027
-101
11
753
-8036
1560
-10058
-66
-2223
6509
-2269
-2326
-1796
17737
883
-1423
-8163
1517
10949
1088
1675
25861
-6801
13935
882
-6747
4365
2289
-7232
1015
-1565
