1618010123
1764887175
1534251413
1907406285
1482913884
2049318793
2052926468
2071890704
1136513272
1290110815
1203941668
1367596003
1099414884
1182167915
1925540436
2117353789
2055289016
1083914654
1633318795
1138875820
1955423475
2083527849
1176804292
1234495159
1076172520
1516675972
1705631919
1760545195
1819800452
1571285948
1474740745
1327304982
1391077814
1944664304
1217606134
1445176970
1267395236
1655220253
1763514344
1613716033
1513020408
2116779116
1313193547
1423658627
1801666300
1242923709
1180124630
1297741207
1487511275
1892337060
1632329079
2058162385
1830208434
1139594162
1833241435
1116782804
1241071982
1353101452
1714698995
1189447117
1102160548
1409100224
1299209818
1582268604
1173627623
1110166073
1515127545
1618632686
1273604906
2064228387
1295474438
2075977274
2051202447
1461459395
1916345655
1561197230
1121068913
1904341357
1440930769
1284459856
2087470750
1747630997
2042326929
1186493932
2026299914
2075306821
1470462618
1402331843
1635649417
1411782035
1276254791
2041241434
1323537676
1631578811
1152380655
1074129235
1612917875
1730662156
1733152410
1136960240
2111096230
2002674435
1966948878
1598614881
2051521710
2129166529
1307542588
1953954865
1422636985
1333690247
1365680424
1561803830
1883908510
1821971442
1135076587
1823440053
1269135221
1094945198
1321079349
1105768222
1772357935
1752499762
1079875974
1857281956
1215514960
1150177738
1509285028
2135264457
1821843737
1482977737
1506220101
1570551643
1247936142
1149156096
1627220868
1993735064
1777019178
2110649261
2039166223
1184913579
1338862312
2045838824
1341384491
1893677965
1896934450
1091305598
1166587869
1258918797
1231733532
1262909588
1108386181
1377525090
1370022404
2020425471
1456862004
2019786944
1225172673
1613492548
1542935373
1132969450
1159308667
1148389864
2062951334
1170674438
1276031307
1297230386
1286247730
1952039285
1980038671
1192416265
1613364843
1490608128
1291643279
1726543661
1955040360
1260962082
1293606748
1119720026
1871904213
2077637443
1756969447
1831645118
1203558552
1735546884
1514042050
1277563770
1344992166
1502420868
1820822095
1271912811
1221628851
1510242817
