0.00101359
0.00013820
0.00006007
0.00007468
0.00023224
0.00064189
0.00064302
0.00016224
0.00017799
0.00040409
0.00037710
0.00010709
0.00008609
0.00009257
0.00030156
0.00066320
0.00032188
0.00067901
0.00051159
0.00008918
0.00007656
0.00130521
0.00009215
0.00038667
0.00008427
0.00095011
0.00013356
0.00027572
0.00057000
0.00012304
0.00011548
0.00041574
0.00087143
0.00121822
0.00038138
0.00045266
0.00079395
0.00051845
0.00055237
0.00050545
0.00094782
0.00033151
0.00020566
0.00011148
0.00056432
0.00038931
0.00009241
0.00040648
0.00005824
0.00007409
0.00006391
0.00064466
0.00028663
0.00071389
0.00057421
0.00034980
0.00038873
0.00021191
0.00026854
0.00009314
0.00034522
0.00011034
0.00040694
0.00024780
0.00073521
0.00139091
0.00047457
0.00050699
0.00039892
0.00008082
0.00040577
0.00008128
0.00064248
0.00011444
0.00030012
0.00024450
0.00140457
0.00059648
0.00045133
0.00010058
0.00032692
0.00109479
0.00031985
0.00074327
0.00031734
0.00065003
0.00046058
0.00010981
0.00025616
0.00011055
0.00039975
0.00031968
0.00041456
0.00102209
0.00072190
0.00008411
0.00012630
0.00006776
0.00027143
0.00008903
0.00033062
0.00007841
0.00061609
0.00006259
0.00064258
0.00066690
0.00040955
0.00030601
0.00005570
0.00020887
0.00010694
0.00097838
0.00029504
0.00014267
0.00071106
0.00028557
0.00019876
0.00008574
0.00041379
0.00034635
0.00027757
0.00109784
0.00008456
0.00029087
0.00076145
0.00018013
0.00047274
0.00066881
0.00028532
0.00046450
0.00023589
0.00049193
0.00009772
0.00071988
0.00012742
0.00015612
0.00055660
0.00033055
0.00063871
0.00037114
0.00005242
0.00008010
0.00084030
0.00059314
0.00014854
0.00034182
0.00009135
0.00009858
0.00077161
0.00039557
0.00069434
0.00086294
0.00005364
0.00031642
0.00045632
0.00007908
0.00038375
0.00025269
0.00024164
0.00035487
0.00018156
0.00035970
0.00064616
0.00036668
0.00009992
0.00040632
0.00040288
0.00030571
0.00124038
0.00074698
0.00101068
0.00093378
0.00040457
0.00054079
0.00015309
0.00009874
0.00081037
0.00035072
0.00007329
0.00032538
0.00006879
0.00057371
0.00037698
0.00054361
0.00047423
0.00010004
0.00005266
0.00094118
0.00114064
0.00039839
0.00019132
0.00005913
