-112
127
99
106
127
127
127
127
125
127
127
127
121
105
127
56
127
127
127
69
127
85
124
127
106
127
127
127
127
127
90
127
117
127
127
127
-115
127
127
127
67
127
127
100
127
111
100
127
127
106
127
127
23
127
127
65
81
95
95
108
127
127
127
127
127
127
104
127
127
127
108
88
127
80
127
94
-44
127
127
127
127
28
127
127
127
67
127
104
127
127
127
120
127
-11
127
101
127
109
127
127
100
91
107
127
127
127
127
127
88
127
111
127
127
127
127
127
127
127
127
127
127
127
117
127
127
127
127
103
103
127
127
74
120
127
127
127
127
127
127
127
98
125
73
127
127
83
108
90
127
127
126
127
127
127
127
127
127
120
127
85
127
96
127
54
127
127
90
127
-128
113
127
127
127
127
127
127
127
127
102
94
105
127
127
-90
100
114
127
127
127
127
127
111
