-126
-123
-124
-124
-124
-124
-97
-120
-124
-121
-126
-125
-125
-124
-123
-127
-122
-123
-121
-124
-126
-120
-123
-127
-125
-125
-117
-125
-124
-103
-127
-127
-106
-126
-121
-121
-126
-126
-118
-122
-113
-118
-124
-126
-121
-121
-124
-122
-121
-122
-123
-125
-125
-126
-122
-126
-123
-122
-122
-126
-121
-124
-125
-117
-121
-126
-126
-121
-127
-121
-100
-113
-127
-124
-127
-126
-126
-125
-121
-125
-122
-104
-121
-119
-121
-122
-123
-123
-121
-124
-124
-121
-124
-127
-121
-126
-121
-121
-121
-125
-127
-122
-120
-121
-122
-122
-106
-122
-126
-127
-126
-126
-121
-126
-121
-124
-124
-122
-125
-124
-118
-127
-121
-117
-127
-124
-121
-124
-124
-126
-123
-122
-124
-122
-124
-126
-127
-121
-124
-126
-127
-124
-127
-125
-124
-127
-122
-124
-122
-125
-124
-122
-127
-127
-124
-117
-100
-127
-125
-126
-124
-121
-124
-123
-123
-122
-127
-124
-124
-122
-108
-127
-104
-125
-126
-122
-120
-127
-122
-124
-104
-121
-121
-127
-124
-124
-124
-125
-127
-127
-123
-118
-123
-125
-106
-122
-122
-121
-121
-127
-125
-119
-126
-127
-120
-122
-127
-122
-122
-121
-126
-123
-127
-127
-122
-122
-105
-126
-126
-124
-114
-125
-127
-126
-122
-119
-122
-125
-122
-126
-112
-124
-123
-122
-122
-123
-124
-105
-124
-125
-124
-120
-126
-123
-124
-122
-125
-122
-126
-109
-126
-124
-127
-121
-123
-124
-121
-124
-126
-127
-125
-125
-127
-121
-124
-127
-124
-127
-123
-108
-124
-124
-121
-121
-122
-116
-127
-121
-126
-118
-112
-127
-126
-123
-124
-127
-127
-121
-126
-127
-118
-120
-124
-126
-126
-99
-122
-123
-126
-127
-125
-125
-124
-127
-123
-112
-125
-127
-125
-121
-122
-122
-122
-123
-122
-125
-123
-123
-122
-102
-127
-122
-125
-116
-110
-127
-113
-122
-127
-124
-121
-127
-124
-123
-121
-104
-127
-122
-125
-121
-127
-127
-122
-126
-126
-124
-126
-102
-111
-124
-103
-123
-121
-127
-126
-125
-121
-124
-123
-102
-112
-114
-126
-125
-123
-121
-115
-127
-126
-126
-122
-127
-124
-126
-127
-121
-127
-125
-89
-127
-121
-122
-127
-126
-126
-122
-126
-122
-126
-123
-121
-127
-122
-122
-122
-126
-109
-121
-121
-124
-127
-121
-125
-127
-104
-120
-127
-123
-126
-114
-122
-121
-122
-125
-100
-123
-121
-126
-123
-124
-123
-125
-108
-105
-121
-124
-121
-120
-100
-124
-122
-122
-121
-125
-124
-99
-122
-110
-126
-124
-110
-122
-122
-122
-126
-122
-127
-116
-123
-103
-112
-125
-126
-124
-125
-127
-124
-112
-122
-125
-122
-100
-121
-124
-124
-127
-115
-121
-126
-122
-93
-126
-115
-127
-121
-126
-127
-109
-125
-121
-125
-127
-124
-124
-121
-110
-127
-125
-121
-120
-124
-121
-121
-126
-125
-125
-118
-122
-125
-127
-121
-127
-125
-106
-120
-121
-119
-121
-126
-127
-127
-125
-125
-124
-121
-98
-124
-122
-124
-127
-127
-121
-122
-93
-125
-126
-127
-121
-126
-127
-122
-124
-125
-122
-127
-127
-123
-106
-125
-126
-127
-127
-124
-122
-122
-125
-122
-122
-108
-125
-109
-127
-103
-122
-127
-127
-127
-118
-115
-121
-127
-107
-127
-127
-115
-124
-122
-117
-126
-111
-124
-121
-121
-127
-126
-122
-122
-125
-110
-122
-126
-126
-122
-124
-126
-122
-127
-121
-127
-125
-124
-122
-122
-124
-122
-125
-126
-127
-125
-126
-124
-124
-121
-102
-126
-122
-120
-122
-127
-125
-127
-121
-123
-127
-119
-122
-126
-123
-122
-114
-127
-95
-121
-126
-123
-119
-117
-125
-104
-120
-111
-122
-121
-123
-127
-127
-121
-123
-126
-119
-123
-127
-127
-121
-127
-125
-124
-109
-123
-127
-127
-127
-121
-121
-124
-94
-102
-122
-123
-120
-117
-121
-124
-124
-124
-121
-124
-127
-127
-127
-97
-124
-125
-121
-124
-122
-109
-121
-122
-125
-124
-125
-123
-125
-127
-118
-124
-121
-102
-124
-127
-122
-126
-127
-124
-121
-121
-124
-127
-125
-122
-123
-124
-97
-127
-118
-113
-122
-127
-126
-121
-123
-120
-126
-125
-126
-121
-124
-125
-121
-122
-109
-124
-123
-122
-123
-127
-125
-127
-121
-125
-122
-121
-123
-121
-126
-127
-126
-124
-123
-124
-125
-115
-113
-125
-127
-125
-121
-113
-121
-122
-122
-127
-124
-124
-124
-124
-124
-121
-126
-127
-126
-122
-124
-126
-122
-105
-124
-115
-122
-122
-123
-124
-91
-119
-119
-127
-122
-126
-102
-127
-121
-122
-126
-126
-122
-126
-120
-121
-126
-121
-127
-122
-127
-124
-127
-124
-123
-123
-123
-121
-121
-124
-122
-127
-125
-113
-127
-123
-126
-127
-109
-126
-120
-121
-123
-113
-126
-127
-126
-126
-125
-122
-125
-127
-123
-127
-125
-123
-122
-124
-121
-122
-111
-110
-100
-121
-109
-124
-123
-127
-122
-122
-126
-127
-127
-122
-121
-113
-121
-126
-126
-121
-126
-90
-124
-115
-113
-124
-125
-122
-123
-114
-123
-118
-123
-122
-126
-124
-119
-121
-124
-99
-122
-122
-125
-104
-127
-127
-90
-127
-112
-126
-121
-122
-116
-122
-121
-122
-125
-126
-123
-120
-121
-123
-111
-124
-121
-123
-123
-123
-121
-122
-126
-121
-123
-120
-125
-127
-110
-103
-122
-124
-123
-121
-126
-121
-123
-122
-122
-116
-121
-97
-121
-126
-120
-126
-123
-101
-122
-123
-122
-125
-100
-101
-103
-121
-125
-121
-124
-127
-122
-126
-127
-126
-121
-124
-124
-125
-127
-127
-122
-120
-127
-116
-119
-122
-124
-125
-126
-121
-121
-123
-120
-126
-121
-124
-122
-127
-108
-126
-125
-124
-123
-123
-119
-125
-102
-125
-124
-125
-122
-127
-124
-122
-123
-121
-127
-126
-127
-127
-125
-124
-125
-121
-121
-112
-114
-121
-121
-123
-116
-122
-120
-122
-106
-125
-126
-123
-122
-127
-116
-125
-127
-124
-122
-116
-123
-123
-125
-121
-125
-123
-127
-124
-126
-127
-124
-118
-125
-125
-122
-122
-125
-123
-125
-124
-121
-122
-114
-125
-127
-127
-127
-115
-122
-116
-121
-124
-121
-124
-110
-113
-126
-126
-117
-124
-109
-124
-127
-115
-127
-127
-121
-124
-123
-127
-122
-127
-121
-124
-109
-109
-122
-122
-122
-108
-126
-121
-124
-125
-122
-127
-124
-127
-122
-122
-125
-93
-122
-125
-124
-125
-124
-127
-120
-106
-122
-126
-126
-126
-96
-126
-121
-127
-126
-122
-122
-122
-125
-127
-122
-122
-110
-123
-121
-98
-122
-122
-127
-124
-125
-122
-109
-126
-122
-125
-123
-127
-124
-121
-114
-122
-125
-124
-122
-125
-123
-118
-123
-125
-121
-127
-116
-122
-121
-106
-122
-122
-124
-125
-122
