0.0005840754
0.001132756
0.00043237724
0.00052602415
0.0010862305
0.0008421274
0.00038337277
0.0008590617
0.00072465424
0.00037011856
0.000121139274
0.00048047278
0.0006036157
0.00029175705
0.00027077852
0.00067339954
0.00024294847
0.00080726575
0.0016366306
0.0003805047
0.00033087388
0.0015875665
0.00482785
0.0009072814
0.00018637042
0.00093091995
0.0005557944
0.0007028206
0.0035224427
0.0017949031
0.00015830483
0.002316351
0.0017331145
0.0004459793
0.0016659895
0.0022435398
0.0010793416
0.00025424745
0.0002810262
0.0006742067
0.0004986905
0.0017866583
0.0035128966
0.0011340178
0.0005196296
0.0059539997
0.00030544517
0.00091435603
0.0012427282
0.0005411026
0.0017966604
0.0019728916
0.00063536316
0.0009829224
0.0009441637
0.0007130824
0.004676891
0.0016259974
0.00026574143
0.00065926585
0.0023163727
0.002770122
0.0003459888
0.00041807076
0.0006000854
0.0004927271
0.00081172277
0.0003881725
0.0020574597
0.0020179919
0.0024582609
0.0005733668
0.0010096178
0.0013139844
0.004130731
0.00023318906
0.0021624023
0.0013326154
0.00267333
0.00036803528
0.00028886256
0.0029418305
0.00047073874
0.0019865967
0.0012400849
0.0013973109
0.00032419918
0.002171111
0.0015213542
0.0014465201
0.0033553527
0.0004846055
0.0011320327
0.0005233608
0.0027741897
0.0041632666
0.00045639806
0.0006566195
0.00079568976
0.000273031
0.00039728393
0.0034731096
0.0010423193
0.0008491258
0.0012357228
0.0021592607
0.00045649984
0.00046993632
0.001949865
0.0003377608
0.002626229
0.0010461936
0.0004342521
0.0021449751
0.0015424155
0.0024286495
0.00091339916
0.00319528
0.0007215578
0.0014299894
0.0015181266
0.0023443631
0.0020901326
0.0008330334
0.00059748837
0.0009815091
0.00071721734
0.0015166532
0.0007162293
0.0004111598
0.0010716385
0.001588575
0.0036696186
0.0013117262
0.00087029004
0.0008944314
0.0003386618
0.0005573384
0.00035181426
0.0012850586
0.0017648228
0.0017499023
0.0014594981
0.0022710927
0.0025118245
0.00059078156
0.00051746087
0.0017393959
0.0012019889
0.0010421071
0.0038047647
0.000964198
0.0005598909
0.00185835
0.00033478934
0.0006063311
0.00047638657
0.000620112
0.00086747436
0.0003941914
0.0005433081
0.0025029946
0.0013400115
0.00021032116
0.0019545695
0.00096499233
0.0003507132
0.00037249608
0.003644968
0.00042707167
0.0009993389
0.0022836728
0.0005309631
0.0013247033
0.0020931188
0.003764859
0.0005080061
0.00045671847
0.0016446036
0.0007445036
0.0005171837
0.0022802085
0.0020725767
0.00039351758
0.00083607883
0.0015646936
0.00083456445
0.0010877753
0.0012425289
0.0018216805
0.00083996856
0.00086788484
0.001073384
0.000987074
0.002389906
0.0022816951
0.0014241998
0.0039811423
0.0015678224
0.0023434944
0.0005170651
0.0014004329
0.0012588847
0.0013290618
0.00025791285
0.00041952584
0.001234071
0.0006236781
0.00059574336
0.0011810382
0.0014016875
0.0018597445
0.00047610622
0.00036289296
0.0012548987
0.003347125
0.0037867974
0.0015404604
0.002577999
0.00029783527
0.00064248714
0.0026470171
0.00040024362
0.00031277866
0.00480814
0.00036129815
0.00051044434
0.0014260523
0.0015294139
0.0003158045
0.0020254622
0.00020795777
0.0014625954
0.0046384707
0.005374756
0.001614223
0.0008540368
0.0047194115
0.0007319245
0.0034101775
0.003939758
0.0003083539
0.0014367618
0.0003837191
0.0016786023
0.000608094
0.0007021131
0.0015188857
0.00060149765
0.0012406501
0.00026052448
0.00030379358
0.0005502144
0.00032650697
0.00015988109
0.002619877
0.0017645983
0.00063301006
0.0023984723
0.0024928185
0.0014849723
0.0006420996
0.0003378945
0.0011259583
0.002721999
0.0005712244
0.0006478726
0.0014908368
0.0013632631
0.0007689226
0.00031778857
0.0005097988
0.000764105
0.0011354466
0.0005613036
0.0031089622
0.0041271853
0.0014688458
0.00041581312
0.0011057955
0.00024451406
0.00068052765
0.0008943558
0.0008760158
0.00031784183
0.0043170587
0.0003268615
0.00045945056
0.0003506357
0.0020256473
0.0014628099
0.0006049329
0.00072917226
0.0015436575
0.00044665535
0.00024693436
0.0020867486
0.00062373054
0.0012974236
0.000292449
0.0021455586
0.0013275761
0.00032716285
0.001032238
0.002519377
0.0013466865
0.0033093814
0.0014853858
0.0031046756
0.00068827136
0.00037413568
0.0006597697
0.0004041093
0.0007493213
0.0006543579
0.0024088533
0.0001357981
0.0054583796
0.00096498674
0.0005227757
0.0023418537
0.0017391616
0.0002189338
0.00041900165
0.003359402
0.00093760586
0.001869224
0.00028328845
0.0005064263
0.001159686
0.0007352345
0.0028048102
0.0010216034
0.00040274803
0.0012873879
0.00018297373
0.00017329391
0.0004711445
0.0010361207
0.00050884427
0.0013032428
0.0002873768
0.00087406056
0.0021905375
0.0048432834
0.0019442069
0.0002154499
0.00070638314
0.0016264371
0.0016183399
0.0029657744
0.0016075562
0.0001432815
0.00075226586
0.00017233338
0.0032882285
0.0029205247
0.0009842555
0.0004821665
0.0014322748
0.0005741455
0.0038995943
0.00079249125
0.0003221827
0.0035955254
0.003102373
0.0035659764
0.00048710287
0.0002051195
0.0021372861
0.0011825217
0.0006104102
0.0021021147
0.0027508677
0.0018963298
0.0006821698
0.0030798386
0.0002508355
0.0012874721
0.0033863836
0.0014408922
0.00059705
0.00062897813
0.0043525696
0.0012761685
0.002930856
0.0008708609
0.0012459253
0.0035907866
0.0010923322
0.00039164597
0.00020283443
0.0007566834
0.00091455405
0.0010800343
0.0020342916
0.002355982
0.0012565127
0.0007024898
0.00037657245
0.0017799085
0.0027660248
0.0003401207
0.00042824453
0.0011713667
0.00013641299
0.0026382548
0.00050880667
0.0020160933
0.0008551333
0.0005362187
0.00276989
0.0024558336
0.0007912506
0.0011173681
0.0011577986
0.0005632084
0.0016126962
0.0012690562
0.00038980774
0.00066264794
0.0008977692
0.00035337397
0.00050152186
0.0011343079
0.004376866
0.0007726986
0.0017885496
0.0008730401
0.00036136078
0.0002763166
0.00044409075
0.0029311017
0.0020191795
0.0010758596
0.001638578
0.0014674683
0.0010329962
0.00095162174
0.0015765209
0.00047374773
0.002990067
0.0019631041
0.0023731978
0.00014581284
0.00087016757
0.0011485425
0.0022198465
0.0025652603
0.0016701813
0.0020081725
0.0009699318
0.0014917358
0.0003569827
0.0034962315
0.001562151
0.0002187728
0.00025878038
0.0006566401
0.00028918296
0.00047478278
0.00030481428
0.00313119
0.0064714365
0.00033767565
0.00134735
0.0009525708
0.00023472724
0.004653602
0.00023341886
0.0014854816
0.0005162472
0.00093699014
0.0005892906
0.0005267136
0.00026854748
0.0030127799
0.001907097
0.0031640776
0.00093223725
0.0013162894
0.0019919225
0.001267227
0.0013477687
0.0011010963
0.0017094673
0.0004712209
0.0009002783
0.0012552218
0.0025835794
0.00054525177
0.0013796925
0.0008145724
0.0009870966
0.00057507446
0.0013786769
0.001870752
0.0018221769
0.00037319714
0.0005083809
0.002057228
0.0011385876
0.0015820744
0.0008004826
0.0006169665
0.00061530725
0.0039598313
0.0047353744
0.0005509932
0.0005471604
0.0004440001
0.001238067
0.0006954052
0.0016682037
0.0012994152
0.0011160307
0.0004850972
0.0021138391
0.0013935452
0.0015905898
0.0004792534
0.00041830246
0.0016487127
0.0010584161
0.0013247522
0.0052989
0.0006236505
0.00022559163
0.0005507077
0.0004107198
0.000946779
0.0017530873
0.001919668
0.0006491524
0.00017982029
0.0023494824
0.0022581185
0.0029053336
0.00062177633
0.00060842617
0.0006741538
0.0016150685
0.0014691289
0.0011911007
0.00027545507
0.000587785
0.0009903864
0.0027530685
0.0028455665
0.00046728397
0.00062392885
0.0023407359
0.00023139644
0.00089276483
0.00035843533
0.00017589892
0.00027252603
0.0022165333
0.00059810246
0.00022774456
0.0003231194
0.00066834234
0.002842811
0.00078546995
0.0016068796
0.00087372446
0.00066081766
0.000863941
0.00072794134
0.0012474896
0.0018030296
0.0006132021
0.0024834466
0.0010408285
0.002152778
0.00057190645
0.00072394335
0.0013937278
0.0030495625
0.0007457735
0.0043000327
0.0007949857
0.00049712154
0.0021038582
0.0016183355
0.00023386233
0.0013041423
0.0004504757
0.0019353267
0.002563986
0.0038938527
0.0005027738
0.0013805382
0.0027311014
0.00063771574
0.0020875705
0.00042268302
0.0021670891
0.0014894921
0.0021921014
0.0009999077
0.0016212085
0.005131802
0.0019158963
0.0003392762
0.00022311922
0.0007373746
0.0016948445
0.0013865962
0.00030635562
0.00038011742
0.0005835522
0.00029237635
0.0003426093
0.00038101056
0.0025076058
0.0005810298
0.0003226085
0.0018363731
0.0016341216
0.0032748603
0.0026185156
0.00035547343
0.0019069309
0.0019767047
0.0026312296
0.0004645997
0.00031168418
0.00055865425
0.0021700866
0.00027192957
0.001074197
0.0014218002
0.00073005207
0.0010937887
0.0007563452
0.0014038204
0.00061484653
0.00038883556
0.0024018087
0.0053468803
0.00040724437
0.0006238917
0.0028627142
0.0013801141
0.0018031342
0.0018121633
0.0018409633
0.00087261264
0.00036102286
0.00057127926
0.00051708077
0.0003310266
0.00037418286
0.00038693537
0.00038025068
0.00032493414
0.0009905366
0.00058445876
0.00028789733
0.00035581418
0.0007811706
0.0003309877
0.00061365013
0.0020722758
0.0010749226
0.0005506788
0.0020391506
0.00039180732
0.0050075846
0.0021725232
0.000697825
