511
1171
110
-707
1294
-670
-1666
-116
-744
996
-468
-1616
7400
3605
1052
295
443
-335
1251
-6594
590
-16694
803
-534
-295
-3
2077
-2149
275
999
497
-116
-717
607
899
458
-747
870
341
-874
1351
467
912
1820
1172
-300
-3204
-232
543
-780
490
514
-109
904
-477
22
-6604
-1954
-588
508
-628
17
-2627
-166
157
-824
-666
-3362
1507
789
-183
-230
-934
78
93
1123
-1224
3324
792
-927
-3317
207
260
-194
-1369
-2047
1061
1954
-1378
-993
-515
130
197
1222
19
-428
-1472
-93
-800
-1078
-338
579
2708
-2142
-444
-534
1054
437
-360
287
-1621
-3615
-3017
1808
-88
-10392
420
273
-376
277
1703
639
1937
-1051
93
33
-539
-16131
-648
513
451
2098
-369
1001
-413
-8423
20
-405
-843
1046
-127
-2762
19
-202
885
1068
601
-305
4086
-1051
133
25
120
-168
-2199
1532
490
-798
139
-4049
-588
8253
569
-110
1252
26
2662
-948
-1094
-1017
-387
-20
-355
-287
-783
2056
-452
896
-1631
1182
-2398
801
-535
1098
-5626
1729
1218
-609
1256
113
-611
516
959
-637
-998
-609
2025
3328
1416
1867
-61
577
300
77
-1502
-230
-661
374
-25
216
611
525
-3727
773
570
-25
321
886
-300
145
686
-2644
1234
-1795
1655
487
57
540
-1584
-1379
-626
978
20
-201
705
-281
1031
-1414
-252
-1065
-43
-1603
-2178
-582
339
-460
303
497
-146
-396
-338
-621
195
-382
214
-257
126
-259
2734
-1601
965
173
-362
277
-507
1000
1876
-236
-230
875
-124
-436
-890
-14322
1701
956
-785
-2349
7
1314
-3523
668
1995
-259
274
-1162
-717
141
-761
-190
-147
378
-583
-571
619
-926
1625
1814
-60
-433
1548
-201
-3774
-455
5796
1185
-589
-421
344
-425
-1598
374
-504
17
1052
905
692
546
152
122
-506
782
-428
793
617
-8561
32
-66
-3369
-841
-2078
820
210
-1599
-1332
-261
1637
-445
-579
1114
48
-603
501
-817
0
-2448
1481
-537
-2221
2378
-88
1580
-856
-94
1439
595
7318
1764
1455
1280
523
3328
-149
-1107
-2047
4613
1383
922
-635
-426
-372
1053
1517
-507
-40
-402
712
87
-398
-1567
1012
132
-59
-597
1047
570
338
20
-441
-1757
-9721
-907
957
-3283
-4385
543
824
536
2288
-845
200
-1144
595
1036
-98
-123
818
-82
-570
998
-304
-766
723
-5462
-1748
-315
-2117
-448
-742
493
-553
554
2079
-470
-356
-244
-425
-182
-471
-386
1844
2817
-1069
1025
-1045
0
-331
483
2001
-583
-10586
-705
2154
-344
1758
1956
1578
-2749
-9
-141
-1050
724
-644
3437
638
-58
743
-3484
-9381
-1822
-535
502
1280
1710
-1273
-913
6951
-286
-1338
439
-241
-1009
-1624
-18
-627
-208
2492
-173
-3083
568
-753
865
-124
562
16
-531
2699
152
967
-168
-5970
584
-127
389
811
-1115
603
-400
-395
-620
201
1687
-639
985
257
-458
3343
775
71
837
267
869
-3793
683
-366
871
-66
813
754
994
-696
-1222
-7771
620
1349
1742
1336
2511
947
1217
-923
884
-249
3148
-1153
755
-447
-3077
-4910
-137
3379
3407
-67
430
1121
136
-961
1033
-599
-1101
3831
500
819
-441
212
937
-308
294
144
-12370
433
1271
-602
319
271
609
-3599
-562
-1721
125
-114
-435
352
1791
-33
859
-526
-417
-296
633
849
-491
-236
188
-32
1914
2345
-3818
1237
-6943
636
6271
1352
-7522
494
-703
1930
9577
1650
-53
-100
-29
109
322
646
623
2465
-337
-205
679
-2355
-22
-175
-310
-1461
-1553
-3735
939
82
-837
1297
1448
307
307
2063
-405
-1559
-763
820
639
-2087
1330
11368
418
1466
1069
1089
42
-4611
-503
292
3199
1356
-1278
-714
151
-1161
384
1167
1036
-549
1527
912
1027
-4431
127
811
-606
1334
-3771
-1114
-126
1394
-391
692
-248
-311
2126
-73
-2214
-3743
492
