0.00075366
0.00044537
0.00364950
0.00168898
0.00078423
0.00032159
0.00040351
0.00078742
0.00142142
0.00036489
0.00240051
0.00043985
0.00016495
0.00021468
0.00060546
0.00130652
0.00143685
0.00150034
0.00033772
0.00049247
0.00053742
0.00021351
0.00333874
0.00229297
0.00308510
0.00148832
0.00046429
0.00090875
0.00073846
0.00061505
0.00321747
0.00249198
0.00069303
0.00033281
0.00058261
0.00097158
0.00269615
0.00049326
0.00042707
0.00068216
0.00115232
0.00100910
0.00053452
0.00031823
0.00030729
0.00205715
0.00039043
0.00249380
0.00047579
0.00118573
0.00171809
0.00099166
0.00085927
0.00256756
0.00035741
0.00082920
0.00066322
0.00117119
0.00087170
0.00246072
0.00183368
0.00192357
0.00023233
0.00085667
0.00113212
0.00233047
0.00035938
0.00064418
0.00027547
0.00075262
0.00381421
0.00248514
0.00125685
0.00071921
0.00311094
0.00082521
0.00170754
0.00057146
0.00043879
0.00046350
0.00039893
0.00347937
0.00131245
0.00051223
0.00182324
0.00109872
0.00023105
0.00019212
0.00055412
0.00260970
0.00218198
0.00253179
0.00185841
0.00043869
0.00077803
0.00352127
0.00137465
0.00154796
0.00266438
0.00179992
0.00431036
0.00087361
0.00060173
0.00039205
0.00091751
0.00041879
0.00305711
0.00156722
0.00148798
0.00035831
0.00172119
0.00054178
0.00040230
0.00031428
0.00191592
0.00040171
0.00053486
0.00086103
0.00203552
0.00067775
0.00037946
0.00172064
0.00080528
0.00072465
0.00125018
0.00221977
0.00158725
0.00031329
0.00181010
0.00297558
0.00040978
0.00026484
0.00245342
0.00048100
0.00077808
0.00026840
0.00308954
0.00298873
0.00115729
0.00209722
0.00200109
0.00044720
0.00195520
0.00103371
0.00617046
0.00042505
0.00040368
0.00359675
0.00018872
0.00089937
0.00224129
0.00587225
0.00029083
0.00268182
0.00032343
0.00057095
0.00085448
0.00126885
0.00258975
0.00099251
0.00221394
0.00011787
0.00058277
0.00208082
0.00062803
0.00123264
0.00034665
0.00055605
0.00056865
0.00047980
0.00240240
0.00234701
0.00136599
0.00120582
0.00129450
0.00034727
0.00043267
0.00103498
0.00034310
0.00081200
0.00061336
0.00223621
0.00155612
0.00252167
0.00053484
0.00083306
0.00040657
0.00154346
0.00053539
0.00164956
0.00088611
0.00152926
0.00067692
0.00176127
0.00193612
0.00273832
0.00025515
0.00021044
0.00111738
0.00033593
0.00027296
0.00076814
0.00222467
0.00132230
0.00084678
0.00649852
0.00163704
0.00056486
0.00085473
0.00089744
0.00084455
0.00391947
0.00071394
0.00162606
0.00162351
0.00135627
0.00034794
0.00213496
0.00388470
0.00052915
0.00026150
0.00082708
0.00168635
0.00042518
0.00032974
0.00504373
0.00085442
0.00248916
0.00062150
0.00162134
0.00217972
0.00115510
0.00485892
0.00252834
0.00093447
0.00167982
0.00046365
0.00101832
0.00058077
0.00133175
0.00185065
0.00130414
0.00056983
0.00120363
0.00092028
0.00287850
0.00124324
0.00059995
0.00354745
0.00321909
0.00189996
0.00059121
0.00114248
0.00202718
0.00143443
0.00043734
0.00225355
0.00235935
0.00019379
0.00066657
0.00042703
0.00155650
0.00549310
0.00031578
0.00058159
0.00061646
0.00052199
0.00230427
0.00066366
0.00046825
0.00041873
0.00196867
0.00129162
0.00020070
0.00041090
0.00043904
0.00096855
0.00051854
0.00079737
0.00130303
0.00094590
0.00089899
0.00022831
0.00123432
0.00109676
0.00101867
0.00144026
0.00302980
0.00245325
0.00726426
0.00035895
0.00057934
0.00094139
0.00237642
0.00062238
0.00134313
0.00047903
0.00021756
0.00124062
0.00262055
0.00100764
0.00188193
0.00029527
0.00215637
0.00040238
0.00172314
0.00277100
0.00282821
0.00043972
0.00111405
0.00050537
0.00371865
0.00201549
0.00351391
0.00158321
0.00229040
0.00072293
0.00106547
0.00189547
0.00192853
0.00210588
0.00188532
0.00355784
0.00123211
0.00046721
0.00038001
0.00096682
0.00207545
0.00041351
0.00062016
0.00064254
0.00078606
0.00055518
0.00035263
0.00097257
0.00074199
0.00141276
0.00190415
0.00204357
0.00050111
0.00762693
0.00060972
0.00107366
0.00111546
0.00271162
0.00081428
0.00029346
0.00149215
0.00049355
0.00027687
0.00210989
0.00018491
0.00153344
0.00071044
0.00036874
0.00154791
0.00016661
0.00147602
0.00030340
0.00076767
0.00301023
0.00024856
0.00258107
0.00045693
0.00133369
0.00021628
0.00026665
0.00127737
0.00056996
0.00023830
0.00295335
0.00094188
0.00100060
0.00076447
0.00041574
0.00272826
0.00054247
0.00015484
0.00224640
0.00034710
0.00304810
0.00045155
0.00086952
0.00085899
0.00227064
0.00227258
0.00124341
0.00120116
0.00283595
0.00062627
0.00035270
0.00148812
0.00449857
0.00076935
0.00048884
0.00134536
0.00042256
0.00104210
0.00023453
0.00099818
0.00397698
0.00166912
0.00120868
0.00244194
0.00124094
0.00169960
0.00357254
0.00199074
0.00250652
0.00032846
0.00371565
0.00195053
0.00060579
0.00051312
0.00168945
0.00140092
0.00128442
0.00303950
0.00173799
0.00161102
0.00215026
0.00257132
0.00031246
0.00281215
0.00396399
0.00509043
0.00396408
0.00503994
0.00211525
0.00299331
0.00038174
0.00021176
0.00137401
0.00591880
0.00228869
0.00095725
0.00361411
0.00073461
0.00029084
0.00213544
0.00025142
0.00089401
0.00082328
0.00365480
0.00029717
0.00137301
0.00030690
0.00084678
0.00101837
0.00185014
0.00066154
0.00120778
0.00214352
0.00017167
0.00068484
0.00362021
0.00078240
0.00065325
0.00040851
0.00082029
0.00205570
0.00033532
0.00084897
0.00046135
0.00087739
0.00101017
0.00013936
0.00307710
0.00074802
0.00210892
0.00201164
0.00187318
0.00046984
0.00457961
0.00166002
0.00066600
0.00039894
0.00214142
0.00049653
0.00059920
0.00073113
0.00105890
0.00295611
0.00069649
0.00246254
0.00154007
0.00022146
0.00390647
0.00097549
0.00526376
0.00079258
0.00056194
0.00135953
0.00366419
0.00139395
0.00053753
0.00063187
0.00108118
0.00276577
0.00217347
0.00291974
0.00049902
0.00080204
0.00043001
0.00214570
0.00161889
0.00019921
0.00049765
0.00134950
0.00067598
0.00235614
0.00036815
0.00066347
0.00047909
0.00089709
0.00212608
0.00120854
0.00104313
0.00199355
0.00043268
0.00068327
0.00205027
0.00040269
0.00080401
0.00038754
0.00024298
0.00037567
0.00026586
0.00045451
0.00046794
0.00056101
0.00108086
0.00114698
0.00026542
0.00098367
0.00312580
0.00215835
0.00059530
0.00058970
0.00082736
0.00073864
0.00018949
0.00165995
0.00179500
0.00048258
0.00271335
0.00184828
0.00045472
0.00141882
0.00076814
0.00017703
0.00048024
0.00192332
0.00272295
0.00090804
0.00262239
0.00067127
0.00065529
0.00226350
0.00032996
0.00054864
0.00107951
0.00235009
0.00088225
0.00592060
0.00364161
0.00037376
0.00145499
0.00082440
0.00106966
0.00077970
0.00316719
0.00094305
0.00063267
0.00054192
0.00470356
0.00225066
0.00150475
0.00300404
0.00061771
0.00034933
0.00250419
0.00455461
0.00190511
0.00437121
0.00038722
0.00025422
0.00082764
0.00034703
0.00031098
0.00384939
0.00073748
0.00037130
0.00040636
0.00113334
0.00093123
0.00073602
0.00011542
0.00051641
0.00198430
0.00165691
0.00162990
0.00106595
0.00161096
0.00324388
0.00079838
0.00027352
0.00259967
0.00480413
0.00175868
0.00073912
0.00300435
0.00099778
0.00102140
0.00066165
0.00043842
0.00072105
0.00060582
0.00039473
0.00112620
0.00188099
0.00095134
0.00067603
0.00125437
0.00046309
0.00114030
0.00110836
0.00329164
0.00237162
0.00120553
0.00061292
0.00035892
0.00024702
0.00095841
0.00022652
0.00046295
0.00051827
0.00367320
0.00056127
0.00045620
0.00288658
0.00024345
0.00100549
0.00057709
0.00201991
0.00104705
0.00049327
0.00068079
0.00106002
0.00054001
0.00337953
0.00029520
0.00049863
0.00086058
0.00048662
0.00205593
0.00115369
0.00243100
0.00150415
0.00105896
0.00053043
0.00421123
0.00026150
0.00205443
0.00081509
0.00159099
0.00465951
0.00066895
0.00078176
0.00079702
0.00059743
0.00223876
