-58174
-5242
25036
39223
59737
-15553
18904
-7376
42332
-6506
-9543
15687
-103436
3847
18113
72048
24522
-4570
1130
32368
10996
57721
30690
-6705
5997
10282
-1432
64885
6930
-10859
38854
11258
15618
-92321
536
72937
26115
41163
27808
-13216
60520
21884
3453
10653
-2821
18455
78592
17071
-9863
9142
21544
12735
-4707
72657
-110950
62337
19774
-83387
27968
25192
21515
-42696
21815
43515
14435
6315
-104242
55807
-5632
50399
543
-3739
-208
34321
-1964
90058
40521
-64436
-660
13472
38065
-27139
16958
14205
26219
36552
-90415
8367
58517
18367
21023
44416
-3070
133
-5063
903
24906
16484
14446
-2530
-16189
7597
-73885
14798
43963
-7673
35660
29477
18879
1618
23547
16471
18400
-1338
42262
25061
8406
4266
31447
5964
-5315
44078
92324
18914
19574
37906
46651
28276
-4157
31731
4565
11778
-2063
11528
62023
68775
3408
-7544
-48396
42791
69811
39467
28938
15044
25690
-747
-6659
-5387
4086
27989
49138
-1306
11494
15320
12563
58523
6782
-677
32083
25475
-7606
10068
9039
-7491
24968
63067
-10406
30633
-368
-101326
-1113
37369
29048
1286
43019
-35454
-5292
59944
15188
36877
24827
36375
47986
39213
35998
59325
-4590
19235
15776
23224
15119
32823
61580
-6324
-5959
-2787
-7655
8773
65546
3440
12644
10378
48821
-2101
10719
-835
-14213
-15114
-37656
10985
-720
-24764
24708
28482
16663
-267
-78329
26296
-6108
1960
-96961
28090
46125
-4578
-57514
-23108
1146
28128
19833
19796
342
32559
15024
3671
14862
-84739
1394
33918
232
-24176
43154
-58594
20933
26401
9414
-5542
-3569
16590
-12004
-1001
26282
-10180
6850
5547
40265
6761
44412
10268
5638
-6683
10645
-432
-23231
5964
23209
21086
-59471
21786
-5917
27253
17300
-1888
28392
21615
15374
-3037
56932
-10940
17310
71373
25638
20270
-2603
45116
22901
-63356
-4589
-1674
1417
-3578
10622
4008
57739
15401
19737
-805
-674
-29888
21236
19895
-14787
-1532
15707
-5416
-55551
51158
29903
-1873
-101538
8771
17520
26631
33013
10302
49573
39504
95435
-3689
1241
51910
-6072
32968
-4542
-2958
-1924
31974
1968
42526
64512
19245
-8733
23568
13036
21149
-1211
21035
-13004
32104
-3846
8616
48
13191
36196
41775
19723
24898
5353
26809
21737
4193
19635
-102964
37017
44434
-739
51294
-70606
-24493
6174
-30543
28958
-106419
-16847
14139
33406
-78998
-674
54767
-1240
-94080
-9326
77767
84281
20668
-4033
3107
1559
-104699
-12256
-108531
47839
-78639
27771
14770
37347
37354
36033
14782
-6128
45554
39163
48703
30965
26604
40748
25469
9899
14572
-74910
-1329
-13957
21362
-5455
35884
28458
32910
43894
32951
1608
-10255
-2240
1896
2538
58789
24025
1863
28133
-1900
-1831
4365
-5030
35886
2442
-349
-1687
-123
-1998
786
-4706
-13333
7531
8262
-585
29339
9482
55297
10438
41986
4663
3289
64313
45275
-57499
-3974
-8285
-14621
19123
33188
70050
18251
15043
-4842
687
775
12375
-7923
37164
23257
27766
-2064
3700
21435
-27034
-10995
38536
40227
6104
-2585
14271
5037
7745
685
21245
-6915
28776
-4927
-1138
-173
49431
-11895
-995
21314
-608
14477
36558
11085
17098
27014
-30856
1768
13027
4214
1688
36931
31061
19092
12461
22953
-4025
17046
37106
-1217
7589
2074
36315
52177
4069
6220
10840
23222
34631
9339
31418
11210
15485
36808
14333
31063
38385
6560
-73538
16807
56843
-2405
-4459
774
1820
-2087
3367
6541
14686
-81759
63760
-112044
57048
41169
19760
22454
56316
13657
-50345
-3006
14937
20637
5114
-27573
28926
23902
50342
20316
12301
-3614
40870
-6612
-3660
32881
29579
7675
42131
22357
3579
-69393
9562
5038
-27438
36667
41897
46265
-6440
32553
20456
5494
21406
88911
209
25785
-1978
-4168
-1748
26406
7504
8826
-236
-10823
-7776
-6072
-3463
27279
46370
108128
22658
-56891
-3730
72822
38851
22650
90502
-17890
-8877
-1142
12726
14370
-7635
24522
41181
46724
-7094
-6871
-15572
35406
36849
-28820
1156
-2004
33266
20106
13931
45830
9883
18765
53569
46581
-12156
-2476
74542
22948
34136
-5845
44985
28106
14248
5928
-57239
20504
-107071
2279
58564
16014
46572
52858
22798
-97715
62461
14331
-3255
57626
-20158
41282
-50137
11684
-7688
23912
1517
-17486
74945
30256
72443
604
65101
-988
11228
1568
-47248
-13459
25618
17902
52
102556
27394
26705
16222
30258
