0.01372079
0.00810816
0.06644101
0.03074868
0.01427730
0.00585466
0.00734606
0.01433546
0.02587772
0.00664310
0.04370252
0.00800771
0.00300305
0.00390831
0.01102269
0.02378584
0.02615859
0.02731441
0.00614843
0.00896568
0.00978392
0.00388710
0.06078353
0.04174460
0.05616581
0.02709557
0.00845262
0.01654417
0.01344403
0.01119721
0.05857560
0.04536778
0.01261704
0.00605894
0.01060666
0.01768807
0.04908475
0.00898013
0.00777501
0.01241909
0.02097862
0.01837112
0.00973122
0.00579354
0.00559440
0.03745138
0.00710792
0.04540096
0.00866199
0.02158683
0.03127867
0.01805366
0.01564346
0.04674372
0.00650679
0.01509600
0.01207421
0.02132216
0.01586970
0.04479860
0.03338298
0.03501953
0.00422962
0.01559611
0.02061090
0.04242742
0.00654270
0.01172770
0.00501511
0.01370176
0.06943965
0.04524328
0.02288164
0.01309365
0.05663632
0.01502336
0.03108660
0.01040372
0.00798847
0.00843826
0.00726278
0.06334368
0.02389377
0.00932534
0.03319292
0.02000282
0.00420637
0.00349773
0.01008808
0.04751085
0.03972399
0.04609244
0.03383332
0.00798657
0.01416436
0.06410641
0.02502619
0.02818135
0.04850631
0.03276837
0.07847221
0.01590453
0.01095472
0.00713746
0.01670375
0.00762421
0.05565615
0.02853204
0.02708945
0.00652319
0.03133515
0.00986342
0.00732400
0.00572167
0.03488024
0.00731334
0.00973746
0.01567547
0.03705761
0.01233886
0.00690817
0.03132509
0.01466058
0.01319268
0.02276024
0.04041205
0.02889669
0.00570369
0.03295376
0.05417202
0.00746033
0.00482155
0.04466582
0.00875690
0.01416541
0.00488635
0.05624668
0.05441135
0.02106903
0.03818095
0.03643078
0.00814148
0.03559545
0.01881920
0.11233635
0.00773824
0.00734924
0.06548063
0.00343569
0.01637346
0.04080375
0.10690729
0.00529474
0.04882393
0.00588817
0.01039452
0.01555623
0.02310007
0.04714774
0.01806909
0.04030598
0.00214589
0.01060966
0.03788235
0.01143368
0.02244080
0.00631087
0.01012310
0.01035251
0.00873506
0.04373691
0.04272857
0.02486856
0.02195250
0.02356695
0.00632225
0.00787692
0.01884227
0.00624622
0.01478282
0.01116658
0.04071130
0.02832987
0.04590834
0.00973698
0.01516630
0.00740178
0.02809951
0.00974705
0.03003111
0.01613208
0.02784096
0.01232366
0.03206472
0.03524808
0.04985254
0.00464507
0.00383112
0.02034245
0.00611586
0.00496937
0.01398444
0.04050127
0.02407313
0.01541601
0.11830892
0.02980307
0.01028349
0.01556079
0.01633844
0.01537541
0.07135591
0.01299764
0.02960317
0.02955688
0.02469159
0.00633450
0.03886808
0.07072297
0.00963346
0.00476077
0.01505736
0.03070088
0.00774057
0.00600310
0.09182360
0.01555509
0.04531638
0.01131475
0.02951740
0.03968283
0.02102910
0.08845901
0.04602970
0.01701249
0.03058206
0.00844099
0.01853906
0.01057326
0.02424510
0.03369198
0.02374245
0.01037397
0.02191276
0.01675411
0.05240453
0.02263387
0.01092231
0.06458303
0.05860519
0.03458981
0.01076325
0.02079951
0.03690577
0.02611455
0.00796201
0.04102705
0.04295320
0.00352811
0.01213518
0.00777428
0.02833691
0.10000469
0.00574890
0.01058814
0.01122299
0.00950301
0.04195039
0.01208218
0.00852470
0.00762319
0.03584054
0.02351459
0.00365376
0.00748056
0.00799300
0.01763286
0.00944025
0.01451651
0.02372238
0.01722065
0.01636650
0.00415646
0.02247148
0.01996701
0.01854543
0.02622061
0.05515905
0.04466273
0.13224949
0.00653486
0.01054726
0.01713845
0.04326388
0.01133083
0.02445241
0.00872099
0.00396080
0.02258620
0.04770847
0.01834450
0.03426155
0.00537552
0.03925778
0.00732557
0.03137070
0.05044740
0.05148892
0.00800531
0.02028182
0.00920045
0.06769992
0.03669303
0.06397257
0.02882307
0.04169797
0.01316126
0.01939746
0.03450791
0.03510988
0.03833860
0.03432327
0.06477236
0.02243120
0.00850586
0.00691830
0.01760139
0.03778460
0.00752809
0.01129032
0.01169770
0.01431070
0.01010734
0.00641981
0.01770622
0.01350826
0.02572004
0.03466608
0.03720413
0.00912299
0.13885204
0.01110027
0.01954645
0.02030749
0.04936643
0.01482435
0.00534265
0.02716526
0.00898531
0.00504051
0.03841164
0.00336644
0.02791703
0.01293397
0.00671318
0.02818054
0.00303319
0.02687174
0.00552349
0.01397584
0.05480281
0.00452519
0.04698970
0.00831858
0.02428049
0.00393751
0.00485458
0.02325520
0.01037639
0.00433834
0.05376727
0.01714747
0.01821650
0.01391760
0.00756882
0.04966939
0.00987589
0.00281894
0.04089694
0.00631908
0.05549213
0.00822072
0.01583006
0.01563838
0.04133807
0.04137342
0.02263684
0.02186770
0.05162991
0.01140164
0.00642110
0.02709202
0.08189874
0.01400634
0.00889953
0.02449304
0.00769299
0.01897192
0.00426973
0.01817242
0.07240289
0.03038719
0.02200467
0.04445670
0.02259203
0.03094217
0.06503984
0.03624239
0.04563250
0.00597971
0.06764532
0.03551038
0.01102870
0.00934168
0.03075733
0.02550445
0.02338349
0.05533565
0.03164105
0.02932936
0.03914649
0.04681218
0.00568844
0.05119660
0.07216637
0.09267388
0.07216808
0.09175456
0.03850926
0.05449475
0.00694973
0.00385529
0.02501456
0.10775472
0.04166682
0.01742715
0.06579675
0.01337389
0.00529486
0.03887680
0.00457720
0.01627587
0.01498828
0.06653757
0.00541010
0.02499637
0.00558721
0.01541614
0.01853987
0.03368265
0.01204363
0.02198827
0.03902392
0.00312537
0.01246786
0.06590775
0.01424390
0.01189266
0.00743704
0.01493373
0.03742515
0.00610461
0.01545591
0.00839909
0.01597329
0.01839058
0.00253716
0.05602020
0.01361810
0.03839387
0.03662283
0.03410223
0.00855366
0.08337405
0.03022159
0.01212481
0.00726296
0.03898554
0.00903966
0.01090881
0.01331052
0.01927781
0.05381748
0.01267996
0.04483180
0.02803774
0.00403185
0.07111925
0.01775930
0.09582948
0.01442929
0.01023032
0.02475093
0.06670835
0.02537759
0.00978592
0.01150350
0.01968336
0.05035223
0.03956917
0.05315534
0.00908491
0.01460147
0.00782849
0.03906363
0.02947279
0.00362671
0.00906004
0.02456832
0.01230655
0.04289473
0.00670232
0.01207884
0.00872202
0.01633190
0.03870635
0.02200200
0.01899067
0.03629354
0.00787718
0.01243928
0.03732616
0.00733116
0.01463736
0.00705538
0.00442362
0.00683929
0.00484003
0.00827459
0.00851915
0.01021340
0.01967764
0.02088138
0.00483217
0.01790826
0.05690669
0.03929383
0.01083771
0.01073583
0.01506251
0.01344724
0.00344973
0.03022021
0.03267879
0.00878558
0.04939790
0.03364887
0.00827837
0.02583042
0.01398444
0.00322287
0.00874303
0.03501492
0.04957264
0.01653136
0.04774187
0.01222084
0.01192990
0.04120820
0.00600701
0.00998830
0.01965310
0.04278452
0.01606173
0.10778745
0.06629739
0.00680443
0.02648877
0.01500865
0.01947363
0.01419475
0.05766035
0.01716867
0.01151816
0.00986586
0.08563060
0.04097435
0.02739476
0.05469014
0.01124573
0.00635973
0.04559001
0.08291889
0.03468345
0.07958014
0.00704960
0.00462817
0.01506764
0.00631778
0.00566151
0.07008010
0.01342619
0.00675965
0.00739792
0.02063304
0.01695345
0.01339961
0.00210122
0.00940142
0.03612513
0.03016496
0.02967312
0.01940615
0.02932830
0.05905652
0.01453482
0.00497962
0.04732830
0.08746155
0.03201766
0.01345600
0.05469568
0.01816502
0.01859519
0.01204570
0.00798158
0.01312715
0.01102926
0.00718624
0.02050310
0.03424439
0.01731957
0.01230747
0.02283636
0.00843070
0.02075975
0.02017833
0.05992603
0.04317652
0.02194733
0.01115853
0.00653436
0.00449719
0.01744833
0.00412393
0.00842819
0.00943535
0.06687248
0.01021816
0.00830530
0.05255174
0.00443215
0.01830544
0.01050616
0.03677340
0.01906207
0.00898020
0.01239408
0.01929822
0.00983114
0.06152602
0.00537427
0.00907783
0.01566731
0.00885917
0.03742926
0.02100351
0.04425763
0.02738374
0.01927899
0.00965674
0.07666751
0.00476082
0.03740198
0.01483915
0.02896474
0.08482876
0.01217864
0.01423230
0.01451014
0.01087658
0.04075768
