-113
-128
-128
-88
-108
-126
-119
-117
-97
-72
-110
-109
-90
-112
-116
-112
-92
-93
-83
-116
-124
-128
-127
-124
-121
-117
-127
-128
-99
-122
-120
-123
-128
-109
-118
-116
-112
-127
-126
-125
-94
-50
-122
-126
-128
-73
-113
-124
-122
-105
-114
-103
-112
-126
-127
-120
-128
-102
-126
-114
-110
-101
-128
-65
-102
-100
-119
-127
-77
-115
-127
-128
-84
-93
-126
-109
-120
-112
-128
-128
-117
-100
-118
-127
-112
-128
-94
-128
-119
-95
-113
-113
-123
-128
-113
-128
-122
-127
-118
-125
-40
-94
-98
-128
-11
-98
-103
-109
-110
-113
-111
-125
-114
-121
-116
-122
-117
-126
-116
-113
-111
-113
-128
-82
-97
-118
-116
-85
-90
-115
-91
-128
-95
-113
-115
-84
-120
-118
-120
-126
-121
-93
-111
-128
-112
-95
-116
-113
-121
-118
-125
-111
-112
-125
-121
-123
-94
-125
-128
-122
-112
-60
-128
-105
-111
-128
-112
-118
-112
-121
-121
-113
-112
-128
-116
-128
-128
-118
-108
-104
-128
-128
-106
-92
-120
-106
-93
-113
-114
-116
-75
-128
-117
-112
-127
-100
-124
-112
-95
-128
-78
-128
-127
-128
-125
-127
-128
22
-85
-89
-119
-108
-108
-108
-125
-128
-128
-115
-91
-123
-128
-113
-123
-112
-128
-128
-123
-122
-92
-116
-103
-123
-123
-125
-60
-86
-94
-118
-82
-128
-115
-115
-123
-115
-127
-123
-121
-119
-110
-121
-115
-115
-109
-125
-113
-119
-95
-128
-101
-113
-114
-113
-103
-101
-113
-120
-114
-112
-88
-116
-117
-125
-128
-122
-124
-123
-90
-93
-122
-117
-112
-121
-122
-125
-81
-117
-115
-118
-123
-121
-109
-127
-102
-128
-115
-93
-91
-108
-78
-128
-109
-128
-120
-128
-124
-128
-124
-126
-98
-128
-127
-116
-111
-127
-120
-81
-128
-117
-124
-112
-110
-98
-125
-112
-80
-113
-113
-112
-114
-128
-59
-76
-116
-119
-110
-128
-124
-117
-114
-112
-126
-93
-112
-110
-113
-122
-105
-128
-113
-123
-91
-125
-123
-117
-104
-116
-86
-112
-128
-97
-94
-122
-67
-91
-128
-122
-103
-121
-77
-116
-91
-128
-116
-44
-97
-76
-92
-121
-109
-119
-112
-117
-123
-127
-118
-123
-98
-110
-128
-128
-124
-127
-78
-94
-121
-93
-120
-127
-127
-113
-122
-116
-92
-97
-110
-88
-121
-123
-120
-115
-100
-109
-120
-93
-128
-128
-94
-117
-127
-128
-128
-79
-123
-59
-91
-91
-128
-94
-92
-128
-113
-128
-108
-115
-101
-128
-112
-122
-126
-127
-128
-102
-117
-112
-114
-82
-113
-121
-105
-128
-128
-128
-28
-96
-123
-128
-103
-115
-95
-128
-118
-112
-62
-110
-93
-128
-90
-123
-80
-107
-113
-93
-128
-115
-95
-96
-113
-128
-98
-118
-118
-125
-118
-78
-128
-111
-104
-119
-49
-99
-125
-119
-109
-128
-103
-111
-47
-122
-124
-118
-118
-72
-128
-120
-126
-122
-113
-96
-124
-120
-126
-84
-91
-127
-124
-128
-128
-125
-96
-106
-92
-115
-128
-113
-112
-121
-119
-112
-115
-126
-98
-125
-89
-126
-97
-125
-128
-109
-86
-128
-125
-80
-75
-81
-104
-117
-85
-128
-116
-116
-108
-125
-128
-128
-122
-100
-112
-126
-103
-121
-112
-108
-112
-104
-128
-123
-110
-124
-116
-124
-113
-112
-91
-120
-109
-114
-128
-112
-114
-92
-128
-128
-124
-128
-116
-100
-113
-109
-58
-122
-111
-104
-127
-112
-72
-121
-110
-116
-75
-128
-76
-68
-128
-114
-94
-86
-112
-125
-127
-126
-113
-92
-117
-121
-112
-97
-98
-79
-114
-91
-127
-109
-109
-122
-94
-121
-113
-91
-128
-124
-127
-114
-128
-110
-42
-123
-94
-124
-116
-120
-103
-124
-126
-126
-96
-120
-111
-128
-128
-124
-128
-118
-126
-128
-123
-121
-128
-128
-95
-34
-112
-126
-117
-87
8
-124
-128
-87
-126
-68
-128
-120
