13305
125283
111856
187413
77434
258225
124279
289307
29148
174541
123513
125557
274203
218900
226194
25806
280839
85190
47813
79482
136824
35349
125143
87668
175750
199213
164743
75644
118307
104054
160357
91037
128548
1639486
117854
104206
30342
96912
192622
102358
25824
114535
93062
121922
61805
443836
240639
171825
82417
191725
110510
125411
23273
177843
101489
21797
128188
200872
128230
162744
143286
135341
364587
256183
93104
222728
206397
105779
70245
154509
24055
232301
143149
158308
94742
30319
632
88746
91046
135196
133252
15216
128120
135675
20595
26517
484635
119362
143245
126537
141420
116524
81169
10728
174374
115466
213970
80866
114261
165628
219320
98116
18624
106380
464089
102254
496396
85055
121228
106749
117936
22185
49337
127816
107739
65963
119389
287588
60959
158388
201507
295314
163728
87660
490196
160487
72821
298396
206923
88542
99622
47586
372902
98935
192345
99705
165186
174457
301156
92308
223261
259211
163380
93035
715457
23887
111642
494010
28275
87043
887895
78077
109587
270683
64902
147908
134232
173550
167718
33107
109948
195381
105491
134539
445542
110339
930699
87598
-3414
28098
180762
92513
115613
111543
97862
91691
155044
56490
139670
72517
81992
287313
169093
36793
260700
93756
131613
25003
191108
138342
75225
74219
