23953
140287
106895
187897
100303
258951
142308
290759
21888
184826
114680
132817
271299
234509
254871
8745
282775
106607
49870
51773
139607
16473
139905
108480
167885
220388
161597
96940
149162
83968
156001
107735
123587
1627628
141691
91017
-19026
116393
218395
114095
15055
125788
91126
116235
46801
428832
261693
188523
96332
207213
132532
121902
-40978
202043
131134
-22247
130245
230154
156544
174602
154055
157121
372452
248439
108229
209055
241003
116790
36970
168908
823
197211
157064
151774
87724
3457
14668
114761
114520
149837
150071
18362
151473
130230
6196
3769
407316
145498
169018
137306
159812
140724
97988
-131205
197243
137972
238654
98774
133137
182689
241826
90372
3983
131548
458523
110845
501962
106593
122075
115824
138990
9117
8197
56184
115604
78063
136692
304165
90967
172545
205500
322176
174376
97945
482331
176822
64835
300574
202083
100884
101558
17578
393835
110067
220901
116887
154175
194180
309868
98237
240080
280265
154426
88195
727557
6826
126283
477191
17869
106161
859581
75415
128826
280847
97693
156136
131449
159756
185021
17135
128098
220065
77540
122197
449656
111065
949938
97157
8807
43465
212222
98200
91776
114447
103912
106090
177066
51166
146567
65499
90220
269163
188332
25177
255860
106461
139841
15323
211678
146449
111162
91522
