0.001986344
0.0009695064
0.0007648035
0.0005183258
0.0014021168
0.00043266377
0.0010152111
0.0003774235
0.0039757374
0.0007034951
0.00093503424
0.000889368
0.0003728022
0.0004266162
0.00051950495
0.005264779
0.00038670943
0.0013720327
0.0019850342
0.0008989054
0.0007480132
0.0041159214
0.00074376975
0.0015008614
0.00053035683
0.0005848695
0.00062416727
0.0018139912
0.0009889012
0.001173538
0.00051369885
0.0015893137
0.00074560446
8.358871e-05
0.00089230656
0.0011225978
0.002641048
0.0011303803
0.0005732462
0.0012023197
0.00528524
0.0011300716
0.0013001697
0.00069593586
0.0013452881
0.00022878281
0.00038462112
0.00063976727
0.0012055744
0.0004705948
0.0010081545
0.00083960855
0.0028993706
0.00061145425
0.0010987883
0.004125536
0.0005896116
0.00044304566
0.0006775923
0.00055893377
0.000770031
0.00080411794
0.00033132793
0.00058595726
0.00127533
0.00052057207
0.00044603064
0.0011614087
0.0014830518
0.0006575284
0.0044567944
0.00040226048
0.0007159018
0.0005180318
0.0012581573
0.0033107006
0.0047545265
0.0012135775
0.0015475799
0.0008876544
0.0009163751
0.002916349
0.00079354213
0.00084238773
0.0054313783
0.0036487628
0.0002905196
0.0007023877
0.00077753316
0.0008359987
0.0008009914
0.00076339016
0.0017811093
0.003880888
0.00071314786
0.00074811437
0.00050026434
0.0010044244
0.0009315003
0.0006356036
0.00041570203
0.00080413854
0.0030856414
0.00096117466
0.00023913747
0.0011564264
0.00023413643
0.0012908021
0.00066502055
0.001364823
0.00075884635
0.00534656
0.0019661658
0.00091289345
0.0011174051
0.0016493949
0.0009664119
0.00037668625
0.0020073433
0.00076305505
0.0005275647
0.0004669683
0.00058074435
0.0013332991
0.00022987713
0.00068559364
0.0016825813
0.00032080422
0.00044919582
0.0013015468
0.001319006
0.0020148268
0.00027652335
0.0012167026
0.00053188205
0.0012129401
0.00069429236
0.00082643953
0.00045469287
0.0014258454
0.00039960467
0.00040138766
0.0005794333
0.0011668212
0.00015574846
0.0042384276
0.0007991912
0.00018458253
0.0025585652
0.0015269908
0.0001236054
0.0013727245
0.0010030912
0.00046477612
0.0016567939
0.0006773839
0.0008630521
0.0006448826
0.00060494256
0.0030870724
0.0009335206
0.00047487378
0.0010160209
0.0006780507
0.000250558
0.0010093369
0.00010212904
0.0015072377
0.006151101
0.0038167024
0.0006223501
0.001087916
0.00093860907
0.0010417112
0.0011887867
0.0010253468
0.00083212083
0.0016212227
0.0006254227
0.0010678062
0.000996346
0.000462869
0.0007632313
0.0020135946
0.00035310033
0.00090818293
0.0007974949
0.005617952
0.0007095254
0.0008943549
0.0016587661
0.0011248075
