0.00002817
0.00003811
0.00002718
0.00002276
0.00002377
0.00002672
0.00003492
0.00001445
0.00003206
0.00003626
0.00001863
0.00002558
0.00004373
0.00003020
0.00002868
0.00004800
0.00003454
0.00006241
0.00002925
0.00003321
0.00003789
0.00003658
0.00003774
0.00003172
0.00002865
0.00003766
0.00003003
0.00007642
0.00003384
0.00003973
0.00004042
0.00003027
0.00006682
0.00003113
0.00003062
0.00003735
0.00003398
0.00004674
0.00003264
0.00003295
0.00003418
0.00004125
0.00001699
0.00003456
0.00006335
0.00002688
0.00003047
0.00003482
0.00005459
0.00004122
0.00003061
0.00003445
0.00003977
0.00003868
0.00009259
0.00003100
0.00004314
0.00002543
0.00003006
0.00003067
0.00002830
0.00002312
0.00002437
0.00013096
0.00004703
0.00003742
0.00003381
0.00003689
0.00003890
0.00004323
0.00007609
0.00004115
0.00002782
0.00003829
0.00003404
0.00003157
0.00002734
0.00004090
0.00003017
0.00005871
0.00005307
0.00002108
0.00005341
0.00003458
0.00003974
0.00002453
0.00003716
0.00003798
0.00003397
0.00003176
0.00004995
0.00002333
0.00003218
0.00001731
0.00003617
0.00002723
0.00004650
0.00002940
0.00004199
0.00003459
0.00003097
0.00001977
0.00003509
0.00004466
0.00003376
0.00005049
0.00003537
0.00002580
0.00002809
0.00002881
0.00005492
0.00002837
0.00003672
0.00003589
0.00003299
0.00003369
0.00003484
0.00004171
0.00003195
0.00004244
0.00002720
0.00003112
0.00003896
0.00005516
0.00003039
0.00006114
0.00004425
0.00002659
0.00002951
0.00003625
0.00004184
0.00003498
0.00003688
0.00003109
0.00003171
0.00001309
0.00003683
0.00003216
0.00002149
0.00004028
0.00007707
0.00003208
0.00002413
0.00002412
0.00007123
0.00002833
0.00003979
0.00002349
0.00003372
0.00002875
0.00001742
0.00002581
0.00004799
0.00002031
0.00003383
0.00002649
0.00002624
0.00001849
0.00001953
0.00003236
0.00004347
0.00002987
0.00003786
0.00003616
0.00005180
0.00004429
0.00003702
0.00004374
0.00004703
0.00003078
0.00006435
0.00003501
0.00002545
0.00009173
0.00003665
0.00002483
0.00002812
0.00003279
0.00002688
0.00002437
0.00009350
0.00003055
0.00004720
0.00002934
0.00003633
0.00003031
0.00002669
0.00002975
0.00004915
0.00003332
0.00006365
0.00003104
0.00002976
0.00004706
0.00002839
0.00003864
0.00003826
0.00002872
0.00004949
0.00004140
0.00009855
0.00003195
0.00003382
0.00003407
0.00004055
0.00003224
0.00004058
0.00003464
0.00002779
0.00003935
0.00003484
0.00003078
0.00002648
0.00006660
0.00005930
0.00003323
0.00002562
0.00004118
0.00003174
0.00003179
0.00002968
0.00002893
0.00003881
0.00006009
0.00002622
0.00002718
0.00006567
0.00003236
0.00003287
0.00003136
0.00005053
0.00002411
0.00002687
0.00007899
0.00003675
0.00003098
0.00004229
0.00002706
0.00003819
0.00004468
0.00003459
0.00001201
0.00001862
0.00003576
0.00002098
0.00004189
0.00003173
0.00002895
0.00003106
0.00002619
0.00004389
0.00003832
0.00002897
0.00002745
0.00002726
0.00003115
0.00002383
0.00004116
0.00003223
0.00002830
0.00003357
0.00003055
0.00003948
0.00006602
0.00003190
0.00003280
0.00003249
0.00003190
0.00002066
0.00003613
0.00002887
0.00003430
0.00001360
0.00003382
0.00003708
0.00003379
0.00001503
0.00003776
0.00007141
0.00003631
0.00009261
0.00002712
0.00001467
0.00002012
0.00002919
0.00004063
0.00001969
0.00003606
0.00002175
0.00003946
0.00002400
0.00002157
0.00004044
0.00002468
0.00003075
0.00002947
0.00002574
0.00003659
0.00004670
0.00003393
0.00002650
0.00004362
0.00003270
0.00002918
0.00004072
0.00003738
0.00001712
0.00003357
0.00003880
0.00003635
0.00002364
0.00004146
0.00004769
0.00003051
0.00003369
0.00003039
0.00004549
0.00003043
0.00004953
0.00002247
0.00005277
0.00003082
0.00002680
0.00007970
0.00003117
0.00003316
0.00002918
0.00003658
0.00003404
0.00005267
0.00003423
0.00003430
0.00003124
0.00003312
0.00003891
0.00004637
0.00003935
0.00003911
0.00002901
0.00004302
0.00003780
0.00002917
0.00003611
0.00002625
0.00002883
0.00001506
0.00005433
0.00004715
0.00003654
0.00002487
0.00003242
0.00003002
0.00007346
0.00003498
0.00012486
0.00002638
0.00002463
0.00003373
0.00004997
0.00003653
0.00003498
0.00003030
0.00003721
0.00004967
0.00003054
0.00004061
0.00005370
0.00005443
0.00003496
0.00001451
0.00002759
0.00003537
0.00003253
0.00009263
0.00003412
0.00004251
0.00004595
0.00009055
0.00003216
0.00003677
0.00003585
0.00004119
0.00001957
0.00002854
0.00003757
0.00003473
0.00003330
0.00002568
0.00002179
0.00003766
0.00003326
0.00002856
0.00003241
0.00003889
0.00003624
0.00003058
0.00008136
0.00002647
0.00002736
0.00008959
0.00005911
0.00003118
0.00003484
0.00003190
0.00002681
0.00002782
0.00003446
0.00004187
0.00002363
0.00006673
0.00003607
0.00004465
0.00002538
0.00003534
0.00002918
0.00005878
0.00002517
0.00004081
0.00004787
0.00002666
0.00003575
0.00003198
0.00002991
0.00003563
0.00003603
0.00001405
0.00001941
0.00003766
0.00004569
0.00002778
0.00001310
0.00004430
0.00002721
0.00005479
0.00005039
0.00003749
0.00002458
0.00003768
0.00003690
0.00002736
0.00002308
0.00003779
0.00003159
0.00002431
0.00003063
0.00003904
0.00001977
0.00003252
0.00004790
0.00002900
0.00003730
0.00003795
0.00002964
0.00004101
0.00002202
0.00002300
0.00002499
0.00001690
0.00003587
0.00002297
0.00004221
0.00002496
0.00008099
0.00002984
0.00003118
0.00001923
0.00002453
0.00002572
0.00002982
0.00003729
0.00003883
0.00002796
0.00001971
0.00009176
0.00004021
0.00004499
0.00002550
0.00002513
0.00003529
0.00002890
0.00002860
0.00003029
0.00003391
0.00004933
0.00004152
0.00002885
0.00002452
0.00003561
0.00004086
0.00004145
0.00003139
0.00003512
0.00003658
0.00003021
0.00003927
0.00003045
0.00002370
0.00002679
0.00005888
0.00003595
0.00005401
0.00003066
0.00004562
0.00002690
0.00004491
0.00003916
0.00003157
0.00004285
0.00003022
0.00001560
0.00003490
0.00003587
0.00003562
0.00003798
0.00003972
0.00003460
0.00003862
0.00004500
0.00003006
0.00003041
0.00004010
0.00004103
0.00009533
0.00003660
0.00002619
0.00003279
0.00003864
0.00004025
0.00004351
0.00007611
0.00002993
0.00002819
0.00004663
0.00003531
0.00002587
0.00002378
0.00003139
0.00002528
0.00004932
0.00003052
0.00003064
0.00002715
0.00004078
0.00003176
0.00003956
0.00006526
0.00003263
0.00003315
0.00002937
0.00003260
0.00005817
0.00003671
0.00003998
0.00004060
0.00003017
0.00002992
0.00002372
0.00002043
0.00003337
0.00002991
0.00002996
0.00004005
0.00002999
0.00003990
0.00004772
0.00003866
0.00004427
0.00003520
0.00005324
0.00003388
0.00004341
0.00003060
0.00005130
0.00002528
0.00002829
0.00002848
0.00003074
0.00002748
0.00001954
0.00002983
0.00002963
0.00002754
0.00002465
0.00001755
0.00003611
0.00006677
0.00001524
0.00004187
0.00004711
0.00003359
0.00003105
0.00004421
0.00002978
0.00004205
0.00003070
0.00003396
0.00002806
0.00002192
0.00003043
0.00002593
0.00003706
0.00003476
0.00003322
0.00002830
0.00003528
0.00003782
0.00002268
0.00003917
0.00002654
0.00003072
0.00003899
0.00003315
0.00003509
0.00003188
0.00003092
0.00004805
0.00002714
0.00003432
0.00004052
0.00002757
0.00004398
0.00003163
0.00003459
0.00009190
0.00001646
0.00004209
0.00002433
0.00002850
0.00004437
0.00012527
0.00007515
0.00003926
0.00003418
0.00003200
0.00002815
0.00003537
0.00004396
0.00003322
0.00003790
0.00003784
0.00002983
0.00002182
0.00003468
0.00003450
0.00003571
0.00004264
0.00002976
0.00003849
0.00002978
0.00003700
0.00005046
0.00002485
0.00004323
0.00004497
0.00003722
0.00004601
0.00003616
0.00003177
0.00003392
0.00005247
0.00003632
0.00004806
0.00003049
0.00003442
0.00002860
0.00002535
0.00004792
0.00002135
0.00003256
0.00003034
0.00003024
0.00004179
0.00003306
0.00002818
0.00004247
0.00003620
0.00004358
0.00004859
0.00003082
0.00004027
0.00004018
0.00003577
0.00002823
0.00003516
0.00003352
0.00004697
0.00002211
0.00004629
0.00002575
0.00002941
0.00004411
0.00004200
0.00004495
0.00004328
0.00002990
0.00003015
0.00005472
0.00002563
0.00004328
0.00004105
0.00003553
0.00002401
0.00002610
0.00003745
0.00005328
0.00002972
0.00002985
0.00005131
0.00003602
0.00008336
0.00008235
0.00005185
0.00006236
0.00002922
0.00003293
0.00002886
0.00003018
0.00003584
0.00003116
0.00005101
0.00003535
0.00005976
0.00003243
0.00003224
0.00004624
0.00005376
0.00001592
0.00001602
0.00004696
0.00003686
0.00004297
0.00003297
0.00004148
0.00002284
0.00002595
0.00003218
0.00002073
0.00006222
0.00003484
0.00003580
0.00002874
0.00003587
0.00003686
0.00002970
0.00001274
0.00001549
0.00003685
0.00003865
0.00002650
0.00004581
0.00003302
0.00002387
0.00002231
0.00002868
0.00003709
0.00002309
0.00003237
0.00003963
0.00003334
0.00003128
0.00005768
0.00003518
0.00004955
0.00003813
0.00003603
0.00005813
0.00002200
0.00001705
0.00002830
0.00001588
0.00003415
0.00003104
0.00002849
0.00002703
0.00001525
0.00002526
0.00002986
0.00001956
0.00003523
0.00003011
0.00004399
0.00002868
0.00003768
0.00003293
0.00003541
0.00003343
0.00001736
0.00002015
0.00003369
0.00002820
0.00002877
0.00002471
0.00003327
0.00004193
0.00003687
0.00002904
0.00003998
0.00002610
0.00001798
0.00004166
0.00004648
0.00003587
0.00003067
0.00003140
0.00003848
0.00002869
0.00006589
0.00002491
0.00002221
0.00002832
0.00004835
0.00004602
0.00004507
0.00004518
0.00005532
0.00004333
0.00003741
0.00002649
0.00003345
0.00003581
0.00003407
0.00002773
0.00003439
0.00002759
0.00003547
0.00003727
0.00002970
0.00002475
0.00001914
0.00002672
0.00002696
0.00004033
0.00005152
0.00002630
0.00006186
0.00003457
0.00003081
0.00007310
0.00003302
0.00003385
0.00004949
0.00003495
0.00003035
0.00002992
0.00002901
0.00004389
0.00002181
0.00003200
0.00004010
0.00003148
0.00002742
0.00002275
0.00004556
0.00003829
0.00008517
0.00003606
0.00002245
0.00004965
0.00002739
0.00002430
0.00003060
0.00003270
0.00002094
0.00003000
0.00004661
0.00003340
0.00003125
0.00002615
0.00002676
0.00003180
0.00002725
0.00002182
0.00005143
0.00004720
0.00003363
0.00003332
0.00002063
0.00002665
0.00004028
0.00003142
0.00002654
0.00003852
0.00002772
0.00001992
0.00003539
0.00004478
0.00003717
0.00005049
0.00002407
0.00002610
0.00004375
0.00003534
0.00003464
0.00004077
0.00003234
0.00004683
0.00001992
0.00003370
0.00004016
0.00002288
0.00003477
0.00003733
0.00003723
0.00002918
0.00003116
0.00003280
0.00010059
0.00003614
0.00003157
0.00003752
0.00003812
0.00004403
0.00003320
0.00003039
0.00003109
0.00002789
0.00004402
0.00003852
0.00005141
0.00002663
0.00003960
0.00004085
0.00003945
0.00005198
0.00004617
0.00004583
0.00002622
0.00004224
0.00002821
0.00003022
0.00000980
0.00002629
0.00002669
0.00006728
0.00002366
0.00003452
0.00004363
0.00003267
0.00004978
0.00004129
0.00002754
0.00003773
0.00002266
0.00007039
0.00004305
0.00001509
0.00003104
0.00003796
0.00001750
0.00003064
0.00007802
0.00004372
0.00008122
0.00003731
0.00002066
0.00006813
0.00002865
0.00002783
0.00003120
0.00002964
0.00003645
0.00003825
0.00012540
0.00004188
0.00002107
0.00004417
0.00003396
0.00004636
0.00002820
0.00006479
0.00003502
0.00003438
0.00003224
0.00002492
0.00004937
0.00002872
0.00007517
0.00002534
0.00003296
0.00003200
0.00003821
0.00003162
0.00001731
0.00004033
0.00003046
0.00003133
0.00004739
0.00003702
0.00003060
0.00004254
0.00003329
0.00003402
0.00002738
0.00002874
0.00002470
0.00003434
0.00003090
0.00002780
0.00003061
0.00003278
0.00003276
0.00004633
0.00002461
0.00004967
0.00004030
0.00002159
0.00002740
0.00002987
0.00001990
0.00003378
0.00003702
0.00003699
0.00002731
0.00003516
0.00003082
0.00001491
0.00002543
0.00002948
0.00001278
0.00002936
0.00003445
0.00003733
0.00004890
0.00002515
0.00001586
0.00003994
0.00003010
0.00004004
0.00001038
0.00009015
0.00001593
0.00004173
0.00003829
0.00003214
0.00003156
0.00003859
0.00002462
0.00002862
0.00003360
0.00003629
0.00003294
0.00003537
0.00003997
0.00003905
0.00003226
0.00003636
0.00003256
0.00004598
0.00003115
0.00003142
0.00003476
0.00005725
0.00002837
0.00003200
0.00003711
0.00003593
0.00001891
0.00005031
0.00002477
0.00003367
0.00004460
0.00003200
0.00003578
0.00006114
0.00003189
0.00005380
0.00003222
0.00003491
0.00002767
0.00004408
0.00002669
0.00002256
0.00003847
0.00002523
0.00003596
0.00002508
0.00007994
0.00003028
0.00002677
0.00003777
0.00005900
0.00004037
0.00002418
0.00003722
0.00004516
0.00004307
0.00002092
0.00003316
0.00003348
0.00002369
0.00003676
0.00004037
0.00003881
0.00004902
0.00003699
0.00007773
0.00003287
0.00003415
0.00003587
0.00002119
0.00002788
0.00002900
0.00003223
0.00004985
0.00001772
0.00002914
0.00003072
0.00003392
0.00002603
0.00003126
0.00003403
0.00002684
0.00003927
0.00003201
0.00003633
0.00003872
0.00003448
0.00004345
0.00003331
0.00003098
0.00003894
0.00003030
0.00004913
0.00002316
0.00001822
0.00003474
0.00001383
0.00004926
0.00003992
0.00002906
0.00003749
0.00004348
0.00004194
0.00002600
0.00006321
0.00003078
0.00003165
0.00003461
0.00003756
0.00002808
0.00003656
0.00002705
0.00003970
0.00002233
0.00002863
0.00003273
0.00005344
0.00003393
0.00003655
0.00002679
0.00005048
0.00003311
