1316217861
1780997548
1270005691
2127180912
1110552652
1248518085
1631715923
1350232229
1498237492
1694441838
1740746117
1195226716
2043362142
1411287032
1340047656
1121480673
1614057401
1458295282
1366785449
1552107829
1770641917
1709587114
1763654826
1482381665
1338600236
1759825742
1403299905
1785491129
1581332553
1856789717
1888961914
1414339772
1561338420
1454512253
1430866675
1745535761
1587885417
1092025678
1525093710
1539752127
1597201538
1927581708
1588135426
1615070595
1480078952
1256110460
1424050643
1627281555
1275525625
1926252714
1430182440
1610030942
1858513463
1807274798
1081696363
1448709415
2015742738
1188542268
1404760484
1433037805
1322336500
1080327893
1138764182
1529919540
1098874606
1748733243
1580069350
1723745512
1817972547
2019900781
1777872437
1923055232
1300151500
1789037308
1590477615
1475328783
1277663859
1911436397
1409747503
1371673781
1239846724
1969727944
1247866746
1615833780
1857223943
1146198657
1736667024
1774931543
1587411716
1484289628
1167074399
1090328249
1503579787
1617373308
1690060103
1272255771
1086571536
1373667273
1962372419
1616557490
1446998828
1847986772
1639755683
2087126856
1577450836
1179614319
1652861412
1205727090
1312494045
1346442620
1283104841
1325889258
1716074187
1677112275
1541699564
1574253353
1627992107
1949003523
1493105731
1983149474
1270939935
1454222769
1820446319
1288683987
1420287352
1428452116
2067849855
1242675772
1378825351
1693836554
1955201112
1634702872
1723482345
1452656924
1481710589
1223596146
1720811197
1502921869
2008650381
1882053773
1800741671
1498961202
1127724316
1127250615
1664256554
1323612861
1859210856
1097644299
1575634982
1343271455
1628110532
1206227107
1121375406
1897751700
1580858852
1237754544
1226359402
1728008821
1824959638
1512343257
2031532774
1395891747
1769023438
1689928520
1210293042
2069455175
1729877309
2043756892
1098828551
1438445892
1503467941
1636176608
1189068603
2143207798
1712653012
1160225472
1313809881
1532028168
1256294678
1138593123
1092318451
1427498134
1102868169
1371259292
1697863013
1416510902
1247346991
1390049434
1148336891
1557081690
1487217363
1450341052
1390496819
1099545682
1326626126
1805748428
1787774105
1342166152
1156429284
1934424057
1151235020
1492868880
1580569368
1592175043
1894975286
1506329885
1896146380
1618544402
1298677764
1838920661
1628242116
1438551159
1237451902
1556061917
1385417691
1552871014
1197305738
1924410543
1483263275
1485447564
1387023011
1351929658
1813327645
1404076249
1225227783
1270203067
1534449306
1512106407
1535778301
1465407377
1180515667
1126500588
1255794660
1845513000
1717390023
1447735696
1976293967
1264597604
1784366089
2087968991
1616307481
1122382020
1740193465
1671112061
1960306556
1957464350
1482802733
1353034960
1451262137
1223754047
2051151892
1790576836
1353745512
1282650878
1273742666
1455564922
1113329067
1923476299
1506198302
1322599667
1568582099
1427682352
1844710340
1542574595
1490526692
1532488710
1518435579
1490776701
1930989724
1688112666
1349140085
1602714892
1271439953
1580279884
1732522140
1578977206
1404418366
1764273269
1668473809
1696784027
1081946372
1267281910
1371496143
1880751096
1363930084
1898541202
1839986488
1685244143
2032282800
1844026105
1121434618
2015966431
1889764574
1153198906
1437024789
1377114764
1202608558
1709758172
1091038801
1585648496
1238491413
2038190905
1528212242
1363337958
1902962412
1746562113
1599820052
1568924217
1813103953
1698639356
1104907715
1937318897
1114217256
1425498063
1574332304
1420195243
2125772967
1422142681
1157363528
2100127318
1232938584
1440261746
1252136635
1862158329
1456683383
1549713007
1363785342
1709455530
1590596040
1230675345
1599477935
1602780684
1459894023
1547791886
1818077814
1083321421
1838802235
1827657102
1355482415
2010189909
1766325974
1362890574
1687244214
1226490986
1346982113
1407734274
1269446461
1101604966
1707521251
1162080801
1515106513
1402997263
1716337354
1634373913
1458709771
1232504358
1151093568
1575977099
1167607313
1707152817
1634439704
1415774033
1738601303
1160600485
1427261284
1897646433
1254781466
1271808387
1633650203
1355837691
1289466910
1652966679
1520146166
1082081245
1594530390
1986228531
2147300048
2115575236
1503013978
1718350583
1675335896
1924581602
1828591346
1333639533
1755496641
1622873504
1556147446
1200029519
2036151359
1760023118
1554278959
1334705361
1514567020
1817130412
1693336536
1429077138
1900889970
1236978201
1278453360
2093252074
1381088589
1456880758
1627992107
1490776701
1252755078
1299888333
1610188842
1956582740
1104236638
1559042286
1685573102
2086271562
1186107971
1651308725
1363785342
1373259363
1176107615
1906844129
1118526620
1245991680
1670546252
1494184717
1397549701
1665006581
1683599347
1313283546
1814038197
1759588892
2135207513
1298046162
1224675132
2069915718
1271492586
1280058681
1177423452
1751983358
1148527687
1760970520
1724495539
1278492835
1078340981
1765825956
1476078809
1135869342
1431156159
1824275403
1848092039
1519435615
1119092430
1355035031
1742996197
1773484123
1384891356
1916147091
2057573173
1074748748
1167580996
1579687757
1676309614
2146655289
1972267508
1166383585
1892212029
1394602228
1456933392
1797274443
1146422349
1201661156
1393286391
1742733029
1814643481
1306401723
1841907609
2143957824
1879198409
2102193181
1191687117
1174252286
1649124437
1350403287
1336258048
1415326649
1584516876
1152508092
1940240053
1348218999
1145974965
1664138129
1909502118
1937016254
1466644263
1641097836
1709258155
1411602832
1835144210
1423076925
1107526229
1251781359
1375719977
1679678155
1261834348
1432524629
2131996873
1256807854
2098469365
1830091399
1475302466
2002255417
1411984425
1457893952
1630742204
1676243823
1664690780
1774668376
1856237066
1616754865
1804524700
2102890574
1404602583
1420984745
1873816638
1917212919
1113690922
1710166082
1223977739
1532436077
1805853695
1880856362
2032993352
1778273767
1398681320
1317204738
1089538747
1649927097
1208687721
1111381629
1466644263
1181173585
1152271241
1425945448
1431695652
1268926706
1905515134
1484065936
1848513107
1524883177
1524567376
1549094564
1372325120
1523462074
1359100965
1715429427
1868237493
1897435899
1409760662
1398207619
1108355206
1909331059
1559279137
1397799710
1399957681
1871527083
1401576160
1864434726
1114960704
1806761622
2068534089
1644650594
1243971871
1583240515
2028387925
1429814006
1198489990
1181344644
1322125966
1330771010
1436393188
1284335148
1826064940
1393931151
1384470288
1286901029
1151698853
1640532026
1687428431
1560167326
1423892743
1956451156
1100697039
1569503185
1450722645
2066073476
1391799496
1965188309
1434774709
1586766956
1311020308
2048730754
1422129522
1211608878
1731851063
1624347240
1552357838
1322297025
1648703370
1767168109
2119838546
1830183508
1239978308
1435432627
1821841106
1549278781
1639531991
1489737190
1444972440
1122671504
1268347738
1603859670
1893343649
1288137915
2055257301
1478249939
1616136422
2147247415
1538528399
1966938371
1137132545
1331863154
2073205308
1463450071
1755904550
1834538926
1597359438
1495355811
1315507310
1653045629
2054178316
1552542055
1770852450
1768457628
1393904834
2039467266
1620610265
1612070488
1668888298
1992307694
1390641561
1798445537
1391799496
1728903590
1178910347
1161291299
2020058681
2101206304
1739338172
1075090865
1689796936
1484592270
1585280061
1225879122
1697126144
1122908355
1424945412
1608188771
1336415948
1184673709
1119585868
1995202534
1521369894
1417642521
1412879193
1952845765
1544686513
1316744196
1984386360
1691770691
2036256626
1135191687
1440117004
1881711656
1877408871
1671427862
1319323235
1643150541
1566305702
1097367973
2066757710
1081571359
1203463851
1374193607
2061231198
1962517161
2100587861
2022624562
1397023366
1409023793
1278505994
1197726805
2022216653
1918384013
1660216937
1122092536
1219714429
1750049079
1244761373
1388825706
1394654861
1198812370
1683257230
1947569261
1924068425
1211510190
1456920233
1365588038
1538673141
1348469008
1410458055
1674770086
1456235999
1191733171
1651756110
1396161494
1515646006
1506724636
1080301577
1255998614
1487500268
1497026923
1097157439
1722455992
2007847721
1540857429
1938200507
2134944346
1212569438
1503619263
1937489955
1453729330
1628123690
1672691065
1342784595
1676243823
1722587576
1388009888
1191094990
1448130447
1721942816
1806024754
1238372988
2140457700
1542949609
1115394930
2084626767
1340416090
1733377433
1078867315
1512461682
1852026390
1557805400
1461867778
1347712402
1643953201
1157725383
1781839683
1683625664
1358087771
2056415237
1593688255
1322441767
1483658026
1595977810
1450354210
1331099969
1263058076
1425287529
1180555142
1395102245
1827854478
1646058539
1406944772
2055467835
1340350298
1760944203
1538712616
1654743058
1562239768
1622084002
1882856434
1574292829
1317941607
1344350441
1154764751
1554765818
1959188096
1722850743
1356956152
1868250651
1219411787
1680717666
1946740284
1085893881
1676085922
1433156230
1467157440
1798287637
1340889791
1539600805
1163857180
2076073831
1323139160
1129704649
1075307978
2106245957
2111259293
1292526229
2024887800
1748127958
1237912445
1562963478
1673559517
1591977668
1295651340
1607162419
1289414276
1657401047
1741509302
1387799354
1156685872
1788721507
1248833886
1259952702
1884790713
1203832285
1229056867
1445307978
1615610087
1439788045
1707935739
1542923292
1581898362
1156324017
1632992285
1418037272
1397918135
1355521891
2050928200
2038651448
1495184752
1874027172
1470960206
1281374517
2126128243
2129088875
1789445217
1990051035
1684967817
2098495681
1160041254
1279834988
1135606175
1429945590
1527922758
1956780115
1401944594
1088953200
1560910774
1460262458
1221872401
1250610265
1486210749
1273374232
2039072515
1201615101
1102697110
1571397989
1556805365
1928331735
1245162703
1882132724
1468170633
1240202000
1800208758
1295440807
1862013587
1653558805
2092495468
1736877558
1179568265
1124632100
1219490737
2044204277
1651427151
1618623352
1904975641
1511448488
1094170491
1861513569
1574792846
1876632528
2137970769
1624584091
1744298874
1739561864
1363456383
1455999148
1532922936
1175176661
1688586367
1475434050
1753286036
1781129132
2057454748
1551252535
1420168926
1452814824
1303283191
2056849463
1800221916
1201194034
1244544260
1850486861
1908778408
1843473454
1214589247
1078821261
2141773536
1225464634
1973649136
1318099507
1412102850
1832012520
1228609482
1247241724
1571976957
1105434049
1612978415
2038927773
1526527972
1163034782
1929555463
1287072088
1763325867
2117970058
1644650594
2011782071
1410208046
1450683169
1773865715
1635610799
1431550910
1822814825
2042888441
1897758279
1743338314
1930621290
1591806609
1338705503
1300625201
1457801844
1384851881
1703310575
1787484621
1464969862
1956898540
1968727908
2064126038
1586990649
1083084570
1317994240
1513718306
1636242400
1606425550
1506382519
1164357197
1153488390
1341876668
1756207193
1184344750
1540357411
1495250544
1785445075
1477657813
1617952276
1884395962
1423458517
1464131016
1107295958
1730114159
1429998223
1987912801
1555647429
1589714430
1279229704
1342863546
1154041041
1604780755
1443761871
1299269890
1430577191
1531567625
1530988657
1082499023
1150146166
1160626802
1883106442
2017992818
1280335006
1395720689
1859381915
1578371921
1729982576
1728600948
1276242755
1642966323
1440406488
1393339025
1188331734
1377706890
1194489848
1371956686
1609807249
1744417300
1142455103
1175120738
1482289557
1866500589
1406773713
1871053382
1940963763
2106351224
1489131905
1950227251
1789287317
1502013942
1474986665
1803287814
1150422491
1337192291
1570108469
1695994525
1539370534
1652769304
1867882217
1824972796
1507711513
1699178849
1521383052
1074281626
1455433338
1468091683
1624439349
1337659413
1325836624
1495500553
1734298519
1678849178
1767194426
1175515489
1157396424
1573305951
2084060957
1495447919
1671875246
1428438957
1490052991
1257011808
1505461433
1631465914
1292993351
2059994312
1247294357
2108653937
1797445501
1178778763
1680257123
1172160106
1867671683
1415089798
1250847115
1765075929
1378516129
1886659200
1130013871
1739325013
2110180307
2012466306
1955095845
1549449840
1564305631
1106802519
1717574240
1886501300
1813761871
1145317047
1728285147
1816176431
1535909885
1595714643
1676230664
1980544118
1302598956
1355350832
1506066718
1164811161
1655664143
1361680004
1435590527
1585069528
1216148513
1460578258
1590188131
1254439348
1835091577
1495750562
1697586687
1809169603
1611044136
2030256412
1556529039
1447867280
1819669976
1415800350
1147902665
1082406915
1703086883
1623478788
1292309116
1150909351
1865237386
1357969346
1752114942
2031624882
1959609163
1215174794
1476927524
1438327467
1479157866
1617083824
1754943990
1312046660
1708323911
1264018636
1854934388
2086547888
1337929160
1529449129
1248577298
1585648496
1707731785
1251689251
1179555106
1547068176
