-113
-115
-115
-95
-107
-108
-120
-125
-115
-113
-126
-122
-126
-125
-115
-116
-105
-125
-123
-125
-119
-126
-100
-122
-114
-100
-124
-96
-124
-116
-121
-113
-55
-112
-84
-116
-103
-122
-126
-85
-122
-124
-95
-121
-113
-125
-124
-116
-95
-119
-66
-121
-126
-125
-118
-65
-117
-121
-122
-74
-115
-123
-120
-125
-125
-111
-121
-112
-124
-126
-126
-102
-115
-114
-102
-116
-126
-121
-117
-115
-124
-113
-66
-115
-126
-122
-115
-124
-121
-122
-118
-106
-64
-125
-118
-126
-121
-112
-125
-122
-124
-126
-106
-119
-121
-125
-115
-89
-125
-124
-120
-98
-124
-102
-113
-125
-125
-114
-108
-125
-119
-123
-126
-125
-118
-123
-126
-107
-126
-97
-117
-123
-112
-120
-104
-124
-115
-117
-109
-98
-121
-118
-99
-115
-120
-89
-120
-116
-121
-126
-117
-119
-122
-105
-125
-120
-112
-126
-126
-115
-123
-125
-116
-126
-123
-109
-106
-125
-121
-114
-125
-113
-84
-115
-126
-125
-119
-115
-104
-96
-121
-124
-96
-74
-111
-126
-126
-110
-115
-122
-125
-94
-92
-113
-103
-105
-123
-116
-124
-126
-105
-126
-116
-123
-101
-101
-125
-117
-119
-114
-94
-120
-119
-124
-87
-120
-126
-126
-100
-121
-117
-123
-123
-121
-71
-125
-126
-117
-124
-116
-107
-126
-123
-116
-102
-124
-124
-126
-123
-120
-115
-117
-121
-118
-122
-126
-107
-111
-124
-125
-124
-122
-124
-124
-126
-108
-116
-120
-121
-125
-115
-123
-109
-115
-124
-91
-126
-123
-125
-109
-119
-115
-125
-121
-126
-125
-126
-114
-114
-123
-111
-108
-126
-124
-124
-124
-52
-125
-122
-126
-120
-124
-121
-117
-125
-111
-87
-126
-120
-117
-125
-113
-126
-118
-126
-114
-112
-122
-123
-109
-120
-126
-118
-104
-112
-126
-104
-117
-108
-110
-125
-100
-126
-124
-126
-124
-121
-125
-105
-122
-126
-122
-123
-61
-122
-123
-102
-126
-115
-125
-124
-123
-124
-124
-125
-124
-114
-122
-116
-120
-108
-123
-109
-126
-122
-115
-117
-92
-124
-125
-121
-126
-126
-121
-112
-122
-110
-111
-122
-108
-115
-126
-116
-116
-124
-115
-125
-69
-122
-124
-96
-125
-108
-126
-122
-115
-99
-124
-122
-125
-125
-118
-123
-118
-124
-121
-104
-126
-118
-125
-95
-126
-125
-126
-114
-105
-122
-124
-125
-115
-124
-115
-123
-125
-126
-101
-118
-104
-126
-124
-122
-124
-117
-124
-115
-115
-125
-93
-126
-120
-100
-119
-102
-122
-114
-125
-115
-123
-93
-126
-123
-106
-125
-105
-109
-126
-67
-122
-125
-119
-120
-116
-125
-109
-94
-126
-126
-107
-108
-126
-126
-125
-125
-126
-119
-118
-104
-120
-125
-122
-120
-107
-115
-126
-124
-124
-118
-117
-125
-72
-126
-116
-124
-126
-120
-124
-125
-126
-115
-115
-118
-105
-121
-119
-119
-115
-125
-124
-121
-104
-101
-126
-100
-68
-100
-101
-126
-126
-126
-125
-115
-111
-117
-121
-100
-118
-115
-125
-122
-115
-116
-125
-125
-125
-121
-125
-124
-119
-116
-125
-123
-108
-123
-126
-124
-122
-115
-79
-121
-122
-120
-106
-112
-117
-126
-120
-106
-122
-84
-114
-123
-125
-114
-124
-117
-126
-96
-124
-115
-110
-123
-118
-116
-124
-121
-122
-125
-125
-124
-119
-125
-48
-94
-119
-124
-126
-121
-117
-126
-118
-125
-117
-107
-121
-116
-114
-113
-119
-115
-125
-125
-126
-124
-106
-115
-125
-118
-98
-108
-65
-103
-122
-123
-120
-60
-124
-125
-125
-123
-126
-107
-119
-124
-73
-102
-117
-101
-50
-113
-124
-121
-120
-124
-96
-122
-124
-57
-117
-114
-123
-125
-126
-120
-126
-117
-126
-125
-122
-124
-119
-109
-124
-126
-68
-126
-108
-124
-119
-123
-122
-123
-126
-118
-100
-126
-115
-37
-115
-118
-101
-91
-125
-121
-110
-110
-126
-119
-118
-125
-106
-112
-117
