1207201060
1101262762
1352570868
1081761289
1728672690
2022078681
1763367792
2083639786
1565262229
1720781882
1363927129
1924569133
1857676047
1172686927
1623580383
2099172954
1329222143
2007485118
1414541281
1833193493
1541466005
1760449908
1634449930
1181578964
1775346713
1698421889
1294105408
1598739933
2088480622
1635635556
1619433836
1173843093
1128566763
1273463014
1377127941
2096574486
1295078518
1837589335
1652977908
1190830213
1516636081
1594252114
1637409823
1215123967
1798978816
1421314858
1884062715
1241812144
1957251328
1253968248
1224802142
1383809220
1203996557
1735490555
1357360485
1308342151
2050191927
1358408370
1082638827
1788363763
1947550013
1212897805
1541433463
1390332989
1177627058
1381300997
1834464293
1422801897
1821920479
1944704048
1341568651
1152293089
1793992150
1380149645
1985586461
1149517856
1943315918
1581791549
1100195557
1522897365
1508830922
1085983831
1269823721
1302519491
1471177723
1975592720
1295558622
1271196736
1514559374
1913434566
1096366855
1629685698
1874422570
1909087056
2016866277
1603473581
1982091393
1088317536
1353936212
1747310040
1298722079
2070804315
1372770803
1130451140
1617468747
1925903476
1567747923
1550010159
2114956572
1770370446
1381778020
1903840505
1890120950
1078786183
2061725340
2045468292
1648489640
1261760923
1970735837
1702227870
1649595548
1639583643
2073622424
1074017282
1348479039
2031063883
1302294394
1825713662
1509057495
1346552428
1416138461
1693770526
1119179635
1980092991
1313722158
1943699295
1810937967
1273350080
1168718815
1699361366
1468229511
1571091451
1731102351
1914156327
1802145321
1303421195
1643264142
1357701950
1372348144
2004393324
1117174943
1166917782
1311189384
1218093809
1473868938
1491067066
1331658864
1121774605
1221795811
1425497573
1305167125
1590861539
1189338392
1335669788
1371699875
1343648215
1313363235
1184387445
1374858229
1079750371
1144066651
1241596091
1397389622
1289952507
1267164567
1224818734
1391705458
1693990039
1102967453
1641892507
1310504305
1805411153
1846463945
2046599747
1451927021
1311506586
1084737357
1513464056
1545769613
1209822846
1971733722
1192975502
2030383008
1534474648
1096338292
1367199027
1161880315
1290634602
1212680827
1212989044
2082488563
1531465332
1728049710
1799854325
1795470332
1403595097
1678689349
2014377694
1770861782
1468919372
1289002761
1732715450
1287738187
1411389461
1641082364
2102749602
2065906194
1471299995
1664057211
1975933029
1533428014
1369893515
1898989784
1664792130
1864671769
1119445425
1346943411
1637917206
1381217043
1950715235
1461983663
1741346125
1745968251
1182428614
1400565691
1587316662
2055856515
1521774608
1187961045
2006528761
1636163285
1688280650
1136458508
1339605615
1960923098
1667863128
1183954999
1407248382
1651695041
1266408402
2054892969
2047354627
1118416924
1573322908
1115753052
1422303693
1420051696
2011430573
1840797432
1673850182
1995496184
1165816174
1553883887
1177917688
1107365092
1715151723
1113599258
1850476281
1712807813
1342038614
1387167382
1887232237
1647208955
1365221999
1141329319
1744716386
1315378646
1977363233
1429663100
1659807326
1304523349
1167111878
1174205482
1733502230
1200712561
1859112252
1427526302
1411139858
1443087327
1596763162
1178329243
1291883001
1247592875
2092172611
2063702496
1347453008
1349930215
1260899592
1266073742
1583032888
2012507855
1611947035
2016049972
1179477064
1124478015
1099137595
1902485302
1353605338
2047865861
1145736233
1625351827
1768738862
1815144720
1898660258
1219103119
1214886514
1750645544
1443351544
1455448084
1553833053
1099325080
1312800653
1347477206
1373679407
1325483556
1532004550
1241829635
1147392175
1513397560
1405559609
1518098217
1241013085
1762218366
1334672352
1780315086
2106243130
2010984166
1306349285
1853430398
1637121311
1306310582
2075874774
1114181673
1145291623
1666260684
1148237043
1479412408
1350819001
1369308212
1902802761
1264670528
2012290910
1293465625
1313406753
1932487707
1870600863
1818331123
1791467431
1202475339
1097218783
1443911848
1214360357
1316556057
1454287618
2023975799
1665881479
1106642754
2086183504
1382916406
1140023314
1621157205
1400244028
1913635530
1221122188
1683354448
1255770532
1914359922
1346099153
2030363495
1865231141
1180457876
2051584197
1903201832
1233933782
2066688385
1548546643
1853037265
1773399852
1425336533
1850563445
1225938635
2025982288
1943433312
2123001077
2145989243
1590887662
1493944290
1562677240
1642233458
1080406696
1800166303
1177128469
1939470399
1128537238
1518622223
2136810941
1565011265
1472434402
1673525405
1646047784
1946445132
1443470126
1369367172
1983444414
1342049140
1958578482
1658893042
1771028022
1676755197
1173958241
1522594059
1417940842
1331514897
1447022320
1772341761
1523405486
1855311149
1561986095
1368229069
1820673717
1628070577
1708417235
1153821977
1131623525
1703516899
1327494230
1834797028
1104363157
1093138635
1462236039
2059694524
1148580754
1906821131
1561299411
1233625565
1950467513
1758000542
1189092948
1861470924
1364304666
1299858251
1396703291
1570074760
1695822394
1398164721
2011572743
1412440247
1527527900
1266654809
1588596641
1213961832
1604788604
1453855589
1631465710
1644339242
1325578871
1269107769
2098320705
1335011634
1286107181
1557420420
1725880897
2063890622
1673031244
1938024181
1580618246
1261799306
1939495431
1507820264
1626699071
1118642406
1707270248
1965549043
1287208917
1844061499
1108473311
1082029711
1241623729
1194835809
1975202090
1753101457
1091900217
1198821733
1081554324
2036069482
1671662498
1632457240
1284337599
1668496121
2111218435
2069122539
1312380370
1243605635
1341705638
1527874178
2096877568
2004197110
1561453969
2053559268
1624464917
1277340401
1096227830
1112216455
1535895769
1200009157
1413554179
1661123569
1123230835
1257386295
1261541442
1402794774
1273470491
1812620835
1807170882
1180773666
1117540798
1839609367
1648263452
1313029473
1788765690
1609433612
1713960577
1433145575
1667471856
1434051997
1635330163
1923494225
1826084870
1635631576
1906040384
1473669836
1764067666
1873281231
1392880911
1147609955
1332768944
1318674131
1620573763
1223493377
1145814122
1888903488
1785271327
1173152911
1823078121
1222253354
1815701461
1713330151
1222339522
2047884731
1857655123
1585705515
1645126792
1402595223
1757500893
1800312196
1189588713
2018463458
1204747137
1443822310
1803080626
1441841161
1694103069
1194648485
1300609344
1858429811
1591776176
1090858140
1399686549
1422896442
1228401544
1282080339
1102124607
1486693368
1265880480
1382982196
2119845419
1389862192
1290508337
2021977140
1132514850
1950556185
1555972244
1725516197
1090000532
1185370343
1181494914
1106329627
1732370006
2031407979
1082779071
1687926991
2084768031
1732523215
2004681900
1630040031
1990019595
2011432756
1182155571
1417697709
1651605503
2099366408
1264308203
1318086164
1102949546
1838908305
2040047223
1470475269
1315417414
1315688467
1660322925
1891092712
1475911435
2104519184
2078843814
1929972808
1406979768
1874654791
1275990846
1684083076
1547940159
1287108339
1162123897
1698962520
1446226297
2081085221
1132026787
1814187721
2067642303
1398956572
1445822701
1092045532
1720744873
1159994429
1921210778
1436819784
1171242026
1139066154
1132896559
1234541470
1095758252
1774185285
1566170960
1435237815
1369738252
1271771641
2064194731
1298317553
1149860091
1076139192
1447853067
1413608495
1441553881
1272188010
1292707201
2107980812
1303410219
1715445177
1794156592
1475089417
1437377103
1263679126
1654030222
