0.00018446
0.00012292
0.00016526
0.00011148
0.00004639
0.00019766
0.00017962
0.00018852
0.00024991
0.00022898
0.00020530
0.00012939
0.00017377
0.00019890
0.00016040
0.00019350
0.00015544
0.00014374
0.00024626
0.00019655
0.00015635
0.00015906
0.00015844
0.00017320
0.00015874
0.00016183
0.00022221
0.00021539
0.00017346
0.00020874
0.00005977
0.00015121
0.00021480
0.00022431
0.00021271
0.00019590
0.00012256
0.00013376
0.00024408
0.00020916
0.00014367
0.00016570
0.00016377
0.00018969
0.00017944
0.00017028
0.00021082
0.00019982
0.00020098
0.00013368
0.00016596
0.00020657
0.00017066
0.00014088
0.00031362
0.00019266
0.00011653
0.00013388
0.00016532
0.00021057
0.00028664
0.00015799
0.00004787
0.00021799
0.00020505
0.00012502
0.00014196
0.00024408
0.00022617
0.00018794
0.00011853
0.00020442
0.00005384
0.00019661
0.00022180
0.00013759
0.00013410
0.00014683
0.00020080
0.00020015
0.00015832
0.00024408
0.00008594
0.00018275
0.00018038
0.00021313
0.00012610
0.00022456
0.00019596
0.00019476
0.00020343
0.00016591
0.00018204
0.00018764
0.00010530
0.00021015
0.00014896
0.00014191
0.00016927
0.00014576
0.00022804
0.00026548
0.00021712
0.00005326
0.00017046
0.00013646
0.00019862
0.00017373
0.00022066
0.00039517
0.00028983
0.00020627
0.00021286
0.00017491
0.00018125
0.00024338
0.00014272
0.00013253
0.00018745
0.00018034
0.00014013
0.00012556
0.00021700
0.00022791
0.00017424
0.00024584
0.00015875
0.00021147
0.00017168
0.00020528
0.00024021
0.00021306
0.00018871
0.00004986
0.00013330
0.00021003
0.00026258
0.00022533
0.00016004
0.00016948
0.00019096
0.00018206
0.00014532
0.00018305
0.00015847
0.00010919
0.00044091
0.00015823
0.00018902
0.00018751
0.00018872
0.00019482
0.00016281
0.00015390
0.00018551
0.00010059
0.00021300
0.00014308
0.00020286
0.00025539
0.00018100
0.00016889
0.00017130
0.00017492
0.00029993
0.00021357
0.00019981
0.00021308
0.00019288
0.00015459
0.00017682
0.00019220
0.00003401
0.00017397
0.00014310
0.00018560
0.00018533
0.00019524
0.00023576
0.00006880
0.00030756
0.00026074
0.00020465
0.00016423
0.00019416
0.00016989
0.00025943
0.00015266
0.00016911
0.00020156
0.00018779
0.00012070
0.00010958
0.00019732
0.00014987
0.00010295
0.00010344
0.00013832
0.00023057
0.00015277
0.00017615
0.00022527
0.00016450
0.00019443
0.00018581
0.00014764
0.00005312
0.00022818
0.00019378
0.00019413
0.00019770
0.00021769
0.00003768
0.00014206
0.00021158
0.00014578
0.00014451
0.00013349
0.00015004
0.00013616
0.00014544
0.00021344
0.00008259
0.00023925
0.00005070
0.00023602
0.00027542
0.00005955
0.00017397
0.00005143
0.00020118
0.00015431
0.00017967
0.00027519
0.00021396
0.00017866
0.00015969
0.00021484
0.00021380
0.00015172
0.00032526
0.00021436
0.00004629
0.00018065
0.00006875
0.00025841
0.00013797
0.00020994
0.00017650
0.00032847
0.00011092
0.00013130
0.00025297
0.00020592
0.00018445
0.00022254
0.00024731
0.00013288
0.00013369
0.00020924
0.00010840
0.00004595
0.00017406
0.00010628
0.00015235
0.00018822
0.00021203
0.00029113
0.00022497
0.00022441
0.00017159
0.00014379
0.00018231
0.00017388
0.00017690
0.00003317
0.00027288
0.00026425
0.00013258
0.00005800
0.00008601
0.00015615
0.00011703
0.00012586
0.00015885
0.00015127
0.00021046
0.00024605
0.00016044
0.00015125
0.00013721
0.00013802
0.00018132
0.00018982
0.00009784
0.00023300
0.00013627
0.00015913
0.00015194
0.00021112
0.00021792
0.00018979
0.00018854
0.00020705
0.00012287
0.00011533
0.00019721
0.00021421
0.00012641
0.00018617
0.00020784
0.00019878
0.00021515
0.00022768
0.00005224
0.00025626
0.00022139
0.00019136
0.00027470
0.00021578
0.00020604
0.00022474
0.00019212
0.00018976
0.00016703
0.00017097
0.00004271
0.00016179
0.00019541
0.00018059
0.00025234
0.00018094
0.00015518
0.00018667
0.00016743
0.00016915
0.00020092
0.00020677
0.00014270
0.00017379
0.00003733
0.00016641
0.00015145
0.00016976
0.00013527
0.00014760
0.00017810
0.00017550
0.00017619
0.00015424
0.00016954
0.00016812
0.00007360
0.00019674
0.00020926
0.00018933
0.00010008
0.00017858
0.00012870
0.00021932
0.00020351
0.00019234
0.00017196
0.00015048
0.00016743
0.00017743
0.00025451
0.00019378
0.00016023
0.00023579
0.00014958
0.00015577
0.00015377
0.00017735
0.00017459
0.00019268
0.00005095
0.00018708
0.00028201
0.00025030
0.00013977
0.00015833
0.00016638
0.00022565
0.00018716
0.00019567
0.00020210
0.00016315
0.00020787
0.00019212
0.00018132
0.00018828
0.00022938
0.00019953
0.00022698
0.00017022
0.00014731
0.00024900
0.00031980
0.00033412
0.00012028
0.00016480
0.00020511
0.00024012
0.00019458
0.00018773
0.00017042
0.00008970
0.00010707
0.00017374
0.00025425
0.00014603
0.00017778
0.00026017
0.00017558
0.00026078
0.00017230
0.00037393
0.00019538
0.00013894
0.00018090
0.00021405
0.00020609
0.00017040
0.00028974
0.00017999
0.00017365
0.00019001
0.00027027
0.00022984
0.00021364
0.00020677
0.00021896
0.00015502
0.00020741
0.00019299
0.00016234
0.00017683
0.00006269
0.00001876
0.00006452
0.00022227
0.00006864
0.00016389
0.00023249
0.00016950
0.00017622
0.00016256
0.00021390
0.00014764
0.00021520
0.00021929
0.00018395
0.00006225
0.00003889
0.00012514
0.00031919
0.00019554
0.00008034
0.00017541
0.00022349
0.00011853
0.00012280
0.00018807
0.00016425
0.00019293
0.00012927
0.00009552
0.00024241
0.00019652
0.00022802
0.00017943
0.00022622
0.00015820
0.00015762
0.00024795
0.00015781
0.00018843
0.00019127
0.00026018
0.00016481
0.00018138
0.00017330
0.00013187
0.00022480
0.00017750
0.00020564
0.00017635
0.00016554
0.00024570
0.00017849
0.00003771
0.00018682
0.00022883
0.00005570
0.00020443
0.00016835
0.00022377
0.00005604
0.00017390
0.00016930
0.00019575
0.00005193
0.00027088
0.00017742
0.00011808
0.00016925
0.00022636
0.00017950
0.00022553
0.00015637
0.00018705
0.00011283
0.00027447
0.00017865
0.00019359
0.00024202
0.00019027
0.00016343
0.00010887
0.00020111
0.00010567
0.00015634
0.00020697
0.00019075
0.00021015
0.00023460
0.00016210
0.00003341
0.00015650
0.00024635
0.00017203
0.00006668
0.00018899
0.00017875
0.00017913
0.00022756
0.00022257
0.00016013
0.00027752
0.00017584
0.00022650
0.00017314
0.00021913
0.00017066
0.00016613
0.00024082
0.00018167
0.00016413
0.00020376
0.00015442
0.00018347
0.00015910
0.00017650
0.00012747
0.00015426
0.00019358
0.00020581
0.00011654
0.00017467
0.00017121
0.00026161
0.00014447
0.00018804
0.00014170
0.00009343
0.00014846
0.00025967
0.00015336
0.00021699
0.00018104
0.00016224
0.00015915
0.00020191
0.00017891
0.00027611
0.00020832
0.00025950
0.00005041
0.00017956
0.00031156
0.00019254
0.00026355
0.00012935
0.00003258
0.00026272
0.00015123
0.00022544
0.00009232
0.00014045
0.00019080
0.00014219
0.00017279
0.00025610
0.00015662
0.00020555
0.00018524
0.00020962
0.00003935
0.00014532
0.00019519
0.00015798
0.00020472
0.00019684
0.00016741
0.00012718
0.00006812
0.00024928
0.00007454
0.00016243
0.00017800
0.00016419
0.00019765
0.00018400
0.00017496
0.00016778
0.00013639
0.00024918
0.00022921
0.00019524
0.00010875
0.00022808
0.00016223
0.00016297
0.00020013
0.00020185
0.00014617
0.00019855
0.00017597
0.00018793
0.00022506
0.00018089
0.00010907
0.00014156
0.00015533
0.00005103
0.00005621
0.00004569
0.00022882
0.00015880
0.00018383
0.00017577
0.00019637
0.00013496
0.00018728
0.00020710
0.00019872
0.00016564
0.00005666
0.00010744
0.00022708
0.00018798
0.00020842
0.00017979
0.00014374
0.00020931
0.00021474
0.00023076
0.00017060
0.00005994
0.00014620
0.00014400
0.00016767
0.00023644
0.00016294
0.00017733
0.00018856
0.00025497
0.00011813
0.00014567
0.00016063
0.00019230
0.00015486
0.00020578
0.00028492
0.00018408
0.00022552
0.00014622
0.00016525
0.00021055
0.00021498
0.00004551
0.00012179
0.00017301
0.00015557
0.00002875
0.00015785
0.00020699
0.00023707
0.00023318
0.00019176
0.00017869
0.00014610
0.00019072
0.00020854
0.00022363
0.00015065
0.00021616
0.00032384
0.00020048
0.00021789
0.00024199
0.00020626
0.00020906
0.00019216
0.00020126
0.00027659
0.00020860
0.00025264
0.00015336
0.00019983
0.00019331
0.00017976
0.00015288
0.00017436
0.00023205
0.00020258
0.00012783
0.00020865
0.00005572
0.00017552
0.00021777
0.00024917
0.00009963
0.00021449
0.00012894
0.00014152
0.00017262
0.00021498
0.00024910
0.00020483
0.00018411
0.00019702
0.00015943
0.00020776
0.00016611
0.00010056
0.00023944
0.00015357
0.00019857
0.00014181
0.00035210
0.00019745
0.00024821
0.00003020
0.00022330
0.00015150
0.00026323
0.00021282
0.00015621
0.00024655
0.00020621
0.00023103
0.00018545
0.00016848
0.00022265
0.00012661
0.00016941
0.00023134
0.00024199
0.00019276
0.00031066
0.00013145
0.00020249
0.00014187
0.00012759
0.00009069
0.00017868
0.00014547
0.00005723
0.00019253
0.00006440
0.00020465
0.00022341
0.00035168
0.00020481
0.00017472
0.00013917
0.00017564
0.00010751
0.00022699
0.00019924
0.00012611
0.00018954
0.00020807
0.00013757
0.00018443
0.00010112
0.00014646
0.00018182
0.00014379
0.00004857
0.00018253
0.00005056
0.00031535
0.00024295
0.00025222
0.00015403
0.00011503
0.00020206
0.00020597
0.00016900
0.00018171
0.00014805
0.00014313
0.00014559
0.00017379
0.00004557
0.00024308
0.00015688
0.00018629
0.00025885
0.00019018
0.00017339
0.00018402
0.00013393
0.00021291
0.00020867
0.00025399
0.00018815
0.00031312
0.00018717
0.00016150
0.00004769
0.00021860
0.00016729
0.00022357
0.00022016
0.00014405
0.00022230
0.00021025
0.00018123
0.00027223
0.00022049
0.00021255
0.00017517
0.00013739
0.00011761
0.00019184
0.00015162
0.00014592
0.00020243
0.00019299
0.00015374
0.00018439
0.00021443
0.00018775
0.00014112
0.00026762
0.00016929
0.00021347
0.00021102
0.00022240
0.00013776
0.00024621
0.00005514
0.00014185
0.00022093
0.00006099
0.00017588
0.00013959
0.00017689
0.00017886
0.00007974
0.00005432
0.00009392
0.00018237
0.00023531
0.00017841
0.00014873
0.00017346
0.00005277
0.00022228
0.00021701
0.00008815
0.00018876
0.00017826
0.00013984
0.00022310
0.00010209
0.00018198
0.00019443
0.00022864
0.00027660
0.00014384
0.00015712
0.00021310
0.00018177
0.00003912
0.00020327
0.00019514
0.00020734
0.00017998
0.00014812
0.00019153
0.00016947
0.00014140
0.00019157
0.00017778
0.00010577
0.00017137
0.00028539
0.00016526
0.00020366
0.00025733
0.00020130
0.00019729
0.00013613
0.00024220
0.00023600
0.00010867
0.00032454
0.00020066
0.00019206
0.00011296
0.00018788
0.00009393
0.00029679
0.00019097
0.00020515
0.00024954
0.00025283
0.00011683
0.00019646
0.00017574
0.00012201
0.00005322
0.00017749
0.00020332
0.00017636
0.00021194
0.00015543
0.00018105
0.00018933
0.00004659
0.00019290
0.00019181
0.00016708
0.00022523
0.00010265
0.00017508
0.00018408
0.00017871
0.00016402
0.00017768
0.00017013
0.00019988
0.00017250
0.00016893
0.00019062
0.00023121
0.00021611
0.00022694
0.00008504
0.00012975
0.00020381
0.00019882
0.00026854
0.00025987
0.00014286
0.00028917
0.00021269
0.00016747
0.00016392
0.00021623
0.00009525
0.00019838
0.00023051
0.00005028
0.00009699
0.00017781
0.00017989
0.00013044
0.00021761
0.00020178
0.00022544
0.00004926
0.00016951
0.00016797
0.00015077
0.00009019
0.00024559
0.00019455
0.00024054
0.00017004
0.00016253
0.00012295
0.00021200
0.00021280
0.00018065
0.00014105
0.00005887
0.00019249
0.00022985
0.00015898
0.00008645
0.00017825
0.00024102
0.00003313
0.00022139
0.00016520
0.00017132
0.00014460
0.00019626
0.00019596
0.00018205
0.00020571
0.00017843
0.00019714
0.00019387
0.00026372
0.00020441
0.00010083
0.00023515
0.00017109
0.00023066
0.00017613
0.00021549
0.00012860
0.00019227
0.00008427
0.00023188
0.00019302
0.00016862
0.00025604
0.00019861
0.00018138
0.00016671
0.00017811
0.00020038
0.00016164
0.00018320
0.00012873
0.00014163
0.00016443
0.00005771
0.00021425
0.00012144
0.00016939
0.00019798
0.00018028
0.00012532
0.00006684
0.00018646
0.00028248
0.00020770
0.00020703
0.00017291
0.00022987
0.00011351
0.00023272
0.00028609
0.00014280
0.00022076
0.00017748
0.00018067
0.00010602
0.00019333
0.00006618
0.00021981
0.00024877
0.00026328
0.00020078
0.00016425
0.00025360
0.00018663
0.00023328
0.00014632
0.00021923
0.00019094
0.00019663
0.00018806
0.00023824
0.00021498
0.00015986
0.00019607
0.00011011
0.00028981
0.00021886
0.00019750
0.00012902
0.00016020
0.00022875
0.00018317
0.00018660
0.00015276
0.00013819
0.00022216
0.00019756
0.00015360
0.00017959
0.00025440
0.00024358
0.00021245
0.00012054
0.00003496
0.00014380
0.00006663
0.00021028
0.00022340
0.00017093
0.00016918
0.00022729
0.00025890
0.00022743
0.00021948
0.00014323
0.00021559
0.00017726
0.00029055
0.00017602
0.00020643
0.00017736
0.00021230
0.00008487
0.00011488
0.00024645
0.00015670
0.00015816
0.00022341
0.00003560
0.00022404
0.00023681
0.00016321
0.00017326
0.00005363
0.00019214
0.00026723
0.00019120
0.00013525
0.00024873
0.00019492
0.00020035
0.00010170
0.00019565
0.00019277
0.00017391
0.00023181
0.00021076
0.00017402
0.00023887
0.00018401
0.00028570
0.00023637
0.00020229
0.00016056
0.00016063
0.00020502
0.00017705
0.00008087
0.00021745
0.00016571
