-11293
755
242
-13023
-2108
-32763
-543
1838
1300
-3226
2892
-1121
2323
3140
2782
-5490
-8791
-4985
15800
-6688
-3706
15679
-1990
-29688
-2742
9288
2692
-15073
-1375
2098
-4943
5247
-19273
-25772
-3857
-6835
834
-4382
13093
-2298
8956
121
-17662
13150
11214
-22833
-8321
1063
-20602
-15893
-240
-17358
-10315
-8639
-4499
4595
-16077
18556
26232
-7302
21954
6265
-4806
2207
-10708
4010
3983
-1350
-16608
6824
-11835
5309
8828
-7459
-3412
5292
2699
10435
-2965
-2388
-1744
23534
9452
-3870
3003
-2227
-4365
1847
6240
-11909
-35285
-9073
-23764
-6728
-8264
-16068
-17111
-9161
-10515
6020
6816
11681
-16736
1232
4489
-19289
-12948
-125
-3242
3969
-6692
-17166
-11298
-3331
-12728
-23479
6920
-1557
6314
5379
-32819
-2421
-11480
-12921
-20831
-824
78
-2781
-2207
-14106
-7900
-14458
-9154
-7159
6886
-6348
-14148
-16022
-12797
19045
-4880
19589
7781
-13050
-2333
6994
3685
-12284
-5864
-7423
-1335
-23019
-4950
1632
-1630
8482
-4825
7991
10031
-22069
-8265
22758
-24490
4179
6120
-19364
-33410
13249
-7159
-7723
-3832
-5119
-4275
-8452
-23512
16087
2365
-13409
-12119
1825
-6544
7194
22089
638
2627
624
-14061
-6453
-8224
7862
-306
-20604
-17298
-17634
8681
7844
-10723
-8661
-874
-27710
-11078
9787
8016
-2595
-19453
-20212
22482
-18426
-4108
4
-7559
-18818
6338
6002
472
-29572
3171
-1444
-13875
9947
-4185
1392
37436
6653
-32353
-16686
-6106
4629
1314
21691
921
4271
7977
-8788
-8623
-12226
4231
-8639
-3481
4158
5465
9453
3432
-12800
-11780
7101
8683
-8517
-19416
12903
7389
-2468
-1648
-10753
2971
-8121
-9067
-3287
-7890
-3034
9765
21366
-7409
14226
1201
-2461
-17026
-13243
-35054
-9451
14103
-1772
-29654
-20255
1520
-11332
1750
-32764
9631
4683
4723
1946
2789
4698
-20185
-3181
-22770
-12851
-16546
7884
-20187
-19979
10533
-5767
-13104
-8314
-9253
1444
-30013
-14005
-18267
933
315
-2639
-19098
2719
-13257
18275
-26702
-4864
-26241
2902
25121
-10567
-3958
14603
15864
-19316
-11939
5044
-14220
-9540
-19073
-34901
-8559
-4187
18389
-10984
-15388
3972
4803
-21636
-2068
-20380
-10341
-34288
-16919
-1561
-14262
-3664
-22329
10249
-661
19531
4059
-24
11075
-2117
-13828
-7479
-5720
-21026
21292
-7116
4561
8742
11664
836
12649
-2222
-8260
-26386
35431
-10714
-3638
31296
-9433
-30862
-1832
-9151
-27594
-14617
-1069
-12987
6173
-710
9038
-22795
4571
-7067
8512
-16094
-25544
-13917
8017
-4660
-9117
183
-8503
-11673
-3028
-7523
-11565
-8428
-10021
-15848
-4183
3606
-7927
4949
3350
1537
3356
16576
1203
12183
-358
742
-2340
18807
-2106
-14331
-15945
-4245
-22628
17315
-352
2326
-991
-17587
-14520
-1371
-5537
-1368
-13722
-9004
1556
-7029
-6924
-28364
-10365
7930
-17803
-11827
-10026
-21100
7421
-18096
452
5928
12722
9046
-3087
2556
-14718
-3957
14335
-4066
-95
-3410
-979
-6223
6655
3357
3479
3485
4827
-8537
-1955
-18975
-18673
-14940
4803
-18485
-7639
-10077
-16551
20462
-2882
-2597
-19226
-9647
14191
-18057
-22402
-935
-458
4141
-3621
2933
-13299
9453
6774
11065
-13340
-26393
-3894
-9345
-14980
-8596
22221
17615
12123
18782
8892
10961
-12124
-19352
14789
-473
-13924
-15348
6894
-16291
-1332
14467
2319
12038
-12738
-7640
-2380
-16082
7055
6391
-3322
-9748
-6265
-9188
-2147
8818
-1061
8493
16905
-1960
-5367
-20346
-11169
-6559
23034
-12466
-22328
-12614
12689
-26030
1044
-4858
1140
10133
-5259
-10992
-19045
4349
-21538
-6695
23590
6490
6793
-5016
-6736
-10421
-5500
-642
13034
-2256
10055
22880
-19606
-3584
10588
9999
-5059
-10804
-13809
-14740
-28222
-11927
718
-2392
7210
-11176
4301
14331
-47135
7015
-18929
432
-6308
-4196
-5186
33429
-6112
12324
-8569
16217
-3662
-9743
-4881
-4733
-3227
-429
1227
18930
-2318
4957
14363
-9589
-1369
9874
6871
-14964
-21294
-7790
-8390
-13713
-8405
9258
8641
-7362
-11082
-13761
-8443
-10954
-17177
-7425
-2678
-22118
-7430
12933
-1403
19503
-12295
-21160
-19885
10665
1501
-3320
-2414
-1598
12520
-24332
-6849
-15
-2396
-14342
9373
7873
-12766
27768
23225
-5096
-3935
1082
-5512
-14432
-14201
2846
-4830
135
13596
5009
-8047
6857
-29611
1689
-10519
-11271
-13202
-13139
10205
7249
-26656
-7976
-14612
-13754
-18148
14940
-3365
-3282
-9062
2786
-17640
-2880
28878
8365
-10353
18822
7083
-32254
2632
1287
1727
8175
-23562
-2400
-12422
5256
-5288
-8498
-9181
-17760
-22287
7035
-1798
-2951
-1527
491
-4949
6849
-104
8149
2936
-9280
-1806
-439
6486
-17350
1484
4033
9980
-27436
-4044
-4224
-10130
14547
-8884
7060
21257
-18968
-1188
13879
-7776
-6612
6138
-8364
11785
5172
17267
-19198
8475
-214
-4289
-3609
-19434
3946
-22083
10594
-6621
2858
-18509
-5802
-3186
4778
-12202
-19629
34483
-13994
178
-5217
-13324
-7961
14524
10805
-7088
1509
-452
-1477
11453
-14390
4203
9646
-21989
-13176
-8499
8294
-8790
6012
-2878
-2681
-12476
7678
-2214
9313
-21435
-1037
14534
-8089
-9462
-8585
-6820
-6001
-8614
16968
-19544
6204
-15967
4786
-14603
-3897
-4534
-543
2753
26256
-24683
10925
1621
-24921
-7416
-16476
-9878
-1760
6988
-8570
8109
548
5038
-5702
4229
9032
-944
-33037
2035
-5250
-3161
-1499
16057
12370
1276
1820
-20585
2963
16041
25826
-18287
10133
29002
-3071
-8894
3557
-30381
7399
-10733
-17696
6368
-25899
-5508
-10261
-20504
-20022
-444
19405
25219
-22222
1719
17370
-1461
4362
1594
-13850
-9662
-3666
-16211
462
-18233
324
-12072
-3046
7352
-28993
-13024
3511
6194
-1553
5638
-2261
8784
434
-21611
-1879
-7411
3838
-7779
-7076
-19636
1506
20006
-15639
-13301
-14584
-5423
-18751
-4478
-13900
5373
-9490
-1324
-5176
-8688
8453
19454
-1586
-1561
2300
29852
2943
16854
-6861
-8855
-10230
-19317
10600
-24970
8515
13843
22846
-9965
11820
-3127
-906
-2245
-5121
-21383
6913
-20944
4384
10825
-14145
2124
-6216
-10182
-598
-15138
-22546
2498
-14551
-5449
-12978
-2126
-22127
878
35662
-4972
-5684
7207
7540
-8013
-13487
-6448
-10203
9328
-1211
-15003
5850
-9541
3220
11056
11597
-685
-6346
-16756
-8854
-11170
-10122
2951
3885
-26523
-13491
-17349
-6444
8411
-7370
-14880
-15614
-7327
-11225
7867
-19596
4199
-15426
16618
-1934
-4376
-3169
-2223
6501
-4817
-17354
-8075
-5354
8585
-10113
1787
-465
5040
-13914
-16910
-5621
-4352
1469
-1275
-9425
-588
493
19080
-6815
13889
18558
-7390
1208
-10290
-7654
-23680
-19172
-15871
2475
-5853
-2730
-27306
11495
-22446
-18756
5483
10089
4012
5838
-21218
3501
-24853
-13224
-2487
7633
19207
-18483
23997
7385
2214
39
-10769
5150
-14493
3651
-4215
-13604
7269
-10802
6127
-4861
-1948
439
-11213
1706
4362
24705
-3766
1578
1699
-1088
2643
-8135
-18111
-3889
8007
3318
6806
9302
-13457
-19551
9457
-16933
1044
-16859
6263
642
-18818
-7044
2613
-12643
-7906
29695
4688
-20425
-3618
-3187
-24187
-8814
989
-29690
-8640
-4491
-15298
-2234
13885
-33723
-6276
-1380
7564
3607
-4154
7886
-17252
-14819
2536
4354
1393
-34336
-45572
-4995
-8250
581
18117
7927
-31300
-3269
-16850
-15730
-8626
-13468
-4733
950
-1692
-4308
-26785
-1186
-6361
-24264
37872
-15918
-18366
-22275
-21130
-8280
6234
-14317
-12533
-12129
-6191
18307
-138
-12496
-9061
7677
-11918
-7384
21832
-2670
-3484
-17578
4227
12359
-11826
6100
15179
3299
-5393
-9921
12771
-26772
-10784
901
8522
7441
-20785
-597
