0.00305319
0.00193831
0.00259700
0.00233663
0.00220335
0.00287867
0.00170246
0.00329649
0.00231790
0.00182246
0.00272668
0.00252343
0.00214771
0.00297209
0.00231196
0.00258915
0.00222764
0.00257068
0.00353913
0.00268067
0.00249907
0.00351515
0.00175864
0.00272895
0.00234603
0.00168314
0.00322087
0.00319497
0.00195121
0.00210397
0.00218890
0.00225602
0.00272329
0.00225537
0.00226177
0.00221088
0.00370391
0.00199744
0.00283786
0.00246453
0.00305815
0.00217218
0.00249922
0.00482286
0.00242878
0.00248134
0.00185327
0.00207408
0.00217295
0.00288326
0.00230107
0.00269954
0.00195766
0.00252913
0.00309235
0.00289317
0.00248020
0.00266603
0.00298796
0.00252285
0.00212613
0.00214164
0.00267312
0.00675032
0.00258590
0.00207720
0.00224419
0.00332142
0.00244987
0.00276516
0.00559684
0.00248792
0.00274002
0.00277317
0.00438701
0.00264757
0.00231225
0.00502800
0.00229250
0.00250047
0.00282056
0.00332225
0.00223284
0.00270108
0.00248826
0.00231381
0.00253960
0.00274711
0.00277843
0.00279816
0.00241115
0.00230142
0.00188913
0.00270393
0.00338356
0.00290570
0.00244109
0.00355650
0.00249308
0.00163983
0.00253034
0.00317571
0.00260317
0.00283530
0.00230682
0.00284911
0.00188807
0.00280676
0.00267848
0.00304887
0.00229264
0.00227202
0.00277782
0.00308887
0.00312086
0.00276159
0.00291044
0.00159699
0.00199670
0.00313651
0.00206895
0.00310270
0.00265403
0.00242154
0.00239603
0.00220885
0.00439684
0.00217571
0.00328845
0.00177502
0.00253575
0.00265742
0.00259141
0.00235996
0.00276822
0.00200407
0.00312773
0.00213780
0.00277066
0.00239929
0.00268436
0.00197955
0.00343422
0.00246368
0.00241344
0.00259049
0.00344894
0.00249322
0.00220470
0.00279472
0.00395916
0.00211211
0.00217473
0.00262377
0.00293648
0.00252040
0.00289883
0.00191338
0.00321557
0.00255600
0.00262969
0.00203096
0.00228113
0.00241093
0.00278588
0.00234310
0.00257238
0.00258311
0.00249894
0.00246384
0.00203980
0.00266134
0.00293973
0.00248389
0.00203122
0.00243859
0.00239123
0.00290806
0.00210551
0.00318736
0.00237877
0.00231888
0.00269426
0.00231603
0.00194508
0.00252296
0.00264395
0.00249080
0.00308600
0.00297292
0.00257650
0.00288093
