381859
-40977
-313017
24529
45820
-636930
245881
-36090
-28314
144641
139938
23031
-201287
786539
-479806
-353248
723198
836472
497101
434692
355703
-312611
173879
296113
241653
264716
378130
-157156
-357742
-218163
47154
-408674
224359
-486897
-533931
492983
-78537
56199
185618
-132354
283538
446289
-121929
-135121
-209152
326527
-116963
-162304
-25770
977495
399729
-685728
181319
289762
-9952
-12504
333841
-53660
182946
-279704
119194
-314305
158070
1471076
-168615
-287156
-16865
42048
-22602
157904
1280033
294744
-858349
-442466
-244896
-42437
115616
-589130
169024
-604713
-862056
625275
-124284
-78230
371977
117417
-87014
17014
-149469
-672055
-47205
-223274
-24755
-293576
781474
-580130
-398207
-244849
329435
52975
-482418
319074
-129495
388761
-367982
-53608
344945
127935
-158150
268851
595068
6822
-392748
358926
-1137912
-71959
27301
-235248
89765
73640
146026
730188
-305979
-97067
502702
660894
-1449142
165481
619003
13301
175947
-944622
-418163
67209
576472
-208941
628033
-230438
-159876
-224660
-353203
80243
-178892
391379
-415533
204261
-562863
-453446
393839
372208
12178
-142627
-122367
98281
-89203
-218457
-774589
-155808
-1007191
-368565
-367384
-325062
275479
138001
-58007
-92098
-245608
143327
256460
-282970
264441
128518
575774
-165744
445719
241918
29601
24663
81149
-1016480
96972
-51616
430907
-139811
-189280
-58012
-166037
-781824
163466
555572
-51961
-46559
