0.00735305
0.00466806
0.00625440
0.00562736
0.00530637
0.00693276
0.00410007
0.00793900
0.00558225
0.00438908
0.00656672
0.00607721
0.00517237
0.00715774
0.00556793
0.00623551
0.00536487
0.00619102
0.00852337
0.00645591
0.00601855
0.00846560
0.00423537
0.00657217
0.00564998
0.00405354
0.00775688
0.00769450
0.00469913
0.00506703
0.00527157
0.00543322
0.00655854
0.00543165
0.00544707
0.00532450
0.00892020
0.00481048
0.00683448
0.00593537
0.00736500
0.00523130
0.00601891
0.01161499
0.00584928
0.00597586
0.00446325
0.00499505
0.00523316
0.00694381
0.00554171
0.00650136
0.00471466
0.00609094
0.00744735
0.00696768
0.00597312
0.00642065
0.00719595
0.00607582
0.00512039
0.00515775
0.00643773
0.01625692
0.00622766
0.00500256
0.00540471
0.00799904
0.00590008
0.00665939
0.01347897
0.00599171
0.00659883
0.00667868
0.01056532
0.00637619
0.00556863
0.01210902
0.00552107
0.00602194
0.00679280
0.00800104
0.00537739
0.00650506
0.00599253
0.00557238
0.00611616
0.00661591
0.00669134
0.00673885
0.00580683
0.00554256
0.00454963
0.00651192
0.00814870
0.00699784
0.00587891
0.00856518
0.00600412
0.00394924
0.00609386
0.00764811
0.00626926
0.00682830
0.00555556
0.00686157
0.00454708
0.00675957
0.00645063
0.00734266
0.00552140
0.00547176
0.00668988
0.00743899
0.00751603
0.00665080
0.00700928
0.00384606
0.00480870
0.00755373
0.00498269
0.00747230
0.00639176
0.00583183
0.00577041
0.00531961
0.01058900
0.00523980
0.00791962
0.00427482
0.00610689
0.00639991
0.00624095
0.00568354
0.00666676
0.00482645
0.00753258
0.00514851
0.00667263
0.00577826
0.00646480
0.00476739
0.00827069
0.00593332
0.00581233
0.00623873
0.00830615
0.00600446
0.00530962
0.00673057
0.00953492
0.00508664
0.00523745
0.00631888
0.00707197
0.00606993
0.00698131
0.00460802
0.00774413
0.00615567
0.00633313
0.00489120
0.00549368
0.00580629
0.00670928
0.00564293
0.00619511
0.00622096
0.00601825
0.00593372
0.00491248
0.00640934
0.00707980
0.00598200
0.00489183
0.00587290
0.00575884
0.00700353
0.00507074
0.00767618
0.00572883
0.00558460
0.00648864
0.00557774
0.00468437
0.00607610
0.00636748
0.00599865
0.00743208
0.00715975
0.00620504
0.00693820
