74477
-88161
-68289
74643
79728
75988
85746
-42186
75542
5666
78424
79172
-74516
-60648
77878
83106
-70219
76799
74312
75631
79007
75061
-69281
-82034
-63577
-79870
-59167
77674
74967
77859
81617
-64299
-61587
76780
-84984
-67416
77716
78313
75814
79211
-77633
-56192
-71611
29424
75159
78825
79889
81351
-71790
-61009
-63564
75064
77860
76386
-63436
80954
76976
78744
78006
-79927
78939
-66210
-86313
78658
76294
77482
74703
80323
81995
76711
77255
76249
-68585
80283
-63443
73763
-88247
-64581
78593
76625
75986
79170
77149
79965
-63609
78819
78329
80994
76222
73307
75314
74516
-69380
-78099
76180
76426
-69176
-63335
75563
76761
-98524
673
78954
77252
-74721
70991
-65412
-61571
78246
-71360
-61621
-69690
77364
-66922
78168
75467
-79440
75981
77176
-76422
76436
-75748
-83316
-2153
-70024
74175
-67873
78899
77176
-59895
77056
74945
-72770
-48579
-4301
75530
10419
81291
75520
-54718
75545
78680
145
76014
80101
-87901
2776
76728
-71891
75848
81096
77343
74403
77043
81300
142
78637
-57252
75930
-74050
78978
81605
73153
-72708
77637
74762
-64581
74169
76227
-53413
79575
79486
73214
85424
77323
78168
81884
-67217
79759
-54380
-55424
-71977
74291
78235
-55301
-60583
-76499
76457
-65228
-63964
79041
-70523
-70386
-71340
-68951
-73241
79830
74633
75444
-4967
72335
75810
-66937
-62866
72926
80413
78023
70808
76640
77330
-71131
75903
74740
78009
-72823
75406
76086
74379
81861
-26880
-62781
-68450
79000
76479
79045
78736
-65258
-75221
78219
118
73330
78644
78405
78511
76479
75168
74015
81184
75467
76741
-54063
-61350
81734
76423
-15849
78174
79084
77573
-71525
-78587
-91255
80953
78679
77900
82535
-69619
78907
79923
78529
76449
79784
79646
73519
-66088
-59461
81254
75593
-55426
77632
-77545
79169
-6129
82836
74664
73900
-66330
79929
73441
71617
77814
-70840
75434
-15813
-68013
-76476
74661
71365
72883
79754
79260
-62783
72690
78661
-12497
-74306
76789
-68213
76482
76795
-76269
-65526
74417
11137
-72030
-66665
-9239
74309
78636
-24004
-66073
-61127
72085
78097
79794
73666
78488
77730
78421
-69291
75884
76757
-55448
76193
-74238
80829
7048
74070
79209
73760
77193
-69684
-71001
78464
81399
-1822
-69404
-57617
78397
-71912
79944
77855
77133
75915
-63164
-71032
-58115
-61856
74194
75498
76832
82088
-65302
-69580
76317
80666
75827
-70266
74284
-73264
-60236
78601
-76917
79689
82377
-83984
-66235
72577
78845
76426
80625
-93838
-69198
78460
81760
-62849
-66540
-60303
75377
77824
-78868
77611
-66007
-74790
81026
72022
75586
77757
20995
-66677
77196
77160
79093
70798
-4478
-66293
81932
-65819
81872
76498
77670
76883
71904
74435
73591
75419
77581
-100419
78556
73432
78964
75177
-70576
-73632
-64225
75820
72731
-28094
-74905
74497
-71836
78157
-25277
76234
83003
-76027
-58623
76693
75217
-70345
76273
-64504
75285
-74609
75698
77795
77197
73328
-65486
75476
-76510
-61701
78445
-82702
74324
86030
-67908
74661
-68939
-62802
75574
254
-58372
76295
76449
74200
-6445
72414
76187
-64948
78267
79113
81619
80863
76679
-74346
77299
-93608
-74469
75095
84557
52785
75907
73996
78959
78463
78476
82073
75091
77311
76916
-62418
78915
-82688
79024
75632
-65331
74173
-68777
67390
79745
76844
-66645
79714
77755
-66007
75916
73763
72376
78226
82601
-74733
78582
74694
-82437
76649
74327
78199
75114
-51704
76696
82951
73041
77384
81661
77139
74776
-66801
-68939
78302
-65949
74848
79576
74719
-74162
77281
77742
71930
-9595
75827
80926
77153
77527
75353
-82354
-73414
81210
-77125
-79043
-66083
77426
-73576
76787
-76331
-65170
-84884
77571
78323
76475
-55617
82509
-70599
-64744
-75932
80137
-85517
79834
75005
-72636
79770
75362
76798
-6158
-41177
-94054
79534
78876
75119
-74350
68778
-71098
78655
74057
76504
75871
76702
76190
74489
80254
83998
-66676
81931
76449
-2159
76732
-72172
74588
74489
78865
79617
-72312
-78062
81137
79115
76623
-68769
78453
78172
73559
-24062
-68066
74043
77444
79247
78826
83530
72120
82082
74731
76207
-52134
-88820
73521
0
79517
12721
-83551
77451
75252
-82830
79076
87694
75898
-67273
72384
76460
-70053
73844
-54341
-70173
78121
74501
78577
75636
80885
73016
73546
78242
83286
-58236
75074
-69834
-71258
81978
81268
-69249
75505
-65403
-6264
78760
-593
75227
75047
74559
-28178
-73976
79758
90825
72333
79751
77816
-60174
-77482
75745
-70268
77493
-38293
73373
77655
77121
79805
-72912
-69861
