1322442382
2091751511
2090292308
1556904111
1077220395
1309884357
1339756760
1242199083
1426305489
1412869438
1214789899
1440114821
1527268516
2137754426
1298027193
1509064615
1341886423
1550643538
2075103847
1761460885
1271733366
1283617107
1750491820
1859061085
1134724778
1518637238
1842993848
1945870126
1159358449
1314765801
1955140960
1640547763
1137582005
1233215981
1614932192
1435638584
1146445583
1253542953
1261516952
1184726388
1123864130
1577126447
2007797933
1547291412
1121442558
1216447950
1205052791
1219904622
1945858858
1200307137
1883838332
1482961953
1304361694
1724445386
1544289915
1167595890
1540921341
1414100655
1088683904
1896776478
1363152954
1149178914
1490254098
1107893766
1459632800
1307161839
1194172281
1406668963
2120800239
2015848136
1189580572
1178687370
1641514616
1296592803
1204683039
1326243765
1667823775
2115924770
1118472818
1171134002
1361132435
1425045475
1482354596
1489133062
1253249462
1363049887
2143514636
2063401425
1165219790
1457165359
1227029164
1127408218
1673806257
1306472160
1141983517
1341365412
1720633133
1911499405
1314174380
1552221856
1704116729
1758329357
1298022811
1208948818
1611747783
1112318441
1239932811
1794655935
1759456529
2037997291
1176556228
1474479965
2089544950
1978070255
1278321691
1558744221
1976816273
1390547216
1380968435
1974312294
1195460352
2071455384
1857748087
1909130988
2106777547
1256187674
1096167840
1515090430
1586574252
1227830053
1309449441
1666773627
1455829710
2097511653
1287346327
1217508547
1548669403
1390606802
1151311490
1857086381
1238322452
1312306213
1748544319
1532219790
1947339573
1085096586
1714185777
1448722924
1799196082
1937539579
1129386679
1498891283
1848159518
1213455730
1156036656
1678188670
1665507922
1256836205
1370565125
2036028619
1369041954
1387396953
1442484660
1703204078
1202229427
1618146081
1807496694
1150465676
1191303900
1799672770
1216058791
1213653667
1355892394
1134392474
2023419032
1462484279
1163689277
1162368425
1093555730
1480682545
1248404498
1706457691
1546809203
1075295317
1303479195
1085471744
1601078640
1568857341
1092321895
1099997030
1169157021
1717181673
1268699828
1337779324
1310721463
1189677491
1363207930
1615059958
2079168331
1820180652
1169468382
1406629296
1502292866
1549761904
1155175988
1437735648
1270532653
1405409291
1707227984
1469898841
1394373390
1475056020
1999432556
1560475460
1754419034
1356957316
1280351599
1418473711
1610447646
1208415959
2101711881
1105617318
1325820232
1149206857
1340731649
1232069562
1169906769
1576658614
1162236050
1242553999
1107609779
1787607141
1861517031
1286201501
1288532015
1287360043
1804353375
1563804196
1199477543
1397301380
1792447325
1099449294
1324096733
1303630499
1307459598
1285708480
1124805669
1128976007
1136779671
1088397640
1289797606
1728583513
1550899752
1575603765
1241529967
1374311646
1304137578
1350077492
1491294776
1576013355
1352588073
1310496209
1478490041
1888400288
1553743229
1589126378
1152566553
1540862131
1309477157
1300930347
1620955445
1976307373
1182748439
1314973641
1243561128
1863705836
1557514256
1204300994
1407030520
1393845390
1328792476
1630464965
1199378318
1245782087
1450896732
1419180264
1708170263
1595526953
1514406129
1216198110
1447694083
1233446528
1655989467
1670699020
1194466569
1174443559
1363698277
2062111249
1448274350
1792556139
1450459057
1363883124
1384956943
1891386305
1764555175
2133887083
1304148391
1224688407
1380247825
1704000880
1432633331
1460912449
1363862295
1643905341
1435577917
1310151725
1165235270
1160761538
1742479976
1562119681
1511909606
1385518326
2051668613
1512626232
1164285024
1215218725
1630658065
1839053157
1537594483
1490621289
1916076659
1478726394
1096924474
1082943214
1382686926
2010724876
1760034804
1444471828
1175543880
1283798028
1361011499
1227219020
1222357950
1241149117
1807415311
1720191411
1935303993
1317568677
1505218670
1126174838
1934053540
1811821035
1676971089
1911920889
2129370496
1687414294
2044100220
1327808197
1403350357
1662592953
2080718251
2092329672
1443658681
2038145943
1798494310
1662011411
1488805196
1379401385
1085635398
1150299097
2054235592
1464673425
2023934192
1157728569
1632537785
1546122843
1910268985
1199951272
1591071148
1771646168
1494371851
1276026781
1920801996
1972997418
1201961261
1888257782
1125346496
1804242740
1169488699
1413746326
1112407052
1403289178
1414467505
1497089418
1762942921
1138601626
1183182558
1137536476
1406699923
1405538650
1900754002
1283147760
1565418254
1276360189
1077910898
1329330970
1145588659
1435922742
1091192663
1500187436
1146229775
1497313363
1965386968
2060044234
1354530110
1117236991
1576556003
2116007974
1345796745
1079412045
1142815160
1989022473
1577581543
1135677927
1342815578
1664721523
2025758538
1308684384
1255683827
1252209069
2059883517
1175748020
1494474690
1265752853
2112028288
1155891533
1223874691
1296897324
1218469663
1633683703
1742637051
1118032269
1455629866
1170041022
1594559690
1774955896
1304107585
1322390649
1985852292
1522480121
1809440041
1475213379
1524291206
1159934163
2109059572
1725398592
1434173007
1079318597
1589881647
1122800573
1512462897
2139609390
1177631838
1424092895
1394362030
2126489196
1194290030
1581818240
1476208244
1270031095
2062856444
2012966039
1422076930
1469087572
1158144476
1358106182
1520964690
1364231648
1225157241
1303934519
1116591106
1887768118
2000446372
1083414610
2070928045
1851455131
1114879843
1700138727
1821181959
1372834061
1955249661
1536655278
1803430731
1290243392
1939803848
1557238237
1345834591
1407972799
1315024861
1598596857
1539395939
1407539818
2027288197
1553330145
1772919499
1348894536
1832217098
1137526403
1899273104
1268437012
1963203001
1345157747
1379218131
1228031997
1424208824
1259211707
1951244820
1544847827
1166512016
1117003052
1234879324
1323998334
1750201801
2083536721
1242920080
1391020546
2063983627
1717431849
1960679103
1804942520
1137566810
1178053038
1308261534
1149585060
1873072850
1254462752
1491543649
1631153022
1910948732
1336624652
1284507209
1714160110
1467180477
1957644143
1771869601
1223969049
1179595104
1571267929
1247874541
1269776930
1877835065
1136926388
1589785729
1348199821
1817387178
1418037203
1394131711
1248098544
1556770882
1388661122
1103958129
1962623872
1116627302
2044310974
2078526259
1169738482
1446780658
1110355688
2120437031
1794970084
1703423698
1719107059
1252344973
1364630653
1225490001
1250622441
1448871917
1184084088
1371539502
1080233160
1261994835
1866686162
1184842544
1331536279
1715115205
2093334212
1879813754
1409911194
1320693785
1455265549
1316259606
1480558650
1347520301
1450730523
1487969569
1293412264
1480534975
1409566938
1994182498
1076131285
1304326637
1809979275
1126844171
1336814622
1302267362
1184141967
1425661937
1190068073
1831630002
1471337226
1777733868
1293213530
1346512688
1418541663
1401461446
1753297292
1107330687
1234164520
1909221819
1351479499
2067108735
1960343782
1471653242
1623925584
1798297682
1838826127
1449257548
1659965613
1221485103
1371164286
1206217365
1343142180
1439174420
2050401997
1692278949
2026083728
1285447200
1278904803
1798809541
1395522051
1122028459
1934300080
1297034263
1309813047
1546329385
2131102873
1339842696
2125814656
1283382519
1617241648
1381836672
1383954224
1371806984
1603177639
1902722560
1347035873
2075123766
1887271853
1281201739
1334125397
1788799226
1650542468
1571818772
1551874357
1494133052
1423237520
1544436291
1474618486
2063789446
1898253324
1821716640
1388978914
