0.023236945
0.004594332
0.018364508
0.027356727
0.018928092
0.023016285
0.02354118
0.0027283714
0.025061948
0.02482586
0.021345358
0.025304595
0.026835993
0.004695373
0.02280794
0.026516128
0.0058946502
0.027246721
0.018231068
0.015475521
0.022345925
0.022554737
0.015379151
0.032665998
0.03987703
0.0066710827
0.0040479596
0.01709567
0.020371359
0.023102058
0.01717712
0.0072066123
0.00499718
0.021669127
0.003547044
0.012612971
0.020144464
0.022026297
0.02216641
0.020817105
0.00987384
0.0034640073
0.004409936
0.05437564
0.01970513
0.021374492
0.021174265
0.02143523
0.017095571
0.0052727195
0.0041376706
0.026057472
0.022919245
0.015150317
0.00678377
0.020516101
0.02707589
0.024847494
0.01912952
0.008332176
0.02395228
0.010096246
0.026185604
0.019467061
0.02564755
0.022968447
0.020983081
0.02471691
0.018632539
0.01771047
0.020902399
0.020710992
0.014421719
0.022782736
0.042335536
0.02330374
0.0073264306
0.03717941
0.019652948
0.02057827
0.023916777
0.012519904
0.0260468
0.026165906
0.01101057
0.023950469
0.018832099
0.018128255
0.02047435
0.025604194
0.021560417
0.019809954
0.014705421
0.045912657
0.02006606
0.023569446
0.015116824
0.008396851
0.023091666
0.027274454
0.0074858586
0.0077240043
0.022807863
0.021242723
0.014160199
0.019544808
0.010893575
0.00394179
0.030915823
0.017905064
0.0051683863
0.051816866
0.018357942
0.004344642
0.02246169
0.02738906
0.034735102
0.024433631
0.02426532
0.004336388
0.021005714
0.009099507
0.032642927
0.008386447
0.018509341
0.022072768
0.009630511
0.026622009
0.027878068
0.0053936224
0.023008643
0.014643635
0.025580725
0.0023034918
0.011310132
0.021393128
0.0136060165
0.024434678
0.020229964
0.0040789125
0.021758854
0.02305884
0.015362041
0.026922993
0.01710858
0.0047666216
0.03012036
0.02545585
0.007903524
0.017022481
0.019844718
0.02633737
0.016237222
0.021321915
0.020312991
0.0036859808
0.02926503
0.088336654
0.024082521
0.008943884
0.024055757
0.024378277
0.025346236
0.014963699
0.021124655
0.028432824
0.007939987
0.020215102
0.02093268
0.007905618
0.021367654
0.021325393
0.023824703
0.019932676
0.017776985
0.025697654
0.020447457
0.010212124
0.019215124
0.0032521775
0.005484002
0.014992284
0.027179347
0.018894266
0.0057259346
0.0047682696
0.007033232
0.02756676
0.004798361
0.0048320764
0.020543532
0.0037716252
0.011146311
0.011753217
0.011515497
0.010452051
0.023953246
0.028378597
0.018266777
0.0039978526
0.020549003
0.024716213
0.006599285
0.0068078074
0.020297868
0.02526279
0.022324827
0.024694776
0.029998103
0.025827937
0.0061252154
0.025918555
0.017566249
0.02741948
0.007706827
0.023843415
0.022497358
0.024924334
0.028297553
0.01061668
0.009232418
0.019427061
0.023296298
0.020192983
0.02355831
0.021648983
0.010278353
0.013851919
0.020421922
0.08733283
0.019462071
0.015705232
0.016354576
0.022600148
0.022641098
0.022620505
0.015852358
0.02747797
0.021076301
0.02455231
0.007873878
0.0048296703
0.023266014
0.022906397
0.091894716
0.022591485
0.019764224
0.019837502
0.009987311
0.009562245
0.005665834
0.015186673
0.027251223
0.027685303
0.021815214
0.024148352
0.022915307
0.023722528
0.013101945
0.0276925
0.023766642
0.023027036
0.025978895
0.008295381
0.0034126483
0.013961456
0.020252017
0.0033843562
0.02300913
0.005714738
0.028482188
0.00868154
0.02078235
0.02310571
0.021850904
0.016373806
0.027367448
0.021161055
0.024723263
0.024491584
0.005837131
0.028649282
0.08429823
0.021889929
0.050988093
0.024936749
0.01500733
0.028035378
0.026609985
0.021370102
0.006359443
0.021673178
0.029097779
0.014678122
0.020988252
0.020636423
0.011980931
0.01811692
0.025447968
0.003937178
0.012743178
0.02396511
0.024335403
0.008308498
0.062010825
0.03749503
0.022915497
0.021519287
0.012126329
0.0074853497
0.006293284
0.025670035
0.023964744
0.028885446
0.025224876
0.023020983
0.020474622
0.020396013
0.007654381
0.027448371
0.026566118
0.0030431584
0.018025175
0.05315742
0.020457925
0.021352893
0.028652675
0.016157217
0.027017433
0.026192056
0.016833916
0.012991524
0.019274317
0.019028649
0.024295516
0.017665459
0.007731496
0.025381153
0.020655757
0.022557916
0.023914652
0.021563753
0.021478338
0.0054521305
0.015879259
0.0037782358
0.00425071
0.023151308
0.02644855
0.019788282
0.016991854
0.007958983
0.007366613
0.016797405
0.018707834
0.029649952
0.008979341
0.023331229
0.049317196
0.0036517263
0.018280394
0.07352963
0.025366865
0.01790637
0.06320353
0.014601796
0.026160145
0.024237785
0.019075954
0.020212175
0.036095455
0.05147224
0.017781511
0.02034272
0.003585713
0.0067918217
0.008391446
0.021084625
0.027957084
0.06226002
0.026257958
0.0056053414
0.016875431
0.017334
0.021119943
0.01658951
0.019773727
0.007925693
0.01027468
0.024841268
0.019546365
0.024657523
0.02485394
0.0131528545
0.0038721354
0.020006636
0.010394989
0.01998792
0.024717454
0.024697049
0.016699297
0.02254649
0.0137531655
0.022427224
0.018940225
0.023357986
0.0050323517
0.025230935
0.019173602
0.026360145
0.020140672
0.006577411
0.06906855
0.00452469
0.023800766
0.019631233
0.11080814
0.009295218
0.02364731
0.018966602
0.020080673
0.008737395
0.027720055
0.019955263
0.0058987318
0.029251212
0.017797539
0.0229952
0.0055159787
0.022002859
0.004524337
0.020659344
0.0131298825
0.02224084
0.018555472
0.020310441
0.021504989
0.0056970217
0.021410016
0.0035882299
0.007655071
0.019645207
0.051154427
0.020559065
0.014009191
0.015594083
0.02291478
0.011618018
0.008723469
0.026751855
0.06358819
0.00648033
0.013391839
0.020381475
0.01852939
0.060634766
0.02520019
0.01896496
0.055872366
0.019728992
0.02657584
0.018797789
0.020692445
0.02502307
0.012250331
0.01868252
0.0419703
0.0138972495
0.025938801
0.022316014
0.018123467
0.017685149
0.024987647
0.025813682
0.020350028
0.023863602
0.026725227
0.023971234
0.021527525
0.022911739
0.009809942
0.016585208
0.017575156
0.019036932
0.018194381
0.016266176
0.019589815
0.003734192
0.032000415
0.024122389
0.017178075
0.013500465
0.015844252
0.022671169
0.017042374
0.027362598
0.023647975
0.02473982
0.02310661
0.01404466
0.0067622717
0.024732212
0.017810978
0.006823482
0.015576192
0.023701742
0.016097158
0.019987743
0.0020857858
0.022288004
0.01724795
0.023636082
0.024234565
0.021578038
0.025025107
0.022125904
0.008571445
0.0033931104
0.020497056
0.0049067806
0.021698354
0.023264285
0.030753206
0.018305156
0.02183964
0.024441948
0.01813337
0.060354795
0.017225776
0.015857534
0.019988453
0.020699846
0.02298777
0.040399257
0.016456101
0.022042459
0.026208263
0.028661372
0.008394432
0.023486145
0.0056425943
0.0150599545
0.006445043
0.008599556
0.003891742
0.021506647
0.020726942
0.027609117
0.005481674
0.022311548
0.03299588
0.0099886
0.0034918122
0.023689535
0.007983434
0.024916664
0.024496615
0.010965316
0.027354386
0.02440049
0.019397907
0.034485724
0.002452565
0.0044901334
0.018261136
0.020553749
0.025421722
0.01951032
0.018629348
0.01576992
0.029931257
0.0151034165
0.022005247
0.023978245
0.021533372
0.02197498
0.025458468
0.020805819
0.024099642
0.03796206
0.022174807
0.01639999
0.010409573
0.023396736
0.0037670864
0.018391233
0.033030648
0.02477388
0.02320622
0.012785406
0.011564153
0.026015243
0.023677595
0.025491126
0.026145462
0.02272685
0.026014827
0.024767831
0.004380031
0.018908955
0.022918629
0.015901785
0.019800043
0.023489483
0.022882445
0.020806836
0.02505064
0.020910965
0.032184
0.0032316514
0.0039046223
0.022723358
0.04731978
0.024925528
0.049250815
0.0077018994
0.019457167
0.021685794
0.008386846
0.023747163
0.018160826
0.01722283
0.012929382
0.028534377
0.015799155
0.0040388056
0.025465244
0.0036459556
0.021463001
0.024093049
0.021194728
0.023600666
0.025288071
0.018014047
0.014867715
0.017800396
0.011293447
0.022471936
0.003950913
0.024521045
0.019715425
0.01699402
0.022790493
0.023015032
0.006792729
0.018723054
0.04708538
0.14941275
0.022550615
0.028416932
0.024280576
0.024317784
0.024104342
0.11267924
0.016716592
0.023669083
0.036462486
0.016580848
0.022512296
0.02344223
0.0039289263
0.058004137
0.027618796
0.006817087
0.026253762
0.00625201
0.027137652
0.025910867
0.018131664
0.016677327
0.016004905
0.024406074
