0.00006288
0.00007303
0.00004602
0.00008106
0.00006329
0.00009489
0.00006855
0.00012010
0.00010139
0.00007253
0.00007549
0.00007682
0.00011217
0.00006859
0.00015261
0.00007699
0.00008671
0.00006572
0.00007472
0.00013868
0.00005202
0.00005797
0.00017063
0.00007169
0.00007214
0.00006403
0.00008623
0.00006775
0.00007861
0.00007002
0.00007452
0.00009917
0.00009170
0.00009206
0.00006137
0.00009141
0.00007396
0.00008847
0.00005864
0.00013466
0.00008441
0.00004167
0.00005776
0.00005483
0.00005988
0.00007275
0.00005909
0.00006831
0.00007959
0.00009179
0.00013312
0.00007586
0.00006493
0.00007346
0.00009819
0.00012474
0.00009102
0.00004276
0.00009501
0.00009984
0.00006391
0.00005914
0.00023771
0.00022489
0.00011393
0.00004458
0.00013423
0.00007161
0.00006490
0.00007715
0.00006640
0.00013458
0.00006678
0.00007577
0.00006522
0.00003454
0.00008063
0.00008774
0.00009559
0.00008794
0.00004262
0.00010213
0.00004078
0.00005704
0.00010742
0.00004690
0.00006345
0.00005889
0.00007327
0.00008107
0.00007862
0.00007043
0.00007709
0.00012792
0.00010967
0.00004206
0.00006728
0.00011663
0.00005721
0.00008285
0.00009773
0.00006508
0.00007701
0.00007551
0.00009110
0.00009209
0.00016221
0.00010082
0.00014612
0.00004960
0.00008465
0.00011491
0.00005162
0.00026226
0.00007001
0.00004001
0.00006453
0.00008496
0.00006010
0.00006324
0.00007431
0.00005779
0.00009002
0.00008822
0.00011124
0.00007867
0.00004345
0.00008870
0.00006211
0.00006708
0.00011115
0.00005775
0.00009233
0.00006730
0.00005665
0.00006184
0.00009332
0.00006014
0.00005873
0.00010871
0.00007374
0.00008963
0.00009419
0.00007818
0.00010107
0.00007719
0.00008800
0.00012283
0.00017214
0.00007248
0.00005824
0.00006782
0.00004751
0.00004793
0.00017440
0.00003850
0.00008782
0.00015373
0.00008507
0.00007652
0.00008592
0.00011098
0.00006408
0.00006044
0.00007770
0.00007903
0.00010798
0.00010399
0.00010262
0.00018835
0.00004491
0.00008589
0.00017195
0.00013437
0.00008669
0.00007017
0.00008150
0.00006768
0.00007649
0.00009680
0.00010443
0.00014576
0.00010144
0.00008061
0.00007957
0.00009467
0.00007092
0.00007494
0.00009206
0.00006015
0.00011078
0.00006745
0.00008926
0.00007388
0.00007908
0.00008265
0.00007472
0.00008842
0.00007189
0.00006089
0.00006870
0.00008179
0.00009243
0.00009009
0.00005591
0.00006978
0.00003303
0.00007469
0.00006054
0.00008423
0.00008901
0.00008506
0.00023705
0.00007216
0.00008942
0.00012922
0.00008721
0.00006697
0.00005299
0.00006365
0.00007275
0.00006141
0.00006309
0.00010009
0.00004715
0.00009258
0.00010164
0.00007513
0.00009323
0.00007271
0.00007953
0.00006625
0.00006365
0.00012312
0.00012088
0.00005566
0.00005867
0.00011188
0.00006476
0.00004868
0.00008214
0.00014138
0.00007276
0.00007104
0.00005413
0.00009512
0.00007493
0.00009071
0.00009265
0.00008627
0.00009285
0.00005893
0.00005905
0.00008911
0.00007570
0.00005056
0.00006908
0.00009871
0.00008963
0.00006200
0.00006315
0.00009024
0.00009998
0.00017409
0.00008564
0.00008786
0.00006206
0.00006863
0.00007805
0.00011001
0.00006789
0.00005907
0.00004211
0.00008700
0.00008880
0.00007754
0.00007587
0.00011669
0.00007708
0.00008321
0.00005225
0.00007652
0.00008573
0.00009315
0.00009764
0.00007067
0.00006953
0.00008494
0.00008357
0.00012375
0.00006715
0.00008222
0.00003808
0.00005514
0.00003074
0.00011481
0.00008930
0.00007492
0.00006756
0.00007532
0.00007123
0.00010317
0.00011557
0.00008201
0.00010493
0.00004427
0.00008963
0.00007141
0.00007640
0.00021033
0.00007320
0.00009289
0.00005406
0.00014258
0.00007978
0.00008691
0.00008046
0.00006411
0.00005884
0.00008400
0.00005457
0.00007465
0.00012198
0.00004557
0.00005548
0.00007146
0.00025550
0.00013529
0.00006928
0.00011414
0.00005686
0.00009010
0.00006745
0.00013429
0.00007816
0.00007735
0.00007907
0.00013046
0.00004200
0.00009853
0.00005773
0.00017964
0.00008150
0.00008916
0.00025498
0.00006373
0.00008070
0.00007489
0.00011997
0.00014051
0.00007622
0.00006422
0.00009000
0.00012035
0.00008760
0.00010831
0.00017947
0.00007308
0.00004850
0.00006642
0.00009186
0.00009904
0.00008679
0.00010667
0.00007690
0.00004612
0.00013242
0.00009647
0.00011608
0.00005298
0.00005769
0.00016339
0.00010054
0.00006231
0.00011528
0.00009460
0.00011694
0.00006472
0.00008727
0.00009545
0.00008460
0.00009779
0.00008954
0.00009317
0.00005354
0.00005856
0.00007160
0.00006207
0.00010613
0.00010136
0.00010344
0.00009376
0.00004884
0.00010018
0.00009737
0.00010726
0.00009229
0.00010847
0.00005958
0.00007199
0.00008215
0.00007432
0.00015269
0.00006808
0.00009226
0.00004411
0.00004377
0.00007465
0.00004465
0.00011298
0.00003352
0.00009122
0.00011638
0.00005810
0.00011040
0.00009852
0.00006020
0.00006271
0.00008843
0.00005009
0.00009077
0.00005821
0.00006114
0.00017462
0.00016072
0.00005501
0.00007613
0.00009786
0.00006862
0.00010210
0.00009747
0.00009591
0.00009608
0.00004980
0.00011268
0.00005931
0.00004653
0.00014558
0.00010248
0.00006242
0.00013348
0.00008974
0.00005375
0.00008535
0.00013077
0.00009536
0.00009245
0.00005457
0.00006528
0.00007592
0.00008850
0.00006684
0.00009801
0.00004688
0.00004652
0.00007686
0.00008059
0.00007848
0.00006986
0.00009962
0.00007144
0.00009949
0.00006693
0.00007158
0.00006053
0.00013364
0.00005352
0.00006786
0.00007329
0.00010084
0.00006230
0.00007172
0.00009248
0.00010857
0.00015817
0.00009735
0.00004801
0.00006366
0.00009883
0.00009658
0.00005965
0.00005980
0.00005570
0.00008387
0.00006146
0.00009423
0.00007241
0.00006318
0.00005263
0.00008068
0.00007047
0.00007719
0.00008827
0.00007743
0.00007932
0.00005396
0.00009947
0.00012362
0.00008095
0.00007748
0.00008993
0.00008531
0.00007107
0.00011818
0.00008479
0.00006963
0.00007751
0.00011409
0.00010844
0.00007934
0.00006627
0.00007405
0.00009655
0.00004760
0.00007973
0.00006198
0.00008834
0.00005736
0.00010581
0.00008904
0.00009167
0.00006485
0.00009527
0.00008883
0.00008927
0.00005965
0.00006395
0.00008745
0.00006427
0.00008525
0.00007971
0.00006737
0.00006074
0.00006319
0.00011867
0.00008577
0.00009338
0.00010509
0.00010270
0.00004206
0.00007553
0.00007069
0.00006755
0.00011427
0.00007744
0.00006915
0.00006997
0.00009188
0.00006630
0.00008445
0.00010212
0.00007867
0.00006179
0.00008296
0.00005791
0.00008061
0.00006448
0.00007410
0.00010682
0.00006041
0.00008995
0.00008966
0.00009458
0.00005627
0.00009580
0.00005738
0.00007695
0.00009924
0.00010623
0.00005668
0.00010864
0.00006421
0.00004306
0.00007221
0.00009489
0.00014528
0.00010067
0.00007195
0.00004798
0.00005658
0.00007787
0.00010287
0.00005009
0.00010002
0.00009962
0.00003773
0.00007862
0.00004841
0.00014738
0.00006390
0.00008793
0.00026955
0.00009436
0.00008396
0.00006314
0.00008333
0.00006715
0.00006740
0.00007745
0.00006904
0.00006748
0.00005814
0.00009229
0.00006056
0.00008156
0.00011200
0.00007649
0.00006431
0.00003990
0.00015828
0.00009330
0.00006213
0.00009500
0.00005177
0.00006556
0.00006559
0.00028730
0.00008296
0.00008288
0.00011651
0.00009801
0.00006666
0.00005607
0.00010651
0.00010913
0.00008879
0.00006069
0.00008776
0.00009435
0.00010511
0.00013525
0.00006610
0.00004114
0.00006458
0.00017040
0.00006308
0.00006778
0.00009353
0.00010478
0.00008801
0.00009362
0.00007364
0.00006463
0.00011252
0.00004690
0.00005576
0.00006362
0.00012517
0.00009329
0.00007138
0.00009104
0.00007984
0.00007410
0.00006169
0.00006650
0.00004192
0.00008650
0.00006082
0.00013256
0.00007815
0.00003440
0.00012899
0.00010655
0.00007167
0.00007728
0.00009329
0.00009810
0.00009058
0.00006814
0.00015124
0.00005593
0.00010578
0.00009296
0.00006908
0.00012694
0.00011180
0.00007433
0.00004531
0.00010200
0.00009904
0.00005821
0.00008445
0.00008870
0.00009798
0.00004949
0.00010364
0.00009991
0.00009860
0.00009165
0.00006959
0.00012315
0.00007889
0.00009769
0.00009276
0.00006656
0.00012999
0.00005609
0.00008832
0.00011600
0.00006135
0.00009152
0.00007272
0.00006078
0.00006852
0.00008620
0.00013849
0.00007669
0.00007389
0.00009880
0.00012580
0.00005995
0.00025719
0.00009800
0.00020546
0.00005074
0.00008024
0.00008635
0.00005521
0.00013711
0.00014787
0.00009287
0.00014610
0.00008322
0.00013040
0.00009644
0.00006873
0.00004362
0.00016712
0.00012161
0.00009562
0.00005881
0.00006964
0.00009133
0.00005630
0.00007697
0.00012457
0.00007055
0.00007002
0.00011184
0.00008684
0.00005845
0.00008661
0.00015877
0.00006732
0.00007716
0.00010892
0.00004167
0.00011185
0.00007524
0.00005664
0.00008967
0.00007258
0.00007825
0.00006893
0.00010734
0.00005367
0.00005879
0.00009681
0.00004074
0.00005412
0.00010862
0.00009341
0.00006897
0.00005956
0.00008830
0.00005085
0.00008319
0.00005984
0.00009991
0.00009625
0.00005408
0.00014577
0.00008620
0.00005319
0.00006710
0.00008083
0.00008932
0.00008557
0.00007794
0.00022701
0.00014496
0.00007965
0.00011641
0.00005361
0.00009237
0.00008054
0.00012179
0.00009093
0.00007023
0.00005227
0.00008006
0.00004281
0.00004475
0.00008848
0.00007696
0.00011189
0.00003923
0.00009434
0.00009080
0.00007078
0.00007330
0.00007789
0.00012331
0.00007631
0.00011794
0.00005273
0.00010010
0.00006723
0.00005575
0.00005425
0.00003487
0.00005526
0.00008512
0.00012036
0.00020109
0.00008171
0.00010746
0.00007690
0.00012497
0.00008314
0.00009994
0.00006096
0.00011106
0.00008064
0.00006144
0.00007240
0.00007201
0.00005697
0.00007161
0.00019846
0.00007101
0.00010331
0.00008762
0.00010452
0.00011925
0.00006959
0.00012977
0.00011601
0.00015235
0.00008020
0.00009032
0.00007159
0.00004552
0.00008329
0.00009997
0.00009439
0.00005250
0.00009122
0.00009235
0.00012747
0.00008230
0.00006291
0.00008074
0.00006415
0.00009051
0.00005031
0.00012351
0.00008804
0.00006920
0.00007241
0.00015524
0.00006527
0.00006573
0.00007497
0.00007219
0.00010966
0.00006740
0.00010638
0.00004896
0.00007497
0.00005375
0.00006892
0.00010121
0.00007918
0.00007911
0.00013595
0.00013028
0.00009162
0.00006911
0.00010436
0.00010278
0.00003877
0.00007834
0.00013915
0.00005972
0.00005535
0.00011289
0.00007690
0.00018518
0.00010591
0.00007258
0.00008163
0.00004325
0.00004652
0.00003704
0.00005815
0.00005278
0.00011417
0.00007782
0.00009246
0.00006489
0.00007844
0.00012448
0.00004197
0.00014159
0.00012201
0.00012892
0.00006611
0.00006318
0.00005470
0.00004829
0.00015155
0.00005659
0.00008119
0.00007977
0.00004478
0.00006565
0.00007634
0.00004796
0.00008507
0.00008440
0.00008220
0.00025575
0.00014317
0.00008556
0.00012169
0.00010622
0.00011431
0.00009421
0.00013796
0.00008793
0.00004673
0.00006702
0.00006763
0.00007424
0.00013013
0.00009922
0.00007527
0.00017769
0.00007001
0.00005118
0.00011850
0.00006947
0.00015838
0.00007047
0.00005972
0.00009828
0.00008356
0.00007514
0.00008887
0.00012595
0.00009613
0.00009644
0.00006951
0.00006667
0.00003234
0.00005719
0.00008621
0.00006004
0.00009171
0.00006957
0.00007203
0.00005204
0.00006162
0.00007285
0.00004824
0.00005423
0.00007112
0.00005968
0.00021058
0.00010221
0.00007837
0.00013554
0.00006599
0.00008934
0.00010044
0.00006555
0.00003700
0.00006700
0.00004492
0.00008084
0.00014077
0.00006905
0.00007886
0.00024968
0.00012317
0.00005311
0.00007275
0.00005520
0.00010903
0.00020265
0.00004611
0.00013800
0.00017249
0.00012953
0.00003975
0.00016934
0.00005343
0.00005272
0.00007066
0.00006645
0.00005659
0.00007927
0.00009478
0.00008175
0.00007035
0.00009406
0.00015239
0.00012652
0.00010344
0.00011215
0.00011287
0.00006221
0.00017873
0.00005162
0.00014348
0.00006912
0.00008895
0.00003676
0.00008948
0.00011009
0.00007639
0.00007220
0.00009516
0.00008647
0.00010553
0.00008248
0.00008850
0.00014563
0.00009509
0.00007291
0.00010547
0.00021061
0.00008095
0.00013374
0.00016745
0.00012123
0.00010374
0.00014846
0.00006871
0.00010506
0.00018459
0.00008783
0.00008161
0.00006008
0.00010242
0.00003299
0.00004195
0.00007389
0.00008210
0.00010395
0.00005612
0.00008063
0.00005761
0.00009801
0.00009581
0.00010743
0.00009582
0.00008203
0.00008253
0.00011402
0.00015210
0.00006330
0.00013257
0.00004218
0.00010549
0.00003939
0.00009067
0.00008063
0.00005075
0.00008760
0.00006584
0.00006257
0.00012248
0.00010365
0.00006552
0.00008479
0.00012620
0.00004522
0.00007172
0.00006438
0.00007507
0.00008581
0.00009075
0.00010731
0.00008880
0.00009515
0.00016371
0.00005938
0.00006548
0.00009156
0.00009098
0.00014963
0.00005116
0.00006605
0.00006322
0.00005641
0.00008824
0.00011504
0.00007898
0.00006899
0.00007089
0.00009630
0.00004164
0.00005791
0.00008118
0.00012715
0.00011112
0.00006287
0.00013783
0.00019022
0.00009948
0.00009700
0.00006067
0.00003404
0.00008194
0.00009910
0.00003830
0.00010895
0.00010932
0.00008750
0.00007353
0.00010622
0.00008187
0.00009115
0.00010504
0.00011618
0.00010911
0.00015525
0.00010686
0.00012354
0.00010661
0.00005436
0.00007161
0.00010475
0.00011134
0.00011004
0.00014453
0.00007043
0.00005033
0.00006891
0.00008962
0.00006074
0.00007148
0.00009221
0.00005981
0.00007935
0.00012827
0.00009592
0.00009910
0.00006620
0.00005285
