1469273067
1706316221
1075233141
1893848466
1478798237
1108589961
1601751577
1403040054
1184466741
1694568927
1763729401
1794864098
1310360025
1602600478
1782835918
1798921346
2026014880
1535424935
1745815091
1620158999
1215451632
1354371803
1993350912
1675119105
1685430757
1496000968
2014654585
1582975882
1836772349
1635932331
1741196070
1158581498
2142626429
1075489059
1433918832
2135785285
1728000651
2066974359
1370151377
1573126132
1972097175
1947054592
1349590493
1281166565
1398951596
1699787173
1380612835
1595996527
1859642744
2144611360
1555136918
1772430638
1517073690
1716453099
1147102607
1457244887
2126559727
1998313239
1109981909
1166402624
1493142169
1381798800
1388499501
1313608945
1331002055
2083053545
1568176289
1673046787
1516399563
1802516692
1551529089
1572208570
1560217841
1770458191
1523777512
1614185482
1883873877
2050021304
1116760634
2054665293
1991821642
1193167977
1905658178
1332637438
1254913050
1095806509
1482456002
1375906427
1712033820
1894235465
1836972091
1645657242
1801068567
1494409279
1281228985
1965305966
1571927683
1362561202
1336757105
1935706781
1141759524
1520594133
1799308345
1764253722
2128532174
1075788671
1895021947
1177837822
1707065251
1158912320
1977739871
1342399801
1206026332
1531916976
1635782525
1869579881
1507785713
1985092852
1404182325
1477487433
1736289921
1350139781
2103377236
2061231793
1299586471
1838207991
2030221934
2072379862
1451084112
1567358598
1298506619
1349253429
1078641229
1572377101
1323649073
1444829708
1090195023
1405093645
1372148791
1269968561
1722932212
2094226582
1100338143
1826697890
1180740314
1803465464
2056001064
1434986200
2011040514
1693507801
1360875884
1584561329
1110100506
1119837901
2037443835
1799021217
2051806493
1795894015
1987701975
1787948051
2007588732
1296534172
1497261836
1412109563
1815387531
1846572164
1261467066
1214821198
1198873092
1100157127
2098558474
2006677412
2008755971
1569711802
2025490559
1639540161
1904259988
1581278079
1787111634
1130848648
1219933330
1702845713
1185059723
1883424459
1859093455
1105912177
1657005053
1750883530
1075464092
1405268419
1294162243
1575885060
2085612732
1726215462
1847770612
1931137696
1745902478
2066013103
1679788061
1422670892
1605234568
1910901391
1079820952
2104925233
1306321503
1630277151
1543477012
1745140963
1414518944
1967940056
2079770295
1987352427
1384670083
1686054949
2089320433
1509589628
2037687270
1564824378
1238147253
1487087506
1699862076
1434905055
1474141764
1169230214
1101698881
1081568689
1187412927
1755290325
1089190074
1698738530
1858219586
1547996162
1487174893
1438281934
1412171983
1300578937
1370788053
1307026840
1513016442
1137365212
1919153209
1651674453
1699899527
1659763982
1264762800
1111217809
1750783659
2119344068
1082423832
2015640809
1084658440
1376792780
1379614128
2082054838
1768735421
1181333297
1614035676
1153188479
2094114227
1448674731
1475415116
2108308353
1168013039
2033723651
2001022232
2052717814
1450060437
1603549250
1823639349
1285180120
1586184228
1380188384
1967827702
2032643799
2074876630
1811742250
1772630379
1363260297
1800856341
1944133373
1220757264
1787810729
2003044614
1088210092
1140704639
1651237519
1624472166
1984493628
1952697287
1445659883
1568969013
1920950882
1779671265
1288319806
1436340697
1341226320
2086474117
1750496531
1578594054
1759784508
1664295615
1205258576
1350096088
1916082185
1225831945
2068921838
2094076776
1668377831
1784951929
1228581510
1710248631
1085226454
1263089965
1665631386
1863962153
2030683836
1880016371
1497861060
1374832817
1962659392
1275024516
1744129772
1425055305
2129293688
1296234560
1669638699
1492402501
1580466630
1618754567
1333430162
1328580190
2105075039
1575959964
1568769272
1826235988
1807285519
1847508452
1524083366
1962809198
1151084952
1348791527
2098570958
1904135150
2083265770
1489384533
1488935115
1885484293
1749735017
1401541993
1641462672
1780932133
1500570054
2102790496
1405967514
2046825441
1265305847
2096610995
1707389831
1133183126
1551903604
2146246743
1157033502
2027874972
1246136910
1796849029
1077505199
1546922552
1126953690
1356075847
1237847641
1348005045
1908760413
1174548330
1455940326
1346775387
1105188115
1366081645
1512254928
2038998074
1115106526
1976628809
1142402442
2092104329
1088484737
1251005608
1368291285
1673009336
1450335081
1239838813
1184179612
1208473165
1095388300
1141072913
1170360001
1137515018
1253021748
1078154359
1267234600
1392035549
1681960249
1919377918
1736402275
1783790932
1590603508
1077773602
2061306696
2045202542
1744267095
2086673859
1319910163
1566297471
2131403457
1359533871
1357380409
1289693028
1150941388
1406529287
1465178367
2066237812
1170272615
2120854612
1360151821
1428550781
2039996781
1877613232
1285198846
1778747461
1143176440
1603224670
1192780978
1138626080
1120418399
1122434540
1163618728
1316339785
1385756177
1087117756
1700754670
1197243951
1458499513
1559368940
2096635963
1255761951
1994143636
1527678712
1114007948
1080008209
1274924645
1525337992
1773803860
2067798292
1561753354
1144949145
1095407026
1086992918
1795775418
1883012493
1833663873
1632287050
1163762292
1669189281
1162276715
1563863123
1672335208
1414319203
1561266484
1250418867
1585572520
1712420819
1178093740
1455503391
1675630942
1080432660
1268333178
1847783096
1137321519
1121810348
1487362151
1154524250
1128295702
1393770802
1397153923
1301340451
1959538432
1435953698
1100831254
1691785031
1476226566
1229683209
1884947488
1646568563
1803565335
2062430241
1809232998
1853275986
1260705552
1162008312
1444211758
1891364181
1810244189
2101205048
1993219832
1660600399
1380656528
1981160443
1626968934
1811068123
1332855905
1266816391
1853837758
1548370677
1730048001
1127902462
1112260210
1862826123
1448187861
2063953270
1340165193
1236099903
2080431939
2141740077
1515088760
1113015482
2075475854
2085737571
1393745835
1494140876
2043242579
1501581245
1991884061
1862376705
1573975033
1419075546
1476338920
1386280498
2004030838
1090862908
1227692037
1199734477
1965305966
1764765560
1651549615
1578331893
1334953190
1809257966
1615571188
1634771334
2146683677
1549182127
1973033463
1192943268
1837995765
1443631259
1938265968
1353048516
1883424459
1506599748
1731233966
1247947067
1411373017
2101554596
2094863258
1104857293
1314773063
1119120080
1340564676
1797860220
1159386706
1240981084
1324398103
1269144627
1500307893
2012170301
1687228430
1108540026
1697203018
1176021423
1681061413
1121111253
1322026174
1819394844
1201719408
1170285098
1168487425
1163756050
1762892984
1836997058
1131173228
1721771215
1493017330
2054453067
1574499354
1102385493
1961773039
1475190407
1946867334
1569018948
1574798966
1809570062
1613024485
1576621607
1358491470
1078173085
1414930911
1905583275
1308456240
1787074182
1502667339
1864511442
1849106383
1089939104
1451695820
1109819619
1209484356
1531717234
1532453781
1678168283
1938241001
1936530715
1361100593
1145011564
1557571267
1310004236
1244320512
1274899678
2074477147
1418014420
2050533142
1102191993
1227979165
1580029695
1544475719
1922636201
1508796904
1990710580
1473742281
1583562622
1092660581
1224127900
2056263224
1093734191
1720560282
1510020321
1314542112
1095918863
1302776092
1486575669
1462244665
1089832991
1667803575
2127059081
1865372827
1731283901
1441471555
1553838599
1958739466
2021033828
1421122896
1548626596
1825873957
1607668917
1506886877
1244776172
1674644719
1805575233
1089895411
1146091416
2116447817
1592064117
1766781700
1306795889
1235706662
1085975485
1613998224
1482942872
1306121762
1736814242
2117483976
1191576288
1157014776
1360139337
1973095882
2072404829
1144693226
1156278230
1210788917
1167226558
1151921370
2141290659
1625845388
1438656449
1843164075
1141266412
1083709668
1555062015
1518627928
1310478622
2063641174
1355120834
1433307124
2138444343
1699125529
1420211575
1600927644
2014030393
1617837005
1791880460
1726365268
1154193429
1469691275
1400599463
1502308428
1144849274
1200124597
1185527867
1874710739
2017450966
1289967673
1601789029
1727438878
1084889391
1706790607
1944495405
1523409239
1126685287
1605733922
2038361398
1952341498
1420673478
1117097698
1374146206
1627106256
2134000096
1315334836
1798421993
1455216263
1648441139
1635882396
1306558696
2029048453
1365707130
2023655434
1854742837
1572876455
1802891207
1272384184
1947079559
1306696018
1757911932
1323374428
2095013064
1695879731
1828308306
1610415362
1254014213
1254089116
1373596917
1130973486
1903860505
1264588026
1268957370
1091256149
1611439037
1391661033
2063054433
1188149473
1943596568
1398127662
1167239041
1124438196
1263576835
1702889407
2014030393
1242716338
1567720629
1888555317
2086985955
1999274495
1821017743
1325980430
1693514043
1860990999
1359939596
1252541120
1079078163
1881839012
1422808214
2124512378
1640975802
1221344004
1870516169
2000460459
2091342815
2067336390
1798022510
1307157920
1833426680
1102135816
2121553708
1653746771
1712658012
1819906681
1440560235
1783016934
1377828939
1232092590
1169417471
1570866557
1302651254
1267446825
1629440734
1291178605
1988850488
1406086111
1174573297
1909003847
1255406162
1796836545
1459935154
1942485506
1167488718
1424356210
1297457977
1884086103
1435604150
1691522871
1682571957
1330977087
1673071755
1159211932
1659052403
1206918927
2047150021
1221081843
1393152852
1625845388
1516043773
1355258156
1779771136
1873924257
2110405638
1672697240
2126921759
1946093336
1167844508
1102647653
1226549765
2131366006
1078816003
1489172308
1922910845
1469809872
1886458032
1498772381
2114799950
1175565763
1442894713
2056937352
1616819572
1691872418
1813514955
1524988445
1535774483
1751757399
1686741560
1281097904
1574686612
1242728822
1144019099
1751595109
1255786919
1610228104
1182356972
1849892865
1848282450
1588187885
1521942388
2140629015
1614697319
1219159332
1200652039
1811629895
1830330688
1625589469
1395443637
1293225955
1318786617
1796661771
1081671681
1237273384
1695742408
1907206174
2021158666
1087017885
1731009256
1358541406
1233078814
1333723532
1818183911
1080170499
1516149886
1832802488
1454273733
1961386040
1654146254
1425373643
1506062943
1544638009
1476076760
1278083057
1128326912
1770420739
1322225915
1896994393
1863899733
2092491328
1533851971
1783603674
1120561964
1987652040
1972072207
1920576367
1493850627
1672547434
1999062269
1421634733
1240862488
1335365157
1100562852
1611719923
2054453067
1091749261
1565910472
1580042179
1734617086
1520244586
1159130787
1758561091
2075775466
1635795009
1195802067
1384308052
1623148879
1850273622
1646393789
1395306315
1148120040
1952285321
1755664841
2076424626
1471426529
1123002554
1126691529
1624047715
1557820944
1511368575
1336157881
2014255103
1402884006
2142701333
1625483357
1682871569
1215888566
1439673882
1702071715
1127016109
1267009891
1661786364
1394432446
1230054603
1194079297
1831004815
1583468993
1541916532
2087397921
1173349881
1531505009
1728837068
1565336216
2098883054
1888792510
1644490003
1613349064
1842652238
1458402763
1438918610
1240918665
1699749721
1289805383
1273707471
1183689622
1077392845
1612144374
2015122729
1513222426
1857595394
1978307885
1248458905
1231867881
1651000326
1552577731
1322250883
1852077537
1107304126
1910052490
1643597409
1098883775
1780301699
1478067932
1208410746
1310135316
1318536940
1453431074
2087990904
1206138687
1676130296
1614872093
2078234783
1717651548
2090631236
1286135134
1784827091
1686828947
1111698437
2020447087
1232885314
1927192802
2067885679
1701285233
1110849536
1703432454
1232161251
1230176321
1891339214
1562421239
1956236456
1416204263
1211937431
1734398619
1605334439
1227292554
1078213657
2052056170
1906906562
1403770358
1196507404
1541679339
1960262495
1726465139
1918216921
1214384263
1311165233
1883873877
1345957695
1144930419
1119251160
1255006679
1119444660
1916531603
1928228961
1332019488
1776837433
1479097849
1548738950
1971048532
1232323541
1840842081
2118395296
1883923813
1185765060
2046625700
1538383605
1462032440
1430885259
1210882546
1530893301
1980998153
1474360232
2113139599
1675780748
1504152916
1753917103
2004804836
2120392710
1253658424
2074726824
1111536147
1912480597
1387478947
1529832175
2139280760
2125635923
1747999763
1195240295
1543327206
1477137886
1317881539
2061706179
1343922829
1845373715
1611826036
1656305958
1125024936
1945781240
1353148387
1896732233
1485364737
1298094652
1469035874
1610228104
1111086729
1162126909
1133239303
1417602453
1590715862
1914559156
1157732597
1789608402
1272796151
1277140527
2044328673
1718063514
1240949875
1912823902
2129730623
1227067845
1357286780
1274650001
1813639794
1248352792
1443244260
1245425331
1270068432
1673159142
1223753385
1300678807
1285529667
1688464330
1645632275
1175990213
1610015879
2093976905
1419200384
1670138053
1077168136
1397341181
1853975081
1498535188
1120530754
1157695146
1546672875
1234751648
