0.00117694
0.00136682
0.00086130
0.00151704
0.00118457
0.00177604
0.00128306
0.00224777
0.00189760
0.00135741
0.00141281
0.00143775
0.00209929
0.00128374
0.00285623
0.00144100
0.00162291
0.00122993
0.00139846
0.00259561
0.00097362
0.00108490
0.00319349
0.00134183
0.00135009
0.00119835
0.00161381
0.00126802
0.00147132
0.00131044
0.00139476
0.00185613
0.00171632
0.00172301
0.00114862
0.00171084
0.00138419
0.00165572
0.00109754
0.00252026
0.00157972
0.00077983
0.00108107
0.00102626
0.00112061
0.00136159
0.00110592
0.00127845
0.00148964
0.00171791
0.00249144
0.00141978
0.00121523
0.00137494
0.00183774
0.00233461
0.00170345
0.00080036
0.00177827
0.00186866
0.00119606
0.00110687
0.00444895
0.00420899
0.00213236
0.00083430
0.00251233
0.00134017
0.00121469
0.00144388
0.00124283
0.00251879
0.00124979
0.00141820
0.00122060
0.00064651
0.00150905
0.00164214
0.00178913
0.00164586
0.00079776
0.00191154
0.00076325
0.00106749
0.00201046
0.00087778
0.00118750
0.00110215
0.00137140
0.00151735
0.00147148
0.00131823
0.00144272
0.00239415
0.00205262
0.00078714
0.00125917
0.00218292
0.00107079
0.00155057
0.00182918
0.00121805
0.00144131
0.00141323
0.00170503
0.00172349
0.00303596
0.00188698
0.00273484
0.00092833
0.00158424
0.00215062
0.00096607
0.00490848
0.00131032
0.00074880
0.00120779
0.00159013
0.00112480
0.00118352
0.00139083
0.00108151
0.00168488
0.00165112
0.00208203
0.00147247
0.00081314
0.00166005
0.00116237
0.00125551
0.00208030
0.00108080
0.00172806
0.00125953
0.00106029
0.00115736
0.00174657
0.00112553
0.00109914
0.00203458
0.00138013
0.00167755
0.00176282
0.00146325
0.00189163
0.00144464
0.00164693
0.00229895
0.00322183
0.00135656
0.00109011
0.00126929
0.00088923
0.00089703
0.00326413
0.00072054
0.00164357
0.00287715
0.00159222
0.00143221
0.00160815
0.00207714
0.00119936
0.00113115
0.00145419
0.00147917
0.00202096
0.00194623
0.00192068
0.00352506
0.00084051
0.00160742
0.00321817
0.00251479
0.00162249
0.00131333
0.00152538
0.00126666
0.00143154
0.00181170
0.00195442
0.00272808
0.00189855
0.00150869
0.00148920
0.00177175
0.00132732
0.00140252
0.00172297
0.00112567
0.00207334
0.00126234
0.00167065
0.00138276
0.00148013
0.00154691
0.00139853
0.00165495
0.00134557
0.00113961
0.00128585
0.00153070
0.00172995
0.00168612
0.00104641
0.00130591
0.00061819
0.00139792
0.00113308
0.00157639
0.00166597
0.00159194
0.00443668
0.00135059
0.00167362
0.00241847
0.00163226
0.00125348
0.00099180
0.00119121
0.00136165
0.00114941
0.00118084
0.00187319
0.00088250
0.00173275
0.00190232
0.00140605
0.00174496
0.00136075
0.00148850
0.00124000
0.00119128
0.00230423
0.00226240
0.00104181
0.00109805
0.00209395
0.00121198
0.00091107
0.00153731
0.00264610
0.00136168
0.00132953
0.00101312
0.00178025
0.00140244
0.00169767
0.00173412
0.00161460
0.00173770
0.00110286
0.00110512
0.00166780
0.00141682
0.00094629
0.00129290
0.00184749
0.00167746
0.00116044
0.00118186
0.00168883
0.00187124
0.00325817
0.00160289
0.00164430
0.00116155
0.00128450
0.00146080
0.00205895
0.00127059
0.00110558
0.00078815
0.00162822
0.00166205
0.00145127
0.00141994
0.00218404
0.00144255
0.00155732
0.00097787
0.00143210
0.00160451
0.00174339
0.00182749
0.00132270
0.00130126
0.00158965
0.00156418
0.00231605
0.00125680
0.00153875
0.00071279
0.00103199
0.00057528
0.00214874
0.00167134
0.00140221
0.00126451
0.00140965
0.00133316
0.00193091
0.00216295
0.00153485
0.00196387
0.00082864
0.00167743
0.00133643
0.00142981
0.00393655
0.00136997
0.00173861
0.00101178
0.00266846
0.00149310
0.00162665
0.00150596
0.00119984
0.00110129
0.00157216
0.00102134
0.00139711
0.00228304
0.00085282
0.00103833
0.00133744
0.00478187
0.00253202
0.00129668
0.00213625
0.00106424
0.00168624
0.00126240
0.00251328
0.00146288
0.00144770
0.00147992
0.00244169
0.00078614
0.00184412
0.00108043
0.00336206
0.00152528
0.00166877
0.00477220
0.00119269
0.00151034
0.00140160
0.00224537
0.00262974
0.00142659
0.00120201
0.00168441
0.00225246
0.00163958
0.00202711
0.00335892
0.00136768
0.00090772
0.00124313
0.00171922
0.00185365
0.00162440
0.00199640
0.00143934
0.00086312
0.00247828
0.00180546
0.00217253
0.00099156
0.00107980
0.00305797
0.00188171
0.00116626
0.00215763
0.00177059
0.00218856
0.00121137
0.00163331
0.00178648
0.00158335
0.00183021
0.00167585
0.00174383
0.00100210
0.00109605
0.00134014
0.00116177
0.00198631
0.00189714
0.00193606
0.00175489
0.00091404
0.00187500
0.00182238
0.00200743
0.00172728
0.00203020
0.00111507
0.00134731
0.00153749
0.00139092
0.00285776
0.00127413
0.00172667
0.00082559
0.00081914
0.00139722
0.00083575
0.00211459
0.00062733
0.00170733
0.00217807
0.00108731
0.00206618
0.00184389
0.00112668
0.00117366
0.00165513
0.00093743
0.00169888
0.00108953
0.00114432
0.00326822
0.00300807
0.00102949
0.00142484
0.00183145
0.00128424
0.00191092
0.00182416
0.00179499
0.00179822
0.00093210
0.00210887
0.00111004
0.00087082
0.00272473
0.00191807
0.00116831
0.00249822
0.00167948
0.00100591
0.00159738
0.00244745
0.00178472
0.00173025
0.00102126
0.00122185
0.00142088
0.00165638
0.00125102
0.00183429
0.00087746
0.00087072
0.00143848
0.00150836
0.00146883
0.00130752
0.00186443
0.00133708
0.00186205
0.00125271
0.00133960
0.00113292
0.00250126
0.00100163
0.00127010
0.00137171
0.00188739
0.00116591
0.00134224
0.00173093
0.00203196
0.00296028
0.00182207
0.00089861
0.00119143
0.00184963
0.00180761
0.00111646
0.00111917
0.00104242
0.00156966
0.00115025
0.00176361
0.00135518
0.00118251
0.00098502
0.00150991
0.00131896
0.00144472
0.00165208
0.00144926
0.00148454
0.00100987
0.00186162
0.00231373
0.00151505
0.00145007
0.00168314
0.00159664
0.00133020
0.00221191
0.00158698
0.00130326
0.00145073
0.00213533
0.00202953
0.00148499
0.00124030
0.00138583
0.00180698
0.00089096
0.00149219
0.00116005
0.00165330
0.00107352
0.00198032
0.00166650
0.00171561
0.00121364
0.00178313
0.00166253
0.00167075
0.00111644
0.00119686
0.00163671
0.00120282
0.00159557
0.00149183
0.00126081
0.00113673
0.00118260
0.00222092
0.00160530
0.00174764
0.00196685
0.00192206
0.00078714
0.00141364
0.00132295
0.00126430
0.00213869
0.00144928
0.00129413
0.00130951
0.00171957
0.00124095
0.00158047
0.00191118
0.00147230
0.00115640
0.00155262
0.00108384
0.00150869
0.00120684
0.00138678
0.00199930
0.00113056
0.00168342
0.00167806
0.00177006
0.00105318
0.00179291
0.00107384
0.00144015
0.00185742
0.00198814
0.00106089
0.00203326
0.00120180
0.00080591
0.00135153
0.00177596
0.00271904
0.00188407
0.00134659
0.00089805
0.00105899
0.00145740
0.00192524
0.00093744
0.00187200
0.00186442
0.00070607
0.00147150
0.00090611
0.00275840
0.00119596
0.00164569
0.00504492
0.00176610
0.00157145
0.00118168
0.00155951
0.00125684
0.00126147
0.00144953
0.00129209
0.00126293
0.00108820
0.00172731
0.00113341
0.00152644
0.00209624
0.00143151
0.00120369
0.00074677
0.00296240
0.00174616
0.00116286
0.00177801
0.00096884
0.00122696
0.00122755
0.00537709
0.00155260
0.00155123
0.00218058
0.00183439
0.00124767
0.00104936
0.00199349
0.00204248
0.00166173
0.00113588
0.00164255
0.00176579
0.00196731
0.00253132
0.00123718
0.00077005
0.00120860
0.00318926
0.00118052
0.00126849
0.00175052
0.00196114
0.00164714
0.00175224
0.00137823
0.00120958
0.00210599
0.00087787
0.00104357
0.00119080
0.00234262
0.00174599
0.00133597
0.00170385
0.00149423
0.00138682
0.00115467
0.00124468
0.00078451
0.00161892
0.00113837
0.00248101
0.00146259
0.00064390
0.00241414
0.00199422
0.00134145
0.00144633
0.00174609
0.00183612
0.00169535
0.00127530
0.00283051
0.00104679
0.00197969
0.00173981
0.00129287
0.00237578
0.00209250
0.00139125
0.00084809
0.00190899
0.00185362
0.00108952
0.00158052
0.00166007
0.00183388
0.00092622
0.00193977
0.00186998
0.00184546
0.00171525
0.00130236
0.00230483
0.00147644
0.00182839
0.00173618
0.00124566
0.00243295
0.00104974
0.00165305
0.00217100
0.00114813
0.00171297
0.00136106
0.00113764
0.00128240
0.00161331
0.00259189
0.00143536
0.00138288
0.00184910
0.00235455
0.00112193
0.00481361
0.00183413
0.00384537
0.00094965
0.00150171
0.00161605
0.00103331
0.00256618
0.00276748
0.00173807
0.00273440
0.00155761
0.00244061
0.00180503
0.00128625
0.00081640
0.00312779
0.00227602
0.00178967
0.00110074
0.00130337
0.00170941
0.00105363
0.00144060
0.00233136
0.00132046
0.00131040
0.00209320
0.00162534
0.00109398
0.00162102
0.00297143
0.00125993
0.00144418
0.00203845
0.00077984
0.00209342
0.00140815
0.00106007
0.00167818
0.00135846
0.00146454
0.00129000
0.00200902
0.00100457
0.00110030
0.00181190
0.00076253
0.00101298
0.00203296
0.00174827
0.00129082
0.00111477
0.00165258
0.00095175
0.00155689
0.00111995
0.00187000
0.00180143
0.00101217
0.00272815
0.00161331
0.00099546
0.00125580
0.00151280
0.00167175
0.00160149
0.00145870
0.00424863
0.00271313
0.00149072
0.00217872
0.00100333
0.00172876
0.00150742
0.00227944
0.00170181
0.00131448
0.00097834
0.00149835
0.00080122
0.00083762
0.00165601
0.00144028
0.00209416
0.00073432
0.00176570
0.00169944
0.00132471
0.00137190
0.00145781
0.00230788
0.00142826
0.00220738
0.00098695
0.00187349
0.00125832
0.00104347
0.00101527
0.00065262
0.00103428
0.00159314
0.00225265
0.00376350
0.00152918
0.00201125
0.00143933
0.00233892
0.00155600
0.00187040
0.00114096
0.00207862
0.00150922
0.00114997
0.00135497
0.00134780
0.00106616
0.00134019
0.00371428
0.00132896
0.00193357
0.00163984
0.00195626
0.00223193
0.00130236
0.00242881
0.00217122
0.00285132
0.00150108
0.00169051
0.00133989
0.00085187
0.00155889
0.00187097
0.00176652
0.00098251
0.00170730
0.00172834
0.00238576
0.00154032
0.00117737
0.00151112
0.00120057
0.00169403
0.00094167
0.00231162
0.00164768
0.00129513
0.00135525
0.00290538
0.00122157
0.00123021
0.00140322
0.00135114
0.00205241
0.00126138
0.00199094
0.00091640
0.00140309
0.00100593
0.00128985
0.00189422
0.00148183
0.00148054
0.00254439
0.00243826
0.00171472
0.00129343
0.00195318
0.00192353
0.00072559
0.00146616
0.00260431
0.00111780
0.00103592
0.00211279
0.00143919
0.00346583
0.00198220
0.00135835
0.00152774
0.00080951
0.00087074
0.00069330
0.00108824
0.00098774
0.00213672
0.00145643
0.00173051
0.00121449
0.00146814
0.00232985
0.00078557
0.00265006
0.00228355
0.00241282
0.00123731
0.00118239
0.00102379
0.00090383
0.00283634
0.00105915
0.00151956
0.00149305
0.00083808
0.00122867
0.00142873
0.00089761
0.00159218
0.00157970
0.00153845
0.00478651
0.00267954
0.00160132
0.00227756
0.00198795
0.00213935
0.00176318
0.00258209
0.00164569
0.00087453
0.00125435
0.00126567
0.00138949
0.00243554
0.00185701
0.00140867
0.00332554
0.00131033
0.00095788
0.00221776
0.00130020
0.00296427
0.00131882
0.00111769
0.00183937
0.00156385
0.00140635
0.00166329
0.00235733
0.00179913
0.00180504
0.00130092
0.00124787
0.00060533
0.00107031
0.00161349
0.00112376
0.00171638
0.00130207
0.00134804
0.00097397
0.00115323
0.00136342
0.00090278
0.00101492
0.00133115
0.00111699
0.00394127
0.00191300
0.00146670
0.00253683
0.00123513
0.00167208
0.00187979
0.00122679
0.00069243
0.00125389
0.00084064
0.00151299
0.00263459
0.00129235
0.00147603
0.00467293
0.00230525
0.00099402
0.00136156
0.00103318
0.00204057
0.00379271
0.00086303
0.00258277
0.00322837
0.00242429
0.00074400
0.00316939
0.00100006
0.00098677
0.00132251
0.00124367
0.00105917
0.00148358
0.00177398
0.00153002
0.00131658
0.00176049
0.00285217
0.00236797
0.00193596
0.00209893
0.00211239
0.00116425
0.00334511
0.00096616
0.00268528
0.00129357
0.00166474
0.00068795
0.00167467
0.00206048
0.00142971
0.00135121
0.00178102
0.00161845
0.00197517
0.00154375
0.00165645
0.00272558
0.00177966
0.00136451
0.00197401
0.00394166
0.00151503
0.00250311
0.00313403
0.00226886
0.00194161
0.00277863
0.00128593
0.00196621
0.00345475
0.00164377
0.00152750
0.00112447
0.00191689
0.00061747
0.00078512
0.00138296
0.00153656
0.00194553
0.00105029
0.00150905
0.00107816
0.00183426
0.00179312
0.00201061
0.00179343
0.00153521
0.00154458
0.00213399
0.00284662
0.00118481
0.00248119
0.00078944
0.00197427
0.00073729
0.00169691
0.00150909
0.00094984
0.00163942
0.00123230
0.00117114
0.00229238
0.00193992
0.00122630
0.00158685
0.00236203
0.00084635
0.00134236
0.00120488
0.00140495
0.00160592
0.00169851
0.00200845
0.00166193
0.00178076
0.00306393
0.00111142
0.00122545
0.00171364
0.00170271
0.00280042
0.00095743
0.00123626
0.00118324
0.00105567
0.00165150
0.00215306
0.00147821
0.00129113
0.00132676
0.00180237
0.00077932
0.00108392
0.00151935
0.00237966
0.00207964
0.00117675
0.00257970
0.00356008
0.00186181
0.00181553
0.00113555
0.00063711
0.00153363
0.00185477
0.00071677
0.00203911
0.00204607
0.00163758
0.00137623
0.00198809
0.00153224
0.00170599
0.00196585
0.00217447
0.00204208
0.00290558
0.00199995
0.00231218
0.00199526
0.00101737
0.00134026
0.00196054
0.00208378
0.00205951
0.00270504
0.00131821
0.00094201
0.00128968
0.00167735
0.00113683
0.00133784
0.00172570
0.00111932
0.00148510
0.00240076
0.00179517
0.00185471
0.00123894
0.00098908
