215720
-111214
-39009
442482
-263299
119106
80869
63095
-262574
-169662
85297
-242260
-7280
-470915
-68742
65237
-153092
37602
-156502
-24681
-3922
430428
-182060
126201
190413
-115196
102944
-86386
-97831
-138676
215748
-85027
6966
27016
-511073
20691
-303567
229446
8951
-286968
61830
-68237
18556
-407672
27063
-156373
32349
-190131
-317066
94013
-82148
-440746
-214590
219773
-18004
-29772
-41216
-77484
-125680
225538
80613
162974
135248
61579
-533476
208059
223843
62090
-59872
-173728
18717
-335762
146540
63328
-103497
46156
-89907
68725
-12905
198032
2299
107732
-127319
-163646
41707
-188442
74104
-56133
606706
410882
-70790
-111044
-27422
-249257
-231985
-93933
88502
63963
-21923
33190
291189
-542858
-319185
-229112
-122798
-4585
-266410
32522
-133394
-215330
-146361
71733
