0.013088039
0.008772665
0.008895378
0.017919162
0.015185044
0.0049014715
0.0040401476
0.0053362916
0.015899058
0.013843085
0.004507481
0.0064511653
0.0044199238
0.013684084
0.0053119715
0.005481289
0.006142086
0.010107626
0.007484293
0.010709163
0.010708264
0.013791051
0.010192323
0.0068838866
0.005197064
0.0058900383
0.004533053
0.010865424
0.0059287087
0.010819031
0.012706357
0.0079724975
0.0080786925
0.0073530097
0.012127389
0.011090881
0.008204974
0.0070794644
0.0076149
0.0099762585
0.0114639755
0.010299943
0.011342354
0.010770935
0.009370899
0.012862523
0.008314207
0.0070100185
0.006399489
0.017074967
0.006683056
0.011574036
0.0066227843
0.012359297
0.008417913
0.006728803
0.004092482
0.007090668
0.0056486116
0.011283972
0.014264386
0.010979102
0.0061203395
0.011643267
0.015172481
0.013784478
0.0068553095
0.011513106
0.009094004
0.010656132
0.009693957
0.014850833
0.010488805
0.0074443757
0.01228078
0.011105855
0.0054716235
0.0077400114
0.0071442644
0.004438963
0.008793908
0.011558278
0.007945191
0.007754435
0.0041084727
0.0064545795
0.008226773
0.010233181
0.014291452
0.01059443
0.024950244
0.0080935955
0.0058297385
0.008652045
0.00848734
0.006247478
0.00955305
0.006132449
0.0081756925
0.007525503
0.016811412
0.013090662
0.008712153
0.013811313
0.0069025503
0.010096264
0.01178197
0.008955681
0.004307306
0.021183873
0.0069060163
0.009932253
