38
17
15
13
33
1
39
-10
-31
-12
33
30
11
5
6
-7
5
-9
29
-23
-11
39
17
37
41
9
3
-10
6
-4
21
6
-30
16
34
5
26
-7
14
26
32
-45
18
8
22
18
-19
13
21
47
-29
35
18
35
-33
-12
26
9
41
14
24
38
13
15
4
18
10
-26
5
0
10
24
25
-32
8
-43
33
2
24
-22
20
-5
7
25
37
0
14
-7
-15
18
16
-27
37
31
29
-18
17
40
-12
4
10
0
-10
24
37
24
37
-19
5
-1
19
38
-12
-8
23
0
-12
13
34
29
6
18
-22
39
-26
-58
20
17
15
5
19
10
-35
12
-16
30
-11
14
16
32
22
4
-4
15
-31
28
45
-39
-9
9
33
0
45
6
29
16
-20
-7
0
-36
13
48
-24
7
-48
-36
30
8
2
59
12
3
-30
-11
11
38
23
20
7
2
12
21
-48
16
-13
44
40
-12
20
13
28
-15
19
18
0
-7
4
40
-6
12
40
-1
8
36
18
-23
-3
-32
16
27
38
10
9
-1
-24
12
-16
17
14
-15
38
33
31
27
45
4
6
6
48
47
-12
2
-9
2
0
19
27
-18
35
38
-11
11
11
44
35
-2
12
8
-6
39
39
43
42
-43
6
-11
-38
29
-20
11
16
11
16
21
3
19
28
24
39
-22
22
35
19
-32
38
33
-16
-6
33
53
-4
6
28
57
26
12
-21
0
-30
0
-12
4
-3
-12
-19
-35
-35
-27
-9
34
9
-15
36
-47
27
-53
-7
37
-12
-12
44
25
-8
-1
39
13
-14
38
-46
-8
-22
-30
16
-20
-15
-7
-23
14
-27
18
-10
24
-31
-13
-2
-8
-4
45
-13
19
17
11
15
25
20
25
17
12
-4
24
21
29
-20
-36
26
-22
31
19
-10
-8
6
21
-31
27
21
18
-5
-28
-14
-24
-1
-11
3
0
45
9
-12
25
29
-17
5
5
11
24
-24
3
34
-6
37
35
-2
-34
6
25
29
-3
13
33
-3
34
15
-20
7
-23
5
-16
34
-1
42
38
20
22
-1
0
45
26
4
24
-16
29
9
39
32
-7
29
-15
8
28
26
29
-3
3
-37
32
-4
2
-28
25
20
38
-6
-2
-6
-13
-10
-52
16
20
-2
-39
26
-4
31
4
49
-63
15
31
17
8
-13
44
14
-8
4
25
-37
-5
-23
-36
-4
-11
-16
-8
-43
-5
-23
11
-18
39
-6
14
11
35
33
-8
-10
-8
-22
-1
24
-4
21
-24
-17
25
-10
8
-7
-7
-15
23
-7
35
23
3
-15
23
5
-5
2
-4
-6
38
13
1
11
24
-14
-14
18
35
1
-4
-24
-10
40
29
10
-11
2
-8
48
23
28
-32
29
-12
42
16
3
-4
-32
-6
50
-14
0
9
-20
-9
-9
-25
44
28
-27
-4
10
37
7
7
27
-29
28
11
-12
10
23
20
16
9
-39
9
16
-1
22
52
25
-8
42
-15
45
-16
50
35
23
-21
-10
0
-14
-9
-13
22
10
-32
-21
24
11
18
3
-8
-3
-9
24
13
-42
-1
-13
21
-35
21
-25
8
23
-26
1
17
7
21
0
-5
27
-28
29
-20
-4
30
-6
-26
47
4
40
38
-2
48
-28
-3
28
3
22
-12
-24
25
-42
-3
22
39
11
-5
21
3
29
15
-7
-12
4
-11
25
9
7
27
9
-26
42
4
21
8
17
8
5
3
24
46
-6
30
2
-13
34
-2
18
35
4
-46
-5
-26
40
-22
22
9
-38
-20
41
15
-1
1
18
-9
10
-47
52
35
-3
24
32
38
0
-6
13
0
43
21
7
-1
13
-22
-24
-3
-22
1
19
6
4
41
34
21
-12
12
34
25
-10
5
32
-14
-8
22
23
-21
-25
-12
-2
-1
29
-5
17
13
5
1
-18
35
17
-21
19
31
-2
40
38
40
38
24
27
48
22
21
0
-11
-1
-7
-10
-42
-19
-8
45
19
0
35
39
28
39
24
37
26
42
10
12
24
15
-8
19
-32
11
3
-21
-20
-7
-4
35
28
-24
-9
-26
11
29
19
17
-17
-17
4
14
16
54
6
21
-5
38
-24
31
6
-20
-3
-1
-15
-10
37
11
26
-4
27
55
22
-22
-11
49
-13
33
35
-1
27
9
51
48
26
39
20
0
-5
-5
-54
23
26
31
26
33
1
42
-14
18
-15
30
27
-49
28
-7
-63
20
9
11
29
9
9
8
5
26
-6
13
18
32
-15
31
6
-18
4
27
16
-14
-5
14
3
-7
40
37
36
-14
-13
-1
31
-12
7
63
-25
-45
-4
-13
0
1
19
47
38
26
-7
-31
-22
4
9
-18
23
-17
-24
-1
7
29
21
17
5
10
-22
-12
28
-25
24
6
6
10
22
1
-5
-19
-12
-19
-23
12
-1
-6
43
15
5
1
-15
-2
1
-8
15
-50
-5
2
8
-5
-9
-24
-22
7
23
8
-9
17
31
23
-3
1
9
28
3
30
-4
18
8
-10
68
-39
12
8
26
-4
19
-23
24
-16
17
27
14
1
-17
-38
-2
-20
34
-53
17
-11
30
4
9
-3
-5
27
10
-9
30
-29
1
-10
-12
32
43
0
44
33
15
16
-2
3
4
20
13
-16
11
-31
47
-6
28
31
-25
-12
-17
20
-20
16
29
-7
-17
30
24
31
-16
17
-19
25
12
-11
20
13
24
49
-18
27
-5
31
42
30
-7
39
27
-9
15
-25
5
-4
37
26
2
11
8
9
8
6
35
38
39
21
1
18
32
0
-11
39
42
11
5
12
-44
17
-14
-31
3
33
17
-22
3
32
-18
28
-10
0
2
35
13
22
13
9
9
20
-17
-13
-29
22
13
-5
-3
-3
1
-24
31
27
-19
9
24
19
-20
49
-11
10
-18
3
46
-26
5
-18
-16
40
-7
14
41
-1
-35
9
4
27
22
18
22
31
31
-1
34
