142
98
92
87
129
63
135
36
0
37
135
120
70
80
68
42
87
27
117
4
29
150
101
152
156
70
70
43
81
60
106
65
0
102
137
70
108
41
91
125
127
0
89
63
118
107
2
89
106
160
5
142
99
125
0
44
106
77
149
87
117
157
94
82
68
103
87
0
72
56
72
127
123
0
73
0
136
59
108
18
111
60
72
113
153
62
85
39
0
91
79
3
142
129
133
20
95
152
33
59
86
51
36
109
147
115
146
17
83
69
93
140
38
45
114
56
28
93
141
129
71
109
13
152
2
0
102
104
92
80
108
96
0
95
17
117
30
85
97
140
105
66
35
82
0
129
158
0
41
78
142
46
160
58
122
96
26
42
62
0
85
168
0
80
0
0
130
70
76
180
93
67
0
26
88
148
107
100
61
64
74
103
0
94
40
168
154
36
95
87
132
33
107
122
49
38
63
153
43
81
154
71
77
138
99
0
50
0
99
112
149
74
86
62
0
87
18
90
80
32
148
126
136
128
171
72
65
71
170
164
50
60
37
60
68
100
115
24
139
135
34
86
81
172
148
61
78
77
33
159
149
163
157
0
58
14
0
99
11
85
104
74
92
97
76
106
118
120
153
14
99
138
101
0
154
141
29
38
135
181
59
69
134
184
107
109
16
59
0
62
36
84
36
30
16
0
0
35
40
145
87
19
140
0
120
0
28
149
29
52
160
115
36
62
156
91
27
128
0
39
0
0
104
20
30
38
13
87
0
107
36
116
0
21
44
50
38
173
41
112
95
66
97
109
110
101
111
85
49
115
115
118
12
0
113
25
136
116
35
36
76
111
0
129
108
96
58
1
43
10
68
34
60
63
178
79
17
109
117
20
54
73
78
110
15
82
151
20
144
151
57
0
64
119
120
51
88
129
43
133
91
10
84
6
72
32
134
52
163
152
91
105
61
52
159
119
66
126
12
122
74
149
134
39
119
25
88
125
106
122
51
66
0
140
54
65
0
120
98
151
38
63
41
23
37
0
103
106
61
0
121
45
134
67
168
0
92
140
99
69
24
158
95
36
75
107
0
52
8
0
61
21
23
44
0
53
0
82
37
158
55
96
85
147
143
36
31
45
7
53
104
64
105
10
38
121
21
85
39
35
33
108
50
132
120
79
23
110
81
44
71
44
50
154
80
59
73
101
21
30
106
140
66
59
11
28
153
118
84
49
50
49
162
118
133
0
132
28
160
90
56
36
0
50
166
16
50
85
0
32
35
0
161
127
0
51
70
152
74
78
120
0
132
87
32
85
101
104
97
87
0
90
86
69
116
177
116
44
160
39
170
23
163
151
114
20
43
61
27
41
44
104
95
0
13
119
101
97
73
45
56
30
99
96
0
47
32
114
0
105
0
64
118
0
55
94
66
106
54
45
117
0
132
16
47
129
33
0
165
64
144
138
56
167
0
56
126
61
106
6
14
117
0
57
119
154
75
45
103
60
117
83
38
37
63
29
110
87
67
102
78
2
152
61
92
75
102
76
68
68
112
170
55
116
72
39
133
58
99
144
51
0
35
13
155
10
116
80
0
9
160
102
65
56
99
38
76
0
190
139
51
92
138
151
73
55
83
49
159
109
77
57
95
0
20
36
11
69
104
63
62
162
145
105
36
89
112
93
30
58
131
23
30
120
102
0
15
32
68
54
128
51
92
87
67
48
18
136
100
6
111
131
57
162
149
149
147
116
123
176
113
95
60
25
55
44
52
0
15
38
171
102
69
149
158
124
153
126
140
115
158
91
78
109
88
45
111
0
77
69
9
13
57
65
136
117
0
25
0
61
133
109
104
1
34
88
83
99
202
74
113
56
153
0
136
80
0
65
80
23
22
148
85
119
36
121
186
91
7
31
171
19
132
138
59
124
71
176
177
130
143
118
59
51
36
0
99
118
131
126
148
57
157
38
110
30
118
135
0
116
42
0
85
72
93
128
88
75
66
67
113
43
94
98
133
26
135
72
15
66
120
97
36
51
87
65
34
146
137
123
26
49
40
132
21
70
206
0
0
39
37
50
61
97
173
155
105
36
0
14
61
75
25
113
33
16
37
92
127
104
87
75
86
19
41
106
0
116
67
57
66
101
65
42
14
35
32
2
86
50
46
160
96
70
66
35
54
79
43
101
0
57
57
67
56
27
7
12
74
108
85
47
105
131
107
46
69
86
128
68
137
47
95
74
46
216
0
84
82
119
50
95
0
95
19
97
121
84
52
22
0
66
7
136
0
105
44
123
59
65
57
42
103
86
34
131
0
64
38
32
142
163
56
163
125
87
94
44
65
68
111
89
5
102
0
172
34
110
133
0
43
42
115
12
103
127
40
17
133
115
135
36
91
37
105
82
21
106
92
126
166
21
109
51
130
163
128
43
148
124
50
82
12
76
53
146
113
58
78
80
59
80
78
152
147
148
104
62
110
143
63
26
150
164
72
65
78
0
98
32
0
45
136
113
18
70
134
19
120
43
61
73
137
95
107
81
94
75
107
35
27
0
112
93
45
54
42
61
0
129
116
10
81
121
100
17
171
29
78
8
71
164
4
65
20
33
153
55
84
152
58
0
85
61
116
100
98
113
125
140
54
135
