2084344944
1579924724
2127867294
1318146272
1653857502
1752679019
1568316428
1304955346
1346217058
1301703891
1942006348
2030425799
1838390534
1092824064
2000156306
1306632936
1258959293
1695076532
1223855571
1474855184
1714708780
1880906313
1210275297
2041537583
1673427532
1275244783
1101441664
1608286776
1251761273
1556100162
1079621708
1985102339
1691748795
2069390549
2015296151
1724925969
1833068760
2016606106
2093577074
1118369269
1356964015
1150416668
1999552231
1562460761
1184495686
1976618370
1206328045
1721762312
2026520455
1456228332
1081359225
1673199458
1144977936
1693590866
1179042659
1699120233
1278505375
1436288948
1400163245
1555169301
1171403214
2133881341
1598449254
1762104964
1318701363
1672629242
1430919423
1368959854
1376357073
2089930685
1975542334
2110393478
1812679013
2140603503
1345029763
1983537154
1804380494
1303738432
1731398457
1829817391
2147032107
1622697309
1425371093
1263442959
1350352138
1517765553
1257393535
1862115381
1627139525
1655997257
1119775072
1747584204
1432936117
1941826282
1631788561
1579297446
1977414025
1142579398
1933091895
1887256141
1426533524
1676872372
2133775697
1390208634
1946254004
1284189714
1780443184
1760118118
1453675396
1132818732
1778211879
2040081021
2110493737
1831022848
1361898015
1292523610
1614177017
1115064219
1867735324
1618376091
1849910659
1804217215
1218856746
1586584037
1148993736
1296896991
1938220054
1903496658
1715862274
1283852299
1249403355
1237640403
1763511740
1686973891
1426815166
2043377879
1968697685
1922375303
1168400745
1665579692
2061770182
1918035064
1253338318
1115176910
1992849205
1689312846
1564043421
1091736598
1517940749
1211849477
2103439632
1344206150
1308607522
2040842760
1618664321
1879273238
1409293683
1253534023
1170971700
1157495064
1695679976
1175500540
1771139842
1162428091
1875984057
1176340251
2034429224
1238332762
1077087621
1137636518
1989183050
1102905387
1567938939
1603570423
1584764481
2126478536
1800834937
1243879574
1805384287
1984930753
1970242818
1175623027
1586531330
1747394800
1496369550
1875923329
1119034473
1213412571
1125519795
1638430172
1441976352
1170238864
1230785670
1245868511
1455086125
1124413566
1254104755
1827307939
1088416996
1284615155
1313009892
1896582171
1631983579
1377814094
1340501954
2014058772
1313686754
1224306593
1748279829
1217864584
1823434792
1288373078
1319224371
1171654578
1366001069
1641849517
1176408656
2096505036
1779074220
1963989467
1687361177
1196247381
1212652752
1124880143
1642712145
1171726759
2042666786
1280515252
1562591299
1340056278
1197215034
1480690999
1222352919
1568120465
1155240269
1764860481
2052223525
1684642727
1605982711
1114737203
1238720278
1513652473
2001568410
1968293899
2038237517
1286902721
1148327444
2074152734
1822287773
1840161960
1155274358
1128606911
1102778832
1321868973
2078364699
2115173681
1749872055
1253755796
1416012637
1402354332
2101824604
1862473162
1396834075
1815455842
1228551901
1888064171
1254508655
1901959832
1262520920
1711011001
1271373928
1149663695
1328103074
1318140371
2021460128
1748387736
1240094283
1266278110
2113385778
2127067285
1216209738
1332421484
1245728206
1563508439
1283400017
1725475330
2117619455
1636379962
1322532802
1350353616
1091962840
1199873603
1074118753
1207217943
2060948059
1919642874
1092584617
1943370671
1261658264
1077082132
1998152960
1281033390
1481549187
1732822535
1980005289
1399482630
2013161781
1925123108
1397840503
1471771505
1353534987
1493461124
1272011231
2138957996
1195613859
1795611331
1230422045
1184792710
1550995664
1231475079
1409815259
1400878119
1642868950
1657237947
1753194637
1477218144
1731102779
1576914148
2023358116
1715876425
1076092880
2133806692
2045456906
1148205329
2034789183
1284439330
1439210952
2070176236
1150546661
1828053579
1236462893
1186634496
1078428369
1211670987
1658215558
1667075355
1402957948
1577252508
1651953843
1931535704
2084433516
1962809735
1579868980
1154089526
1293754589
1836861699
1928574170
1815702765
1274319880
1185049660
1590757101
1549666116
1804829769
1176064969
2144892982
1881137080
1923748335
1950408849
1496170293
1143427961
2102735849
1977723854
1430939475
1598731812
1448410025
2019180068
2125499923
1243552644
1939001902
1449860629
1404377558
1758750701
1404057417
1449066005
1438914358
1680331020
2146318263
1418482100
1880103955
1175440098
1897375019
1172634795
1290722100
2066225518
2027006109
1557718342
1994687324
1837427332
1384156073
2051088193
2134269223
1216109594
1713246489
1316847575
1942143960
1922046281
1165102427
1416605597
1115020162
1859127263
1908022805
1325972199
2072938914
1559537497
1646728404
1359938210
1103523040
1482522931
1426182388
1247581621
1997083684
1438212602
1100831230
1544916993
1888846878
1433070865
1842947303
1781297333
1372090167
1369582319
1782617772
1300219085
1135461128
1268032154
1822320314
1147569887
1181546566
1708015092
1238391027
1918465089
1442918270
1503493607
2059682046
1880285796
2060257475
1351834194
2073932337
2083544248
1531490430
2087004957
2034355004
1600789297
1701525245
1608865012
1785075835
1614264329
1752611187
1276798882
2117587201
1681616339
1309020302
2008640791
1112927329
1815866216
1362955604
1564234314
1457085174
1755784125
1429980369
1501659957
1121200639
1268814289
2029952920
1492868370
1230007947
1170167394
1825189725
1202778764
1161330141
1174367900
1894196810
1561372923
1589317153
1672021100
1399268706
1158137180
1451513613
1256710571
1812878442
1141626136
2018963050
1996629826
1296012031
1525571257
1442291365
2056831484
1190856486
1388667640
1092879161
1584980467
1330398603
1747801164
1897035399
1731909090
1321153582
1760678996
1564777717
1952472006
1567798949
1788241440
1518301796
1447720301
1253849524
1269458553
1548332099
1627691264
1405126234
1111916375
1313008488
1153652340
1156618114
1557217792
1824523719
1358007395
1653724759
1593676355
1265640320
1427448286
1930517761
1639274409
1947541902
2037549111
1119428061
1295275130
1105255801
1143004611
1804837790
1106252231
1421483223
1855513530
1439139797
1195620848
1240959318
2127145659
1527695658
1924350117
1085228017
1779792762
1911244841
1330655151
1776167484
1115341134
1493920997
1708283614
2104244683
1546625291
1755142983
1463390545
1723908426
1147001849
1165762961
1467583660
1446402899
1985481376
1307777825
1372428412
2139260033
1907045538
1502373800
1258330125
1096984953
1767353892
1121841666
1210785271
1513467080
1787259246
1499057865
1199698293
2021559837
1509711609
1284123142
1652233021
1799343599
1753677312
1223808198
1943542200
1695100021
1821135769
1624968890
1256004232
1659771176
1889400995
1378973316
1364011817
1564483930
2140152395
1650277284
1817734012
1502099549
1707458489
1456291524
1549052245
1699699844
1686895116
1769085106
1257965010
1636314192
1810966304
1158884424
1109108952
2109164819
2059919345
1715449780
1763567771
1389447626
1153801697
1637387593
1413869101
1311113136
1200544823
1155849615
1986125267
1812536760
1989777042
1733214576
1739662143
1262014211
1286487133
1747837658
1748036228
1618830608
1512073796
1650000397
1097276134
1254926477
1425934548
1980491860
2081604380
1668572823
1167080507
1091560429
1356593959
1980584500
1658164913
1154065177
2135810381
1192817895
1790420955
1207864299
2090223498
1093411782
1280358648
1383282732
2028765511
1318039253
1083019255
1725437862
1141575491
1995670320
1142688079
1416657731
1791178282
2051166395
1105587285
1914320785
1796250124
1744776953
1074919535
2136165870
1211929025
1410082349
2137226667
