50
41
105
91
77
28
46
130
36
66
105
71
66
54
41
54
51
9
75
59
31
41
20
50
52
48
63
56
70
63
43
2
238
153
63
32
15
31
45
59
38
55
113
47
44
46
43
58
63
20
68
38
42
66
22
60
56
53
53
44
51
49
64
35
26
41
15
68
54
13
21
29
41
8
26
44
46
15
55
33
62
109
42
76
21
51
51
43
56
72
46
77
38
117
54
102
52
50
44
51
58
76
44
31
53
13
45
74
45
57
39
45
46
81
45
0
44
0
54
5
85
40
29
53
64
0
66
36
48
46
56
51
61
51
71
117
49
45
67
52
41
66
62
62
0
50
30
103
49
43
108
41
58
155
30
57
37
177
104
34
0
34
8
63
42
0
34
0
34
33
73
57
59
0
32
44
32
55
35
82
0
12
59
37
8
65
74
188
27
69
0
57
59
56
44
22
51
59
37
36
46
100
12
63
31
42
46
47
40
50
15
57
46
19
21
64
50
73
38
20
63
29
35
62
48
59
19
56
16
31
60
73
37
73
0
33
5
44
32
53
35
114
95
49
122
41
75
53
61
86
10
38
58
36
34
49
35
40
33
27
30
56
48
50
86
29
73
16
85
39
48
53
117
79
97
74
195
63
57
42
18
50
122
64
12
52
166
68
89
34
76
92
25
44
45
53
39
82
20
68
59
56
16
39
52
12
86
62
74
11
91
42
0
48
98
39
36
51
36
67
57
81
81
58
9
44
181
33
44
37
55
40
31
66
44
79
28
19
39
57
0
35
44
92
71
83
26
15
48
52
32
53
30
136
121
65
67
51
26
34
47
42
27
64
93
41
47
56
21
146
33
0
32
216
29
28
0
45
17
18
45
50
123
32
12
20
33
40
63
49
37
32
40
40
29
39
107
43
56
25
0
50
58
56
67
41
31
29
113
6
3
70
69
39
54
67
76
26
85
55
0
72
70
42
39
114
160
57
0
31
112
40
57
15
14
64
33
20
68
51
62
21
82
49
54
50
120
100
31
41
60
58
56
26
64
91
37
127
36
66
11
58
16
53
59
156
48
58
65
53
66
40
135
40
58
52
51
89
7
51
43
50
50
14
80
65
67
60
0
74
61
47
57
49
26
75
62
54
56
62
26
31
25
60
44
11
50
34
62
120
35
62
36
16
33
39
6
15
73
24
67
8
23
45
164
44
62
53
47
0
23
42
26
74
50
61
28
74
45
55
41
99
0
61
26
13
60
45
44
44
13
46
29
29
26
47
90
52
68
45
45
40
11
3
0
16
28
70
32
48
17
50
69
147
42
41
49
57
93
52
68
26
68
142
28
33
119
33
20
57
41
24
6
10
40
19
142
118
12
104
56
72
47
73
69
71
75
24
61
30
42
45
70
48
55
23
62
37
50
47
33
25
31
16
94
28
55
50
48
0
0
25
42
0
39
30
33
25
0
64
51
123
43
55
26
53
67
74
36
42
55
63
24
36
15
24
67
45
11
0
47
57
43
69
47
60
1
131
38
44
136
26
37
49
29
46
229
41
57
16
51
55
71
42
47
57
60
28
51
57
109
16
84
62
43
49
33
67
0
46
41
109
55
36
68
48
121
46
33
18
55
0
62
90
36
41
11
34
62
60
31
205
17
21
72
62
94
106
22
1
39
13
54
158
47
55
193
37
14
6
44
83
81
41
116
165
49
42
49
3
57
56
78
54
53
64
36
6
11
39
58
61
56
16
25
0
105
104
46
112
42
51
38
40
106
131
68
107
37
38
48
56
32
69
56
16
109
103
14
53
43
84
50
17
39
31
50
96
93
54
55
63
39
47
48
102
68
67
59
79
12
85
49
49
48
59
149
30
50
35
20
86
58
69
56
0
26
78
78
56
60
49
0
58
248
49
35
173
62
61
58
30
25
32
23
36
120
40
80
36
52
152
34
102
61
62
97
16
30
68
40
40
70
19
77
66
106
63
69
45
62
88
0
29
16
53
83
81
11
27
59
23
124
120
10
0
35
60
39
57
69
14
72
73
69
1
102
53
27
60
23
72
50
31
70
53
15
64
47
51
50
3
22
55
50
46
69
46
0
58
63
48
72
33
57
0
50
45
50
41
107
44
46
0
136
65
29
62
68
15
64
63
138
55
44
116
59
65
101
16
57
43
33
57
182
0
44
78
65
44
39
39
60
39
71
0
60
42
66
102
92
36
61
50
95
55
99
57
30
52
64
43
180
34
13
65
16
57
53
47
68
28
19
53
80
62
74
58
52
54
84
68
49
45
58
80
59
59
96
33
59
40
73
21
63
122
43
33
120
3
56
30
7
45
169
33
42
36
145
46
130
50
0
38
51
52
50
39
57
87
88
44
28
21
44
35
45
37
66
64
3
58
45
10
32
36
80
220
55
28
37
55
60
65
80
0
44
20
48
61
40
41
55
71
49
46
59
29
57
10
75
65
73
11
26
24
93
14
45
59
57
48
15
36
58
59
64
57
45
78
39
60
61
95
143
58
40
53
75
29
43
58
0
43
57
21
48
47
42
48
28
89
32
63
109
41
102
44
41
33
71
39
25
64
90
49
70
38
38
57
45
64
44
51
64
52
60
71
45
39
0
51
