0.00015000874
4.712697e-05
7.4098316e-05
7.2383635e-05
4.6671325e-05
0.00013882376
7.263449e-05
3.49533e-05
3.4706565e-05
7.5764176e-05
5.9689053e-05
0.00016550116
9.923734e-05
5.1618463e-05
8.988803e-05
0.000100148514
0.00029132803
0.00018133107
0.00012943719
0.00013830527
0.00011588554
0.00017008613
0.00019797242
6.8106274e-05
0.00013437145
9.0172725e-05
0.00011836845
3.1998286e-05
0.00028335897
0.00030071748
7.876808e-05
3.730796e-05
7.6204225e-05
0.000105464234
0.00015846331
0.00012993014
0.00021337609
7.2237875e-05
0.00020658
3.7906026e-05
0.00020049019
2.3279763e-05
0.00019122107
8.572772e-05
0.00025812755
1.8437104e-05
0.00016326568
4.313946e-05
0.00020591084
0.00012564076
4.934419e-05
5.4033502e-05
3.7228332e-05
3.595705e-05
0.00026329773
2.6503385e-05
0.00022921235
0.0001124571
5.4389493e-05
6.7361216e-05
7.021039e-05
0.00010291913
0.00012373227
0.00020050353
0.00017711293
5.9747857e-05
3.027481e-05
0.0002800567
2.2078702e-05
0.00022496395
0.00015853273
0.00023486855
9.807607e-05
6.003843e-05
0.00018378391
0.0001670143
3.5667552e-05
3.723914e-05
0.0002570827
3.0604533e-05
0.00015112541
2.6713049e-05
9.500445e-05
7.245251e-05
6.4150685e-05
0.00020022545
5.8465346e-05
0.00017413485
0.00015356291
4.252748e-05
0.000117751086
0.00016574093
0.00016045099
0.00014894929
0.000172254
0.00012178037
0.00016582201
0.00023283018
3.1377178e-05
0.00013452863
9.084564e-05
3.0234436e-05
9.4522715e-05
0.00018622284
6.192369e-05
0.00032674463
4.211487e-05
4.7022197e-05
0.00013548006
4.14912e-05
0.00017188302
0.00022373689
0.00012342667
2.9225892e-05
0.00017612192
0.00020478135
0.00023105695
0.0003681221
2.2167203e-05
0.00017267771
7.545155e-05
4.7476937e-05
0.0001588387
0.00018582822
0.00010218994
0.00019213372
6.241706e-05
0.0001052001
0.000121353616
7.469545e-05
3.1258172e-05
3.487513e-05
5.646476e-05
0.00014527085
6.1188526e-05
0.00023413058
0.00013193044
0.00016887866
0.00017631178
6.736758e-05
0.00016366881
0.00022070839
0.0001352365
0.00011094216
0.000101678066
6.4907435e-05
0.0001560749
3.1585387e-05
0.0001480467
5.1956926e-05
0.0002626678
0.00011780293
0.00011727669
0.000115809606
0.000100327736
0.00018167452
0.00025121632
8.006684e-05
0.00018165987
1.8468007e-05
0.00016534654
9.481891e-05
0.0001967646
0.00018078776
2.6198297e-05
8.286296e-05
1.7909175e-05
3.1036107e-05
6.9383284e-05
2.2643419e-05
0.00014508345
3.503324e-05
0.00023729699
0.00015479152
0.00021419706
5.4860924e-05
3.5613502e-05
0.00018593094
0.00011322215
0.00013161058
4.5720204e-05
0.00010428732
0.00013640079
2.129396e-05
0.00013381123
3.5917394e-05
2.3837172e-05
4.4943976e-05
0.00015436357
8.006121e-05
0.00018524007
0.00017762564
0.00012209946
0.00025800493
0.0002502022
7.066097e-05
0.00012884433
4.167385e-05
2.7355032e-05
6.797219e-05
0.00022913306
0.00018063543
0.00014293761
4.1892155e-05
7.71134e-05
3.3585347e-05
0.00019633063
9.836843e-05
0.00020918634
0.0001580252
3.468111e-05
3.1893862e-05
0.00017262776
4.3857905e-05
3.4291555e-05
2.1792166e-05
2.5118217e-05
8.299195e-05
0.00020544713
0.00034817128
4.843207e-05
6.260383e-05
0.00011920779
0.00012526764
5.9569884e-05
3.827662e-05
0.00017084209
0.00011736498
0.00017523362
0.00011097638
5.974075e-05
0.00016814354
0.0002536081
5.087406e-05
4.0112212e-05
2.577375e-05
1.91976e-05
0.00011273951
0.00015511215
0.00016522087
0.00020586216
6.15001e-05
0.00020999803
3.630228e-05
0.00022083106
0.00010455049
5.2864383e-05
9.229518e-05
7.0695765e-05
0.0002195864
2.108221e-05
0.00018224916
7.65886e-05
0.00040956246
0.0001032907
0.00016290431
0.00010156163
3.3379056e-05
0.00024186962
9.91226e-05
0.00019868268
0.000121917605
0.0001883101
0.00011127031
8.115787e-05
2.546558e-05
0.0001628225
0.00013844771
0.00029684222
0.00020357917
0.0001093558
0.00020012664
5.657673e-05
9.470754e-05
0.00017898066
0.00013081249
0.00027207797
0.00027624235
0.0001958895
1.8745952e-05
0.00018754059
0.00038178475
0.00018582465
0.00016014407
8.7344706e-05
2.2777102e-05
5.0115705e-05
0.00026132853
2.282026e-05
0.0001297289
4.3359873e-05
0.0001495442
0.00018591952
3.7077556e-05
0.0002167879
6.968484e-05
0.0001704867
4.8747504e-05
0.00019835308
7.821977e-05
0.00011985183
2.9246059e-05
0.000206582
0.0001160618
0.00013266852
2.9407493e-05
0.00029124654
0.00011075804
0.00016961731
0.00038314404
0.00022332599
6.7165856e-05
0.00017015864
0.00014729722
4.5561777e-05
0.00010784164
2.7598686e-05
0.0002141955
8.323651e-05
3.1226224e-05
2.5242982e-05
8.286065e-05
4.3214055e-05
0.00010243888
0.00016295562
0.00019586999
0.0002714098
0.00028143576
8.078866e-05
0.00013014268
6.001162e-05
4.3474138e-05
0.00013637185
1.9512607e-05
0.00018098556
0.00026644595
3.978534e-05
0.00014000013
0.00024091
0.00027789618
3.412942e-05
2.6053267e-05
0.00014706158
4.7250105e-05
6.027228e-05
6.595501e-05
5.747958e-05
0.0002959238
0.00012697358
0.00012628137
3.2593663e-05
0.0002283701
0.00027352694
0.00017696094
0.000102229715
2.97988e-05
0.00013500742
0.00016013513
0.00021846709
0.00018581196
2.7782991e-05
6.3365886e-05
2.8527687e-05
7.3695286e-05
8.859736e-05
0.00015351392
0.0002418743
9.6270145e-05
0.00012258532
0.00024325086
0.0001517676
2.9678484e-05
0.00015964889
0.00018311734
4.4727225e-05
0.00010912672
3.4339217e-05
0.00015387508
6.0458955e-05
0.00011699231
6.610904e-05
3.694143e-05
4.872847e-05
0.00016074727
