-821
25692
14540
-3083
1377
-11322
-14525
1782
-1771
-16993
-3704
-14062
6042
25098
33026
-10884
-2757
-10326
1098
-7078
-9329
2178
-2115
22099
-10239
15
-17708
11771
-7781
3102
-489
-1004
20897
-9634
-16029
13911
6511
18555
-4017
1806
-6730
9743
-2131
-10812
7907
-2498
11677
10838
-7635
-9496
973
7352
10296
9698
-4547
4357
-2545
6195
4957
18326
-421
6886
-2298
817
4917
29099
13478
-6075
-10510
-12824
-5734
-250
-15018
9253
-1060
10753
15268
2863
-641
-1725
684
-2434
-1258
5134
36033
-1226
30267
-5986
-1248
557
3587
-10770
10016
-5514
-4702
-3470
-10245
5635
8063
3826
-2099
-3676
-9425
-8623
5606
-17549
5241
17567
-5784
33393
-13392
-4216
-3733
326
11440
-6745
1833
-749
33019
-9573
6634
-1949
-1966
4433
12298
-8304
-1290
-500
10204
11907
35046
-4427
2157
2396
27941
-15370
5050
2372
-8577
13851
-10338
-2723
-17610
-6597
-962
23039
-1999
-15582
-6315
7660
84
16868
3619
4314
7774
-9138
4173
7571
1145
5804
-4043
-10883
-12835
16753
-7317
-13580
-12440
17378
-1673
6959
-4329
-2509
3526
-5026
8007
31711
2699
-10307
-13918
-10073
247
15552
15566
4813
-1369
-8964
13718
14876
-10553
3152
-5148
-11299
10188
1106
-4230
21428
-3182
-3345
23254
10091
-4189
5620
-13397
-1205
26806
-2128
-9146
-6571
5724
2689
47813
7845
7318
7744
990
4172
9390
28603
147
1972
43190
19916
19229
12004
-6114
-981
-12406
4858
-14873
6069
5377
-5026
-516
26314
36407
-5192
8414
-2298
486
5302
528
9815
-1324
-12193
-2854
17987
3828
-5127
-6727
-954
6437
3589
3120
-879
-11710
-13648
-9399
-3339
-6041
9990
-14756
15365
-8910
-9716
-10343
-4719
1986
9379
-3193
-4835
1170
-6312
9751
17463
-5408
-18926
-5547
9472
5055
-9284
-8529
853
2278
-8843
-890
13958
18823
-16369
7423
-3373
-3783
7613
-6547
9646
10968
5238
1967
22916
-15317
-2618
-11581
3676
-8712
-8107
-9806
23327
-1726
5423
3688
-183
1584
1212
-12278
14194
18022
-13787
6351
-3167
6211
-162
7138
-5190
-5342
2579
-15088
12083
-4202
-454
24607
-8424
99
10955
-6602
9035
-2593
-2189
28247
9843
-14124
-984
11651
-19143
-9261
7326
-1801
7684
15966
8946
8266
8961
4645
-6313
-7517
-6149
-8705
-524
7380
6156
3170
5930
-1552
13661
15771
16859
-15419
5301
-2811
5788
12910
7620
227
-7115
603
7418
10676
-569
-4217
10596
-1839
5583
1245
19085
-11747
1231
