1343109201
1687812904
1326884444
1296179549
1671494370
1242964046
1300671584
1251823027
1242986450
1356715175
2137713301
1481821189
1777050953
1848671905
1609632217
1793367340
1304208686
1623554996
1158920998
1238321852
2075171561
1522873001
1772553910
1219584543
1203100178
1614730157
2119633305
1145991684
1268532924
1346243070
1410506246
1336153290
1364595194
1888556486
1418807575
1163334670
1910471334
1293569416
1849622481
1357572430
1795096872
1667490311
1712105492
1535133134
1155577676
1320618785
1461805802
1545003411
1843630933
1124929603
1767220748
1935164489
1333301367
1287771599
1178723340
1898392960
2052261883
2013778420
1947913924
1206242599
1257263102
1842981131
1107841837
1795216368
1585787766
2139819304
1084266879
1253749428
1581460340
2014223663
1419429055
2102904938
1756256057
1075112944
1645516602
1495369252
1277403448
1333688569
1150900120
1096075558
1353107318
1913410823
1701252266
1297412820
1148751391
1792726545
2093887182
1559123323
1374931706
1523086047
2108578089
1483968065
1436604323
1333623342
1542283068
1090365437
1484693987
2084654331
1123747285
1204507410
1626780171
1082820953
1692625743
1667353672
1108872532
1462760475
1508308647
1684060415
1213026207
1485972423
1538961483
2003237186
1105105574
2093401521
1576914575
1833517903
2068777789
1647997906
1587799472
1546076755
1351117007
1700346562
1422168668
1663820407
1829923248
1720276985
1117707288
1883826694
1086544469
1337577365
1119485204
1249023521
2022237810
1300688330
1095707801
2096297568
1181244476
1512061786
1578614583
1206356731
1465415285
1976121517
1210845449
1986650102
1820757217
1162302544
1397422772
1131204139
1325542049
1860793649
1175903332
2109506489
2100083126
2073811867
1796576810
1626630044
1124637674
1433763391
1626498907
1322832300
1480436881
1697929835
1761739671
1618690489
1876540003
1483833773
1282804062
1111532155
1242451950
1621910169
1299010564
1254686135
2124648134
1385932003
1917821958
1964797847
1275467700
1664740125
2027478106
1178380555
1637430627
1867481432
1221269983
1525250579
1198084178
1286351231
1707416604
1609630656
1382100435
1433662526
1658554391
1590378390
1093222400
1155028690
1120097775
1265331714
1153612874
1492514013
1959395101
1217183489
2051552056
1617326568
1279797609
1500332316
1380875878
1202830957
1757854223
1761491345
1872958315
1414884897
1242074829
1142251811
1545629496
1570733979
1228123208
1560936226
1799175757
1486143522
1839479081
1558682664
1734553897
1121051765
2134663550
1121588899
2133445367
1370844932
1529641554
2101664124
1568961233
1987262835
2139564768
1505479810
1135345130
1822011689
1436585217
1846130316
1375091848
2018835325
1388802915
1479311758
1843195022
1101287175
1880225827
1300135719
1977219748
1872193991
1893293498
1652737129
1265954722
1966075665
1510083376
1631775133
1371478138
1833516928
1849634902
1458570286
1818672285
1195442829
1082794696
1774996260
1778913280
1091594188
1686042077
1992526283
1453300499
1824056822
1457837861
1239597134
1328894427
1822754227
1958243121
1791841912
2026248087
1695935427
1602510474
1171234913
1218030436
1236673545
1753904492
1342741001
1679152109
1709162492
1663788378
1433856354
1564088597
1631485512
1794851895
1169907671
1634576883
1161532887
1552897464
1338949935
1664637861
1327901613
1941019079
1247851900
1526459528
1745850903
1775962281
1400687682
2146196363
2094846016
1849640202
2078327834
1187852887
2106409264
1303843856
1983353099
1518675399
1715247718
1999558151
1202744386
1523522185
1318831635
1631756826
1931128850
1976847406
1917807944
1490522792
1118340962
1808112380
1483792348
1547675117
1834381206
1459029739
1753729880
1215039344
1259923212
1446689064
1165237772
1074632877
1556989681
1221010764
1397655165
1620461414
1192817219
1424878482
1253496761
1078498668
1244077300
1222316546
1866151809
1316721762
1692222738
1079300499
1181061736
2058583014
1324782765
1136862982
1130665282
1167314706
2044720910
1224517171
1584426837
1830635741
2134438044
1208794333
1433776170
1956053876
1663674897
1990048946
1134697995
2043390448
1319667364
1586519963
1374492999
1082815620
1723917163
1097572502
1088978235
1358857304
2125819819
1429422686
1639548401
1601868021
1954140889
1229830225
1377726628
1082643350
2094990648
1183819752
1323026278
1745169235
1439257117
