-719
-4374
-2527
-7498
-4292
-3790
-7818
-7075
-4071
-4122
-3978
6041
-4365
-5087
-3649
736
-4706
-4094
-6131
4380
-5184
-3602
-453
-6456
1157
-2960
-4288
-4019
-4645
-412
-4128
-6573
-4258
-5944
-4873
-3616
-3414
-3660
-3418
857
1720
-8813
-2735
-6528
-2763
-3270
-3284
-4643
-4518
-3913
-3888
-5490
-3805
-4689
2622
-6045
-2171
-5444
-7417
-3745
-5408
-5125
-7462
-4309
-1603
-2864
-1425
-4934
-5773
-5692
-7942
-4329
-627
-5554
-2744
-5806
-4457
-3106
-5526
-2391
-1590
-6589
2923
-3194
-4724
-2267
-1283
-3187
-3416
-2356
1944
-5423
219
-6503
-5751
-6446
-4138
-3793
-2892
-1941
6593
1526
-118
-3859
608
1106
-4858
-5100
1037
-3086
-7186
-3138
2783
-3859
-3623
-2400
-5799
-7308
-6510
-5148
-135
-517
-2403
-4148
981
-3248
-6474
-2595
1905
-3074
-2936
-2940
-4962
-6621
-6605
-3402
-4828
-7234
-3228
736
370
-7951
3193
-5002
-3117
-7071
-4355
-2685
6563
-2831
-3099
-4080
-6336
5529
1004
-5294
-5556
-3716
-2523
-5605
-4291
9467
-5132
-4557
4993
-6288
-5291
-5513
-3214
-3701
-2828
-4689
-4430
-4248
-4590
-1940
-3939
-4637
-2589
-5169
-1286
-1391
-8274
-2639
-3612
-1678
-2257
-2486
-3180
1748
-3720
-5449
2
-4289
-6322
-7022
1994
-4465
2225
-4065
-1538
-6003
-1877
4505
-2701
798
-4669
-5302
-3674
-4397
1028
-4599
-4736
-2697
-6100
-6313
-5519
8237
-189
-3482
-2568
-5136
-5612
-4253
-6627
1129
-4364
-3814
-5463
-1849
186
-4904
-187
-2995
-4302
-4886
-6796
1277
-3581
-1879
1767
-4730
-1670
1738
-1939
-7889
232
-1710
-5047
-5726
-3627
872
-7261
-5286
-4054
-1098
-2437
-5444
-2701
-5728
-6170
-4223
-403
-5195
-3160
-5035
-1186
-3970
-4590
-255
-1526
-3231
-2686
-8586
-5065
8070
-1231
-5393
-4324
-5117
-2638
-6316
48
-3669
-2041
-5215
-4885
935
-2454
1073
-3654
-2714
-6095
-719
3873
-5938
-2381
-3602
-6394
-6138
-1790
-5516
-5549
-3847
-4526
-1294
-4462
-4681
-4355
819
-5983
-4444
-4742
-5544
-3389
-5188
-3988
-5917
-4065
-4389
-5061
-1422
-1466
-1260
1578
-4474
-2035
-4325
-6153
-1864
-4036
-7495
-4811
-5252
-4011
-4409
-5899
-3368
-2891
-1132
-7343
-4028
-1534
-1000
-2492
-4141
-7604
-5200
-5498
-2760
-5147
3074
-5643
-3740
-5118
-3456
-6645
-2534
-1868
-4303
-1952
5328
-5605
-6344
-1653
-4535
-3684
-3909
-5368
-4574
-4593
-270
-5623
-3619
-4679
1678
-194
5000
-3668
-6353
-3744
-6065
-199
-2420
245
-3394
-5672
-3739
-815
1542
1898
-5033
-2854
494
-681
-2938
-5184
-5605
-2795
-671
-4544
-3917
-4099
-4199
-4712
-1558
-3344
-3773
-1648
-1742
-5915
-4281
-4959
-3407
-5390
-161
-4221
-6756
-6557
-2960
-609
-6476
-4020
-4015
-4565
-3207
-4454
-3293
-5662
-2706
-6997
-5157
-2977
8543
-4316
-3499
-3320
-3296
-5166
-3576
240
-4013
-2710
-2737
6545
-5926
23970
-6839
-2708
-3088
-3843
-3933
-2165
-6033
2344
-5121
995
-2658
-4130
-2763
-6339
-143
1436
-4126
-4520
483
-3590
-1834
-6619
-5818
-4064
-615
-5779
-4709
-6333
-5146
-2753
-8499
-5940
-2536
-2826
-3022
-3568
-4708
-385
2356
-4918
-3679
-1862
-6899
-3146
-5225
-4283
-6816
-4695
-2108
-2049
-6857
-2662
55
-5128
-5637
-5019
-7627
-3781
-3160
-5500
-2226
-4031
-4103
-3781
-5300
-1673
-3013
-4741
-2370
-3977
-2612
-5325
1424
-5090
-3854
-6585
-1850
-5797
-5694
-4834
-3528
-4800
-6975
-766
-5016
-1762
-3934
1743
-3466
-6128
611
-3360
-5067
3888
-2325
-5238
-909
-207
-5161
-3665
2058
-1559
-3993
-1624
-4528
-5656
-4767
-6644
-1011
-4368
-4033
-4149
2182
146
-3650
-4590
-5086
-6020
2840
-4140
-3421
-4440
-3899
-5323
-6100
-4415
-5862
-5149
-2559
-2696
-4570
-1095
-6819
-4509
-5374
-6688
-4742
-1729
-1560
3092
-1257
-4852
-2378
-880
-1287
-5531
-4524
1121
-683
-6211
-3046
1484
-3278
-1245
-2647
-7004
10160
-5317
-2410
-5196
1548
-7986
-3371
-3321
-3819
-4492
1318
-4884
-9600
-462
-2175
-7186
-2653
4149
-6197
-642
-1453
-2071
-2066
-936
-2621
-3847
3791
-3720
-1531
2371
-4086
-6386
-6041
-3910
-2478
1332
-2286
-3617
-4920
-2230
325
-3265
-7159
-5709
-3796
2813
-4357
583
-368
-2708
2857
-2501
1662
-5192
-2286
12706
-2665
-4722
-3123
-1768
-3406
-4439
-4975
-1554
-5290
-918
3856
211
-5566
-944
8105
-3292
-2390
-5263
-5195
-6349
-2531
-3476
-3939
153
-5634
1612
-1601
1205
-469
-3677
-5089
54
-5666
-4111
7253
-3645
-5671
-4026
-498
6156
-5264
-6268
-6023
425
-5432
-3186
-4493
-7153
-1016
-1690
-5462
-2916
-3183
-7735
-5148
3309
-4888
-2252
-3330
-5146
-3550
-4423
-6460
-5566
3265
-5540
-3885
-5062
-6343
-5468
-8355
-3023
-599
-7400
-1942
-4376
-4170
-4966
-5452
3320
-3790
-226
429
-4907
-5386
-6445
-6034
-6038
-3992
-7576
57
-1321
-6282
-4683
-3469
-3329
-4096
-3143
-2947
-2145
-3096
1716
1518
-3966
-15
-3506
-5648
-1692
-5368
-5751
-2353
-3265
-4958
-6998
1437
-5721
-5048
6430
-2594
-4909
-3139
-521
-3529
-2965
-4682
-3338
-6366
-3433
-3764
-4046
-1609
-4894
-811
-2380
-3815
-4697
-3265
621
-424
-4441
-5561
-2824
-946
-4991
-5687
10030
-3140
-4290
-4743
-5655
-5701
-1194
-4921
-4786
-1746
-4652
1954
-6664
-3574
-5104
-2350
-6882
-6533
-4408
-3857
-4721
-300
5642
79
-1714
-641
-3011
-8806
323
-2447
-3466
-2816
-5631
6141
-5822
-5802
-2052
-5003
733
2133
-4672
-4114
-4515
-3141
-4874
-4462
3842
-4158
-6023
-4121
342
-4169
-5519
-3318
-5138
-4054
-6249
-2516
-4818
-3581
-3151
-6474
-4371
-4101
-3707
-3056
-2857
-3366
-5159
-289
-3349
-5541
-5087
-4256
-1768
-3586
-2713
-6186
-4790
-2995
-2953
-2262
-5584
-3599
273
-5957
-3577
-6295
-4330
-5201
600
-4027
-5873
-5252
-1840
-4654
-3418
-3072
-1538
-3330
-2941
-291
-2073
-2520
-563
-8795
-4603
4391
-175
-5088
-5444
-2491
-2542
-3890
-7579
-4017
-4798
-3820
-4084
-5392
-4715
-4332
-2742
-2607
-3265
-6810
-3444
-7034
-1062
-2493
-2925
654
-337
-5568
-1854
-3029
-3851
2647
30694
5222
-4787
1758
-4906
-4675
-6517
-5931
-613
-5837
-4115
-3463
639
-4108
-4389
12077
-8069
-1767
-5587
-1514
-2776
-4450
2579
-1602
-6178
-3375
-5695
-4105
-3967
-2969
-4738
3342
-2792
-2435
3536
-5504
-4401
2963
-4741
-3387
-546
-5308
156
-4262
1224
-3868
-3617
-991
-4330
-3828
-2357
984
-3288
-4105
-2821
-1718
-4997
-3118
-1036
-5328
635
-3153
-3897
-3256
-524
-8429
-3831
-6895
-5199
-2703
-5349
-4650
-3706
-2491
-6219
-5618
-1420
-2201
-1140
-2255
-3162
-2960
736
-6239
-6839
-335
-3946
-392
-5479
-3609
-1000
-3481
-4656
-3129
-1788
-5412
-4968
-4661
-4977
-4579
-4555
-4845
-1859
18536
-6207
-945
-4972
-3822
-4510
-4065
-3096
-4838
-2158
-2642
3461
-4484
3962
-5370
-1386
-5555
2357
-6749
-400
-834
-3840
-3579
3
-4175
-4451
2046
-3540
-6609
-4341
12904
727
-6080
-3256
-6146
-804
14116
3015
-6605
785
-6245
-3805
-4991
-5734
-2823
-3933
-3964
-565
3248
-2297
-5907
1820
1417
-4895
-4470
-6491
-5297
4071
5271
-7436
-5462
-6513
-4795
-8358
-4437
-3544
-469
1563
-2302
1290
145
-4142
-1919
-4592
-3868
-5240
1167
-6615
845
-4170
-4798
1796
-1854
-3565
-1188
-1454
-6050
-4264
-6159
-3462
-4576
-4936
-4109
-3915
-1125
-4609
-746
-1203
-6603
-1446
-4974
-1649
-2281
-450
-1198
-2155
-6224
