1670787541
1229021037
1419968184
2118312178
1615311326
1554448471
1371550328
1320160531
1842850486
1915786847
1976463957
1798766708
1389381968
1668063262
1623855654
1519528176
1668868163
1460956191
1551909939
1821427751
1618283267
1968043460
1800995663
2013303630
1224686958
1497424372
2002220770
2111934890
2027915669
1123021842
1453959749
1571041803
1454393156
1553519740
1228339967
1310006403
1549495238
1398359704
1410804703
1550795461
1727192486
1434518307
1625651201
1445477336
1741309201
1488075144
1667382193
1523181185
1783721262
1643235180
1443310297
1081848090
1446467983
1796228176
1096522043
1451545047
1844460287
1852261629
1493337954
1209270019
1295518195
1578285907
1628065902
1105623610
1311244711
1181469996
1846874988
1838887899
1219362232
1571660957
1475692060
1312730681
1603733143
1368826050
1315702621
1341397520
2088035539
1102527839
1337001525
1347465230
1713756840
1554262725
1715552387
1922287966
1602556750
1324494611
1532344667
2024634151
2006988257
1600327795
1574632897
1415634105
1344183713
1265736879
1321027347
1573146927
1267965834
2038627036
1225553773
1349756101
1209084272
1755921240
1191438378
1456498281
1209579596
1541446233
1682799132
1727316317
1503182505
1203078477
1122031195
1154536790
1256635313
1316817099
1308706179
1124136320
1797342654
1444734351
1555067625
1959251471
1670354133
1723725222
1213232605
1116427850
1539341109
2012746391
1853623768
1352851872
1145930547
1526338872
1654627617
1358052767
1549123745
1456498281
1125126966
1642430279
2087106808
1235026832
1779820591
1780935068
1088008674
1331119560
2073671162
1994357512
1385667043
1446591814
2057635069
1867121329
1162028555
1761184050
1387524506
1525781633
1348022469
1082529159
1525162479
2017575794
1473586936
1527886757
1471977135
1520085414
1156765745
1456126788
1648869483
1668620501
1548009268
1206421909
1875232249
1868854961
1123950573
2035035942
2095217727
1355018911
1399040773
1644349657
1767066015
1077699757
1439471541
1514946435
1185123006
1428512512
1147354601
1200973353
1365854109
1654627617
1274095461
1932132518
1724282461
1681498908
1720815198
1552714839
1455383803
2098808822
1985998931
2031692509
1560887675
1154041466
1265055810
1615620904
1822294567
1691157713
1322203740
1502996759
1086863238
1962966396
1843283894
1952440775
1610296178
1401269728
1305300831
1574570982
1688743012
1866006852
1166238804
1507083177
1426407388
1511293425
1276138670
1320655855
1348239173
1622555430
1191933702
1311678119
1652955900
1169767982
1119987987
1399040773
1968786445
1319046054
1381642541
1180169772
1639396424
1299295036
1617230704
1720196044
1516432405
1892382820
1548814168
1403932091
1209517680
2002468432
2110201258
1479283154
1610296178
1426902711
1152431665
1827309716
1285054490
1193357756
1954174406
1216080715
1621874361
1594941154
1445167759
1431732114
1862415758
1455879126
1794927953
2066365143
1722363083
1823347129
1666205800
1120978633
1783102108
1381766372
1617911774
1246976508
1241837528
1334091500
1806506136
1885448293
1382509357
1122774180
1495133501
1499034172
1277686555
1225429943
1521757131
1518785191
1490551760
1597789263
1345174360
1241094543
1594074338
1875727572
1078133164
1420773085
1096645874
1813502578
1285487898
1912567246
1429503159
1369259457
1434765969
1079247642
1779325267
1292546255
1370250104
1206979148
1967671967
1302081229
1900307993
1302143145
1520333076
1909038067
1394459032
1111505574
1543117950
1819632204
1307963194
1169953729
1076647194
1363625154
1328828690
1457488927
1288521753
1657475726
1453340594
1866254513
1233974270
1862168096
1848237127
2042651538
1280658495
1173173330
1560578097
1700259279
1831148472
1730659749
1270256705
1442567312
1611039163
1207412556
1602556750
1429255497
1326104411
1320284362
1520518822
1173916315
1237131957
1251186756
1196577358
1980859951
1096243424
1262703024
1987113408
1256139990
1257068721
2131685908
1701249926
2059678278
1985937015
1577109514
1373098213
1459965544
1389196222
1359538737
1315826452
1574075658
1782792531
1527701011
1711713631
1487703651
1739389823
1246976508
1469067110
1107295326
1615187496
1299480782
1838392576
1379846994
1654132293
1095531397
1933989980
2073918824
1679517614
2135338918
1569370087
1347712892
1152369750
1143577761
1307901279
1423683109
1746757758
1873808194
1216390292
1778025044
1389258137
1096088636
1712580447
1418172637
1699702040
1187228130
1264931979
2033302310
1231807231
1661809805
1645216473
1287840683
1427831442
1305981901
1217566685
1691838782
1967300475
1144382661
1325113765
1377370377
1994419428
1651531846
1785454894
1383314257
1681189331
1434765969
1517361136
1323318218
1278181878
1515008350
1295084787
1723415645
1483183826
1837711506
1336010878
1566707724
1234098101
1599646726
1473772682
1605095283
1691467290
1190323901
1421825647
1111567490
1365730279
1508940639
1375636745
1123393335
1738027684
1899565008
1666639208
1686080649
1390682192
1624660555
1336753863
1693386668
1234407678
1179179126
1307901279
1714561741
1272237998
1663729183
1776848651
1845079441
1442876889
1380032740
1336815779
1359848314
1514822604
1155589352
1968786445
1237565364
1333720008
1964204704
1362448762
1400031420
2035159772
1084231833
1859196156
1826380985
1914672370
1659580850
1594074338
1281587226
1279544018
1423930771
1628127818
1224377381
1523924170
1460522783
1732702958
1306353393
1568379440
1338735157
1815298125
2101285438
1235522156
1120607141
1209146188
1313535582
1328581028
1859319987
1602618666
1723106068
1626332271
1617416451
1243323498
1778829944
1343874136
1490427929
1260350238
1330005083
1835668297
1555067625
1315950283
2055344198
1899998416
1226668251
1746819673
1820808597
1353409111
1231435738
1307158294
1691962613
1134785771
1497981610
1896716899
1534697453
1669301570
1482750418
1171749276
1285735559
1277500809
1531044443
1378051447
1746014773
2118869417
1571599042
1329509759
1145868631
1220538625
1911576599
1085779719
1293598817
1354709334
1385171720
1891206427
1539712602
1798519047
1859072325
1396626072
1472720120
1764465567
1123331419
1821056259
1438852387
1222272256
1963399803
1555624864
1552591009
1257502129
1990333010
1174473554
1502129943
1634319360
1342078589
1115096669
1717533681
1720815198
1635991076
1448758853
1352232718
1139924751
1682861047
1112681967
1110453012
1263012601
1149335895
1335205978
1373283960
1652955900
1636548315
1761245965
1171439699
1689485997
1453526341
1662305128
1384057242
1298737797
1355204658
1622060107
1749605867
1519590091
1334339162
1350065678
1712085124
1138934104
1586768319
1424302264
1984946369
1444610520
1290441131
1648807567
1893497297
1392230077
1226420589
1574199489
1106861918
1191376463
1626456102
1426097811
1368887965
1664410253
2036893404
1235522156
1504358898
1630604435
1216142630
1943710701
1357681274
1835420636
1082281497
1209022357
1761493627
1127665498
1556120187
1902908441
1143949253
1317683915
1119616494
1292422424
1465723678
1909842967
1231188076
1370250104
1832696357
1982655498
1274652700
1148778656
1701683334
1096088636
1161904724
1233478947
1457984251
1099246322
1495319247
1269761382
1777591636
1408142340
1458603405
2058316138
1132371070
1784216585
2115154492
1148159502
1091723599
1956403361
1284992574
1334834485
1527762926
2067851113
1088968363
1259359591
2125060959
1443557958
1259050014
1158808953
1505535291
1406842116
1543551358
1613825356
1981602936
1447706291
1898574361
1584539364
1078690403
1138624527
1078256995
1301400160
1558596804
1878451851
1227968475
1453031017
1137262388
1480026139
1523428847
1107171495
1501820366
1108409804
1562373645
1173173330
1328209536
1237008126
1195896288
1208774695
1346660330
1397678634
1489313452
1774248203
1411114280
1613701526
2038379374
1108471719
1802481633
1251805910
1390248784
2073485416
1340840281
1590359413
1297870981
1467643056
1873498617
2017204301
1169829898
1387029182
1557544242
1888172571
1098998660
1581938916
1262888770
1144011169
1919625603
1278243794
1259050014
1367340079
1536554915
1235150663
1315702621
1549619069
1454455072
1204192954
1904332495
2047666687
1823470960
1475382483
1368330726
1807620613
1620450306
1359724483
1736851291
1550238223
1333658092
1574137574
1256263821
1248648224
1463680469
1700630772
1081786174
1476125468
1968043460
2100852030
1614073018
1629118465
1195462881
1443650832
1118440101
1594136254
1144506492
1221653102
1364430055
1821799244
1187847284
1385481297
1589368767
1508135739
1619831152
1554881879
1142618072
1132866394
1695615623
1194472234
1504730391
1670354133
1657971049
1313102174
1307963194
1787312356
1460832360
1144816069
1451545047
1944267939
1541941557
1189890493
1108100227
1103146993
1329324013
1415386443
1759512334
1371921820
1567884117
1356071474
1122000238
1761184050
1139739005
1607943392
1408142340
1441824327
1422259055
1496124148
1386781521
1354833165
1674564381
1273290560
2101656931
1495257332
1231280950
1448387361
1171996937
1598965656
1384862143
1756911886
1976463957
2083329967
1319107969
1258245114
1279791679
1202892731
2135029341
1242518598
1370312020
1091692641
1363748985
1416067513
1809478076
1701930996
1736108306
1157013406
1421763731
1446220321
1191252632
1521261807
1869969439
1575190136
1120235648
1543303696
1428698258
2128775884
1369197542
1487394074
1280410833
1714375994
1714066417
1243323498
1507454669
1916529832
1624784385
1281184776
1465228355
1815483871
1212427705
1368887965
1772762233
1116087315
1552962501
2118869417
1525905464
1819136881
1832077203
1602371004
1926436299
1302762299
1176145270
1113486868
1110391097
2093236434
1836349367
1581938916
1359972145
1630975927
1461761091
1303381453
1129399130
2098065837
1103085078
1390682192
1725396939
2111315736
1879071005
1186237483
1706574652
1450244823
1418977538
1327218889
1538783870
1489808775
1659085527
2000734800
2053239074
1284806828
1729792933
1356319135
1873250956
1553519740
1800066932
1802976957
1442938804
1501386958
2065126834
1801119494
1413281319
1995843482
1475134821
1363129831
1548256929
2074909470
1157880222
1471605643
1079681050
1802729295
1568627102
1479592731
1660757243
1123888658
1516680066
2110696582
2144873892
1916901325
1622803092
1689919405
2082834644
2082339320
1340592619
1686142564
1234407678
1333905754
1429255497
1085996422
1918882618
1245428622
1715614303
1728616540
1122464603
1568998594
1110391097
1617973689
2099923299
1363625154
1912319584
1808177852
1486093850
1505968699
1994914751
1442505396
1336010878
1499529496
1550176307
1500520142
2038255543
1526338872
1405541892
2022900520
1159366192
1133299801
1248957801
1557296580
1192490941
1621193291
1135590672
1195524796
2128775884
1996400721
1240723051
1899936501
1393406470
2064012357
1705460174
1415757936
1408266170
1676917167
1289264738
1369692865
1427398034
1169520321
1388019829
1780130168
2070761137
1700445025
1740875793
2035778927
1622183938
1412662165
1181036588
1981169528
1137200473
1269637551
1159056615
1801057579
2042961115
1200663776
1524976732
1346288838
1448882684
1379785078
1225677604
1702426319
1767313676
1224563127
1362944085
1450925893
1470924573
2118497924
1505782953
1288645584
2024138828
1198434821
1266603695
1169582236
2036026588
1404613161
1156889575
1412538334
1863654066
1392973062
1508569147
1694624976
1175711862
2117754939
2002096939
1110143435
1310749388
1689547912
1458974897
1782297207
1489437283
1354152096
1687814280
1453650171
2010393605
1630356773
1949097342
1737470445
1300285682
1147106940
1728430794
1173544823
1332419784
1308891925
1594693492
1771400094
1492099646
1227782728
1883033592
1330933814
1783349769
1758150195
2129642699
1980798036
1296601715
1578285907
1085996422
1931265702
1984265299
1349198862
1405170400
1312235358
1927426946
1096150551
1136828980
1454578903
1203140392
1254777851
1325113765
1168529674
1470924573
1779820591
1120792887
2043580269
1212180043
1372045651
2013241715
1658837865
1371674159
2083082305
1208217457
1340221127
1579957623
1470491165
1737160868
1118873509
1532344667
1315888368
2146236031
1393592216
1116644554
1412971742
1341211773
1153793805
1429998482
1101599108
1799509693
1142401368
1560020859
1122712265
1278367625
1086182169
1514698773
1525038648
1179984026
1364615801
1192924348
1938943214
1310377895
1500458227
1190076239
1522066708
1554200809
1251991657
1389505799
1264993894
1196205866
1096398213
1679641445
1694996469
1989218533
1886438940
1621502868
1219981386
1606333591
1399783758
1284621082
1075873252
1489189621
1300719090
1779944422
1743228579
1114663261
1188528354
1164381341
1213604098
1395759256
1886067447
1988475548
1144073084
1545718397
1257749791
2145493046
1842974317
1112124729
1076771025
1566336231
1332419784
1853995261
1276819739
1635805330
1695615623
1740380470
1855171654
1720443705
1606828914
1659766596
1725396939
2041475145
1240413474
1245985861
1749605867
1473029697
1295146703
1189271339
1624474808
1372912467
1470491165
1156827660
1208403203
1143639676
1860001056
1606890830
