0.00026985
0.00019850
0.00022934
0.00034213
0.00026089
0.00025106
0.00022152
0.00021322
0.00029764
0.00030942
0.00015961
0.00007263
0.00022440
0.00026941
0.00026227
0.00024542
0.00026954
0.00023596
0.00025065
0.00014709
0.00026137
0.00015893
0.00007272
0.00032517
0.00004945
0.00024185
0.00032338
0.00017055
0.00032753
0.00018138
0.00023483
0.00025374
0.00023490
0.00025091
0.00019839
0.00021158
0.00025026
0.00022585
0.00022786
0.00025047
0.00027896
0.00023169
0.00013128
0.00023346
0.00014062
0.00024034
0.00026930
0.00024601
0.00028809
0.00026540
0.00023311
0.00017473
0.00023362
0.00029011
0.00008855
0.00023444
0.00014895
0.00029916
0.00024119
0.00019531
0.00020924
0.00025491
0.00026295
0.00017857
0.00021178
0.00019082
0.00029829
0.00014850
0.00019694
0.00025384
0.00023834
0.00021202
0.00025902
0.00022108
0.00021250
0.00021665
0.00016862
0.00017807
0.00021594
0.00021763
0.00027679
0.00025103
0.00013854
0.00031047
0.00025883
0.00021392
0.00024749
0.00016350
0.00032415
0.00025847
0.00012716
0.00022864
0.00021710
0.00020443
0.00021336
0.00025408
0.00040958
0.00016463
0.00019794
0.00021800
0.00009764
0.00028360
0.00019243
0.00023524
0.00039072
0.00006224
0.00027179
0.00027898
0.00012139
0.00019431
0.00018122
0.00018647
0.00005074
0.00021268
0.00021137
0.00018156
0.00029029
0.00023334
0.00025116
0.00015822
0.00013489
0.00013920
0.00019595
0.00036063
0.00012431
0.00032508
0.00029938
0.00021850
0.00009254
0.00024652
0.00026724
0.00021934
0.00025020
0.00023524
0.00018172
0.00026527
0.00033709
0.00019947
0.00014373
0.00007191
0.00035145
0.00021499
0.00016746
0.00032211
0.00022380
0.00023364
0.00033233
0.00030156
0.00009384
0.00028445
0.00022410
0.00024643
0.00021772
0.00008742
0.00024633
0.00016293
0.00023800
0.00024677
0.00023774
0.00024551
0.00018683
0.00011759
0.00026631
0.00026950
0.00012501
0.00019485
0.00030287
0.00030184
0.00018153
0.00016434
0.00016920
0.00021885
0.00022596
0.00026558
0.00028540
0.00017406
0.00023249
0.00024468
0.00019141
0.00023072
0.00018531
0.00019397
0.00022060
0.00013362
0.00020578
0.00015603
0.00027849
0.00013579
0.00027793
0.00012539
0.00023506
0.00016949
0.00008019
0.00016407
0.00025210
0.00018639
0.00010216
0.00026094
0.00007358
0.00027314
0.00021355
0.00024275
0.00017554
0.00003963
0.00029771
0.00015767
0.00026008
0.00022632
0.00021082
0.00025431
0.00027275
0.00015069
0.00018836
0.00024341
0.00023038
0.00024409
0.00020611
0.00010665
0.00043551
0.00026206
0.00019251
0.00021185
0.00026697
0.00037786
0.00018089
0.00011298
0.00031798
0.00021304
0.00022315
0.00019061
0.00013239
0.00020985
0.00026120
0.00027783
0.00024492
0.00030564
0.00025015
0.00022675
0.00019535
0.00016171
0.00017041
0.00023892
0.00013004
0.00011523
0.00018613
0.00029513
0.00020755
0.00019274
0.00031562
0.00019641
0.00026195
0.00006440
0.00023341
0.00023124
0.00030080
0.00023514
0.00028990
0.00033374
0.00013909
0.00029449
0.00026911
0.00018105
0.00028799
0.00022317
0.00026131
0.00020140
0.00020057
0.00021547
0.00029177
0.00015226
0.00022329
0.00018134
0.00024148
0.00024211
0.00020636
0.00004948
0.00012289
0.00024530
0.00024074
0.00025806
0.00021726
0.00020045
0.00012873
0.00030295
0.00017413
0.00022947
0.00035424
0.00058580
0.00020762
0.00015445
0.00023088
0.00022115
0.00023173
0.00034862
0.00014369
0.00020876
0.00022131
0.00038988
0.00031780
0.00021030
0.00015346
0.00021031
0.00024555
0.00030833
0.00022522
0.00017952
0.00024923
0.00029389
0.00021125
0.00018896
0.00017389
0.00022024
0.00021462
0.00023540
0.00020811
0.00026770
0.00023473
0.00030142
0.00019930
0.00030076
0.00029851
0.00032991
0.00020684
0.00037896
0.00025205
0.00027461
0.00029575
0.00027952
0.00020516
0.00023299
0.00026020
0.00019501
0.00025883
0.00023084
0.00010709
0.00021324
0.00024558
0.00018960
0.00019981
0.00020208
0.00019326
0.00031993
0.00035411
0.00010197
0.00016047
0.00020288
0.00020303
0.00034429
0.00027477
0.00016633
0.00032075
0.00025472
0.00022177
0.00011790
0.00022437
0.00021958
0.00021252
0.00025423
0.00014397
0.00024674
0.00027646
0.00006007
0.00028093
0.00020140
0.00023727
0.00035768
0.00026087
0.00020988
0.00029692
0.00022286
0.00026716
0.00008847
0.00031236
0.00016748
0.00027126
0.00034488
0.00025347
0.00021767
0.00018612
0.00018470
0.00021124
0.00022994
0.00028212
0.00030264
0.00019646
0.00028717
0.00022438
0.00035406
0.00027660
0.00022905
0.00006863
0.00019175
0.00020430
0.00008210
0.00019895
0.00026840
0.00026572
0.00020800
0.00023061
0.00021093
0.00019665
0.00027325
0.00015887
0.00018483
0.00021402
0.00022246
0.00032212
0.00026674
0.00028837
0.00011171
0.00027153
0.00023173
0.00024507
0.00021373
0.00020644
0.00024469
0.00041834
0.00027835
0.00023955
0.00029681
0.00021578
0.00025304
0.00019932
0.00025836
0.00023803
0.00025924
0.00027319
0.00019225
0.00022964
0.00017953
0.00022058
0.00024371
0.00011109
0.00009072
0.00028071
0.00030680
0.00026918
0.00027232
0.00022461
0.00026240
0.00043180
0.00013675
0.00019937
0.00019045
0.00021124
0.00027692
0.00005137
0.00026871
0.00028698
0.00014900
0.00023304
0.00022289
0.00021591
0.00021963
0.00012233
0.00018664
0.00015899
0.00019988
0.00021541
0.00015862
0.00022005
0.00022612
0.00016435
0.00035023
0.00030028
0.00029498
0.00015462
0.00013402
0.00025746
0.00020699
0.00020666
0.00022998
0.00026296
0.00019775
0.00024613
0.00023589
0.00027985
0.00021099
0.00025331
0.00021622
0.00029319
0.00016969
0.00019955
0.00018099
0.00019529
0.00021215
0.00021458
0.00030030
0.00012942
0.00027830
0.00026267
0.00026123
0.00020081
0.00028730
0.00021705
0.00024072
0.00020356
0.00021481
0.00014824
0.00025116
0.00021254
0.00016598
0.00030687
0.00019812
0.00028213
0.00014704
0.00021859
0.00019889
0.00021112
0.00027327
0.00018328
0.00024194
0.00015317
0.00024787
0.00026961
0.00023948
0.00018925
0.00020766
0.00020633
0.00024728
0.00022257
0.00028200
0.00017111
0.00025383
0.00021473
0.00018507
0.00039426
0.00030874
0.00035073
0.00020893
0.00021880
0.00022372
0.00030545
0.00024868
0.00029048
0.00030026
0.00022557
0.00011893
0.00028498
0.00018143
0.00007353
0.00023239
0.00019741
0.00031711
0.00025125
0.00025076
0.00020310
0.00032146
0.00018969
0.00024261
0.00013198
0.00021676
0.00018010
0.00027740
0.00027793
0.00026423
0.00023399
0.00021840
0.00018411
0.00006795
0.00017971
0.00035870
0.00020399
0.00018563
0.00021565
0.00022180
0.00026697
0.00026432
0.00014223
0.00018920
0.00027287
0.00023476
0.00026848
0.00022354
0.00020976
0.00021888
0.00026198
0.00028258
0.00024543
0.00021551
0.00021805
0.00027652
0.00018395
0.00025628
0.00023004
0.00032059
0.00005833
0.00020842
0.00026630
0.00015291
0.00011243
0.00019808
0.00025425
0.00017877
0.00009621
0.00026269
0.00023033
0.00022109
0.00026882
0.00016449
0.00019955
0.00024297
0.00026336
0.00009821
0.00031393
0.00021928
0.00014822
0.00008740
0.00019527
0.00028450
0.00018213
0.00025133
0.00030734
0.00004619
0.00021282
0.00018083
0.00020874
0.00023673
0.00030846
0.00019885
0.00022131
0.00029600
0.00016011
0.00020587
0.00018554
0.00027484
0.00017703
0.00018766
0.00019922
0.00005887
0.00017754
0.00024151
0.00005127
0.00028710
0.00022743
0.00023558
0.00033244
0.00018289
0.00028817
0.00017081
0.00018544
0.00035265
0.00015799
0.00010377
0.00021559
0.00024675
0.00016699
0.00017588
0.00010170
0.00017161
0.00023315
0.00020335
0.00018716
0.00006079
0.00022722
0.00024930
0.00026065
0.00032005
0.00011691
0.00015332
0.00025592
0.00017422
0.00018390
0.00017415
0.00021019
0.00025173
0.00030339
0.00019833
0.00023468
0.00009184
0.00011952
0.00024605
0.00017882
0.00012128
0.00017902
0.00025234
0.00018948
0.00021452
0.00019979
0.00019315
0.00019523
0.00021750
0.00022574
0.00024054
0.00028656
0.00022791
0.00026063
0.00016461
0.00017903
0.00029112
0.00020218
0.00022454
0.00033489
0.00005414
0.00012843
0.00020962
0.00023704
0.00030259
0.00008145
0.00018894
0.00022402
0.00025156
0.00015248
0.00017750
0.00025550
0.00020397
0.00018477
0.00007751
0.00020645
0.00020335
0.00011042
0.00024817
0.00019949
0.00021250
0.00006257
0.00023491
0.00019449
0.00030757
0.00016536
0.00029451
0.00023829
0.00022100
0.00029195
0.00006543
0.00021961
0.00028052
0.00025038
0.00021540
0.00025424
0.00020290
0.00020167
0.00023640
0.00027467
0.00017472
0.00023841
0.00015893
0.00033931
0.00026069
0.00006578
0.00019308
0.00046633
0.00009032
0.00025747
0.00018485
0.00019731
0.00022037
0.00014712
0.00019185
0.00022377
0.00012835
0.00012179
0.00026162
0.00025113
0.00036909
0.00018297
0.00027386
0.00019292
0.00024303
0.00013489
0.00013389
0.00005302
0.00021125
0.00028867
0.00023594
0.00018490
0.00023444
0.00015701
0.00024904
0.00019218
0.00017897
0.00017817
0.00021470
0.00022860
0.00028418
0.00022158
0.00025323
0.00010951
0.00036243
0.00028445
0.00018408
0.00012985
0.00022743
0.00023287
0.00022971
0.00024164
0.00022398
0.00021882
0.00027046
0.00020565
0.00016972
0.00024150
0.00039773
0.00023393
0.00018929
0.00025825
0.00022367
0.00007094
0.00031922
0.00016824
0.00021305
0.00020322
0.00020670
0.00019428
0.00034483
0.00005017
0.00022132
0.00017632
0.00022026
0.00022871
0.00029225
0.00013744
0.00028040
0.00018687
0.00022963
0.00023358
0.00004810
0.00024570
0.00015101
0.00025441
0.00018093
0.00024926
0.00023075
0.00034382
0.00022114
0.00024023
0.00020680
0.00027689
0.00027684
0.00020081
0.00024347
0.00015477
0.00026242
0.00041385
0.00023665
0.00029322
0.00019582
0.00022109
0.00007158
0.00018026
0.00025082
0.00017111
0.00024645
0.00029381
0.00029590
0.00025880
0.00015557
0.00021041
0.00018996
0.00017984
0.00017934
0.00016904
0.00029659
0.00025550
0.00021965
0.00026342
0.00023609
0.00021051
0.00018241
0.00016943
0.00017816
0.00022461
0.00027867
0.00017050
0.00030349
0.00019159
0.00027563
0.00023423
0.00022918
0.00021436
0.00024853
0.00024062
0.00026796
0.00016157
0.00033162
0.00020751
0.00027938
0.00021906
0.00030255
0.00025091
0.00029073
0.00029120
0.00023305
0.00024249
0.00016677
0.00029090
0.00022826
0.00032235
0.00023825
0.00022016
0.00025006
0.00016756
0.00018701
0.00023768
0.00017438
0.00007279
0.00025335
0.00023897
0.00026823
0.00018152
0.00024496
0.00034090
0.00017321
0.00015480
0.00026210
0.00027294
0.00008410
0.00016816
0.00021652
0.00027233
0.00019937
0.00021544
0.00005771
0.00017540
0.00030992
0.00020115
0.00027709
0.00027919
0.00018129
0.00025341
0.00017934
0.00026132
0.00016958
0.00022024
0.00030886
0.00029204
0.00024002
0.00024323
0.00016110
0.00023298
0.00021578
0.00024219
0.00025037
0.00024235
0.00016460
0.00024652
0.00022701
0.00016336
0.00018725
0.00018304
0.00020172
0.00025152
0.00019260
0.00006546
0.00018341
0.00019309
0.00034382
0.00032244
0.00020039
0.00015343
0.00022505
0.00016668
0.00027545
0.00011433
0.00022745
0.00013542
0.00020823
0.00022122
0.00011527
0.00018889
0.00022418
0.00028751
0.00033445
0.00013732
0.00028117
0.00008220
0.00013100
0.00022816
0.00019075
0.00015999
0.00018367
0.00020506
0.00018720
0.00029089
0.00008249
0.00019392
0.00012315
0.00005436
0.00023401
0.00022285
0.00004949
0.00027496
0.00014272
0.00009889
0.00022013
0.00023434
0.00023757
0.00034216
0.00024320
0.00020813
0.00016346
0.00004839
0.00020457
0.00018890
0.00016442
0.00022686
0.00018685
0.00022814
0.00015050
0.00022498
0.00024365
0.00013685
0.00018989
0.00017102
0.00016168
0.00017930
0.00021170
0.00027288
0.00023564
0.00028786
0.00024056
0.00021871
0.00013630
0.00023478
0.00032470
0.00026332
0.00031480
0.00028062
0.00021001
0.00018527
0.00013958
0.00009477
0.00021520
0.00021140
0.00025756
0.00028610
0.00024099
0.00019830
0.00030413
0.00010748
0.00028803
0.00028396
0.00034396
0.00015996
0.00041883
0.00025491
0.00017540
0.00031192
0.00016024
0.00021791
0.00022695
0.00021194
0.00031130
0.00017704
0.00036722
0.00023493
0.00002429
0.00020266
0.00021402
0.00018873
0.00023757
0.00028746
0.00018102
0.00016503
0.00019578
0.00022160
0.00016258
0.00006698
0.00022154
0.00008411
0.00019514
0.00010823
0.00025518
0.00023750
0.00028057
0.00018071
0.00024749
0.00021253
0.00017332
0.00022508
0.00018035
0.00022821
0.00010831
0.00018635
0.00023096
0.00017792
0.00007266
0.00018451
0.00025196
0.00018133
0.00020647
0.00017543
0.00006116
0.00024631
0.00019058
0.00005510
0.00038534
0.00015658
0.00021164
0.00024234
0.00019221
0.00024583
0.00025102
0.00020221
0.00011221
0.00020431
0.00019320
0.00035416
0.00027128
0.00027376
0.00032128
0.00030468
0.00026189
0.00009852
0.00012972
0.00022608
0.00020748
0.00034753
0.00024052
0.00021008
0.00028748
0.00028155
0.00018003
0.00009598
0.00018806
0.00019601
0.00022543
0.00015231
0.00032116
0.00018478
0.00024965
0.00020314
0.00034652
0.00014883
0.00017962
0.00017391
0.00025298
0.00005380
0.00029944
0.00020622
0.00026420
0.00027386
0.00028109
0.00029963
0.00027787
0.00012976
0.00026807
0.00027867
0.00032972
0.00020034
0.00020124
0.00028258
0.00023791
0.00010459
0.00019208
0.00026237
0.00022174
0.00023750
0.00018684
0.00019517
0.00018471
0.00030041
0.00025953
