0.00003370
0.00017389
0.00010815
0.00004614
0.00008074
0.00009252
0.00009821
0.00014238
0.00011719
0.00014449
0.00015245
0.00003780
0.00013384
0.00016334
0.00012039
0.00007889
0.00011695
0.00015991
0.00029706
0.00017140
0.00011830
0.00003596
0.00009981
0.00003405
0.00005593
0.00009896
0.00016284
0.00015344
0.00010405
0.00013358
0.00014750
0.00010318
0.00012006
0.00013922
0.00003805
0.00014553
0.00014679
0.00008926
0.00003622
0.00017053
0.00003405
0.00009642
0.00005800
0.00015743
0.00004387
0.00014461
0.00015429
0.00018143
0.00004700
0.00004568
0.00014186
0.00008467
0.00006308
0.00016104
0.00012233
0.00016417
0.00003957
0.00013776
0.00006667
0.00017657
0.00019321
0.00019140
0.00005421
0.00005772
0.00012226
0.00007458
0.00016225
0.00019529
0.00003275
0.00009012
0.00008223
0.00002646
0.00003085
0.00010870
0.00008659
0.00014206
0.00007765
0.00016779
0.00016174
0.00010447
0.00005764
0.00004968
0.00013432
0.00012283
0.00002965
0.00013174
0.00018299
0.00011671
0.00020363
0.00009428
0.00012064
0.00014177
0.00003484
0.00003371
0.00011100
0.00004318
0.00014516
0.00005243
0.00013862
0.00008475
0.00012167
0.00012599
0.00013658
0.00007008
0.00004122
0.00019107
0.00003961
0.00018312
0.00010992
0.00004202
0.00014772
0.00007581
0.00018936
0.00015535
0.00005094
0.00013754
0.00012882
0.00014188
0.00003840
0.00009524
0.00013323
0.00005651
0.00009258
0.00007538
0.00009167
0.00009732
0.00012134
0.00007750
0.00010950
0.00013255
0.00013195
0.00006377
0.00017861
0.00008443
0.00017350
0.00004019
0.00011718
0.00009476
0.00014798
0.00003634
0.00008423
0.00011428
0.00003086
0.00008184
0.00032016
0.00005150
0.00005857
0.00014149
0.00011671
0.00008000
0.00005152
0.00017258
0.00003232
0.00012351
0.00004238
0.00015456
0.00010823
0.00016793
0.00011256
0.00010048
0.00008953
0.00009096
0.00014074
0.00017163
0.00010900
0.00010436
0.00003065
0.00009808
0.00043528
0.00014082
0.00006879
0.00014376
0.00020217
0.00018282
0.00011358
0.00031049
0.00027928
0.00015526
0.00014120
0.00013719
0.00010721
0.00007600
0.00009833
0.00003771
0.00011180
0.00003177
0.00003533
0.00005133
0.00010957
0.00014728
0.00004093
0.00012399
0.00007685
0.00004073
0.00011913
0.00023518
0.00013554
0.00004014
0.00011702
0.00003129
0.00006309
0.00011434
0.00004099
0.00004521
0.00007274
0.00012215
0.00006773
0.00013668
0.00018544
0.00013573
0.00006801
0.00008363
0.00011442
0.00015564
0.00017381
0.00007331
0.00017994
0.00005527
0.00011594
0.00014762
0.00003120
0.00003493
0.00004408
0.00007604
0.00004786
0.00010575
0.00012626
0.00005257
0.00003930
0.00005410
0.00009317
0.00015944
0.00015041
0.00006612
0.00016080
0.00011212
0.00004024
0.00011473
0.00002847
0.00023084
0.00013575
0.00013656
0.00013377
0.00010439
0.00003576
0.00014360
0.00008124
0.00010126
0.00016314
0.00003663
0.00005774
0.00003062
0.00020801
0.00008674
0.00012893
0.00008672
0.00010348
0.00010054
0.00007914
0.00010248
0.00003913
0.00014985
0.00010222
0.00011906
0.00016106
0.00016637
0.00011925
0.00010432
0.00004736
0.00011500
0.00011022
0.00003388
0.00016783
0.00011118
0.00007823
0.00013652
0.00009951
0.00014517
0.00002939
0.00002635
0.00011920
0.00006618
0.00005977
0.00005377
0.00016503
0.00005034
0.00005747
0.00015905
0.00010199
0.00010662
0.00012703
0.00021309
0.00011926
0.00011682
0.00012544
0.00013278
0.00011153
0.00023837
0.00012074
0.00002743
0.00006595
0.00013277
0.00009937
0.00017804
0.00005235
0.00016656
0.00016107
0.00003771
0.00015819
0.00014290
0.00006549
0.00011866
0.00017507
0.00016465
0.00003221
0.00012668
0.00008724
0.00004362
0.00012038
0.00015573
0.00016592
0.00009048
0.00005275
0.00012936
0.00008518
0.00015313
0.00014665
0.00008130
0.00015924
0.00007250
0.00008613
0.00016121
0.00020994
0.00018022
0.00011343
0.00012313
0.00020481
0.00002339
0.00006488
0.00009621
0.00007393
0.00020232
0.00004687
0.00005869
0.00003538
0.00008173
0.00006324
0.00003253
0.00009733
0.00005811
0.00004706
0.00018355
0.00012499
0.00013104
0.00008520
0.00022156
0.00002799
0.00016833
0.00014339
0.00010950
0.00014605
0.00011970
0.00020501
0.00004395
0.00016172
0.00014273
0.00019351
0.00015531
0.00022457
0.00011751
0.00011759
0.00014943
0.00010270
0.00014267
0.00011726
0.00016440
0.00014021
0.00024233
0.00007221
0.00009099
0.00011588
0.00004616
0.00010526
0.00008722
0.00016034
0.00013420
0.00019589
0.00014483
0.00004780
0.00003248
0.00013463
0.00013413
0.00009502
0.00009513
0.00013908
0.00015086
0.00011822
0.00009743
0.00013200
0.00006105
0.00005681
0.00024823
0.00017056
0.00011347
0.00012536
0.00016172
0.00005953
0.00011374
0.00003116
0.00002169
0.00004219
0.00016204
0.00014983
0.00013468
0.00003714
0.00004019
0.00011207
0.00006759
0.00006706
0.00003473
0.00005106
0.00006939
0.00008807
0.00012214
0.00002641
0.00013184
0.00014554
0.00011830
0.00008124
0.00003830
0.00013918
0.00005945
0.00017638
0.00002797
0.00014131
0.00022123
0.00016571
0.00004727
0.00010792
0.00003010
0.00018202
0.00010495
0.00014898
0.00010793
0.00011784
0.00009758
0.00004987
0.00008468
0.00004271
0.00010069
0.00017814
0.00016483
0.00016329
0.00005326
0.00003856
0.00013769
0.00008408
0.00004174
0.00008439
0.00006916
0.00016779
0.00002729
0.00005702
0.00005343
0.00017301
0.00013957
0.00010274
0.00008803
0.00009614
0.00017840
0.00004433
0.00004205
0.00017599
0.00015121
0.00017742
0.00015441
0.00010161
0.00009283
0.00023701
0.00012784
0.00012206
0.00008900
0.00013070
0.00003928
0.00004038
0.00014423
0.00015305
0.00014451
0.00014136
0.00014103
0.00009283
0.00013648
0.00017193
0.00016426
0.00016769
0.00003367
0.00013247
0.00003025
0.00015156
0.00007801
0.00012400
0.00004906
0.00009711
0.00004269
0.00002837
0.00008249
0.00008030
0.00010945
0.00007109
0.00014619
0.00008666
0.00012136
0.00012490
0.00003222
0.00022139
0.00006807
0.00020254
0.00021184
0.00012702
0.00016696
0.00014725
0.00013568
0.00019916
0.00012097
0.00016832
0.00016156
0.00023153
0.00028016
0.00010727
0.00012071
0.00007617
0.00017830
0.00008559
0.00007349
0.00003009
0.00014123
0.00006221
0.00016477
0.00003252
0.00013365
0.00010551
0.00018127
0.00016614
0.00003849
0.00003483
0.00012122
0.00011019
0.00010125
0.00016084
0.00015192
0.00008709
0.00008462
0.00002405
0.00012317
0.00013957
0.00022129
0.00018212
0.00003212
0.00016972
0.00008368
0.00013192
0.00012108
0.00003638
0.00014600
0.00007978
0.00004472
0.00011679
0.00009429
0.00005802
0.00005671
0.00012783
0.00011365
0.00014797
0.00008188
0.00004508
0.00006870
0.00004816
0.00016382
0.00004385
0.00005470
0.00015755
0.00015669
0.00011229
0.00004850
0.00006095
0.00015459
0.00007645
0.00012154
0.00015886
0.00013247
0.00005429
0.00006120
0.00006150
0.00021083
0.00005213
0.00003412
0.00018315
0.00022759
0.00011126
0.00013681
0.00005983
0.00013247
0.00009536
0.00011763
0.00012418
0.00014494
0.00010078
0.00004343
0.00008665
0.00012884
0.00011456
0.00013339
0.00002951
0.00019336
0.00018577
0.00004164
0.00012691
0.00004492
0.00025243
0.00010419
0.00003381
0.00019496
0.00004842
0.00016464
0.00015323
0.00008012
0.00010649
0.00011350
0.00011063
0.00014007
0.00004795
0.00002632
0.00013161
0.00002840
0.00011887
0.00016736
0.00003755
0.00010465
0.00003860
0.00007396
0.00012751
0.00006471
0.00014954
0.00017026
0.00005929
0.00005434
0.00014889
0.00014179
0.00028515
0.00012742
0.00032753
0.00008033
0.00013541
0.00008030
0.00015606
0.00010549
0.00003582
0.00014810
0.00007301
0.00009261
0.00009081
0.00021726
0.00005812
0.00008739
0.00012270
0.00015933
0.00003833
0.00004041
0.00013720
0.00010071
0.00018593
0.00004792
0.00007998
0.00010844
0.00009997
0.00012211
0.00003569
0.00018369
0.00003939
0.00003168
0.00005180
0.00017025
0.00008349
0.00020320
0.00003795
0.00011668
0.00012165
0.00009152
0.00011828
0.00011478
0.00002627
0.00010383
0.00019218
0.00017241
0.00006560
0.00013140
0.00022586
0.00017726
0.00003467
0.00003027
0.00013684
0.00009834
0.00002880
0.00003819
0.00010686
0.00014768
0.00012758
0.00004852
0.00004113
0.00014058
0.00012522
0.00011755
0.00012795
0.00009153
0.00020456
0.00012184
0.00010468
0.00019310
0.00008893
0.00005074
0.00012646
0.00007301
0.00003287
0.00009097
0.00010213
0.00017374
0.00007356
0.00016337
0.00010808
0.00004873
0.00003684
0.00014007
0.00010682
0.00010600
0.00012123
0.00014223
0.00014694
0.00017095
0.00010571
0.00016359
0.00006488
0.00009691
0.00005793
0.00016208
0.00013085
0.00010218
0.00010460
0.00007050
0.00010318
0.00014354
0.00006279
0.00004945
0.00013768
0.00009097
0.00002682
0.00024824
0.00003426
0.00003037
0.00003474
0.00004365
0.00008735
0.00015193
0.00012618
0.00006983
0.00013517
0.00014404
0.00014295
0.00009357
0.00014707
0.00011497
0.00006803
0.00005406
0.00010180
0.00004076
0.00004048
0.00004351
0.00017708
0.00009641
0.00007510
0.00012251
0.00003832
0.00016385
0.00014884
0.00014222
0.00008754
0.00015825
0.00011979
0.00009239
0.00006562
0.00006823
0.00009872
0.00009383
0.00017288
0.00015513
0.00010515
0.00006961
0.00011260
0.00010753
0.00018075
0.00015710
0.00003428
0.00003600
0.00011137
0.00011527
0.00006869
0.00009416
0.00012329
0.00018141
0.00003745
0.00005014
0.00006292
0.00015898
0.00003939
0.00004974
0.00009403
0.00007767
0.00015897
0.00013029
0.00005829
0.00011091
0.00012271
0.00002039
0.00013934
0.00005394
0.00014437
0.00007440
0.00002162
0.00012713
0.00013926
0.00013630
0.00003436
0.00012927
0.00014169
0.00002990
0.00006264
0.00013084
0.00010481
0.00003197
0.00005474
0.00013768
0.00010602
0.00007638
0.00017351
0.00013268
0.00016515
0.00012430
0.00015619
0.00005080
0.00003869
0.00011112
0.00003849
0.00010024
0.00004081
0.00017693
0.00011791
0.00013889
0.00005951
0.00015536
0.00010030
0.00015997
0.00011090
0.00015699
0.00005734
0.00014029
0.00003896
0.00011801
0.00013827
0.00011801
0.00013050
0.00005139
0.00013542
0.00014881
0.00004067
0.00006597
0.00005367
0.00010378
0.00003271
0.00006747
0.00014285
0.00013834
0.00020144
0.00004191
0.00015538
0.00018872
0.00003451
0.00013566
0.00019477
0.00009509
0.00005306
0.00011325
0.00018880
0.00013780
0.00009519
0.00006590
0.00013256
0.00006887
0.00014476
0.00010139
0.00015220
0.00012102
0.00006647
0.00016528
0.00013825
0.00014796
0.00003832
0.00002876
0.00007770
0.00013178
0.00010290
0.00013723
0.00025025
0.00009860
0.00012707
0.00014912
0.00020327
0.00016784
0.00014409
0.00005519
0.00006679
0.00009008
0.00012735
0.00004298
0.00006638
0.00013812
0.00018719
0.00010962
0.00011886
0.00012876
0.00012132
0.00029742
0.00010319
0.00003580
0.00013465
0.00012573
0.00011202
0.00011739
0.00016505
0.00023086
0.00011888
0.00010861
0.00015007
0.00004960
0.00010925
0.00019984
0.00019152
0.00010096
0.00008948
0.00012252
0.00013637
0.00005066
0.00013317
0.00015694
0.00015111
0.00012916
0.00014418
0.00016300
0.00015531
0.00013830
0.00009914
0.00004501
0.00013726
0.00015231
0.00004279
0.00003969
0.00014538
0.00011892
0.00011635
0.00010998
0.00008537
0.00007744
0.00006051
0.00016121
0.00011548
0.00004824
0.00012911
0.00003503
0.00010129
0.00015789
0.00018828
0.00005623
0.00014456
0.00009598
0.00009288
0.00019591
0.00012801
0.00010878
0.00019485
0.00016483
0.00002769
0.00012279
0.00010396
0.00013239
0.00013403
0.00006255
0.00016362
0.00019580
0.00010089
0.00006699
0.00016015
0.00012236
0.00010806
0.00008112
0.00008265
0.00005620
0.00008580
0.00015756
0.00007634
0.00008179
0.00015382
0.00015935
0.00015361
0.00007611
0.00009654
0.00003494
0.00017498
0.00016015
0.00012978
0.00017057
0.00009082
0.00010773
0.00005493
0.00018071
0.00017147
0.00004044
0.00015093
0.00002783
0.00012096
0.00004676
0.00002888
0.00012744
0.00030366
0.00013983
0.00010228
0.00009300
0.00013696
0.00008442
0.00011142
0.00014445
0.00006271
0.00004698
0.00005864
0.00009095
0.00015740
0.00017019
0.00020993
0.00003349
0.00011969
0.00024749
0.00010612
0.00003182
0.00005482
0.00015165
0.00010931
0.00008947
0.00026492
0.00003877
0.00010129
0.00014476
0.00005266
0.00017298
0.00008798
0.00012649
0.00013767
0.00015967
0.00008552
0.00003449
0.00005639
0.00014014
0.00015793
0.00014142
0.00009175
0.00005807
0.00022150
0.00005241
0.00003721
0.00004204
0.00016674
0.00010214
0.00008923
0.00005734
0.00011173
0.00016253
0.00002869
0.00004228
0.00006809
0.00009107
0.00019329
0.00013243
0.00005626
0.00019589
0.00015555
0.00014020
0.00009518
0.00018197
0.00011996
0.00007597
0.00010731
0.00013023
0.00005861
0.00013899
0.00010420
0.00007942
0.00003991
0.00015589
0.00014842
0.00014633
0.00012427
0.00008607
0.00006190
0.00014110
0.00012444
0.00008966
0.00020589
0.00009678
0.00013604
0.00014632
0.00007377
0.00017716
0.00016664
0.00004944
0.00018238
0.00012374
0.00010437
0.00005918
0.00013308
0.00007214
0.00003516
0.00012428
0.00014591
0.00020445
0.00014401
0.00010060
0.00011778
0.00010320
0.00017751
0.00012175
0.00013435
0.00006420
0.00011807
0.00010517
0.00012655
0.00008718
0.00005773
0.00014743
0.00010059
0.00008320
0.00006569
0.00005979
0.00004809
0.00005567
0.00015212
0.00003687
