0.00146194
0.00305061
0.00485215
0.00313153
0.00215559
0.00134711
0.00206668
0.00254951
0.00294672
0.00286497
0.00259690
0.00136202
0.00124055
0.00389497
0.00269963
0.00230157
0.00382950
0.00409008
0.00164323
0.00312102
0.00213438
0.00231219
0.00303296
0.00282682
0.00116018
0.00318952
0.00275276
0.00218436
0.00334031
0.00134849
0.00214645
0.00216236
0.00143197
0.00204056
0.00135519
0.00253727
0.00189822
0.00154036
0.00171857
0.00184090
0.00194566
0.00588110
0.00436591
0.00226431
0.00258247
0.00119096
0.00294432
0.00432101
0.00255215
0.00355599
0.00208775
0.00256422
0.00222821
0.00144759
0.00198217
0.00153865
0.00498974
0.00157108
0.00349446
0.00256051
0.00352958
0.00139758
0.00170577
0.00213529
