-517
144
543
479
-507
-919
-806
-911
24
380
364
-689
-1224
930
835
632
1035
1838
1746
-96
341
-211
473
1083
-1345
580
586
-1864
58
-343
124
-381
-163
-346
-913
1573
-166
-1455
-601
353
1077
37
809
24
-779
452
-408
-1244
869
1177
199
-1019
-543
1082
268
229
281
-634
1053
-1421
1055
-355
-151
1790
-704
389
504
-383
-829
-273
1260
1593
-1951
-413
-967
-64
149
-1602
-40
-220
-1610
177
-1097
427
397
229
-900
825
-1221
95
968
-26
866
-262
560
-818
213
22
407
53
601
580
-272
-373
-1460
-47
45
1828
-952
-446
1489
300
-631
919
-1647
-254
-10
-980
-81
774
-79
1051
717
291
120
2457
-1916
-1253
437
-114
1011
-403
-257
88
1325
-83
896
1890
-781
7
-473
-489
-1087
-116
33
986
3
-604
1711
-94
371
815
-1057
-55
-1417
-1737
-1306
-775
-1519
-1709
87
-1903
52
259
523
344
-799
-185
1404
-49
509
-437
1950
-1284
1515
-1311
-384
500
-433
-1590
1076
660
405
-2457
-584
88
-993
-1713
-363
2329
-60
165
