69
15
0
89
27
36
66
85
78
68
101
29
5
48
49
88
51
18
0
75
2
0
47
29
50
0
51
38
47
88
34
79
38
55
0
113
11
69
34
45
40
90
19
163
84
109
33
0
44
38
88
34
46
66
92
66
0
35
24
81
63
21
103
21
29
80
86
29
37
11
35
40
160
80
38
8
18
9
42
27
46
37
122
138
0
69
51
0
65
52
45
44
17
37
99
8
9
0
33
80
72
0
40
113
31
7
28
32
60
37
65
0
95
52
28
44
29
65
33
72
12
53
45
97
96
47
15
0
0
21
30
27
7
21
70
68
43
81
0
12
52
82
0
65
31
17
110
19
39
42
50
51
18
74
77
70
30
29
69
66
137
30
84
48
65
43
49
52
53
33
74
110
13
59
60
22
38
61
38
99
0
28
3
65
0
0
28
0
53
15
38
103
104
38
65
0
58
54
39
24
52
80
30
0
72
76
28
29
58
93
29
74
148
44
23
9
41
49
17
0
70
41
52
159
117
46
8
0
48
101
2
0
28
45
17
21
39
58
42
0
49
54
85
58
114
27
0
4
39
3
59
32
50
24
10
50
0
14
102
6
0
0
16
0
13
43
50
33
24
72
32
75
36
20
54
43
41
31
83
138
81
37
67
19
64
85
0
36
55
14
87
0
83
27
70
26
47
51
84
17
0
71
9
54
70
48
34
67
67
4
0
77
0
50
74
41
0
22
75
24
41
95
26
18
72
64
123
79
100
28
40
63
57
31
22
43
58
51
9
47
88
0
35
30
0
49
52
1
61
27
30
87
85
24
42
0
109
78
3
11
31
34
35
63
39
38
46
65
64
12
63
73
0
42
83
0
93
18
4
11
119
10
44
85
43
23
43
0
41
108
34
30
0
0
0
31
68
77
51
32
48
62
50
70
0
14
8
0
32
20
29
0
24
9
54
58
66
24
43
56
48
37
22
18
24
107
0
14
84
14
0
9
79
50
3
0
33
48
66
124
40
52
73
0
53
49
80
36
109
46
0
66
69
80
43
49
0
77
189
0
0
0
48
53
49
71
49
138
102
63
22
54
255
66
33
10
80
69
103
43
70
0
56
86
25
27
55
88
0
0
46
36
27
28
45
0
82
58
161
1
106
32
14
35
0
150
5
30
68
109
76
15
62
21
51
46
40
7
94
40
94
110
85
0
65
38
0
52
92
0
77
52
75
90
63
9
32
27
50
20
78
2
50
0
124
41
65
32
101
84
90
27
76
223
37
27
21
0
19
0
41
0
12
43
48
2
37
60
28
38
7
5
17
58
72
80
26
11
0
48
81
28
122
0
108
58
0
164
61
45
67
40
63
17
0
40
15
84
71
0
43
11
0
14
0
76
70
9
79
64
70
57
25
51
40
0
28
40
35
74
56
36
60
15
0
15
19
0
83
0
4
47
0
12
39
85
128
132
61
0
54
66
0
11
42
31
0
29
1
154
68
87
29
29
42
63
28
54
51
4
29
13
42
0
2
10
68
8
62
1
143
0
32
31
69
38
29
86
0
35
55
106
0
0
25
101
54
57
14
78
77
13
55
42
57
14
0
66
40
48
84
76
12
0
93
33
43
0
58
24
4
0
54
56
55
56
73
18
27
19
62
0
90
131
6
77
36
68
20
42
27
100
7
13
21
52
97
24
42
61
65
51
0
61
93
46
0
0
0
33
57
83
65
55
78
87
46
61
27
14
1
28
97
0
6
38
118
43
80
94
16
51
49
112
52
36
29
45
49
88
26
63
56
50
56
56
0
112
76
50
23
28
0
104
22
23
4
109
162
0
33
29
0
51
29
61
0
86
44
4
38
55
0
66
89
19
0
35
51
47
133
69
41
67
74
57
10
1
59
65
0
14
78
62
83
60
37
93
69
0
57
69
91
46
78
32
53
0
59
44
37
20
72
37
60
63
25
32
107
79
68
0
86
137
65
35
56
57
0
61
2
145
22
99
168
62
19
72
23
40
65
67
0
36
43
10
0
32
105
41
55
30
4
87
28
59
0
20
59
79
20
0
34
71
44
84
74
45
0
27
17
31
3
0
54
52
103
36
49
13
50
59
48
33
6
62
108
8
51
68
39
61
76
0
56
17
20
60
27
24
50
72
14
77
14
0
14
9
49
2
89
57
16
111
65
46
48
50
59
20
65
28
20
44
65
57
31
51
0
50
34
66
40
2
10
74
105
1
76
51
78
52
1
25
41
45
24
0
0
53
35
90
46
65
40
94
75
0
61
4
62
0
9
58
32
32
0
75
70
43
72
56
47
47
53
50
0
83
53
43
73
37
24
60
80
25
0
10
56
40
25
0
10
77
36
138
16
77
69
11
55
66
74
63
82
36
20
49
26
63
61
66
81
0
78
55
170
14
92
89
63
53
41
76
41
100
24
17
4
33
42
47
1
18
112
0
90
45
86
33
72
19
65
0
0
3
62
0
26
45
6
43
31
41
48
71
56
30
58
18
0
61
59
77
58
87
50
0
65
10
63
38
85
47
136
48
10
0
53
50
110
0
43
79
27
34
42
31
0
40
87
42
11
24
0
37
0
153
0
58
39
72
50
55
115
0
0
10
23
31
25
20
