0.00106528
0.00140525
0.00138855
0.00104493
0.00110390
0.00103509
0.00129813
0.00075401
0.00099721
0.00130383
0.00096520
0.00092240
0.00119271
0.00114320
0.00097138
0.00134838
0.00103472
0.00116631
0.00112293
0.00087124
0.00156989
0.00115971
0.00077026
0.00109928
0.00089045
0.00135694
0.00107514
0.00083591
0.00097900
0.00105161
0.00062795
0.00097471
0.00120638
0.00071407
0.00098052
0.00123050
0.00081330
0.00070348
0.00060027
0.00105806
0.00104676
0.00080640
0.00099733
0.00114039
0.00090591
0.00113796
0.00138739
0.00114345
0.00084573
0.00060711
0.00117175
0.00091828
0.00097380
0.00103008
0.00120005
0.00093909
0.00077464
0.00091708
0.00121080
0.00090048
0.00096941
0.00110721
0.00096554
0.00100981
0.00097309
0.00101036
0.00108038
0.00113083
0.00080871
0.00098913
0.00107625
0.00105931
0.00136012
0.00084330
0.00128796
0.00121756
0.00108554
0.00064063
0.00078615
0.00123783
0.00117800
0.00077740
0.00103452
0.00088720
0.00124075
0.00121538
0.00098204
0.00097394
0.00207508
0.00095388
0.00099136
0.00063886
0.00108505
0.00083380
0.00092998
0.00094518
