2236
5963
2242
10064
-7535
-3640
-15265
10623
-11333
3866
-8446
6965
2408
-10034
-4424
-2139
-10849
11661
-8162
8510
-2789
-3339
16551
-7421
10116
6887
2918
-28319
-7396
16
-7784
-21454
-20534
-19084
-432
1330
-20545
-4461
7182
-11233
-2956
-9517
765
-10050
23939
-4142
-11206
-7992
1542
6036
-5261
2254
-2982
-13867
5536
-4344
-538
-4223
15677
1855
4003
5386
-18093
8438
-506
-1715
2262
2695
-6952
1457
-2108
1212
4483
-12751
2691
-9086
-10516
6981
-7630
4585
2725
9335
13235
114
7878
11672
-1785
-1535
13809
-4593
50
13709
12257
-10402
-3498
5483
