-24
-6
-6
-20
-25
-10
-26
-11
-7
-2
-37
-47
-15
-31
-39
-22
-16
-11
-61
-43
-6
-4
-48
-40
-38
-33
-2
-9
-58
-55
-64
-45
-29
-22
-9
-45
-8
-22
34
-15
-5
-11
-12
-9
-12
-59
-17
-6
-37
-18
-25
-38
-25
-15
-20
-36
-13
-19
-23
-12
-21
-33
-33
-27
-49
-40
-23
-43
-53
-23
-29
-58
-51
2
-4
-40
-6
-38
-50
-8
-12
-35
-11
-17
-36
-27
-8
-57
-10
-14
-10
-12
-5
-36
-21
-30
-12
-14
-51
-12
-34
-21
-34
-12
-6
-15
-18
-7
-44
-39
-34
-41
-45
-20
-57
-25
-35
-26
-34
-20
-1
-8
-17
-25
-32
-69
-4
-21
-31
-53
-7
-31
0
-73
-24
-23
-21
-36
-30
-35
-8
-3
-8
-12
-12
-39
-29
-54
-5
-48
-33
-16
-11
-10
-11
-29
-31
-15
-10
-52
-25
-5
-8
-3
-12
-2
-43
-19
-26
-39
-17
-10
-34
-33
-34
-51
-33
-48
-27
-7
-32
-15
-44
-8
-12
-36
-32
-27
2
-52
-39
-9
-8
-47
-59
-44
-11
-14
-9
-36
-33
-44
-51
-46
-29
-11
-54
-27
-42
-20
-19
-15
1
-16
-28
-8
-6
-51
-12
-19
-47
-6
-13
-10
-15
-18
-46
-42
-18
-26
-4
-24
-13
-39
-15
-14
-43
-26
-44
-4
-24
-14
-63
-33
-34
-9
-41
-10
-25
-47
-20
-62
-8
-13
-46
-21
-29
-20
-44
-23
-17
-41
-16
-34
-27
-42
-41
-12
-9
-2
-38
-22
-61
-21
-22
-48
-40
-5
-21
-31
-12
-17
-7
-12
-42
-28
-23
-39
-43
-28
-17
-8
-53
-27
-39
-45
-38
-20
-51
-23
-7
-32
-27
-12
-4
-37
-32
-12
-50
-23
-23
-2
-1
-25
-12
-31
-27
-54
-5
-5
-2
-37
-3
-37
-13
-49
-21
-11
-21
-24
-63
-8
-36
-63
-33
-14
-58
-13
-40
-18
-40
-14
-38
-10
-30
-9
-14
-11
-13
-7
-55
-55
-28
-46
-28
-23
-22
-1
-35
-46
-2
-10
-38
-14
-4
-7
-10
-9
-37
-43
-4
-8
-24
-14
-22
-13
-47
-53
-16
-16
-26
-41
-14
-31
