8
12
12
9
10
31
0
-24
-25
25
35
20
-47
-6
37
18
34
17
24
-1
26
-16
20
-33
32
40
33
34
27
24
37
42
-9
15
-26
22
23
30
-15
24
17
6
24
27
20
-1
20
26
25
24
9
12
-1
2
-46
-18
27
15
14
24
-72
20
27
23
39
25
45
19
32
-3
-1
44
10
30
8
27
0
16
36
14
17
26
8
22
-6
20
-38
-3
25
33
20
17
-22
-16
-9
12
6
0
8
18
10
-44
40
-48
23
14
33
79
4
20
24
36
16
36
16
3
26
-14
18
3
6
16
43
26
-15
25
4
33
15
50
18
15
-3
25
31
17
-49
11
43
43
24
28
-30
-21
11
19
7
15
-35
-11
32
22
22
8
4
20
8
24
-17
13
32
-26
40
11
36
15
29
-24
24
12
12
25
-14
22
20
24
36
-42
48
39
11
8
26
45
10
-6
-36
37
-22
21
-30
34
12
33
29
5
7
-47
25
-2
-10
3
-16
24
35
30
6
-31
16
24
17
-42
8
8
-11
39
6
17
55
20
15
-18
30
24
16
0
4
13
-33
27
-7
-5
33
28
49
23
16
-9
-29
0
5
49
33
19
18
13
29
-11
23
-30
31
17
6
25
30
1
1
29
17
8
-30
18
20
4
8
22
-27
16
25
13
25
9
17
11
-7
15
-6
31
-6
11
37
22
8
33
25
9
27
8
12
-13
16
29
-2
-31
-3
-29
30
11
-7
-8
27
4
16
-11
-21
28
11
29
12
-12
-39
3
-37
16
-35
-22
18
-8
7
21
26
-10
-8
27
-16
15
-23
32
13
18
7
11
34
-19
-5
17
36
26
-15
-16
12
26
42
18
-11
26
28
17
25
36
3
26
31
-25
10
-22
41
-13
6
-8
14
-1
19
18
29
23
25
18
16
34
32
14
48
16
23
31
-4
26
28
19
34
8
16
26
31
21
33
15
-38
29
-3
-8
12
-6
24
31
32
-15
10
20
48
28
30
13
14
28
-10
29
17
-17
15
26
31
-35
9
14
18
32
-7
26
8
23
15
40
5
7
11
-4
4
52
31
9
34
33
15
35
32
12
8
-15
46
35
-1
19
15
10
-33
28
-59
2
26
26
14
23
12
-16
13
22
20
21
-20
35
29
-15
19
27
17
17
32
8
22
37
7
-14
25
28
21
27
-13
17
-30
22
3
-43
13
29
4
4
-8
9
28
33
27
-11
36
28
-7
20
24
24
7
-3
40
3
30
56
-21
18
-18
21
-1
39
-42
-11
21
22
9
24
-4
19
26
14
7
24
39
11
5
19
-10
18
13
31
-2
13
21
19
-27
15
18
15
20
40
22
-6
20
-10
56
11
16
-23
29
34
25
23
35
10
29
6
6
34
35
-44
3
23
27
20
25
6
0
19
35
-47
1
25
26
10
18
23
-38
-4
34
-28
34
23
19
18
13
32
-23
30
-15
-10
13
18
2
-18
12
15
20
-6
46
25
3
17
22
21
28
13
1
-17
-2
41
5
5
29
-20
-5
-28
35
15
3
13
18
16
8
13
6
25
12
15
-3
-19
-8
0
3
20
32
12
31
26
12
20
0
36
-16
17
-4
0
18
-14
13
-1
-44
-13
-19
-8
-12
4
19
-4
38
31
-16
9
23
20
27
27
19
13
25
-22
