-107399
20914
-348939
210279
118997
-436414
235341
-96822
-152105
151658
125846
26393
18179
541015
-157349
-24617
304528
261084
240388
252097
314580
-326764
-55048
276527
-76401
133281
447608
-115899
-296179
-47817
-205199
38341
206653
-442933
57893
35506
-4247
25392
-156271
-90049
-111327
83350
-293297
-254609
-351556
353057
141351
50670
-6110
262657
262621
74853
324187
239117
71496
185779
448886
-230542
117132
-409171
-38568
19484
308082
1046883
187722
251138
38240
134033
274176
90768
1110291
-170083
-206233
-786354
-314550
-13712
461228
49567
-36689
-712414
-10879
712611
-470893
-328086
136119
-290540
312359
90734
-386147
-108166
-221351
-294714
68006
48709
234272
-336215
-212382
-131862
41578
-19220
-209299
614850
255604
-30033
-247045
10456
377526
-81926
-21728
-153102
702196
-112494
-249538
514578
-556386
-249109
-231027
-39255
465683
-464033
16507
592331
-82842
-207503
632124
-181131
-417464
326354
63616
24812
296825
-875514
-283943
-268695
188643
68744
320537
-270036
8313
-348758
338145
-230407
152718
149784
-297346
74332
-769244
-290714
62537
249766
-116476
-287696
-189978
205980
297722
131670
-305805
119440
-485210
-245284
332751
223116
208803
418332
-8232
160129
-282507
-104507
298768
-294806
-126403
156192
324890
-105617
-85581
23323
-83682
358718
319241
-733302
40016
-283456
443054
-128029
36860
-227090
-82216
-222120
234424
973479
-298270
275078
