0.00682519
0.004981252
0.0050997725
0.005807196
0.0058441767
0.00524317
0.004989245
0.0054686237
0.0058608027
0.0047076414
0.0058686114
0.00578605
0.0057832752
0.0074565453
0.0045826607
0.007026538
0.00698404
0.005614012
0.007743632
0.0055680517
0.0054047504
0.006824756
0.0058199014
0.006343458
0.0071703834
0.003956001
0.006607365
0.005764378
0.004745854
0.0039287633
0.0045082783
0.0059286603
0.0057362067
0.004791527
0.0053637107
0.0048894645
0.007976489
0.0050199623
0.008415151
0.0051999097
0.0061632013
0.005353071
0.005886847
0.010302932
0.0050606383
0.006721512
0.0047904495
0.00475673
0.0048370548
0.006561933
0.0051475544
0.006518777
0.005325001
0.0053040315
0.007388725
0.00527336
0.0071921656
0.0056075337
0.0056329183
0.0057241907
0.0052388506
0.0056399177
0.0062056943
0.011764563
0.006896217
0.005017088
0.004040035
0.005985293
0.007319545
0.006649837
0.00903662
0.0036810937
0.006648056
0.0067847036
0.008735682
0.0047008754
0.006860045
0.0057792286
0.005914173
0.005268807
0.0103373835
0.0064404164
0.004073547
0.005470494
0.0055417027
0.005655339
0.006306639
0.004997245
0.0051544867
0.0078770695
0.0059918724
0.0051307227
0.0059774877
0.00555474
0.008753446
0.0057144742
0.006016593
0.006890531
0.0065448643
0.004630515
0.0053096246
0.006746537
0.005907219
0.004527111
0.006216946
0.0067816377
0.005479632
0.007851467
0.006044707
0.0062368573
0.0064066425
0.006273401
0.005861814
0.006288557
0.007400996
0.0050559794
0.005818245
0.0041696043
0.0046862806
0.0056585455
0.005415732
0.010084938
0.004958207
0.0053511932
0.0047871997
0.004720167
0.008936424
0.005212164
0.007970421
0.005782426
0.0057083378
0.0074283523
0.005236315
0.0055400254
0.005287576
0.0059126746
0.007264319
0.005311697
0.0061273435
0.0058679353
0.005965393
0.0042026867
0.005451808
0.006409118
0.0048158374
0.0060542324
0.005400297
0.0064965338
0.00518709
0.006304845
0.007173628
0.0048842276
0.005368821
0.0060623637
0.005337716
0.006256848
0.006273196
0.004092294
0.006096338
0.0052551003
0.008390232
0.005558545
0.0052611274
0.005712497
0.005121248
0.0065786038
0.0065342863
0.005207208
0.0057048085
0.0059890244
0.0061342185
0.0049950583
0.0071437047
0.0049943947
0.0041899346
0.0049700974
0.0068678455
0.0071814926
0.0057361512
0.007272287
0.005545084
0.0047190916
0.005809506
0.0050419983
0.0055388454
0.00573822
0.007453448
0.008136327
0.006520705
0.008352428
0.0065397583
0.007239054
