0.00024102
0.00028692
0.00033873
0.00064141
0.00059805
0.00031731
0.00013183
0.00025126
0.00028774
0.00010330
0.00011342
0.00019434
0.00025190
0.00037642
0.00015601
0.00021001
0.00010138
0.00057409
0.00019987
0.00029349
0.00029142
0.00018809
0.00055190
0.00024310
0.00030892
0.00012491
0.00014278
0.00017397
0.00012591
0.00020616
0.00035126
0.00079507
0.00016779
0.00026649
0.00015176
0.00032571
0.00031442
0.00014364
0.00028771
0.00027939
0.00039902
0.00015953
0.00024313
0.00016541
0.00015380
0.00014992
0.00015870
0.00019899
0.00014349
0.00018915
0.00020110
0.00046430
0.00015590
0.00022118
0.00060038
0.00018552
0.00037107
0.00018266
0.00041610
0.00026070
0.00047376
0.00025882
0.00014723
0.00019635
0.00014835
0.00027484
0.00021807
0.00019578
0.00026204
0.00015260
0.00026130
0.00022832
0.00012666
0.00043842
0.00014446
0.00015141
0.00012235
0.00030850
0.00028073
0.00019511
0.00046013
0.00014972
0.00015224
0.00028879
0.00024733
0.00025437
0.00031691
0.00025483
0.00019802
0.00018330
0.00020509
0.00017464
0.00035207
0.00017755
0.00017919
0.00017860
0.00026866
0.00015505
0.00027114
0.00020053
0.00012565
0.00037907
0.00021618
0.00015982
0.00019519
0.00012113
0.00019812
0.00020605
0.00016301
0.00014526
0.00016319
0.00080785
0.00026066
0.00016390
0.00055499
0.00029762
0.00068151
0.00019673
0.00051993
0.00027980
0.00012551
0.00014743
0.00016015
0.00031990
0.00056364
0.00032688
0.00019164
0.00012921
