0.00025288
0.00018029
0.00021735
0.00012555
0.00017654
0.00013972
0.00024350
0.00016041
0.00011345
0.00018036
0.00010998
0.00015167
0.00022007
0.00013461
0.00015164
0.00023394
0.00014356
0.00022499
0.00016421
0.00026050
0.00010711
0.00016151
0.00018524
0.00021521
0.00016662
0.00020017
0.00023722
0.00017431
0.00025259
0.00012049
0.00011068
0.00015159
0.00012676
0.00015559
0.00010043
0.00015598
0.00017680
0.00015421
0.00019258
0.00012947
0.00017005
0.00014094
0.00015689
0.00015698
0.00017356
0.00012330
0.00020784
0.00023987
