2401
-13611
-4752
-2152
69
1770
-778
1496
-202
50
-509
-1304
-707
-910
562
-8
956
-701
-6820
-52
735
-3017
-322
10027
761
1747
-210
1096
-1110
-277
-383
1939
504
2440
134
-239
1400
-5356
-1886
138
-461
223
151
-199
166
-4267
-1325
319
1107
-257
6774
-481
-1859
238
2032
28176
-691
-316
844
1179
-146
-709
-1011
-316
-332
38
-289
968
-239
-692
-248
488
-3021
-1947
-110
-2318
-2388
-799
-96
-10878
-1175
747
78
-1661
568
-202
380
-390
-55
-518
-1154
4556
2726
-2117
131
-881
-154
-177
-302
418
-702
-367
49
377
582
-723
-331
3387
-970
-578
-199
3571
-1096
1485
-593
-464
-913
6053
87
1207
-1005
1692
-432
524
-1080
1791
-132
-160
-1524
1772
437
-566
1750
-856
1264
-142
241
-141
-510
1247
-190
-22
253
-633
-338
1962
-204
-5815
-844
-1341
-232
-71
-411
81
-116
-269
1409
-3852
-880
-3879
-1400
-1633
791
-289
-692
-845
414
367
-1237
206
-4076
26
2132
-5616
249
-169
1229
-533
608
8
-289
605
93
-6065
-416
-1248
-218
142
139
-27
-5282
-403
-644
-138
1301
-378
-486
607
-326
-615
944
-1844
-4420
62
-4256
858
-1507
1321
-582
-5147
-875
656
-1160
-203
2010
-301
-676
-2639
6373
-520
-1899
3689
1900
-886
-235
1060
-1480
-55
338
-414
420
191
-684
-536
836
-868
-176
-1549
1085
-519
-4079
-820
-109
-169
-130
-465
211
597
-2725
613
-293
-841
-353
-5671
-448
2594
-401
-1598
-365
-452
-778
-265
-245
-3936
-9872
3317
551
-430
-1124
2402
-138
-227
-1435
-8156
-918
-275
510
1304
256
-112
121
674
-160
-143
736
-326
-1210
-633
-373
-1678
-202
-358
-328
5095
-260
447
3464
890
689
178
-348
-3268
-342
-1297
202
959
-143
-13801
456
990
201
-758
807
1021
1255
73
599
593
-204
1033
-904
6989
-1093
-258
-713
-433
-1317
-154
307
-289
-223
-119
-208
508
197
-111
1191
-252
-6713
-116
-912
652
-146
5853
1723
-193
1174
-768
-588
-879
96
-603
-2
-906
-1138
-1997
-486
-597
-1588
-1356
1076
137
204
-5908
-6493
-162
-115
119
-1174
755
1114
-2419
-4
-710
1797
583
-197
3844
-107
-433
-148
-1476
1977
-254
-519
-5730
-852
2325
-253
-321
17
878
-196
587
-1376
-190
1685
1174
64
-1343
1611
612
-226
-1489
-209
505
1983
-309
-92
103
-1002
-2063
-170
1184
-1910
-51
363
811
-545
-617
-685
-714
-2702
2121
-3155
-431
-1068
3936
-1576
131
1508
-1715
274
-294
464
-145
-275
730
-2859
298
-113
878
-1824
672
1486
-2115
5324
-446
-784
-471
-170
810
-446
-1160
-1779
-1255
1113
-1139
-11
-108
-298
-470
-1014
87
-1123
18
-128
-321
-398
-333
-601
902
-5693
-176
-236
1518
-1431
-172
-215
251
-471
-1440
-664
699
-222
-235
-337
-855
-586
-9221
-867
-13
-280
-4663
-1240
-457
-69
-403
-212
947
1371
-2121
-556
145
654
2582
36
-3684
-2360
-312
-3397
-1108
863
-121
3144
-1211
-173
-1098
-1032
-9257
1686
-569
-1348
-1007
-232
-357
531
-203
278
-565
-1490
485
-196
-1016
72
-294
49
-1957
526
-241
-380
892
-316
-411
1059
-621
-276
426
-671
1304
-251
-225
193
-273
-806
-729
2574
-552
-2324
102
-110
655
64
-530
-301
-222
-283
-998
1861
7465
-266
494
-189
-594
-215
91
-855
-574
2308
2747
-253
601
-882
-462
-867
3
-484
-81
-7901
-312
314
1472
-779
-495
-104
-107
252
518
-298
-121
136
-192
-1202
837
-1011
-451
-340
-349
368
-192
385
1392
-242
-5
2091
1616
234
157
786
-1216
-286
-388
-707
-367
-496
-447
1547
-299
-364
-848
-143
-2482
1575
-767
206
-287
-392
-581
-638
-314
-364
-1306
25
-120
-361
-638
-95
-408
-1657
-1533
-195
-737
584
-116
-317
-7307
-153
-1341
-264
45
3526
-188
1022
552
-1096
-1692
-279
146
-76
-798
1629
-397
