1316093675
1890636218
1146633263
1144642952
1089046886
1360311917
1697911984
1233554810
1253688647
1073980185
1105273738
1618773566
1076532270
1374431060
1832048946
1224459203
1485584285
2015605657
2137442884
1461546569
1080973919
1937350672
1877178604
1158931357
1202986190
1076972666
1280121768
1501999853
1310724904
1589872938
2062700426
1283433730
1274029153
1950548404
1622882616
1184268272
1998052386
1560805546
1378519164
1393735077
1434381502
1115561604
1754065808
2129324300
1205086867
1136436132
1471421239
1329588812
1111036252
2072794615
1535783140
1430266313
2042120839
1536144037
1387321178
1240456920
1198041038
1255304918
1375853618
1288348455
1505722156
1304327997
1324492316
1973027959
1436496386
1375987685
1320046242
1699337183
1525110019
1266780795
1732513411
2008082096
1607360403
1251725606
1319013964
1089938885
1888096330
1392815736
1151126739
1713216447
1312244337
1552853440
1279730024
2114384047
2006055663
1096762446
1804165818
1080621845
1495694572
1185305118
1351195821
1562153931
1398304654
1950094373
1883198581
1795621509
1765858115
1511369877
1612685984
1192611301
1121019075
1169466727
1629341025
1685018938
1886694403
2129689809
1856544762
1269071366
1229791066
1970301919
1272213173
2123653598
1104107321
2072630336
2108892916
1141299365
1185189755
1707917793
1831989051
2035256123
1862275687
1543019248
1799533919
1794062848
1744593342
1229848249
1470148168
1318811792
1309751523
1919709635
1293681261
1615934160
1994922058
1402573114
1246068569
1095198288
1993797546
1982017233
1790790364
1092026212
1338231102
1400507131
1360522691
1586437509
1589514353
1349823935
1776645022
1531947751
1605182341
1301115087
1213667620
1524568180
1810065362
1911530528
1144015947
1872971823
1205588014
2071924932
1290719710
1352706687
1684235735
1635146943
2023599954
1210530239
1755692966
1748329672
1308535634
2110953759
1530296535
1212838086
1892394345
1773414871
1394478267
1564608839
1243810979
1662689013
1079727012
1687650603
1097256418
1968317355
1396581193
1076708742
2009329539
1647319036
1706182268
1828874443
1573957303
1698750727
1524925480
1285443422
1728614543
1996741036
1189508115
1736328982
1605766298
1742654430
1268015923
1193967219
1836155176
2002556913
1449522179
1390279803
1158091114
1626611593
1319586286
1405573286
1152110473
1626790635
1711990792
1969625548
1226263690
1641191156
1436325161
1415903842
1437498502
1440041984
1114094606
1256882782
1575363771
2099094989
2111828696
1150688771
1397326203
1904301159
1963205382
1225570936
1512804357
1433710129
1255325085
1468812346
1685410432
1423488797
1753505069
1429622353
1683697466
2122415465
1612169524
1942320239
1788436650
1636079277
1658977989
1759355623
1740067704
1269056125
1145706640
1801369317
1796567156
1644891328
1751162224
1653004986
2025544648
1996532439
1546256073
1664222045
1433234253
1638578016
1221460530
1492791453
1662089599
1523515200
1964250281
1772128237
1567307466
1638599433
1686601306
1277349575
1891638020
1581251707
1907040907
1369968423
1850515148
1784203242
1126468015
1143812418
1133359502
1235834601
1486763980
1740547414
1616197869
1455860691
1694416304
1246575498
2042422670
1988203830
1339092618
1226967795
1217390780
2104333333
1262081470
1269774543
1378356284
1481172834
2131416197
1517927052
1925405237
1747267518
2049576510
1198492499
2052970890
2140808351
2124832644
2078710293
1115339817
2059975171
1257617012
1985478789
1461088559
1376363117
1232342348
1603051466
1289317676
1516881782
1320349286
1717469144
1994877797
1748453317
1740929256
2038129795
1699106456
1511636442
2088654281
1863327882
1709001471
2048854665
1165093896
1160028776
1915268786
1631381415
1408976090
1346309351
1108824023
1256749821
2021753634
1098772246
1460454682
1139724856
2088269639
1657815321
1157790283
1801360679
1441673586
1348210926
1842201067
1295427052
1599469120
1796794065
1938323197
1754290254
1799329177
1166988975
1851519013
1195257101
1813799872
1695644400
1153769256
1242458310
1300685399
1252998963
1185259715
1369427012
1416198605
1700606756
1734983738
1372712168
1715017521
1626299447
1483461834
1977966151
1778763925
1745728133
1234295680
1554256509
1803906142
1959505446
1642972691
1773191882
1409078032
1200702329
1474962643
1149329499
2012417590
1340382608
1401765624
1253321032
1322233228
1420101128
1075010339
1133764275
1256662406
1081942375
2139547024
1251657252
1478403032
1650068421
1326225986
1572323399
1838959151
1257765679
1966705474
1230804426
1247907393
1627673568
1358653134
1891972868
1972458843
1506045439
1367640087
1094690752
1874290440
1312201718
2078196010
1827905487
2045397143
1858056342
1079228256
1908598675
1608894399
1199205313
1472866070
1877402371
2045142643
1353455338
1626162488
2109317677
2072918831
1097257882
1436181670
1589709401
1171851959
1137210625
1931101324
1101207557
2065536548
1430265421
1308806482
1082169194
1326496619
1657388025
1225076928
2083186408
1319158169
1406686804
1390604121
1405107548
1472807817
2008825679
1315669571
1325280624
1277916328
1199237795
1410979750
1117366768
2119038147
1937243875
1100976472
1484600195
2038048126
1789144896
1828354306
1738512328
2052107160
1226139902
1529216463
1290779569
1636373254
1810192791
1760856138
1563140449
1862752919
1790039643
1201181275
1308502510
1351966389
1165853184
1222707776
1491538299
1633086814
1356610174
1120073713
1124281707
1174651672
1456522105
1538132706
1209279156
2013551025
1214403064
1949114245
1483465261
1231803722
1730209847
1811254480
1372138668
1319638078
1877119280
1550120117
1232126148
1727646929
1175095780
1976448539
2139557125
1751494324
1744431004
1613078835
1974916149
1339647735
1307678258
2119282153
1484373037
1090685251
1335262768
1296333771
1781730916
1222021911
1880699627
1814267788
1370697299
1803880264
1145745261
1538200168
1941850431
1900657848
1937145787
1490129519
1279202034
1715681041
2009277711
1128257260
1864041267
1661735798
1128434910
1605254157
1398269388
2103560285
1500993133
1238097331
1146745878
1465901124
1468692128
1591717901
1486139045
2020377371
1114159177
1756074038
2073048687
1205120705
1545980585
1604926627
1933640256
1111177944
1832576650
1968492292
1327127979
1212185595
2042738493
2033422438
1367279647
1559184627
1360824522
1990059360
1550415630
1264925765
1263391056
1444875645
1943322319
1552129311
1194304957
1269797851
1584750814
1522371128
1094245309
1196602435
1288051279
1244515441
1453995095
1452896641
1675618502
1971987793
1798700173
1840405611
1384279386
1747324879
1346228789
1487167575
1942198807
1199117362
2070773429
1105357112
1554479705
1977529196
1376628754
2103749233
1254334213
1278465734
1961842419
1268867623
1328644628
1996403012
2097975618
1517598094
1335655119
1657204057
1636084845
1428128763
1922347668
1817203282
1527665013
1206220338
1612475317
1699166815
1344182331
1085805598
1481061468
1336524488
1333994909
1484670013
1324312168
1552930289
1220256563
1098058325
1545858653
1461443449
1636945897
1730004498
1835413343
1157186123
1128513652
1790206157
1882311293
1747105538
1816630961
1086217260
1383835493
2069085840
1980433622
1587158747
1224622147
1837228323
1717226209
1806661631
1217147238
1764106598
1777981736
1224091910
1925404123
1925356122
1239270172
1434469417
1337354522
1939596697
1333663809
2036988400
1184612650
2026885823
1182279817
1172516228
2005281955
1851234030
1401405698
1607561076
1802176721
1562908765
1270408901
1776824136
1741937119
1964589198
1128870523
1272103877
1433278015
1220625642
1790056898
1271298044
1520660303
