1645903258
1181087711
1463980113
1711374955
1234160611
1349781914
2067136231
1372376661
1184064371
2084847952
1242803006
1275522548
1151386336
1949472180
1266195284
1344415625
1484223773
1672375964
2098429704
1315900170
1235740850
1637747090
1915000441
1456381329
1812750390
1303350168
1554187143
1207778331
1110202288
2022029751
1263352040
1426164078
1430575702
1269506967
1382050807
1095283410
1326534911
1901712204
1561234475
1638752158
1263719675
1531067627
1332648330
1945119853
1198150140
1386296401
1459820498
2051404998
2063489526
1605712417
1454214059
1207198712
1474540734
1543048387
1799094517
1280364067
1409220242
1388288748
1330644125
1772601057
1443822432
1223161200
1520919113
1946018187
1549550195
1132233723
1147413503
1364445819
1598368606
1750711932
1820409953
1358234561
1437966951
1494837760
1848553325
1295597214
1460312654
1485341503
1742766266
1473621645
2093309493
1624586339
1196077744
1476678355
1661121580
1244786457
1460819635
1353997861
1543828129
1990875624
1405831474
1499507322
1154262193
1687884837
1701259054
1883472749
1142162841
1931609255
1522561613
1178917477
1479213260
1386444641
1354276552
1297785237
1482827352
1549692505
1546558711
1665165569
1434610796
1394621562
1445500509
1336292070
1423549124
1397218728
1124631974
1104361630
1424391127
1642155749
2109123741
1556843605
1174585903
2137235983
1166159939
1204536321
1436831432
1089365668
1337304550
1413602217
1577152491
1795376657
1459346129
1842798646
1413729704
1274111302
1458818395
1338921849
1474893545
1396937072
1317501163
1275801239
1592610962
2072632972
1607265973
1407731912
1415357379
1478990900
1354633811
1224127725
1163871113
1793470290
1197447482
1304939302
1438257501
1795981476
1957595735
1117181429
1541909903
1869461100
1559843983
1472575071
1685358827
1252245896
1267573917
1291280464
1241456986
1452414425
1143612629
1125147849
1594976873
1209262214
1156859359
1375691309
1411185905
1245684792
2065558957
1340419073
1767451198
1886084738
2003440450
1908122103
2014024789
1365486464
1324397289
1444649612
2049537174
1274401853
1545612939
1715934818
1440661954
1450674087
1440955470
1335455997
