0.00555148
0.00398370
0.00493787
0.00577231
0.00416271
0.00455269
0.00348613
0.00462890
0.00399374
0.00351600
0.00419186
0.00430222
0.00388352
0.00657539
0.00427076
0.00453459
0.00500615
0.00564077
0.00707781
0.00443841
0.00416804
0.00552397
0.00322956
0.00491224
0.00611424
0.00439608
0.00524213
0.00814745
0.00374461
0.00341006
0.00426117
0.00481032
0.00482520
0.00428193
0.00466153
0.00369429
0.00447428
0.00320715
0.00526590
0.00552736
0.00426241
0.00516415
0.00449490
0.00656071
0.00404125
0.00467585
0.00492384
0.00345960
0.00347998
0.00541592
0.00490493
0.00407177
0.00497349
0.00520456
0.00606818
0.00431855
0.00475317
0.00468257
0.00448814
0.00597882
0.00486988
0.00412561
0.00512992
0.01312748
0.00522649
0.00381892
0.00387012
0.00460215
0.00539115
0.00590499
0.01228015
0.00458120
0.00485013
0.00504195
0.01247000
0.00436993
0.00492550
0.00500992
0.00587819
0.00497039
0.00706054
0.00547958
0.00403426
0.00498070
0.00560281
0.00419855
0.00492721
0.00456691
0.00520719
0.00671504
0.00474174
0.00505770
0.00389322
0.00569308
0.00573819
0.00635278
0.00385241
0.00651514
0.00513546
0.00397638
0.00498925
0.00467635
0.00456785
0.00437731
0.00500144
0.00522697
0.00521640
0.00561645
0.00483881
0.00470393
0.00487554
0.00450719
0.00480150
0.00471269
0.00758656
0.00372491
0.00480434
0.00276942
0.00355694
0.00525109
0.00396177
0.00720870
0.00393335
0.00406279
0.00484630
0.00367433
0.00902121
0.00476795
0.00531959
0.00302782
0.00492224
0.00621559
0.00476838
0.00429746
0.00492046
0.00451606
0.00497468
0.00471174
0.00444381
0.00430316
0.00537173
0.00349540
0.00542116
0.00474815
0.00477387
0.00498850
0.00913811
0.00412887
0.00392563
0.00604921
0.00807776
0.00440144
0.00485111
0.00605768
0.00660279
0.00376815
0.00520072
0.00315276
0.00526121
0.00496686
0.00568456
0.00422371
0.00427541
0.00435537
0.00418732
0.00489886
0.00385730
0.00379502
0.00537971
0.00407873
0.00390198
0.00464008
0.00475980
0.00420158
0.00348347
0.00452111
0.00596145
0.00636159
0.00337871
0.00643592
0.00339656
0.00460566
0.00446707
0.00487267
0.00345645
0.00429844
0.00521321
0.00578769
0.00485922
0.00489299
0.00486021
0.00450437
