0.00017111406
0.0001625836
0.00015537957
0.00018961373
0.0001387863
0.00020952453
0.00018533098
0.00021661386
0.00038033514
0.00016052969
0.00018860977
0.00020023405
0.00025933248
0.00018793704
0.00022925573
0.0002382817
0.00023813872
0.0003658027
0.00018827541
0.0003344787
0.00029932568
0.00015655074
0.0003918861
0.00027855692
0.00036759098
0.00014260746
0.00017521803
0.00041953017
0.00039217583
0.0003787162
0.00028700763
0.0002531802
0.00020016865
0.00028104865
0.00033869827
0.0002361792
0.0001505395
0.00019551712
0.00026955392
0.00024826414
0.00018771096
0.00014431908
0.00029133895
0.00017912324
0.00019440718
0.00019146301
0.0003644056
0.00023974078
