16819
-90105
-19766
-18370
-28139
-47186
-5097
-33078
-35913
-7169
-36724
3463
83560
-44874
-38634
-20560
-82525
-9979
-40018
-23413
-21127
-29202
-61816
-24516
-198688
-20871
-10742
36065
-5497
136225
-36269
-56267
-28586
-48703
23454
-27623
17115
-32048
-40476
-40567
74252
-59891
-36852
-24476
-30981
-138615
-30792
-23060
-15043
-27205
92233
-37649
-34321
-95757
-15426
-30266
-23667
173647
-112612
-21008
-26135
27395
-163510
3903
