1778103106
1855167135
1475371492
1904376830
1310881009
1638437248
1256814477
1550435623
1791993541
1742277638
1579254695
1656570247
1508833156
1184326084
1641725776
1399657757
1164417222
1243653099
1998601457
1897987748
1297980062
1406116227
1844439222
1719073680
1411084047
1939646223
1674035092
1328376626
2031343884
1640120797
1305320018
1314998783
1741649682
1240924203
1648261600
1542992042
1154364456
1873486221
2090231433
1119510112
1183216732
1788239429
1327522324
1376993880
1570476510
1448522886
1790533906
1313870701
1552043399
1081252274
1269624933
1559382989
1355044678
1760653767
1205418491
1871403009
1517206387
1910839314
2125085473
1557123176
2146445700
1699828653
2074666084
1298534069
