2094742962
1486794520
2092969186
1772884846
1888556058
2064516152
1361027963
1120644873
1237439985
1423974523
1427367203
1969088769
1660008178
1169421305
1114350600
1855908767
1317734995
1206038519
1134688744
1284490882
1474214856
1422360060
1476164813
1211552240
1092547636
1451764750
1146548085
1474402074
1300583335
1563764998
1555494471
1166640762
1307651902
1215052012
1229062148
1423423862
1325134354
1807906411
1266998476
1282991276
1321904990
1602663944
1377122932
1319776511
1228378361
2051040772
1165523469
1351273582
1076074183
1601120037
1227911163
1316653691
1538151818
1475099261
1803866206
1202326315
1677429153
1976210500
1168191233
1194076790
1103493037
1783210452
1912693851
1270480418
1829382851
1429223743
1310208199
1432637645
1523947846
1660672384
1449950872
1576168984
2142573601
1485452215
1279782040
1219989913
2139044732
1591014519
1168062483
1148234909
2076201216
1584663977
2055318427
1349614379
1540760294
1934940232
1477812749
1478569717
1326070171
1210927523
1928152464
1780711584
1265874511
1297642647
1396932949
1078946175
1840219629
1162998019
1649233094
1332858814
1202906839
1544338716
1388604008
1732919910
1308404823
1953008458
1362030398
1996475922
1092028697
1104236112
2120134434
1108333910
1446938754
1431500772
1270813724
1301718677
1353075537
1589836625
1238042168
1628691269
2136776892
1163470687
1510225730
2129618735
1190522324
1186453897
1712654509
2069187911
1144570781
1395501165
1630701280
1346606746
1441079256
1189554018
1223926910
1075560101
1431366661
1256607236
1665258055
1548771352
1495413340
1234595340
1925396227
1900857438
1373175871
2142785814
1539202603
1779173671
1295863882
1121993566
1365501948
2024912176
1833411078
1591820821
1330376245
2074587409
2038557414
1438151082
1572502308
1230371527
1679020644
1159275533
1471610538
1401811671
2047400130
1701842561
1428409565
1688993693
1820046443
1198223922
1250559918
1388049847
1967766154
1789261380
1424413170
1907388274
1116361377
1290575829
2085778781
1876765150
1818100041
1178894448
1836278804
1158426132
1410398331
1179317453
2053673357
1155954939
1895469185
1288387186
1247082626
1200863464
1164177226
1794988846
1100652221
1497368767
1473949589
1111213669
1899696608
1615319961
1911687052
1242541859
1320102050
1351053602
1574175491
1250835140
1576565736
1345070386
1099772410
1529049720
1357327682
1194795472
2043540799
1292089108
1159381147
1263511940
2032432190
1575690738
1234000377
1228630392
1155109257
1118325336
1492423318
1154145874
2030921974
2120466756
1267033098
1257833261
1300784172
1212580600
1954595902
1855795025
2093200564
1523031117
1444936946
1189405469
1642354425
2046789480
1484534665
1727481557
1340768469
1810665186
1457759759
1388456881
1597047770
1639404767
1223039333
1091261994
1210851936
2012843050
1695373223
1480155630
1121782993
2139291949
2113942723
1190401231
1847813262
1604875996
1277995509
1104234362
1302402792
1156908149
1509862233
1289917858
1220191516
1236479993
1264233685
1216322449
1393108447
1411159018
1111483202
1329956412
2131404784
1327641645
1428899297
1305784315
1149352344
1485801055
1385785507
1379768162
1784654488
2108326199
1137615321
1553519136
1147736371
1567865203
1555651903
1398514705
1658738835
1511792281
1824719843
1698179691
1565598785
1898075254
1203109645
1149258620
1920750590
1428381015
1808882046
1307030139
2060814865
1708378189
1244037417
1137359133
1569062240
1430884477
1318636684
1299700789
1500093741
1427153021
1847426464
1607189342
1841424761
1188240154
1301123166
1220981409
1772953432
1159345104
1926545112
1780094502
2023140959
1197372662
2021061705
1550996311
1233919430
1242646216
1137062144
1421873719
1315482579
2052054168
1344928947
1326921650
1212482807
1284236335
1530357677
1801860078
1540183926
1503362703
1130404438
1660247082
1472651040
1132957235
1382117168
2039661362
1083360871
1205912307
2131714835
1819427305
1418607491
1922459674
1256640381
1172802172
1426189856
1350577654
1216329340
2065829119
1888636874
1333677039
1934439671
1420067389
1343630288
1179488537
1428192539
1932154220
1187781598
1577518400
2094169898
2105984172
1362281992
1143704315
2066541303
1398156130
1278303984
1807661873
1327695464
1640438597
1796834885
1764865857
1232488630
1427502079
1401088504
1597009768
1505181722
1133072859
1439843823
1350428448
1267315593
2036765151
1704384528
1415740203
1297066279
1107162142
1263211122
1506952720
1407889946
1168542698
1570647278
2090198531
2131560269
1728032984
1143300180
1211510673
1312947722
1241999184
2102862227
1088211808
1314569405
1616027923
1744509718
1298610789
1394354884
1741860113
1997917596
1362702152
1134588107
1134117080
1938536835
1562836072
1854074543
2086929919
1389210786
1252653174
1158749484
1389319846
1400186378
2127602401
1466658854
1432723734
1775325410
1088592699
2122544501
1717307344
2142616262
2120322691
1944291298
1448094333
1902121092
1451203588
1437735909
2111086286
1895096061
1477893916
1248314831
1886924202
1160492479
1528922502
1497695182
1263406599
1847707483
1099277209
1462216592
1455028681
1104091173
1595691529
1705142809
1809644155
1920639145
1361651980
1405106777
1803420831
1631887379
1867617087
1573300110
1123021488
1243588269
1534934815
1904943094
1962485977
1193448463
1441717099
1515120204
1076748125
1534245231
1791640085
1568338527
1706116803
1971329590
1903593526
1362540258
1115492614
1121596377
1173851972
1297949591
1910519823
1585857185
1120093599
1866412787
1382600446
1586390235
1595885693
1193088794
1365407765
1413315500
1174528321
1519488629
1156193078
1773834862
2057679772
1127346268
1393676238
2076866844
1197388633
1783800493
2107804504
1729201361
1536196173
1225846895
1633880107
1164203698
1190490076
1394370198
1394727351
1388165252
1479603000
1536680763
1341678909
1504511062
1726827196
1143289624
1194283753
1555659976
1596959778
1854334887
1428614450
1985334016
1309737720
1486874920
1565433062
1703548692
1481585609
1130294503
1090581708
1781516136
1324223586
2034055513
1853410993
1208869381
1954193681
1911088314
1197801793
1189622823
2044392606
1587110885
1246888844
1518516932
1267367771
1277749166
1276854479
1144009837
1227683964
1118032284
1418196957
1524300843
1575775405
1160597382
1160255215
1844798518
1583999552
1273641742
1177894639
1159066820
1553915887
1151724015
1564300673
1856961084
1483237976
1729619006
1342420015
2072949537
1292929320
1699352663
1186851031
1994747673
2018961579
1104121036
1102904309
1188792675
2110825811
1531611049
1158718199
1134878751
2102096487
1886883510
1422416854
1368629143
1291153181
1164425757
1609767298
1816422406
1298428821
1207921421
1709359950
1154892997
1638978480
1168146712
1336708301
1082827712
1753203688
1180481017
1962783666
1436408153
1369153441
1310977090
1131091835
1345819040
1479258864
1741667699
1522845321
2054638469
1197450000
1550092763
1286144287
1361895741
1234731966
1202065642
1862683081
2087143445
1321850624
1532008457
2060215460
1705313126
1232380882
1354417295
1792039189
1284308072
1641200158
1925195040
1103874912
1722676454
1217997240
1462694236
1511323333
1338901866
1251078857
1108505431
1376045019
1718018368
1273041856
1462608421
1465409638
1165317491
1685178773
1348338801
1318193770
1402556168
1675104431
1145885739
1480310086
1159163738
1423577990
1966874748
1926773296
1683132663
1747581891
1428342620
1790288318
1419068563
1233174604
1319255494
2039409965
1405534923
1869671685
1183421158
1364145423
1114121759
2045195626
1852929794
1715021542
1221164307
1197762085
1197983159
1655273630
1290825453
1100414957
1643668945
1363387908
1688117929
1886490587
1204439808
1535365368
1564679048
1376410814
2131003810
1366166264
1285647992
1831694337
1709635761
1828796420
1972102091
1130751090
1653034887
1627699554
1763292907
1658716192
1153971071
1172486368
2135782989
1997563330
1654002537
1586910705
1382491823
1811089985
2003552782
1471385307
2067319864
1159870934
1149972707
1954874624
1401030747
1614206716
1596405179
2023271241
1209222760
1098336359
1266898714
1107137749
1172200645
1379378083
1180170683
1990500560
1380170602
1161394605
1268030337
1258930755
1789657038
2074451986
1201195567
1235421223
1826689928
1434964008
1690481156
1281530832
1589239583
1760743063
2018227890
1226764773
1566176575
1201650732
1358294238
1392706073
1114728318
1393189022
1453086162
1153143439
1945268771
1186183653
1431088049
1497461309
2101485574
1783246441
1272323503
1859720056
1665595627
1099478593
1413742990
1842063305
1284132963
1546724367
1310975997
1211744436
1119002122
1358450226
1934585267
1453057393
1382436910
1131863570
1754825918
1330886738
2114955441
1169858202
1306067412
1216517926
1103727238
2119988619
1132136844
1930767722
1172924140
1603217887
1326687778
1170587495
1708210496
1122879612
1464315098
1288408955
1355861222
1322063275
1313362939
1532580974
1308047341
1114642776
1117599981
1878377469
1313539185
1598160972
1428955851
1118338681
1539187289
2003327332
1435407818
1600706877
1801514410
1391702653
1198203576
1201001512
1507462580
1129380344
1279407604
1947130911
1724991637
1087091890
1894535883
1779517719
1748859219
1771551948
2124260782
1678559572
1466751287
2057478935
1291168605
1407664059
1319442438
2123805836
1317699553
1099303571
1348568626
1441660217
1151845655
1958959514
1437249853
2111246081
2073849037
1568732543
2029655037
2042301975
1204174924
1320054248
1217963493
1421431079
1278190548
1324519591
1924543960
1330842896
1169201216
1163286805
1128807478
1717209550
1697161614
1234176820
1541391574
1224580943
1078665047
1700370522
1747738863
1502799900
1656441460
1392880000
1754828390
1909010482
2102966387
1790925068
1189017030
1270856933
1654216304
1189829020
1796538552
1295216850
1215124974
2012881117
2107903675
1272062064
1092977860
1710908889
2018815086
1852689467
1309318872
1318629792
1580935583
2108658171
1567085483
1207359274
2007238076
1496862189
1086047559
1494186221
1380105516
1742679869
1459981896
1975721315
1837278067
2007959165
1676591128
1374113439
1321401803
1582462098
1239784944
1814164630
1558931891
1306410344
1564155187
1828217864
1342965863
1457908111
1404808037
1127731533
1229271517
1271751511
1953093234
1433896377
1198659835
1442263823
1459316049
1689187966
1276265203
1193981841
1211939694
2125608557
1706670417
1472781103
1989837448
2063333532
1541937094
1549436980
1538177853
1987938247
1788486145
1781793107
2051592812
1645194803
1091879382
1199158974
1408999406
2091276794
2086213644
1292850232
1857312855
1375506937
1677867144
1247716914
1948582714
1610579397
1106128859
1452252404
1750066867
1360498469
1682965299
1223684943
1167479661
1441194114
1349657041
1187227765
1515531176
1701263568
1570460825
1395705283
1649779380
1325653019
1110952559
1082782097
1246928552
1159792283
1415323543
1495988395
1215904913
1673973902
1687256167
1715194835
1334961478
1807278522
1097624569
1244789517
1350958544
1335788672
1263521785
2026339257
1859662758
1112644578
1456498806
2012975278
1281070088
1267168356
1483076956
1231255057
1359496154
1562351044
1179431655
1236179065
1838088416
1444540851
1183703709
1605591615
1279753599
1307808765
1077371857
1112403924
1918484500
1305861652
1204593170
1085267948
1184503775
1269578620
1236427924
1813788005
1909970453
1949429927
1564762073
1642107316
2095653861
1131731210
1526236361
1281169522
1443681934
1439651956
1095679972
1364926674
1188697726
1190715723
1954713714
1136544299
1926278335
1141304444
1288112731
1426752331
1894662993
1907230493
1266736491
1547885415
1171840976
1563489340
1578217938
1745025813
1206490402
1603440492
1491364438
1243828486
1216750376
1514123019
1889654099
1117117469
1300325616
1403016037
1284470426
1371411765
1551721228
1516327961
1254376260
1412080833
1233621674
1784894815
1209845235
1223853948
1309023851
1122566870
1110255317
1262744362
1454188141
1345912895
1462173493
1957654511
1923563119
1320463032
1731771222
1257418242
1379370207
1167803560
1237280825
2078215822
1239733641
1357847168
2144654168
1704318020
2105461711
1772919412
1490475330
2051182890
1401856411
1919186271
1559975019
1196072253
2103242352
1467561417
1136072835
1567175728
1889356562
1465251463
1746143762
1680185849
1669952041
1265113496
1272004307
1835561850
1398104608
1568947929
1503710886
1903420736
1432390099
1498267502
1298442604
1337295716
1383902715
1623620242
1086512241
1146935320
1253147938
1899285089
1357457089
1128439604
1187523879
1326512866
2048670895
1217480325
1338370566
2089418505
1528053849
1223217089
1407400214
1480680475
1357418803
1709708461
1309146476
1212152454
1510445273
1181136582
1903882464
1775360742
1391702216
1360907308
1145777663
1919425022
1543871190
1112008376
1451560413
1703631936
1629323424
1981820592
1232535885
1187108531
1221416228
1347024938
1457296083
1093426024
1410358951
2130646701
1553263604
1779561825
1120970019
1258756499
2058622722
1324407358
1419992129
2070736500
1964484721
1297591453
