1601628673
1265154958
1265644592
1884900574
1303857017
1585885090
1621884794
1493996417
1726988119
1711316681
1471265869
1744072275
1848832032
1297458995
1571268195
1827272754
1626142876
1877068679
1256494382
2132616941
1538861198
1553877405
2119835917
1125487096
1373918022
1839088744
1115159965
1177540187
1403201770
1592448970
1183248250
1984373630
1377927351
1492925681
1955530979
1736779090
1387746767
1518396979
1527208309
1433781439
1359744263
1910280185
1212377579
1873220053
1356797552
1472476140
1458806913
1476986404
1178148216
1453430703
1139717303
1795524088
1579290684
2087052691
1871167540
1413550744
1865126039
1711126086
1317521627
1147116108
1650430900
1390358937
1804317364
1342162741
1767628183
1582971179
1445840531
1703316517
1283578157
1219777500
1439256117
1426653767
1986450605
1569577302
1458523984
1605559711
2017775565
1280846399
1354643471
1417638475
1647303723
1726099020
1794919435
1803011245
1517938752
1650245060
1297589090
1248768120
1411346982
1763763571
1485327724
1364565364
2025545169
1581722492
1382381788
1624513847
2083352490
1158102121
1591177924
1879280297
2060158643
2132178007
1571163939
1462434625
1952723432
1346262738
1499956678
1085950154
2129396672
1233484832
1420360482
1784849359
1264407310
1197815602
1547602932
1886939168
1196445262
1684414818
1672137155
1193493107
1447546377
1253352046
1124868593
1155058253
1274856199
1520981243
1327800937
1834764182
1919957088
1485363913
1585386484
2017025038
1761952368
1265465174
1556048369
1474673770
1874805037
1684508255
1393924013
1124455017
1498843565
1588531507
2115971925
1854716496
1177805752
1316133909
2075246210
1754699011
1089219484
1172899758
1367296812
1815624619
1118734964
1468196091
1399914800
2034367992
2016065930
1521837714
1659455495
1232072390
1658047876
1680472204
1746464703
2063144327
1455410658
1958707327
1095197936
1392168555
1442066049
1089428822
1472418327
1470175702
1641151352
1373798263
1225175416
1771033534
1409212332
1406670722
1324166679
1784651191
1512515134
2066182959
1873043171
1302201474
1579050821
1311063780
1935431027
1899142136
1320621089
1330740950
1415518709
2076462049
1536126167
1618838032
1587000132
1440063975
1651569646
1956055811
1258573493
1105755380
1416069547
1702932226
1819398344
1873082447
1398680480
1740970387
1538245520
1701431928
2067584238
1780736443
1688831026
1785966090
1210416160
1889014696
2123610468
1643159765
1550197531
1717521835
1949796015
1464784263
1270919304
1338659474
1605481502
1391974033
1622844246
1491615496
1415884464
1909678192
1407113032
1504154969
1340887078
1082093466
1126446479
1557201310
1559884729
1558975648
1092564474
1894030940
1452131887
1691334393
1085251995
1330690759
1603574037
1578375332
1582878396
1557063910
1362101756
1367001203
1376689159
1316515457
1557523764
2093685823
1877908992
1908187954
1502761097
1663740229
1579144603
1634602769
1804038983
1907520734
1637982211
1586602267
1789785844
1141408044
1875799342
1924720308
1395058694
1859870070
1585330463
1575224866
1961986993
1195044327
1432147601
1592014585
1504697847
1127718422
1886123937
1457783861
1703911178
1687752366
1610864603
1973937971
1452151181
1507914258
1756766821
1717914670
2068305137
1931469064
1833136752
1472288577
1750210865
1493016775
2005198987
2022277492
1446204012
1422480524
1649088467
1247231302
1753750101
1086457856
1755775879
1651711318
1676791572
1143627104
2135943256
1291464246
1578608029
1482429454
1669921472
2057776110
1732258475
1769013752
1651456846
1990700748
1737695682
1586720648
1410160001
1404999605
2106502567
1891096908
1830056983
1674453194
1241653678
1830932094
1410144980
1472326200
1973827721
1112314891
1861554623
1804280844
1159672773
1790358593
1328688244
1310857902
1673373955
1216886948
2131869775
1748126172
1422417681
1554506038
1647830581
1484856060
1480061212
1500181174
1094715247
2084222501
1171042319
1594846980
1822894789
1363740004
1170838149
1095682623
2031684889
1157282756
1289254730
2042542709
1237136179
1607654532
1699103583
2007288461
1259827588
1266433260
1746980122
1233439491
1088974005
2011861748
1802532345
1669973221
1314891128
1392646765
1243506225
1773271957
1224767904
1401570343
1975777095
1870609344
1157042755
1453253338
1925842379
2145288576
1809776331
1544693706
1162333522
1194589683
1454405865
1142792304
1362473368
1091838752
1416879196
1711706070
1347273869
1697855689
1711795718
1813389435
2133281501
1378060671
1431166099
1377510454
1703005749
1701857769
1150362768
1553484915
1895106705
1545435965
1305496161
1609051677
1385272684
1739104816
1321010769
1816300521
1387298186
1808544493
1189517763
1245779156
1639501458
1352747376
1908816587
1279339245
1628874102
1306512668
1383599294
1203892866
1910093835
1374994201
1622843833
2015536867
1226464929
1583582378
1521500245
1516166550
1248221555
1422758285
1809473212
1531797953
1278275332
1399255573
1481944974
1565347968
1474476629
1968294914
2110381994
1354006708
1761979138
1416688326
1928315841
2146873249
1577876037
1599947151
1202885179
1842806586
1095382295
1784635646
1845421237
1404817417
1277001115
2088882982
1736115728
1306113631
1924796725
1359195562
1831966447
1295435491
1424741685
1723758616
1687289729
1287316188
1445785269
1914015019
1787840342
1538516184
1248826484
1218356927
1721513786
1778576987
1402952122
1644326487
1840925374
1651725306
1483930027
1578793112
1352836816
1143517267
1210343671
1311726053
1253164276
1120432403
1349969141
2055225059
1102414635
1662186046
1183058482
1859528157
1091966573
1561950886
1174275818
1885365898
1629126437
1704987978
1592003146
1934914588
1865813490
1704211610
1227341831
1878826563
2146989839
1632785502
1108762838
1377378498
1143533640
1535049368
1188616468
1628169742
1669881782
1487901238
1723773914
1524814916
1180540231
1863549558
1412120662
1351448215
1495407894
1602440941
2120739210
1261787905
1504393833
1684126790
1249880407
2079715338
1187920858
1092056289
1377484821
1426877782
1584253250
1391382059
1132867861
1518886628
1805916543
1975025245
1155704043
1618554137
1552494703
2074767311
1779146457
1183925186
2144389589
1482405612
1428402679
1902473551
1511612874
1536819916
1136499639
1374738834
1923527016
1632665743
1099877228
1716582710
1687795777
1510475231
1884274422
1681236858
1337064637
1188693402
1350969234
1234613518
1258217867
1415987273
1751091901
1344221456
1284104808
1085580334
2061786872
2082697053
1515505049
1652071078
1483573506
1514338120
1753984314
1433374341
1661365923
1307848142
1527930654
1130163977
1433171412
1612260232
2076225893
1266812073
1137736025
1707185263
1598367198
1760303852
1593087594
1792341649
1631968548
1755991280
1801690379
1566443441
1793268853
1706644280
1214647161
1302913276
1578881312
1095422709
1364676166
1618854983
1576439822
1433922353
1725573954
1441131334
1108693381
1782388748
1077250701
1565819150
1630354865
1717007518
1696783506
2125192282
1340240392
1493615916
1156421909
1636156951
1251341979
1186044056
1781428056
1966357860
1088806528
1111516419
1754158923
2003758141
1478622654
1660333223
1460442543
1626996542
1742397851
1240888680
2047498385
1225705926
1555127366
1548406793
1090068824
1689527669
1358903055
1171096755
1570764903
1586437994
1872857813
1289603465
1622126587
1286965885
1553931910
1958705880
1672985806
1675075942
1660709452
1941065443
1152095418
1630893816
1256236948
1142008908
1550952056
1615358055
1079517719
1997989420
1903452573
1877006250
1809232798
1723709486
1870432861
1785410773
1250087815
1149296167
1102455565
1681226522
