-39
13
-93
-58
-36
-36
-78
-15
-35
18
-4
-37
-49
55
26
-128
-72
-4
38
-15
6
44
-126
-9
-45
-42
50
-68
-16
35
-124
-30
-21
-63
27
-61
-17
-21
-48
-12
-108
-61
6
13
13
-37
-94
-25
-3
-13
-81
-48
-18
-128
-9
-101
-4
-2
-67
-86
-24
-3
-82
-52
-65
-10
45
-59
58
-16
-35
9
-54
-58
-56
-115
-6
-128
39
-41
-128
5
-56
-56
-24
-16
67
37
-69
-3
-21
-128
28
2
-13
-33
-58
-35
-19
13
-9
-61
-63
-48
-28
-2
-128
-38
-51
-10
-18
-17
-64
23
-91
-67
25
-4
-94
-19
13
-128
-40
-33
-50
-53
-88
5
5
-128
22
67
-16
14
-79
-19
-56
2
-34
-94
-84
-53
-78
-37
-105
53
-8
3
46
-70
-128
-4
-10
-53
-21
-34
22
-16
-128
-48
-17
-4
2
16
-13
-79
20
-23
-55
-10
-38
-81
-128
-10
-41
-50
-25
-101
-88
-4
-1
-83
-82
-76
-3
-71
7
-54
26
-48
-50
-57
-48
-4
25
-28
47
49
-47
42
-68
3
-91
12
-22
18
-15
16
48
-19
16
-50
-30
-57
-1
-13
23
-58
-56
-3
31
-69
-127
-41
13
-83
46
-125
-114
-39
2
-40
-101
-39
-51
-22
-24
-7
4
-38
-128
25
-128
-104
-11
25
33
-40
-19
15
-39
-33
-5
-8
-128
-25
-114
-62
40
2
-21
15
48
14
-57
45
-5
-48
-51
-11
-42
-52
-33
-21
16
7
-56
-35
-75
-99
-97
3
39
-128
-71
-27
-28
26
-10
36
-45
-28
-11
-9
-26
-25
29
40
-40
-38
-9
-5
-40
-21
-103
-94
-24
-28
-2
0
-59
-105
-63
-112
-52
-128
-109
-16
-31
-72
-13
-123
-5
0
28
-25
-15
-70
-15
-31
-4
16
3
-16
1
-48
-78
-51
-10
24
2
-32
-51
-47
-51
-17
54
-70
-41
-3
-78
14
-44
-54
60
-94
-75
-19
40
41
-97
-54
19
-46
-30
-14
-17
-128
15
64
-22
-124
-86
-54
-5
-13
62
37
-21
21
-109
1
-43
-18
-119
-128
-58
-35
-12
-41
-20
-106
-120
-8
-32
-82
18
-12
2
44
-25
-22
10
-116
-84
-128
-119
-123
4
4
-16
-26
13
-72
-14
-8
-13
-16
-10
47
29
-91
59
27
9
-3
-2
22
-13
5
36
65
-43
-121
-3
-56
-18
-42
53
8
-31
-56
-66
11
56
19
12
-45
-26
-40
-97
0
22
22
-22
10
-82
-49
15
4
29
-17
-14
9
-45
-80
27
23
-52
5
-87
-9
-21
31
-66
-1
39
-9
-22
16
-4
-5
-2
-21
-88
-53
42
-40
18
19
-71
-10
14
-128
-10
-53
44
-27
10
-4
-128
61
-13
37
-112
-16
47
-10
-36
-3
-108
20
-26
-11
-36
-128
-50
-38
-88
64
18
-15
-31
14
41
19
-4
57
24
41
-14
-24
-10
-57
-108
-100
-69
-35
-35
29
-58
67
-22
-93
48
42
-117
4
-15
-40
24
20
-92
-4
-36
-128
-83
-1
-128
16
16
1
-18
-7
-50
-107
-15
-92
-8
-17
-22
-12
-5
-83
19
-120
-7
-6
-35
-64
23
-14
-8
40
4
47
61
-20
16
-63
-128
-85
-8
-89
-96
-57
-88
10
-12
32
-47
-33
-13
-58
-114
-82
72
18
-35
-106
-10
-56
15
1
-25
-61
-28
6
39
-51
-94
-21
45
19
-13
-61
-38
-9
-122
-60
-38
53
-73
-43
10
29
-47
-100
-28
-69
-118
-60
-67
-57
14
-34
-42
-53
-18
-5
-20
16
20
-56
10
-128
-128
-21
-128
-5
-4
12
-14
-10
-16
-74
-14
-96
-48
-48
-39
-102
