0.00013813903
0.00022499458
0.00016826976
0.0001455657
0.0001688981
0.0001254058
0.00017601869
0.00016001049
0.00014767126
0.00017130563
0.00048832834
0.00012327851
0.00016659661
0.00014233266
0.00019075797
0.00013742036
0.00019615542
0.00019457225
4.703057e-05
0.00019025337
0.00017051984
6.252818e-05
3.129054e-05
5.2677366e-05
0.00025578713
0.00018078362
0.00011194132
0.00012268104
3.6452988e-05
9.608845e-05
0.00023864997
0.00013327294
0.0001389444
0.00017678645
5.7786892e-05
9.10959e-05
0.00015177285
0.00028844894
0.0005195749
0.00010807562
0.0001342951
0.0001705443
3.8850623e-05
0.00013271558
9.62009e-05
0.00014895448
0.0002594281
0.00010001042
7.9193494e-05
0.00014012997
7.341938e-05
0.00015664136
0.00018781285
7.137704e-05
0.00015022224
5.2859807e-05
2.451133e-05
5.085338e-05
0.00016333757
0.00012535168
0.00016517972
6.166222e-05
0.00017439401
0.00012540711
0.000104233986
0.00035537765
0.00011053942
0.00019744733
4.825052e-05
0.00015968361
4.977702e-05
9.973274e-05
0.00019938042
0.000140206
3.892116e-05
0.00029350191
5.6855246e-05
8.825552e-05
0.00019048319
0.00013739806
0.0002034343
2.9175186e-05
0.0001713794
0.000200351
6.3727566e-05
0.00023564609
0.00025286313
8.404469e-05
6.779352e-05
0.000105446394
9.6890064e-05
0.00024579404
0.00017677066
0.00011429817
5.7057878e-05
2.306852e-05
0.00015173444
0.00010747461
0.00014388331
0.00022574587
0.00015658927
0.00011544196
0.00018737957
0.0001413398
4.899246e-05
3.921374e-05
9.3730894e-05
0.00016588898
0.00025558553
0.00018816123
8.5110594e-05
0.0001588075
0.00014670896
0.00012969265
0.00019270625
0.00014055647
8.9351764e-05
3.2463788e-05
0.00016353543
5.807412e-05
0.00010733398
3.451597e-05
0.00018744382
0.00017422113
0.00021606247
0.00011862569
0.00018323994
0.00018080216
0.00013727558
0.0001555687
0.00014050331
0.00026705707
2.6672584e-05
0.00012596279
0.0002898272
0.0001124897
0.00027277588
0.0002746279
0.00016152549
0.00012426067
8.333509e-05
6.577354e-05
0.00017141008
4.1780735e-05
6.865896e-05
0.0001233324
0.00011052835
0.00022373509
0.00014204046
5.1009974e-05
5.3412e-05
0.00025385641
0.00015729888
8.484202e-05
0.00015216925
0.0001402751
0.00026965092
9.970227e-05
9.4779294e-05
0.0002522717
0.00012582893
0.00021466169
6.9331036e-05
0.00025401358
9.354193e-05
0.00016913295
0.00010342616
0.0001143461
4.9795082e-05
0.00015101102
0.00025650376
6.0211336e-05
0.00019806597
8.654733e-05
6.925902e-05
5.9984108e-05
0.0001532415
0.00019780654
0.0001004833
0.00015953978
0.00015386446
0.00013161883
5.424784e-05
0.00016562191
0.000114351715
6.450023e-05
0.0001339101
0.000107304615
5.660063e-05
5.675457e-05
9.457429e-05
0.00017949683
0.0001543144
0.00010420773
6.49658e-05
5.3424716e-05
0.00012541472
2.4259629e-05
7.312693e-05
3.9153205e-05
0.00016610707
4.2386728e-05
9.971086e-05
0.00021711481
0.00023100345
0.00013260954
0.00018410529
0.00013278886
0.0002503174
0.00010940401
9.595733e-05
6.0220293e-05
0.00019046203
0.00013727682
0.00012205848
0.00011188036
0.00014886161
9.2707116e-05
0.0001562076
5.90705e-05
0.0002132643
0.0002552494
0.0002478098
0.00021885331
4.6611214e-05
0.00016647032
0.00014714444
9.733908e-05
8.592482e-05
0.0001294087
0.0001124108
0.00025474446
0.00010468686
3.4124245e-05
2.2977463e-05
0.00016901907
0.00013540116
2.3141933e-05
0.00020662473
2.2101418e-05
3.3349104e-05
0.0001959945
6.240136e-05
0.00022294892
4.8183367e-05
0.00014736141
0.00013772209
0.00020069869
0.00019069617
9.370027e-05
0.00016933656
0.00012130804
0.0001383365
0.00024701082
0.00022974587
0.000108952394
0.00018080379
0.0002354794
4.147245e-05
8.485817e-05
5.713308e-05
0.000147947
0.00019926332
0.000164321
3.9418795e-05
0.00013921205
0.00013187555
7.641539e-05
0.00015203503
0.00017998558
0.00012908907
0.00014077406
0.00030871405
6.0573508e-05
0.00021901709
5.334546e-05
5.956198e-05
8.4464664e-05
0.00017581058
0.0001283279
0.00015706709
6.961884e-05
8.132594e-05
0.00016705588
0.00019522438
0.00013676306
0.00018699298
0.00017148766
0.00016435247
0.00016254537
6.0284492e-05
0.0001569841
0.000121799676
0.00014309949
0.00011550917
0.0002974109
9.577684e-05
0.00018183496
5.1250146e-05
0.00018903663
0.00012068105
0.00011322239
0.00033786616
0.00012699395
2.2045275e-05
0.00011441105
5.73422e-05
0.00013219108
3.050079e-05
0.00013326669
0.00022330096
6.751236e-05
0.00016558703
9.159706e-05
0.00015556083
4.7941747e-05
0.00018740771
4.976657e-05
0.00014341754
0.00015828847
7.7460405e-05
8.7550536e-05
0.00025698481
0.00015105672
3.954049e-05
0.00010469444
6.544122e-05
0.00020071775
0.00014408548
7.316076e-05
0.00017494454
0.0001123093
6.8232075e-05
0.00018973998
8.955716e-05
0.000397977
0.00026367427
0.00013667168
0.00014979018
0.00017655456
0.00012030854
0.00018001674
0.000143845
0.00014931867
2.951882e-05
6.4018874e-05
0.00017413536
0.00015002041
7.8811674e-05
0.00010976664
3.6295914e-05
0.00011084864
0.00041990104
0.000118644966
0.00021318773
4.4042055e-05
0.00014592425
0.00013731993
0.00015820182
7.162474e-05
0.00021270238
3.8073307e-05
0.00016719967
0.00027870506
3.077353e-05
3.0794443e-05
3.17643e-05
0.00027172643
0.0003302962
0.00023653977
0.00014441958
0.0002852607
0.00017251661
2.5031733e-05
6.174372e-05
0.00028571414
8.498265e-05
0.00020522551
7.2165625e-05
8.018286e-05
0.00013734371
0.00019558398
0.00015982588
3.7579368e-05
0.000112776084
0.00012004711
0.00017539923
7.717787e-05
0.00016596679
8.671747e-05
0.0002662421
0.0002573623
0.00019696682
6.8873465e-05
8.0607344e-05
0.00014049617
5.6359033e-05
0.00014874678
0.0002537366
0.00014264841
0.0002218849
2.5068943e-05
0.00029781368
0.00016303286
4.1389714e-05
0.00017350726
6.0145412e-05
0.000100464094
4.3710726e-05
0.00015867485
0.00018423938
0.00010663456
0.00015555762
0.00017133926
0.0001300394
0.00010232569
0.00014645318
7.156079e-05
5.5267283e-05
0.0003020291
0.00015420803
0.000103996965
0.00015387192
0.00013651782
0.00011278961
0.00013905359
0.0001717478
7.938155e-05
7.0175985e-05
0.00030300053
0.00022126739
0.00013968244
0.0001153426
0.0001036896
7.694528e-05
4.947615e-05
0.00021108495
0.00017226643
0.00015030566
7.183247e-05
0.00018405137
2.8031605e-05
4.213322e-05
6.773907e-05
0.00026623716
0.00019088946
0.00012395508
0.00014395874
4.5721656e-05
7.1686685e-05
0.00015474581
0.00014568963
9.3007344e-05
0.0002231194
3.0745552e-05
6.420898e-05
0.00037049712
0.00017888802
0.00018457237
0.00015387381
0.00017181138
0.00016415969
4.2641797e-05
0.00011423759
0.0002194349
9.698491e-05
0.00015155344
0.00025497263
3.1235297e-05
0.0002717034
9.735249e-05
0.0001356596
0.00016478988
6.5013344e-05
0.00020345424
0.00020419116
0.00015916176
6.0536815e-05
0.00017061234
0.00015548103
6.831922e-05
9.033203e-05
0.0001018653
7.6080054e-05
0.00011475798
0.0001304112
0.00013551547
0.00016782638
0.0003055765
3.530213e-05
0.00012891759
0.00024402942
0.00015737038
0.00011938964
0.00010600462
0.000101035956
0.00014891665
4.4610628e-05
0.00020733329
0.00016658078
6.670508e-05
4.8807204e-05
0.00021762737
0.00011268615
0.00019453824
0.00013184502
2.3582377e-05
4.037409e-05
9.23394e-05
9.887154e-05
0.0002621787
0.00018017688
0.00020782396
0.00016499922
7.939918e-05
4.534639e-05
0.00024237244
0.00012493532
0.00013669199
0.00026434535
0.00021519828
0.00015953246
5.8994192e-05
0.00015303273
0.00013670394
4.0943018e-05
0.00013277463
0.0003855212
0.00026134079
0.00018141662
0.0001463623
3.4115943e-05
4.9574635e-05
0.00010673943
0.00036227063
0.00014355683
6.836961e-05
3.2685293e-05
0.00021069302
0.00013545556
0.00015403757
0.00016897985
0.00012466735
0.00025218804
0.00019817047
0.00012659027
9.8431825e-05
0.00014896946
4.2873104e-05
0.00046439638
0.00016252075
5.613558e-05
0.00017375697
0.0001236069
0.000296835
0.00034695707
0.00013575784
4.035837e-05
0.00010466425
0.00016574046
0.00020429569
0.0002554184
3.932198e-05
0.00023213516
0.00010387291
0.00016668468
0.00014026434
0.00018055816
0.00027272038
9.945755e-05
0.00017682322
0.00015619499
7.168455e-05
0.00021778567
4.187602e-05
0.00013960036
0.00018356359
4.3025193e-05
0.000115855066
0.00010552813
4.9961072e-05
5.469515e-05
0.00027100157
0.00012453034
0.0001516221
0.00023475419
0.0001456275
0.00012356012
4.9726805e-05
0.00011380401
2.07237e-05
0.0001703818
0.00013454644
0.000114537455
0.00022482156
0.00016200713
0.00019035734
3.8833874e-05
7.392453e-05
6.730344e-05
0.00018849589
7.048591e-05
2.8836535e-05
8.409912e-05
0.00021574921
0.00023787993
8.436894e-05
0.00014144283
0.00010128266
0.0002660998
0.00047332334
0.0002351873
0.00012374601
0.0002718465
0.00017086159
4.7783975e-05
0.00013726836
0.0002052952
0.0001498089
5.1122974e-05
2.301338e-05
4.3206022e-05
0.00025086387
5.811201e-05
6.254358e-05
3.9163606e-05
0.00014079273
0.00025724934
0.00017424833
0.00015723758
0.0003445029
0.00020756762
8.362692e-05
0.0002198689
0.00017277469
0.00015771492
0.000104039216
0.00019939295
0.00017429821
8.322452e-05
4.7670997e-05
0.0001813014
0.00020385794
9.611467e-05
3.1208678e-05
7.178253e-05
0.00015291508
8.411399e-05
0.000120064076
0.00022270075
0.00015869974
0.00018266759
0.00016898791
0.00010010949
0.00017442726
0.00016537607
0.00025600055
0.00013921726
0.0001465445
0.00035760883
0.00022967703
9.119173e-05
0.0002171106
0.00016779416
5.1418923e-05
0.00013781997
0.0002271844
6.587218e-05
0.00013055676
4.4218217e-05
0.00015186358
0.0001395624
