-120
-83
-102
-83
-114
-104
-91
-111
-86
-73
-106
-118
-80
-122
-111
-119
-115
-124
-106
-66
-107
-111
-91
-116
-107
-98
-83
-116
-93
-96
-104
-66
-80
-115
-96
-113
-121
-121
-119
-96
88
-98
-88
-102
-107
-100
-115
-100
-98
-98
-117
-107
-111
-109
-83
-91
-113
-83
-66
-106
-117
-109
-62
-124
-119
-116
-122
-102
-106
-100
-107
-110
-62
-114
-110
-80
-117
-115
-100
-115
-102
-96
-83
-86
-104
-93
-104
-96
-121
-100
-58
-102
-91
-113
-93
-98
-106
-100
-111
-120
-80
40
-120
-107
-35
-35
-104
-116
-83
-69
-40
-120
-86
-106
-116
-117
-107
-106
-80
-107
-66
-102
-98
-110
-69
-121
-100
-102
-111
-120
-104
-58
-107
-117
-115
-96
-114
-104
-107
-100
126
-110
-15
-91
-96
-98
-100
-107
-117
-109
-86
-96
-106
-98
-102
-100
-111
-107
-116
-109
-104
-111
-115
-117
-117
-109
-114
-114
-123
-106
-111
-116
-107
-91
-118
-96
-88
-111
-109
-93
-117
-116
-98
-109
-123
-120
-124
-88
-120
15
-120
-111
-98
-91
-69
-113
-53
-120
-53
-107
-124
-106
-116
-120
-110
-93
-107
-98
-111
-86
-117
-116
-125
-111
-76
-113
-115
-123
-96
-115
-118
-113
-76
-83
-106
-117
-110
-107
-100
-119
-86
-122
-104
-113
-86
-76
-86
-113
-120
-96
-66
-107
-100
-91
-122
-53
-122
-114
-83
-96
-109
-49
-93
-96
-106
-109
-124
-109
-98
-107
-98
-122
-113
-98
-104
-117
-83
-80
-104
-115
-111
-106
-111
-73
-110
-106
-100
-93
-110
-117
-116
-109
-96
-91
-109
-104
-86
-125
-117
-58
-110
-117
-104
-113
-98
-111
-123
-102
-102
-106
-115
-111
-98
-86
-121
-126
-116
-104
-121
-76
-104
-120
-117
-114
-116
-113
-113
-96
-106
-109
-114
-114
-117
-119
-121
-107
127
-69
-119
-113
-109
-69
-114
-115
-104
-117
-107
-109
-122
-113
-102
-109
15
-76
-86
-121
-113
-86
-93
-100
-83
-66
-115
-106
-109
-106
-111
-104
-107
-88
-125
-111
-113
-109
-114
-104
-115
-83
-91
-120
-111
-115
-96
-109
-102
104
-118
-80
-114
-120
-93
-116
-109
-117
-106
-110
-100
-106
-106
-123
-53
-98
-102
-102
-66
-93
-117
-118
-93
-116
-119
-115
-106
-107
-109
-98
-53
-91
-120
-125
-109
-110
-62
-111
-113
-91
-117
-83
-107
-76
-83
-53
-111
-109
-110
-116
-102
-120
-106
-107
-83
-76
-96
-102
-104
-86
-100
-100
-113
-109
-121
-91
-100
-106
-96
-107
-115
-107
-125
-111
-107
-102
-113
-69
-83
-116
-88
-121
-110
-100
-100
-107
-96
-114
-102
-109
-117
-102
-102
-88
-96
-100
-110
-119
-104
-83
-110
-110
-109
-111
-121
-114
-125
-73
-121
-114
-115
-104
-117
-86
-111
-123
-104
-80
-121
-115
-120
-102
-73
-119
-115
-88
-73
-91
-110
-110
-93
-107
-116
-121
-118
-119
-107
-111
-117
-113
-122
-104
-106
-96
-120
-106
-115
-91
-110
-106
-58
-110
-115
-98
-76
-111
-49
-122
-80
-117
-53
-91
-117
-117
-118
-122
-116
-107
-125
-93
-110
-88
-109
-102
-120
-113
-117
-117
-104
-111
-88
-114
-91
-88
-53
-93
-113
-91
-93
-118
-86
-53
-83
-123
-102
-110
-69
-110
-86
-114
-113
-117
-76
-93
-114
-102
-113
-104
-120
-91
-88
-109
-100
-110
-110
-83
-119
-111
-58
-118
-120
-91
-117
-107
-120
-104
-88
-110
-91
-113
-104
-104
-62
-106
-98
-96
-86
-122
-121
-113
-118
-113
-93
-109
45
-83
-122
-125
-104
-104
-102
-107
-110
-80
-121
-98
-91
-98
-113
-58
-113
-113
-124
-113
-102
-106
-110
10
-126
-115
-96
-111
-110
-109
-58
-110
-122
-80
-115
-96
-100
-117
-86
-93
-86
-111
-113
-93
-125
-98
-114
-96
-111
-86
-69
-107
-116
-100
-117
-91
-122
-114
-96
-40
-121
-122
-122
-109
-58
-121
-109
-117
-106
-91
-115
-49
-107
-58
-117
-109
-109
-116
-120
-93
-109
-104
-80
-116
-122
-102
-100
-110
-106
-120
-76
-109
-106
-104
-80
-109
-91
-102
-114
-117
-111
-83
-88
-83
-116
-86
-96
-115
-109
-86
-93
-124
-100
-114
-100
-100
-100
-106
-83
-115
-125
-86
-120
-116
-110
-93
-119
-111
-102
-102
-102
-102
-119
-117
-109
-98
-120
-111
-96
-113
-114
-113
-113
-62
-116
-80
-109
-111
-109
-102
-122
-107
-100
-114
-109
-96
-69
-62
-104
-69
-110
-76
-98
-86
-117
-113
-110
-100
-69
-109
-117
-100
-96
-98
-73
-115
-96
-118
-117
-120
-121
-109
-109
-91
30
-104
-109
-110
-115
-53
-104
-88
-106
-109
-100
-98
-102
-104
-93
-116
-91
-96
-98
-125
-117
-102
-98
-104
-104
-107
-107
-110
-115
-117
-83
-66
-91
-96
-114
-100
-117
-96
-119
-117
-117
-100
-109
-115
-120
-124
-115
-106
-106
-76
-124
-122
-98
-119
-117
-122
-88
-113
-104
-111
-118
-73
-102
-88
-88
-96
-93
-113
-123
-104
-117
-76
-35
-118
-107
-91
-120
-114
-121
-110
-113
-111
-80
-117
-107
-106
-120
-96
-76
-106
-104
-98
-111
-109
-124
-96
-88
-113
-102
-115
-110
-91
-104
-115
-119
-98
-111
-69
-114
-96
-98
-116
-122
-91
-100
-104
-102
-116
-100
-83
-96
-120
-125
-100
-115
-93
-107
-119
-119
69
-114
125
-100
-96
-100
-111
-110
-100
-5
-117
-66
-114
-119
-102
-86
-107
-118
-96
-109
-123
-100
-93
-109
-113
-73
62
-116
-111
-117
-110
-76
-98
-109
-93
-88
-110
-116
-118
-109
-69
-106
-35
-113
-73
-119
-123
-96
-123
-58
-73
-120
-69
-117
-120
-98
-114
-10
-88
-104
-49
-102
-104
-104
-110
-98
-107
-91
-109
-123
-113
-117
-113
-116
-73
-110
-91
-107
-104
-122
-107
-66
-15
-100
-120
-115
-111
-91
-104
-83
-107
-116
-104
-96
-115
-104
-122
-86
-107
-117
-117
-93
-118
-91
-100
-115
-123
-109
-93
-113
-93
-98
-113
-91
-125
-111
-117
-118
-100
-127
-98
-104
-114
-10
-107
-49
-110
-107
-93
-26
-100
-107
-86
-83
-109
-69
-116
-109
10
-116
-102
-114
-115
-104
-113
-118
-114
-111
-115
30
-93
-98
-107
-100
-106
-121
-100
-118
-119
-118
-49
-125
-115
106
-86
-107
-118
-98
-122
-73
-107
-117
-107
-91
-115
-93
-117
-117
-117
-62
-93
-115
-110
-91
-106
-118
-93
-118
-62
-123
-76
-109
-113
-88
-91
-96
-117
-88
-62
-109
-111
-102
-83
-80
-80
-83
-104
-73
-116
-100
-98
-113
-109
-102
-111
-100
-119
-102
-111
