-27
-10
46
22
-15
9
37
51
38
34
-10
-5
-13
45
49
-46
15
70
26
-45
51
48
43
41
58
33
-10
25
19
55
40
38
45
13
22
-14
-3
31
4
11
30
-7
38
-38
-7
26
-35
52
-50
47
-10
-1
46
50
31
-56
38
46
21
31
-34
32
-26
-33
49
47
52
-17
-1
-13
-27
9
37
13
0
67
61
7
21
48
67
45
-22
24
28
22
33
49
57
32
24
40
17
27
12
14
-16
15
45
-51
18
67
31
-56
25
-44
-9
7
36
56
-14
-50
14
39
31
17
24
9
50
41
40
-21
-40
-25
52
8
-21
67
2
25
57
36
40
19
59
31
-23
63
-46
11
-10
41
-3
45
-28
49
-17
43
46
58
26
8
35
23
35
32
61
29
-32
50
-36
27
-39
-12
44
61
47
55
17
38
23
54
31
41
62
65
44
-27
37
44
61
43
59
28
58
45
6
-10
36
29
13
53
42
28
-31
13
7
1
48
39
11
14
3
61
36
44
-23
-1
-8
35
31
51
35
22
15
45
10
31
-11
37
33
51
2
-13
21
23
-31
55
41
50
14
42
53
55
67
54
-12
19
14
45
-39
-13
79
39
0
49
47
-53
37
59
-12
58
-4
46
44
19
35
34
-42
-18
45
23
10
32
39
-58
-9
54
-25
57
30
-11
33
59
45
3
-21
4
32
66
45
48
31
46
28
48
72
-10
-27
25
-7
22
-28
46
11
8
19
62
-24
-2
20
42
-39
-4
29
55
42
-3
-14
-20
65
28
28
0
32
57
20
47
3
38
59
-48
48
55
-15
-27
48
21
-24
16
16
38
98
-55
16
-16
56
-6
-5
17
61
59
45
38
43
47
-3
61
-4
32
-8
10
30
30
65
43
-8
2
15
13
20
7
33
64
5
41
18
50
11
68
21
58
-16
47
-21
15
58
21
20
-2
-14
33
24
36
