-116
-102
30
-41
-107
-72
3
44
6
-6
-102
-96
-105
27
38
-123
-59
85
-30
-123
44
35
21
15
61
-9
-102
-33
-49
54
12
6
27
-64
-41
-106
-93
-15
-82
-68
-18
-99
6
-121
-99
-30
-119
46
-124
33
-102
-90
30
41
-15
-125
6
30
-44
-15
-119
-12
-115
-119
38
33
46
-109
-90
-105
-116
-72
3
-64
-89
80
68
-76
-44
35
80
27
-113
-35
-24
-41
-9
38
59
-12
-35
12
-54
-27
-66
-61
-108
-59
27
-124
-52
80
-15
-125
-33
-122
-101
-76
0
57
-106
-124
-61
9
-15
-54
-35
-72
41
15
12
-112
-121
-115
46
-74
-112
80
-85
-33
59
0
12
-49
64
-15
-113
72
-123
-68
-102
15
-93
27
-116
38
-109
21
30
61
-30
-74
-3
-38
-3
-12
68
-21
-118
41
-120
-27
-121
-104
24
68
33
54
-54
6
-38
52
-15
15
70
76
24
-116
3
24
68
21
64
-24
61
27
-78
-102
0
-21
-64
49
18
-24
-118
-64
-76
-87
35
9
-68
-61
-84
68
0
24
-113
-90
-100
-3
-15
44
-3
-41
-59
27
-70
-15
-103
3
-9
44
-85
-105
-44
-38
-118
54
15
41
-61
18
49
54
80
52
-104
-49
-61
27
-121
-105
99
9
-89
38
33
-124
3
64
-104
61
-95
30
24
-49
-3
-6
-122
-110
27
-38
-70
-12
9
-125
-101
52
-115
59
-18
-103
-9
64
27
-84
-112
-82
-12
78
27
35
-15
30
-24
35
89
-102
-116
-33
-99
-41
-116
30
-68
-74
-49
70
-114
-92
-46
18
-121
-95
-21
54
18
-93
-106
-111
76
-24
-24
-89
-12
59
-46
33
-84
6
64
-123
35
54
-107
-116
35
-44
-114
-57
-57
6
115
-125
-57
-108
57
-97
-96
-54
68
64
27
6
21
33
-93
68
-95
-12
-100
-70
-18
-18
76
21
-100
-85
-59
-64
-46
-76
-9
74
-80
15
-52
41
-68
82
-44
61
-108
33
-112
-59
61
-44
-46
-92
-106
-9
-35
0
