0.056188520044088364
0.022853631526231766
0.035092826932668686
0.028865434229373932
0.034951888024806976
0.049767300486564636
0.0034254994243383408
0.007333424873650074
0.025257999077439308
0.029991602525115013
0.0086028091609478
0.04524575173854828
0.02554435469210148
0.016780512407422066
0.013639627024531364
0.010387838818132877
0.013898588716983795
0.032270245254039764
0.01034482754766941
0.010488285683095455
0.03134801611304283
0.025592155754566193
0.008462229743599892
0.024897489696741104
0.061750661581754684
0.024704474955797195
0.073551706969738
0.034186139702796936
0.04091257601976395
0.02818268910050392
0.02048756740987301
0.05090176314115524
