0.0005657228
0.00030487165
0.00048441655
0.0006497562
0.00058988476
0.00042272822
0.00032609515
0.00037610647
0.00043091056
0.0007356265
0.00044725346
0.00048237806
0.00049850886
0.000422135
0.00042302834
0.0006183469
0.00065012695
0.00031330946
0.0003351418
0.00045054525
0.00044241143
0.00072968553
0.0003935426
0.00036912813
0.0005907992
0.00037442445
0.00047876372
0.00035563388
0.00057343766
0.00034146674
0.0004851824
0.00057870225
0.00045588307
0.00064237195
0.00037658695
0.00036062795
0.0006137213
0.00035415785
0.0006091701
0.00044508872
0.00037154657
0.0005187552
0.0006847526
0.00059028517
0.0005282798
0.0005092404
0.0005737691
0.0005085185
