0.00003061
0.00010873
0.00004752
0.00010714
0.00011972
0.00003966
0.00019663
0.00012512
0.00012827
0.00007447
0.00002710
0.00008254
0.00014810
0.00004687
0.00020376
0.00016986
0.00005820
0.00015875
0.00003846
0.00015446
0.00007933
0.00004458
0.00027126
0.00003545
0.00008892
0.00003269
0.00004053
0.00016288
0.00004234
0.00010358
0.00005402
0.00005833
0.00009894
0.00011886
0.00004527
0.00008709
0.00004752
0.00008819
0.00016676
0.00004382
0.00011646
0.00002786
0.00005602
0.00011027
0.00012624
0.00011851
0.00003282
0.00004839
0.00008275
0.00008057
0.00012110
0.00015386
0.00020828
0.00013226
0.00006056
0.00019403
0.00014942
0.00003081
0.00012801
0.00009073
0.00012534
0.00013957
0.00028685
0.00014808
0.00007854
0.00004088
0.00011828
0.00012171
0.00010899
0.00004301
0.00016666
0.00017412
0.00014837
0.00003025
0.00006866
0.00003847
0.00016053
0.00006646
0.00001933
0.00010240
0.00003886
0.00010873
0.00002329
0.00006914
0.00006351
0.00004260
0.00003349
0.00004772
0.00010091
0.00003417
0.00006772
0.00005369
0.00008051
0.00017924
0.00035264
0.00003804
0.00003420
0.00013492
0.00010684
0.00010943
0.00017404
0.00010577
0.00011045
0.00010842
0.00010335
0.00003474
0.00014656
0.00020925
0.00013379
0.00003367
0.00018271
0.00012350
0.00004703
0.00028161
0.00011495
0.00004279
0.00007533
0.00012522
0.00005055
0.00008525
0.00008450
0.00002765
0.00014958
0.00008346
0.00004452
0.00014820
0.00002561
0.00018876
0.00018429
0.00003676
0.00015456
0.00008341
0.00023504
0.00008976
0.00004928
0.00011137
0.00011502
0.00005369
0.00009912
0.00006727
0.00011160
0.00007864
0.00018865
0.00012875
0.00012997
0.00008707
0.00011466
0.00019088
0.00010275
0.00011022
0.00012492
0.00010396
0.00003428
0.00006669
0.00025142
0.00004325
0.00006253
0.00013425
0.00009099
0.00008716
0.00017365
0.00016582
0.00008883
0.00017466
0.00010033
0.00003591
0.00015364
0.00016590
0.00006678
0.00004288
0.00003042
0.00012659
0.00009983
0.00017475
0.00012691
0.00004783
0.00002843
0.00014439
0.00006853
0.00006439
0.00003469
0.00014024
0.00005098
0.00007264
0.00009071
0.00011134
0.00015973
0.00015842
0.00014023
0.00014057
0.00010476
0.00006220
0.00017811
0.00017984
0.00015304
0.00015468
0.00003906
0.00012859
0.00008882
0.00006655
0.00011338
0.00015216
0.00009341
0.00013465
0.00005404
0.00004125
0.00003694
0.00013856
0.00007664
0.00015090
0.00018025
0.00008385
0.00018182
0.00012739
0.00008832
0.00011020
0.00003456
0.00003792
0.00011250
0.00010135
0.00015774
0.00017838
0.00005485
0.00013459
0.00004274
0.00003742
0.00024397
0.00015118
0.00011395
0.00003957
0.00010340
0.00007096
0.00012716
0.00013607
0.00021368
0.00006909
0.00009196
0.00012231
0.00005446
0.00005742
0.00008333
0.00010293
0.00003475
0.00010552
0.00008580
0.00006251
0.00008334
0.00018571
0.00020384
0.00004779
0.00010578
0.00008814
0.00004841
0.00009097
0.00007272
0.00003020
0.00009758
0.00010533
0.00010412
0.00005322
0.00008634
0.00006465
0.00008416
0.00017659
0.00009132
0.00009030
0.00012344
0.00006215
0.00012821
0.00030489
0.00006215
0.00003808
0.00002334
0.00007160
0.00013547
0.00006250
0.00007840
0.00006525
0.00016156
0.00010547
0.00010901
0.00011347
0.00010957
0.00008825
0.00011867
0.00017065
0.00004550
0.00022771
0.00014019
0.00028379
0.00006534
0.00004258
0.00003488
0.00005367
0.00004721
0.00010265
0.00004436
0.00009870
0.00008369
0.00007454
0.00005061
0.00005274
0.00011093
0.00008625
0.00006255
0.00003369
0.00008960
0.00007415
0.00010979
0.00004337
0.00005364
0.00011769
0.00011145
0.00034179
0.00007001
0.00012028
0.00003239
0.00015185
0.00009722
0.00005540
0.00003003
0.00009268
0.00011512
0.00008802
0.00011016
0.00006791
0.00041702
0.00014660
0.00019437
0.00015670
0.00010318
0.00017871
0.00003235
0.00010199
0.00016823
0.00006182
0.00018661
0.00016628
0.00002590
0.00016492
0.00004559
0.00015727
0.00003401
0.00003070
0.00016422
0.00007087
0.00004130
0.00012798
0.00004540
0.00007889
0.00008754
0.00009231
0.00017609
0.00011489
0.00002891
0.00013832
0.00011909
0.00004548
0.00008151
0.00018845
0.00009296
0.00011746
0.00005488
0.00010708
0.00006484
0.00003044
0.00005883
0.00007189
0.00005262
0.00010367
0.00016433
0.00013033
0.00014145
0.00004923
0.00037850
0.00025021
0.00003011
0.00010633
0.00012282
0.00011732
0.00014586
0.00011781
0.00003755
0.00010988
0.00002895
0.00005989
0.00012211
0.00004243
0.00005022
0.00020760
0.00007258
0.00025725
0.00008411
0.00009248
0.00013461
0.00013637
0.00004028
0.00010350
0.00003278
0.00003238
0.00012273
0.00004828
0.00004277
0.00005082
0.00007991
0.00002476
0.00002974
0.00010457
0.00004256
0.00003279
0.00002816
0.00011034
0.00006382
0.00003481
0.00012679
0.00024517
0.00019052
0.00004382
0.00015203
0.00005415
0.00004962
0.00010634
0.00003639
0.00010019
0.00013216
0.00003951
0.00015185
0.00008296
0.00009695
0.00007740
0.00011079
0.00004643
0.00012582
0.00003112
0.00020512
0.00003898
0.00006064
0.00004562
0.00017393
0.00009311
0.00009096
0.00018556
0.00019259
0.00019928
0.00002764
0.00011096
0.00004039
0.00003388
0.00004244
0.00010801
0.00003478
0.00007817
0.00021947
0.00004090
0.00007922
0.00014028
0.00004050
0.00005029
0.00003819
0.00011247
0.00004025
0.00008895
0.00002485
0.00005374
0.00013620
0.00032832
0.00010902
0.00009980
0.00004825
0.00008253
0.00012554
0.00010723
0.00008415
0.00008972
0.00027632
0.00013827
0.00012549
0.00005165
0.00012297
0.00016495
0.00007623
0.00014953
0.00003752
0.00011783
0.00008085
0.00003748
0.00003287
0.00014684
0.00007816
0.00016847
0.00019942
0.00012328
0.00008027
0.00010808
0.00004409
0.00006358
0.00012745
0.00013914
0.00005075
0.00007923
0.00003493
0.00009058
0.00007427
0.00006368
0.00013758
0.00004606
0.00005977
0.00013935
0.00008907
0.00007469
0.00003937
0.00009249
0.00012135
0.00004014
0.00015224
0.00004224
0.00012516
0.00018031
0.00006961
0.00011366
0.00016587
0.00004463
0.00004233
0.00013278
0.00014309
0.00016214
0.00004736
0.00020630
0.00012054
0.00005963
0.00003538
0.00011396
0.00002538
0.00014309
0.00009563
0.00024537
0.00003531
0.00013992
0.00014184
0.00003684
0.00005551
0.00002704
0.00002275
0.00012309
0.00016819
0.00010191
0.00004768
0.00005366
0.00004252
0.00011209
0.00015903
0.00017457
0.00003340
0.00003482
0.00003332
0.00005895
0.00014577
0.00004352
0.00013678
0.00007873
0.00005202
0.00003494
0.00014520
0.00005626
0.00021235
0.00004950
0.00012103
0.00011487
0.00007762
0.00009745
0.00013598
0.00017910
0.00003068
0.00015558
0.00018509
0.00011505
0.00002464
0.00014888
0.00002811
0.00003844
0.00012781
0.00014406
0.00002730
0.00004334
0.00004981
0.00004153
0.00009131
0.00002355
0.00007261
0.00013606
0.00014859
0.00012124
0.00005288
0.00009346
0.00005712
0.00011097
0.00002887
0.00011394
0.00011308
0.00009179
0.00005798
0.00008018
0.00009159
0.00005416
0.00012607
0.00004003
0.00010264
0.00007484
0.00003470
0.00028105
0.00007441
0.00005950
0.00011864
0.00003658
0.00005883
0.00018983
0.00003713
0.00020299
0.00002446
0.00004548
0.00007200
0.00004079
0.00008109
0.00018507
0.00010110
0.00002934
0.00013605
0.00009531
0.00015903
0.00013998
0.00017832
0.00010658
0.00015662
0.00010431
0.00003996
0.00004392
0.00012184
0.00017298
0.00005136
0.00008255
0.00014532
0.00003231
0.00003632
0.00015609
0.00009108
0.00010624
0.00013661
0.00017963
0.00003266
0.00010240
0.00003054
0.00012721
0.00004235
0.00003324
0.00005900
0.00002396
0.00006039
0.00002596
0.00014202
0.00017178
0.00004568
0.00013849
0.00012825
0.00014015
0.00018462
0.00009465
0.00004892
0.00013590
0.00012348
0.00010064
0.00017467
0.00008835
0.00023096
0.00008871
0.00008446
0.00026347
0.00004930
0.00003206
0.00020340
0.00015972
0.00013566
0.00018613
0.00008433
0.00008229
0.00007824
0.00011171
0.00007501
0.00011441
0.00020408
0.00003373
0.00007421
0.00003726
0.00007247
0.00009436
0.00002994
0.00017054
0.00002906
0.00003594
0.00014219
0.00009107
0.00013438
0.00004278
0.00008252
0.00003109
0.00007307
0.00020974
0.00004993
0.00017076
0.00002831
0.00017171
0.00020554
0.00006855
0.00023178
0.00005988
0.00006580
0.00022457
0.00007119
0.00006118
0.00012724
0.00007258
0.00004615
0.00033096
0.00004333
0.00010648
0.00006256
0.00007018
0.00003106
0.00012335
0.00017838
0.00023045
0.00008810
0.00007161
0.00015808
0.00004263
0.00011560
0.00009404
0.00010341
0.00014742
0.00039526
0.00013969
0.00003768
0.00004524
0.00017138
0.00010768
0.00019086
0.00009789
0.00002303
0.00030669
0.00008805
0.00008197
0.00013626
0.00009369
0.00008174
0.00007061
0.00006557
0.00008000
0.00002757
0.00013560
0.00010774
0.00003144
0.00004126
0.00016048
0.00002796
0.00009927
0.00003207
0.00022782
0.00003015
0.00005651
0.00002578
0.00013876
0.00014205
0.00006777
0.00017413
0.00002945
0.00014216
0.00004016
0.00014201
0.00014947
0.00011119
0.00009320
0.00010412
0.00007234
0.00017599
0.00009276
0.00015399
0.00011283
0.00012779
0.00018506
0.00002469
0.00005654
0.00020243
0.00002351
0.00004190
0.00011240
0.00005860
0.00008071
0.00015595
0.00008568
0.00011675
0.00002927
0.00005588
0.00004195
0.00019942
0.00007842
0.00022972
0.00007015
0.00013549
0.00011059
0.00006395
0.00003212
0.00003160
0.00006119
0.00017960
0.00015611
0.00012390
0.00012718
0.00005125
0.00014724
0.00011075
0.00017020
0.00041353
0.00009288
0.00019473
0.00010881
0.00010386
0.00010675
0.00004482
0.00005057
0.00007007
0.00009355
0.00002622
0.00011904
0.00005890
0.00002037
0.00010384
0.00003808
0.00011788
0.00014563
0.00007578
0.00019534
0.00011177
0.00004763
0.00003453
0.00015726
0.00013305
0.00016266
0.00009040
0.00011882
0.00010574
0.00011893
0.00005936
0.00013064
0.00004676
0.00012570
0.00006653
0.00005188
0.00003977
0.00003385
0.00017737
0.00016522
0.00009983
0.00009687
0.00002819
0.00006352
0.00023580
0.00004848
0.00006043
0.00016994
0.00007541
0.00007394
0.00003300
0.00003602
0.00007487
0.00007575
0.00014483
0.00003421
0.00014534
0.00017023
0.00011782
0.00016820
0.00004615
0.00004010
0.00015328
0.00014437
0.00008011
0.00012735
0.00023703
0.00002426
0.00019803
0.00023062
0.00008380
0.00003478
0.00009857
0.00008688
0.00003406
0.00002160
0.00004043
0.00038166
0.00015303
0.00015271
0.00014645
0.00009120
0.00006966
0.00003581
0.00019941
0.00006754
0.00014456
0.00008966
0.00003161
0.00009399
0.00003458
0.00011538
0.00002657
0.00020004
0.00011145
0.00016589
0.00012306
0.00011327
0.00002578
0.00016194
0.00007032
0.00006552
0.00028187
0.00011564
0.00008719
0.00003462
0.00009157
0.00015429
0.00015595
0.00016362
0.00009235
0.00004636
0.00017778
0.00006917
0.00010799
0.00007792
0.00010381
0.00017743
0.00016045
0.00019130
0.00007605
0.00009783
0.00009907
0.00013756
0.00003326
0.00004864
0.00022729
0.00020425
0.00009758
0.00018689
0.00009487
0.00003406
0.00012032
0.00003039
0.00003050
0.00003078
0.00007869
0.00013244
0.00016264
0.00010191
0.00011518
0.00005041
0.00004368
0.00011065
0.00003950
0.00013757
0.00011424
0.00018850
0.00007403
0.00005442
0.00004430
0.00007041
0.00017766
0.00011794
0.00006467
0.00015488
0.00012740
0.00005429
0.00002655
0.00003001
0.00003589
0.00003778
0.00015652
0.00007038
0.00026808
0.00006559
0.00010971
0.00011582
0.00004977
0.00006125
0.00008184
0.00004548
0.00017444
0.00007464
0.00006901
0.00004122
0.00004384
0.00004724
0.00002960
0.00010594
0.00015916
0.00013670
0.00013325
0.00006697
0.00016660
0.00009444
0.00017129
0.00011233
0.00010187
0.00015047
0.00008841
0.00014356
0.00008997
0.00007321
0.00002758
0.00008823
0.00007364
0.00016082
0.00003276
0.00008913
0.00017392
0.00010640
0.00006773
0.00015430
0.00010284
0.00007226
0.00010475
0.00011009
0.00011391
0.00006374
0.00004103
0.00004385
0.00017203
0.00009390
0.00011201
0.00014996
0.00019980
0.00003125
0.00018091
0.00013231
0.00008373
0.00014541
0.00004613
0.00018109
0.00007075
0.00014100
0.00003744
0.00005887
0.00014211
0.00007407
0.00011739
0.00011970
0.00003680
0.00009646
0.00008569
0.00005483
0.00016573
0.00015886
0.00011558
0.00010141
0.00013396
0.00013167
0.00009054
0.00014827
0.00003385
0.00013821
0.00003767
0.00013467
0.00003289
0.00002826
0.00009016
0.00003455
0.00005657
0.00004319
0.00006358
0.00011770
0.00008966
0.00018346
0.00002865
0.00003320
0.00005163
0.00003453
0.00009115
0.00016071
0.00009900
0.00006374
0.00008171
0.00017673
0.00008091
0.00004399
0.00038784
0.00011322
0.00011277
0.00005046
0.00008211
0.00005956
0.00003509
0.00012423
0.00022948
0.00004131
0.00005420
0.00007398
0.00013840
0.00002877
0.00009485
0.00009806
0.00011184
0.00009237
0.00006144
0.00014063
0.00010511
0.00008729
0.00015973
0.00007737
0.00002863
0.00007382
0.00016602
0.00005293
0.00020398
0.00003452
0.00013091
0.00003964
0.00006484
0.00006170
0.00006397
0.00020718
0.00016289
0.00010524
0.00006766
0.00005881
0.00013740
0.00010701
0.00009532
0.00008366
0.00012374
0.00011862
0.00005398
0.00010080
0.00003478
0.00003202
0.00017296
0.00009783
0.00015734
0.00011943
0.00010593
0.00006565
0.00007433
0.00013998
0.00002879
0.00010328
0.00008695
0.00009218
