0.00007383
0.00026225
0.00011462
0.00025843
0.00028878
0.00009567
0.00047429
0.00030179
0.00030940
0.00017963
0.00006537
0.00019909
0.00035721
0.00011306
0.00049148
0.00040970
0.00014039
0.00038292
0.00009277
0.00037256
0.00019134
0.00010752
0.00065429
0.00008550
0.00021448
0.00007884
0.00009776
0.00039287
0.00010213
0.00024983
0.00013029
0.00014070
0.00023866
0.00028669
0.00010918
0.00021006
0.00011462
0.00021273
0.00040222
0.00010569
0.00028092
0.00006720
0.00013511
0.00026597
0.00030450
0.00028586
0.00007917
0.00011672
0.00019960
0.00019435
0.00029211
0.00037112
0.00050239
0.00031901
0.00014608
0.00046802
0.00036040
0.00007431
0.00030876
0.00021886
0.00030233
0.00033665
0.00069191
0.00035719
0.00018944
0.00009861
0.00028529
0.00029356
0.00026290
0.00010373
0.00040199
0.00041999
0.00035787
0.00007297
0.00016561
0.00009279
0.00038719
0.00016031
0.00004662
0.00024700
0.00009372
0.00026227
0.00005619
0.00016677
0.00015319
0.00010276
0.00008078
0.00011511
0.00024341
0.00008243
0.00016334
0.00012951
0.00019420
0.00043234
0.00085058
0.00009176
0.00008250
0.00032544
0.00025771
0.00026394
0.00041980
0.00025513
0.00026642
0.00026151
0.00024929
0.00008380
0.00035350
0.00050472
0.00032270
0.00008121
0.00044070
0.00029788
0.00011344
0.00067925
0.00027727
0.00010322
0.00018171
0.00030204
0.00012194
0.00020563
0.00020383
0.00006669
0.00036079
0.00020132
0.00010740
0.00035748
0.00006177
0.00045530
0.00044452
0.00008868
0.00037281
0.00020119
0.00056694
0.00021651
0.00011886
0.00026862
0.00027744
0.00012951
0.00023909
0.00016225
0.00026918
0.00018968
0.00045504
0.00031055
0.00031349
0.00021001
0.00027656
0.00046041
0.00024784
0.00026585
0.00030132
0.00025076
0.00008269
0.00016085
0.00060644
0.00010432
0.00015083
0.00032382
0.00021947
0.00021022
0.00041885
0.00039997
0.00021427
0.00042130
0.00024201
0.00008663
0.00037060
0.00040015
0.00016108
0.00010343
0.00007338
0.00030534
0.00024079
0.00042150
0.00030611
0.00011537
0.00006858
0.00034827
0.00016530
0.00015530
0.00008367
0.00033826
0.00012296
0.00017522
0.00021879
0.00026855
0.00038527
0.00038211
0.00033825
0.00033905
0.00025269
0.00015003
0.00042960
0.00043379
0.00036915
0.00037310
0.00009422
0.00031017
0.00021424
0.00016052
0.00027348
0.00036703
0.00022531
0.00032477
0.00013036
0.00009949
0.00008910
0.00033422
0.00018486
0.00036397
0.00043477
0.00020226
0.00043856
0.00030728
0.00021303
0.00026581
0.00008335
0.00009147
0.00027136
0.00024446
0.00038048
0.00043026
0.00013229
0.00032463
0.00010310
0.00009027
0.00058847
0.00036466
0.00027486
0.00009543
0.00024941
0.00017116
0.00030671
0.00032820
0.00051541
0.00016666
0.00022180
0.00029501
0.00013136
0.00013850
0.00020100
0.00024827
0.00008383
0.00025453
0.00020695
0.00015078
0.00020101
0.00044794
0.00049167
0.00011527
0.00025515
0.00021260
0.00011677
0.00021943
0.00017541
0.00007285
0.00023538
0.00025406
0.00025115
0.00012838
0.00020825
0.00015594
0.00020301
0.00042595
0.00022028
0.00021781
0.00029773
0.00014990
0.00030925
0.00073542
0.00014991
0.00009185
0.00005629
0.00017271
0.00032677
0.00015075
0.00018910
0.00015738
0.00038970
0.00025439
0.00026295
0.00027369
0.00026430
0.00021286
0.00028624
0.00041162
0.00010974
0.00054924
0.00033814
0.00068451
0.00015760
0.00010271
0.00008413
0.00012946
0.00011386
0.00024760
0.00010699
0.00023807
0.00020186
0.00017980
0.00012207
0.00012721
0.00026757
0.00020805
0.00015087
0.00008127
0.00021612
0.00017886
0.00026482
0.00010461
0.00012938
0.00028386
0.00026882
0.00082441
0.00016887
0.00029012
0.00007812
0.00036628
0.00023451
0.00013362
0.00007244
0.00022355
0.00027767
0.00021231
0.00026571
0.00016381
0.00100589
0.00035360
0.00046882
0.00037797
0.00024887
0.00043105
0.00007803
0.00024601
0.00040578
0.00014912
0.00045011
0.00040108
0.00006247
0.00039779
0.00010997
0.00037935
0.00008203
0.00007404
0.00039610
0.00017093
0.00009962
0.00030869
0.00010951
0.00019028
0.00021115
0.00022267
0.00042474
0.00027711
0.00006974
0.00033365
0.00028726
0.00010970
0.00019660
0.00045455
0.00022424
0.00028331
0.00013237
0.00025829
0.00015640
0.00007342
0.00014191
0.00017339
0.00012691
0.00025005
0.00039637
0.00031436
0.00034120
0.00011875
0.00091297
0.00060352
0.00007263
0.00025646
0.00029625
0.00028298
0.00035181
0.00028417
0.00009056
0.00026504
0.00006983
0.00014445
0.00029454
0.00010234
0.00012114
0.00050074
0.00017507
0.00062050
0.00020289
0.00022307
0.00032469
0.00032894
0.00009716
0.00024965
0.00007906
0.00007810
0.00029604
0.00011645
0.00010316
0.00012258
0.00019274
0.00005972
0.00007174
0.00025222
0.00010267
0.00007908
0.00006793
0.00026615
0.00015393
0.00008396
0.00030582
0.00059137
0.00045955
0.00010569
0.00036672
0.00013061
0.00011969
0.00025649
0.00008777
0.00024166
0.00031878
0.00009531
0.00036628
0.00020010
0.00023385
0.00018669
0.00026722
0.00011198
0.00030347
0.00007507
0.00049475
0.00009402
0.00014627
0.00011003
0.00041953
0.00022458
0.00021940
0.00044759
0.00046453
0.00048068
0.00006666
0.00026764
0.00009742
0.00008172
0.00010236
0.00026053
0.00008389
0.00018855
0.00052937
0.00009865
0.00019108
0.00033836
0.00009768
0.00012129
0.00009212
0.00027129
0.00009710
0.00021455
0.00005995
0.00012961
0.00032851
0.00079193
0.00026295
0.00024072
0.00011637
0.00019906
0.00030280
0.00025865
0.00020296
0.00021641
0.00066651
0.00033351
0.00030269
0.00012459
0.00029661
0.00039787
0.00018386
0.00036067
0.00009050
0.00028421
0.00019503
0.00009039
0.00007928
0.00035418
0.00018853
0.00040635
0.00048101
0.00029736
0.00019361
0.00026070
0.00010634
0.00015335
0.00030742
0.00033562
0.00012240
0.00019110
0.00008426
0.00021848
0.00017914
0.00015359
0.00033185
0.00011110
0.00014417
0.00033612
0.00021484
0.00018015
0.00009495
0.00022308
0.00029270
0.00009683
0.00036722
0.00010188
0.00030188
0.00043491
0.00016790
0.00027416
0.00040009
0.00010765
0.00010210
0.00032028
0.00034514
0.00039110
0.00011424
0.00049761
0.00029075
0.00014384
0.00008534
0.00027487
0.00006122
0.00034514
0.00023067
0.00059186
0.00008517
0.00033749
0.00034212
0.00008886
0.00013389
0.00006521
0.00005488
0.00029690
0.00040567
0.00024582
0.00011500
0.00012942
0.00010256
0.00027036
0.00038360
0.00042106
0.00008057
0.00008399
0.00008037
0.00014220
0.00035159
0.00010497
0.00032992
0.00018990
0.00012547
0.00008428
0.00035022
0.00013569
0.00051220
0.00011940
0.00029193
0.00027706
0.00018722
0.00023504
0.00032799
0.00043200
0.00007400
0.00037526
0.00044644
0.00027751
0.00005942
0.00035910
0.00006780
0.00009271
0.00030828
0.00034749
0.00006585
0.00010453
0.00012014
0.00010017
0.00022025
0.00005680
0.00017515
0.00032818
0.00035840
0.00029244
0.00012754
0.00022544
0.00013777
0.00026767
0.00006965
0.00027482
0.00027275
0.00022140
0.00013984
0.00019339
0.00022091
0.00013063
0.00030408
0.00009655
0.00024758
0.00018052
0.00008369
0.00067790
0.00017947
0.00014353
0.00028617
0.00008824
0.00014190
0.00045788
0.00008955
0.00048963
0.00005899
0.00010969
0.00017367
0.00009840
0.00019560
0.00044640
0.00024385
0.00007076
0.00032816
0.00022990
0.00038359
0.00033765
0.00043013
0.00025707
0.00037778
0.00025159
0.00009638
0.00010594
0.00029389
0.00041725
0.00012388
0.00019911
0.00035051
0.00007792
0.00008762
0.00037649
0.00021969
0.00025627
0.00032951
0.00043327
0.00007877
0.00024700
0.00007366
0.00030685
0.00010214
0.00008017
0.00014232
0.00005779
0.00014568
0.00006261
0.00034257
0.00041434
0.00011019
0.00033405
0.00030936
0.00033806
0.00044532
0.00022829
0.00011799
0.00032779
0.00029784
0.00024274
0.00042132
0.00021311
0.00055709
0.00021396
0.00020373
0.00063550
0.00011892
0.00007732
0.00049061
0.00038525
0.00032722
0.00044894
0.00020341
0.00019848
0.00018873
0.00026945
0.00018093
0.00027597
0.00049224
0.00008135
0.00017900
0.00008988
0.00017479
0.00022761
0.00007223
0.00041136
0.00007010
0.00008669
0.00034298
0.00021966
0.00032413
0.00010320
0.00019905
0.00007499
0.00017624
0.00050589
0.00012043
0.00041187
0.00006827
0.00041418
0.00049578
0.00016535
0.00055905
0.00014443
0.00015871
0.00054168
0.00017171
0.00014758
0.00030690
0.00017507
0.00011131
0.00079830
0.00010451
0.00025684
0.00015090
0.00016927
0.00007493
0.00029752
0.00043026
0.00055587
0.00021250
0.00017273
0.00038129
0.00010283
0.00027884
0.00022682
0.00024943
0.00035559
0.00095338
0.00033694
0.00009088
0.00010912
0.00041339
0.00025973
0.00046036
0.00023613
0.00005556
0.00073975
0.00021238
0.00019772
0.00032867
0.00022599
0.00019715
0.00017031
0.00015816
0.00019296
0.00006650
0.00032708
0.00025987
0.00007584
0.00009952
0.00038708
0.00006744
0.00023943
0.00007736
0.00054952
0.00007272
0.00013630
0.00006219
0.00033469
0.00034264
0.00016346
0.00042002
0.00007104
0.00034289
0.00009688
0.00034254
0.00036053
0.00026821
0.00022480
0.00025114
0.00017449
0.00042450
0.00022373
0.00037143
0.00027216
0.00030823
0.00044636
0.00005955
0.00013639
0.00048828
0.00005671
0.00010106
0.00027111
0.00014135
0.00019468
0.00037615
0.00020665
0.00028161
0.00007061
0.00013479
0.00010120
0.00048101
0.00018916
0.00055410
0.00016920
0.00032680
0.00026676
0.00015425
0.00007747
0.00007622
0.00014759
0.00043321
0.00037654
0.00029885
0.00030677
0.00012363
0.00035515
0.00026714
0.00041053
0.00099745
0.00022402
0.00046970
0.00026244
0.00025052
0.00025748
0.00010811
0.00012197
0.00016902
0.00022564
0.00006324
0.00028713
0.00014206
0.00004912
0.00025047
0.00009185
0.00028433
0.00035127
0.00018278
0.00047116
0.00026958
0.00011489
0.00008329
0.00037931
0.00032092
0.00039235
0.00021805
0.00028660
0.00025504
0.00028687
0.00014319
0.00031512
0.00011278
0.00030320
0.00016046
0.00012514
0.00009593
0.00008165
0.00042782
0.00039851
0.00024079
0.00023365
0.00006798
0.00015321
0.00056875
0.00011694
0.00014575
0.00040989
0.00018189
0.00017834
0.00007959
0.00008687
0.00018059
0.00018270
0.00034934
0.00008252
0.00035056
0.00041060
0.00028419
0.00040572
0.00011131
0.00009673
0.00036973
0.00034822
0.00019323
0.00030718
0.00057173
0.00005851
0.00047765
0.00055626
0.00020214
0.00008389
0.00023775
0.00020957
0.00008216
0.00005210
0.00009753
0.00092058
0.00036911
0.00036834
0.00035324
0.00021997
0.00016803
0.00008637
0.00048098
0.00016291
0.00034868
0.00021626
0.00007624
0.00022670
0.00008341
0.00027831
0.00006408
0.00048250
0.00026882
0.00040014
0.00029683
0.00027321
0.00006219
0.00039062
0.00016962
0.00015803
0.00067989
0.00027892
0.00021031
0.00008351
0.00022087
0.00037216
0.00037617
0.00039466
0.00022274
0.00011182
0.00042882
0.00016683
0.00026049
0.00018794
0.00025038
0.00042797
0.00038702
0.00046143
0.00018343
0.00023596
0.00023897
0.00033181
0.00008022
0.00011732
0.00054824
0.00049266
0.00023536
0.00045078
0.00022884
0.00008215
0.00029021
0.00007331
0.00007358
0.00007425
0.00018980
0.00031946
0.00039230
0.00024582
0.00027783
0.00012160
0.00010537
0.00026689
0.00009529
0.00033184
0.00027554
0.00045467
0.00017857
0.00013126
0.00010686
0.00016982
0.00042853
0.00028448
0.00015599
0.00037357
0.00030730
0.00013095
0.00006405
0.00007239
0.00008658
0.00009112
0.00037753
0.00016976
0.00064662
0.00015820
0.00026462
0.00027936
0.00012004
0.00014774
0.00019741
0.00010970
0.00042076
0.00018004
0.00016645
0.00009942
0.00010576
0.00011394
0.00007140
0.00025554
0.00038389
0.00032972
0.00032141
0.00016154
0.00040185
0.00022778
0.00041317
0.00027094
0.00024572
0.00036294
0.00021325
0.00034626
0.00021700
0.00017658
0.00006652
0.00021281
0.00017763
0.00038792
0.00007902
0.00021498
0.00041951
0.00025663
0.00016337
0.00037218
0.00024806
0.00017429
0.00025267
0.00026554
0.00027476
0.00015375
0.00009898
0.00010577
0.00041494
0.00022650
0.00027017
0.00036172
0.00048193
0.00007538
0.00043635
0.00031915
0.00020195
0.00035073
0.00011126
0.00043681
0.00017066
0.00034010
0.00009032
0.00014199
0.00034279
0.00017865
0.00028315
0.00028871
0.00008876
0.00023267
0.00020670
0.00013225
0.00039975
0.00038319
0.00027879
0.00024460
0.00032313
0.00031759
0.00021838
0.00035764
0.00008165
0.00033336
0.00009086
0.00032483
0.00007932
0.00006817
0.00021748
0.00008334
0.00013646
0.00010419
0.00015335
0.00028391
0.00021627
0.00044251
0.00006911
0.00008009
0.00012454
0.00008330
0.00021985
0.00038764
0.00023879
0.00015373
0.00019710
0.00042628
0.00019517
0.00010611
0.00093549
0.00027308
0.00027202
0.00012172
0.00019804
0.00014367
0.00008464
0.00029965
0.00055352
0.00009964
0.00013074
0.00017845
0.00033384
0.00006939
0.00022878
0.00023653
0.00026977
0.00022281
0.00014820
0.00033921
0.00025353
0.00021054
0.00038529
0.00018662
0.00006906
0.00017807
0.00040044
0.00012767
0.00049201
0.00008327
0.00031577
0.00009562
0.00015639
0.00014883
0.00015430
0.00049972
0.00039290
0.00025385
0.00016321
0.00014186
0.00033141
0.00025810
0.00022991
0.00020178
0.00029848
0.00028611
0.00013020
0.00024314
0.00008390
0.00007724
0.00041719
0.00023596
0.00037952
0.00028807
0.00025551
0.00015835
0.00017929
0.00033765
0.00006945
0.00024912
0.00020973
0.00022235
