1504867518
1469557159
1595823207
1458706285
1238033776
1734357070
2102801606
1457623256
1968128318
1193036349
1962329866
1847552419
1082397567
1856603561
1592538875
1148777235
1639648852
1240635876
1508338615
1875896404
1316437900
1614600775
1345908647
1416939939
1306243532
1197814541
1281414119
1543240201
1121160758
1776526272
1195615554
1144136673
2132553272
1541309785
1354808267
1442339422
1791119643
1588475328
2039090667
1104197842
1189256294
1596892602
1654005551
1584806920
1388514663
1341949544
1900232409
1645662624
1411299954
1552094545
1577373634
1336862136
1821138336
1212712498
1174860235
2044404714
2140836775
1796755512
1367594960
1873585256
1695605199
1347791729
1130601378
1402030663
1624243338
2129944741
1258749736
2023033020
1233655353
1498572056
1543762936
1271231585
1789487639
1912942698
1895405339
1778323947
1985595704
1197060279
1772857350
1717418079
1303541361
1362748339
1224402012
1125925572
1727708144
1586146687
1244379145
1195276497
1962325493
1253126215
1259930006
2100542937
1297667792
1612889537
1399874895
1501823717
1948617325
1106987222
1122369583
1246495297
1209720404
1449866605
1191149666
1434337867
1104843286
1737241890
1460832213
1229873240
1375135777
2145444151
1301452478
1351174074
1303644262
1158582638
1975791330
1232922186
1206370473
1452875420
1264653146
2133308563
1814469859
1455461828
1101117254
1420668544
1286983617
1769064946
1848832504
1991581435
1954119423
1535312220
1316370243
1080271382
1868718055
2115683739
1833224532
1645546089
1139764681
1917137957
1626027378
1478344875
1804954636
1315396545
1447842034
1136313393
1129434485
1182200396
1596311213
1288351681
1682830082
1434217731
1157862334
1553460294
1946071563
1354341870
1446515645
1079412419
1880632921
1107250647
1660279404
1276562868
1757899196
1923085101
1703065496
1169854118
1076320254
1838798661
1946992524
1707162228
1484413956
1175205210
1535758809
1095506596
1957081933
2035870391
2102554645
1822227540
1259605355
1199700710
1704788053
1166604516
1954626723
1259948528
1785265625
1447666074
1496755860
1115221846
1225541894
1241175333
2002730721
1408519064
1134484849
1398456409
1623144616
2100164262
1601928560
1688900707
1500490125
2023329888
1149116550
1568974626
1705401855
1325832215
1400043652
1501316931
1738787458
1318306061
1647123556
1909213578
1504060777
1540009121
2065488800
1698488475
1407286314
1266398341
1923139123
1108273994
1132554432
1620594738
1845203197
1638180460
2003684610
1273440862
1562748621
1839522052
1174880558
1933630874
2094559264
1683092994
1484916625
2132661318
1515789908
1996805701
1770991246
1470304218
1651368979
1096019555
2066428283
1944184365
1547608334
1781472707
1427373036
1449399436
2139814971
1794397543
1668349903
1372084001
1539590315
2111392782
1506792275
1655794994
2082856630
1457898515
1924447505
1362052731
1567922209
1399076386
1284002585
1843785226
1237704494
1518965937
1112452790
1765569925
1381903810
1564570992
1318130101
1434826131
1736985153
1235357845
1509548984
1932979513
1094571743
1323045151
2058186970
1120842280
1811791613
1771013884
1397602848
2065319014
1911967714
1582408820
2127296078
1252698148
1116081324
2041362713
1688209729
1146770158
1480187311
1489120117
1196783991
1450682092
1954121481
1772379376
1096792339
1496044559
1078130277
1830329423
1490800485
1603984515
1356564524
1076687095
2054187221
1596661333
1224743256
1533651918
1587690454
1222683571
1476629521
1693877239
1235299191
1965543454
1755537626
1307556030
1272551800
1412471478
1972068384
1787649833
1863408381
2098302790
1962459521
1723074785
1607830941
1224413588
1876791640
1320586854
2043113053
1575067630
1543543758
1105905736
1293401016
1732029972
1450985263
1602816078
1091168304
1738754530
1462925727
1532903316
1483697767
2050882052
1565268144
1331319650
1320375393
1218263474
1968594972
1418649119
1090933176
1442447982
1800228409
1096312308
1396163525
2026192584
1538909884
1751352657
1782501713
2064341458
1299973795
1179125725
2088744348
1378956221
1423424738
2089558292
1274522348
1394118632
1666619114
1596463506
2111167429
1119438201
1739411036
1104201701
1362528132
1932386805
1170125519
1570702327
1481849157
1803846910
1304500395
1411073573
1608176687
1243782836
1344178887
1105739037
1620070202
1933684382
1270095562
1261137031
1349826075
1169106288
1716848009
1984992192
1921717036
1926276564
1393182751
1765688776
2054657477
1691160919
1337922527
1718691989
1193484610
1231959551
1918422157
1581237296
1448276275
1869081809
1412957684
1313842231
1966426341
1428700455
1130136782
1790508928
1637205476
1610697753
1546629749
1342713582
1354319747
1528923633
1675037416
1997602152
1506656961
1936155027
1764418467
1792482048
1775031126
1200823742
2119619689
1829880261
2092424590
1204094054
1972682701
1089258982
1079161341
1770879599
1958384655
1943389457
1900513328
1802276132
1878920140
1690468141
1390804202
1421289035
1297963117
1887691392
1216844474
1170329519
1158414396
1411704354
1122138314
1760340000
1265064749
1819662741
2117157791
1945052847
1976958223
1177270940
1997201354
1336035329
1942165711
1699469118
1415500359
1662002733
1639040709
1730815744
1092017749
1885518130
1265031306
2015738392
1098687255
1471440241
1344757703
1718901907
1600929909
1962773883
1923271351
1905547228
1798492989
1355455770
1575067373
1258906145
1144963222
2031668442
1446385990
2095161233
1125582913
2093830727
1574618469
1261296527
1336527195
1136733742
1479593060
1316621578
1455008036
1774510449
2085395961
1335693699
1197225950
1338032117
1393698798
1177336539
1094448262
1169517376
1131019669
1948654369
1305133749
1242624689
1266530054
1462046441
1661231750
1094542931
1485828840
1570119910
1947654690
2134357121
1376894092
1576789930
1652302803
1337924585
1376375473
2104688804
1888623157
1559943035
1757159340
1079564712
1442585354
1784956408
1388116437
1098619340
1630434099
2028359157
1300635961
1171904671
1918084643
1250736862
1975751198
1833686556
1274254549
1651575553
1624867173
1322409739
1286838013
1455661970
1451040187
1710197540
1120482642
1721163663
1573571969
1157709526
1387509838
1345220499
1536168868
2085588385
1690752404
1953778822
1561809653
1105419016
1234764108
1078232277
1765571469
2100527502
1749279208
1880832034
1132068741
1633466581
1559319972
1489428304
1494951497
1370970101
1856319555
2095199820
1157605339
1912006302
1459113772
1122137285
1890088462
1889573959
1739091015
1837470213
1218168805
1999565497
1736436692
1257581813
1387623543
1684732716
2003928484
1229299569
1230156731
1592967971
1096458427
2047115889
1585739457
1642607246
2139309729
1212041071
1408169202
1197751257
1704986137
1099038661
1493621506
1128679451
1607149739
2038009181
1892013734
1847345075
1355738747
1417093776
1340342236
1572992382
1912780115
1146340033
1327465763
1266636042
1312865704
1285645394
1599841735
1521133025
1177993817
1184063412
1764281609
1104420365
1448456351
1481423148
1699179967
1967533552
1881992239
1267849240
1247966776
1498229397
1485171304
2072800406
2054827264
1550616120
1475683864
1584442652
1103246783
1160875265
1274927391
1371529881
2075678537
1089797153
1698064524
1710871282
1958517397
1386211746
1165555701
1754597114
1200861944
1386435040
2104064197
1455659912
1199124467
1233974860
1554380226
1245285185
1098972290
1210420386
1826689312
2051461383
1664749409
1081365731
1414542354
1862276474
1808158962
2023061832
1251533827
1319072157
1382880981
1908996458
1476657304
1839560126
1262597191
1951183667
1443088024
1431160809
1314213188
1101260800
2118431701
1378970627
1191518050
1525299472
2105616968
1210393632
1210882924
1084071761
2119667538
1640354751
1179333584
1457846036
1470395800
1399697906
1312537965
1962533610
1537711349
1753378770
1178392300
1761271251
1465049339
1409439511
1745709842
1129786405
1689576249
1502461958
1125584971
1266706529
1964038017
1630396026
1928022788
1164180948
1675039731
1406405999
1508424794
2132776052
1646797875
1311852132
1105893902
1132010088
1188824626
1252912182
1550173133
1522343136
1643921287
1874074548
1586062565
1301214777
1456334425
1326592651
1272993244
1469384286
1437606764
1436953087
1850146030
1181610261
1706513697
2033652367
1107881428
1207945625
1866815422
1931216310
1767649033
1236852477
2139625634
1439829160
1499711681
1520868056
2038262831
1461879742
1339941438
1247268595
1772332042
1187246644
1427539735
1569684640
2062750614
1163112839
1161693839
1260506250
1618937009
1460131459
1249636339
1562322098
1192527506
1225118201
1210609723
1430994110
1917477272
1646627575
1379794861
1632974716
1210675837
1425006321
1911389927
1594468777
1077936824
1872169857
1335535232
1684716251
1725562666
2139795420
1572725869
1895145515
1231484664
1131605431
1944397884
1951595785
2106020339
1688339383
1980021576
2045374810
1821164576
1816573920
1704297474
1567312780
1161890380
1173964228
1537794184
1133655469
1823162907
2077259606
1364578942
1649806690
1695063941
1561883484
1105783284
1628259808
1574590429
1189479074
1658600580
1355488183
1328167545
1534793858
1115075213
1250122545
1322322274
2006161429
2117162421
1340180682
1387217857
2027560648
1687409162
1173564973
1495977931
1847364111
1533184749
1472507321
1375442678
1188258929
1391147119
1712762339
1301689407
2045937162
1568469383
1207246415
1378855378
2104797879
1584679323
2110755827
1175550956
1170271638
1201644246
1409755416
1839675889
1408865325
1439094964
1308676104
1998532374
1784824181
1097807454
1400015354
1085419502
1224741070
2087425676
1784732342
1594665832
1214573199
1796660843
1650807399
1497479252
1229233198
1946222827
1998929056
1221184309
1655207431
1505822437
1671882482
1860031696
1100622816
1273484080
1422690028
1524261719
1153315668
1128791355
1536533137
1214445602
1856944162
1097598823
1408188239
1348816877
1212307584
1389304940
1871326586
2119735452
1809772445
1137772525
2085983009
1725693350
2037681957
1097739540
1109441402
1437969746
1929140804
1687215708
1687509490
1364656117
1956580292
1484596090
1914907071
1331731510
1376786046
1383989606
1690166899
1287631377
2002834136
1237838265
1112015719
1663645285
1694149154
1675785504
1246703671
1893935403
1715203657
1557518181
1833305824
1624171822
1166513192
1865833749
1273404075
1560018153
1494434678
1919223753
1772378347
1155648426
1881040408
1095873436
1577413508
1508715231
2057472839
1172755660
1387946651
1928094819
1520514592
1395258771
1654835445
1578075159
1614540064
1498654892
1200660773
1956290627
1714246166
1340024273
1849503416
1945228292
1748828246
1673710512
1283055899
1899503358
1181693610
1090126949
1509742437
1436642327
1867221879
1662223198
1764124686
1571845554
1983870060
1972296309
2107654401
1641563319
1313915805
1270574050
1453969511
1533728065
1429133924
1389012702
1933311882
1834267945
1204324037
2048298732
1084418021
1319044374
1671445154
2086236659
1264382903
1390840217
1901692569
1454928802
1098181498
2017070956
1919785077
1116353239
1668595835
1547052928
1742937441
1252110071
2059340486
1937251176
1104801612
1159275417
1680311589
1948936317
1784953836
1383754736
1620746002
1471205628
1665699953
1195810551
1212430036
1169519434
1213586639
1996770715
1650171473
1136042765
1363068360
1143304464
1469908050
2062829847
1418026570
1340601031
1291579675
1098486084
1437862729
1617135218
1176607231
1086743061
1682062186
1745725020
1785570211
1317882625
1795150262
2145386013
1823342468
2068855710
1866181554
1579539436
1615171874
1379417730
1247954428
1137019292
1454624216
1343448035
1286865281
1465602687
1203423656
1420474577
1818516942
1309787431
1510342862
1288636716
1363987263
2074420577
2034416919
1438651977
1275027847
1599023674
1495162958
1598733494
1344312143
1620267514
1940190791
1105627904
1483796552
2023058745
1922734209
1995571922
1930730105
1119221080
1374790803
1638598751
1378616649
1809755209
1924575616
1809152468
1393635514
1625733082
1546091578
1812364512
1326276231
2132884612
1913360474
1200558902
1930183702
1854330485
1277895946
1436904724
1639345295
1308787236
1646551428
1909401372
1871968429
2117665606
1367144255
1535975415
2047169397
2113254769
1375895441
1821162518
1500339890
2129572240
1364962761
1809302189
1669003322
1593643771
2130552369
1412847580
1385021700
1507886624
1730762236
1384107428
1569104280
2050565118
1127676427
1617680592
1866352369
2107969277
1897979399
1172400138
1860194794
1627977346
1589191517
1223804159
1964044191
1863700362
1413850862
2127742667
1785132369
1653281131
1359187976
1583873868
2121477046
1851448238
1584062948
1122168412
1411537655
1720403227
1643377972
1276358095
1161695383
1968847594
1280117056
1999701326
1079800354
1343027943
1788008956
2042793032
1930169296
1998373907
1774130745
1632879018
1123547538
1381365125
1269965907
1115746640
1092029068
1748982340
2135463303
1830878398
1307506638
1454621129
1635411403
1632890852
1636700234
1597308835
1122820031
1463441259
1213375693
1933121516
2117606952
