0.00040512808
5.55523e-05
2.4081859e-05
3.0732343e-05
9.064708e-05
0.0002559789
0.0002568315
6.71075e-05
7.3485295e-05
0.00016044924
0.00015135904
4.1006144e-05
3.3955843e-05
3.519667e-05
0.00011688927
0.00026482515
0.00012694007
0.00026885298
0.00020244707
3.4332224e-05
3.408137e-05
0.0005116348
3.567407e-05
0.00015298293
3.1824893e-05
0.00037994504
5.2719253e-05
0.000106646505
0.00022242156
4.7883605e-05
4.588842e-05
0.00016413364
0.0003475012
0.00048204768
0.00015541901
0.00017775076
0.0003137423
0.00020086783
0.00022096041
0.0001995272
0.00037309405
0.00013264186
7.9635116e-05
4.640186e-05
0.00022421536
0.00015612463
3.5420893e-05
0.00016001888
2.050817e-05
2.673012e-05
2.1819511e-05
0.00025665894
0.00011220458
0.00028467522
0.00022840335
0.00013880148
0.00015122235
8.040854e-05
0.00010643637
3.608136e-05
0.00013407777
4.5256216e-05
0.00016059345
9.906716e-05
0.0002905162
0.0005525447
0.00018593129
0.00020300751
0.00015793927
3.1939177e-05
0.00016286476
3.1674048e-05
0.00025911903
4.507672e-05
0.00011854452
9.5131145e-05
0.0005579502
0.00023664278
0.00017994776
4.256586e-05
0.0001315155
0.00043447866
0.00012494488
0.0002949029
0.00012640076
0.0002564333
0.0001875146
4.2868927e-05
0.00010304545
4.3129385e-05
0.0001629153
0.00012620323
0.00016218876
0.00040822825
0.0002831408
3.2247903e-05
5.3369728e-05
2.5386891e-05
0.00010329141
3.0285122e-05
0.00013384158
2.9810428e-05
0.00024490032
3.062669e-05
0.00025548897
0.0002638571
0.00016730306
0.00012097074
2.399473e-05
8.262811e-05
4.0670315e-05
0.00038377297
0.000114399816
5.7652647e-05
0.00028373467
0.00011214575
7.872181e-05
3.7189395e-05
0.00016410298
0.0001360374
0.000109852146
0.0004343038
3.341782e-05
0.00011526677
0.00030380662
6.934682e-05
0.00018385267
0.0002631931
0.00011143607
0.00018326685
9.3998126e-05
0.00019432479
3.449901e-05
0.00028323598
5.2872892e-05
5.796834e-05
0.00022047154
0.00012821476
0.00025294555
0.00015028508
2.0748417e-05
3.0653046e-05
0.0003320018
0.00023598161
5.742694e-05
0.00013440565
3.7379345e-05
3.752557e-05
0.00030798218
0.00015467286
0.00027665944
0.00034341725
2.3961666e-05
0.00012398891
0.00017908399
3.415414e-05
0.00015289879
9.948393e-05
9.585025e-05
0.00014121419
6.981941e-05
0.00014226098
0.0002566045
0.00014201038
4.0939485e-05
0.00016164307
0.00016491592
0.000119401826
0.0004937279
0.0002952272
0.00039979842
0.00037324874
0.00015765357
0.00021042484
5.957777e-05
4.1201314e-05
0.00032477436
0.00013767372
2.8300148e-05
0.00013120152
2.7339262e-05
0.00022463828
0.00015025408
0.00021191794
0.00018902341
3.60141e-05
1.7651882e-05
0.00037705715
0.00045005366
0.00016001705
7.684128e-05
2.2296317e-05
