0.0010213047
0.00014004417
6.070899e-05
7.747448e-05
0.0002285161
0.0006453082
0.00064745755
0.00016917418
0.00018525223
0.00040448335
0.0003815675
0.00010337414
8.560074e-05
8.87288e-05
0.00029467116
0.00066760904
0.00032000864
0.000677763
0.0005103575
8.6549575e-05
8.591719e-05
0.0012898021
8.993229e-05
0.00038566123
8.022874e-05
0.0009578197
0.00013290222
0.00026884975
0.000560712
0.00012071183
0.00011568208
0.00041377152
0.00087603065
0.0012152146
0.00039180243
0.00044809948
0.00079092634
0.0005063763
0.0005570286
0.00050299667
0.0009405488
0.00033438255
0.00020075557
0.00011697644
0.0005652341
0.0003935813
8.9294044e-05
0.00040339844
5.1699924e-05
6.73851e-05
5.500574e-05
0.0006470225
0.00028286132
0.00071764993
0.0005757918
0.00034991058
0.0003812229
0.00020270534
0.00026832
9.0959045e-05
0.0003380024
0.00011408833
0.0004048469
0.00024974265
0.0007323748
0.0013929337
0.00046872217
0.0005117703
0.00039815588
8.051684e-05
0.00041057274
7.984846e-05
0.00065322424
0.00011363583
0.00029884395
0.00023982018
0.0014065605
0.0005965629
0.000453638
0.00010730611
0.00033154304
0.0010952959
0.0003149789
0.0007434333
0.00031864908
0.00064645364
0.00047271358
0.00010807011
0.00025977168
0.00010872671
0.00041070016
0.0003181511
0.0004088686
0.0010291201
0.00071378174
8.129512e-05
0.00013454203
6.39989e-05
0.00026039174
7.634706e-05
0.00033740696
7.515038e-05
0.00061737973
7.7208126e-05
0.00064407306
0.0006651687
0.00042176145
0.00030496033
6.048934e-05
0.00020830074
0.000102527534
0.0009674697
0.0002883954
0.00014533903
0.0007152789
0.00028271304
0.00019845318
9.375234e-05
0.00041369422
0.0003429425
0.00027693098
0.001094855
8.4244406e-05
0.00029058094
0.0007658791
0.00017481936
0.00046348205
0.00066349475
0.00028092397
0.00046200526
0.0002369639
0.00048988167
8.697004e-05
0.0007140217
0.00013328953
0.00014613487
0.00055579614
0.00032322208
0.00063766126
0.0003788601
5.2305575e-05
7.727458e-05
0.00083695754
0.00059489615
0.00014477003
0.00033882895
9.423119e-05
9.459981e-05
0.00077640545
0.00038992142
0.0006974426
0.00086573523
6.040599e-05
0.00031256894
0.00045146048
8.610064e-05
0.00038544912
0.0002507933
0.000241633
0.0003559929
0.00017601076
0.0003586318
0.00064688525
0.00035800005
0.000103206105
0.00040749295
0.00041574362
0.00030100517
0.0012446599
0.00074425084
0.0010078689
0.0009409387
0.00039743565
0.000530469
0.00015019215
0.00010386616
0.00081873755
0.00034706757
7.1343056e-05
0.00033075153
6.8920715e-05
0.00056630024
0.00037878196
0.000534233
0.00047651722
9.078948e-05
4.4499386e-05
0.0009505395
0.0011345595
0.00040339385
0.00019371248
5.620774e-05
