0.0027469574
0.0022069085
0.0017970392
0.0028015221
0.0025133628
0.0014126872
0.0011069168
0.001382214
0.0021999367
0.0027290024
0.0020589686
0.0024474266
0.0017486605
0.002423731
0.0011883249
0.0017803722
0.0015401053
0.0022844742
0.0010885339
0.001932175
0.0020523889
0.003936212
0.0021213824
0.0018747511
0.001504934
0.0014976365
0.0015162609
0.0020165958
0.0018773256
0.0024071382
0.0023704453
0.002381467
0.0020413676
0.001648911
0.0019407663
0.0020761585
0.0029066505
0.001444718
0.0018456926
0.0019584661
0.0023422102
0.0019487165
0.0023743443
0.002053638
0.0024038616
0.0019143443
0.0018146167
0.0014353966
0.0018444135
0.0029037127
0.0014980076
0.0023946268
0.0013221134
0.0024853111
0.0018959055
0.0014536751
0.0011380068
0.0018053743
0.0019658995
0.0024166235
0.002404409
0.0023512049
0.0014680584
0.0021129057
0.0026419042
0.0031695538
0.0012735263
0.0017331814
0.0021547943
0.001876416
0.001649578
0.0023888277
0.0024173586
0.0020429564
0.0022449577
0.0022137656
0.0015666902
0.0023612927
0.00137695
0.0012526116
0.0017528769
0.0028579491
0.0015961047
0.0015885101
0.0011985395
0.0016749933
0.0013926718
0.001971879
0.0030271965
0.0019306742
0.0070305653
0.0018480588
0.0012691328
0.0017326517
0.0015784161
0.0014002724
0.0022506171
0.0014436166
0.0016396047
0.0018135748
0.0023438341
0.0024357333
0.0022847562
0.0028592995
0.0021335518
0.002367972
0.0019455181
0.002163153
0.0017291631
0.002556488
0.0015573344
0.0023967875
