0.011937593
0.009590675
0.007809485
0.012174717
0.010922449
0.006139187
0.004810385
0.0060067577
0.009560376
0.011859565
0.008947765
0.010635907
0.007599243
0.010532931
0.005164164
0.0077370545
0.0066929143
0.009927756
0.0047304975
0.008396751
0.008919171
0.017105797
0.009218999
0.0081472015
0.0065400684
0.0065083555
0.006589292
0.008763623
0.0081583895
0.010460823
0.010301365
0.0103492625
0.008871275
0.0071657565
0.008434087
0.009022468
0.012631579
0.0062783845
0.008020921
0.008511006
0.010178662
0.008468636
0.010318309
0.008924599
0.010446584
0.008319263
0.007885872
0.006237876
0.008015362
0.012618812
0.006509968
0.010406452
0.0057455758
0.010800543
0.008239133
0.00631731
0.0049454942
0.007845707
0.00854331
0.010502044
0.010448962
0.01021775
0.006379816
0.009182162
0.011481058
0.013774091
0.005534428
0.007531975
0.0093642
0.008154437
0.0071686553
0.010381251
0.010505239
0.00887818
0.009756027
0.009620475
0.0068084453
0.010261591
0.0059838817
0.005443538
0.0076175667
0.012419935
0.0069362735
0.0069032693
0.005208554
0.0072791036
0.006052205
0.0085692955
0.013155442
0.008390229
0.030553086
0.008031203
0.005515335
0.007529673
0.006859403
0.006085235
0.009780621
0.006273598
0.007125314
0.007881344
0.0101857195
0.01058509
0.009928981
0.012425804
0.009271884
0.010290616
0.008454737
0.009400524
0.007514512
0.01110986
0.0067677875
0.010415842
