-127
-126
-114
-123
-122
-122
-122
-121
-109
-122
-99
-124
-128
-126
-126
-127
-128
-119
-83
-76
-127
-116
-118
-123
-123
-125
-108
-121
-100
-127
-110
-125
-125
-94
-125
-124
-128
-115
-115
-110
-109
-123
-121
-120
-124
-118
-122
-126
-125
-126
-121
-120
-122
-103
-124
-104
-121
-121
-120
-122
-128
-120
-123
-123
-128
-124
-128
-123
-122
-120
-95
-123
-115
-128
-126
-128
-115
-116
-127
-111
-124
-124
-127
-128
-126
-108
-126
-121
-121
-122
-128
-127
-120
-123
-126
-126
-123
-122
-126
-121
-127
-113
-116
-127
-123
-126
-119
-127
-124
-124
-127
-117
-126
-124
-111
-127
-123
-126
-124
-107
-125
-126
-123
-125
-44
-122
-122
-124
-116
-117
-121
-125
-128
-118
-128
-124
-123
-126
-120
-123
-122
-124
-126
-117
-110
-120
-123
-125
-113
-126
-116
-125
-126
-128
-121
-119
-128
-128
-128
-125
-127
-113
-125
-128
-125
-123
-125
-126
-99
-126
-123
-126
-122
-128
-125
-104
-99
-128
-128
-127
-125
-126
-124
-123
-128
-122
-127
-124
-114
-116
-125
-124
-122
-106
-125
-109
-127
-124
-125
-94
-126
-127
-114
-126
-124
-128
-107
-128
-122
-124
-124
-126
-125
-128
-126
-116
-126
-121
-125
-126
-118
-112
-126
-126
-124
-128
-122
-127
-118
-124
-126
-124
-117
-126
-127
-124
-124
-103
-125
-124
-93
-114
-127
-111
-126
-120
-122
-124
-128
-117
-126
-116
-113
-126
-114
-122
-125
-93
-125
-126
-123
-122
-121
-123
-114
-125
-125
-121
-116
-126
-122
-122
-124
-127
-121
-123
-124
-98
-121
-124
-125
-92
-126
-115
-125
-126
-123
-128
-124
-127
-125
-121
-128
-124
-123
-120
-123
-78
-128
-123
-103
-123
-119
-117
-120
-127
-128
-122
-127
-113
-119
-117
-122
-97
-119
-126
-128
-119
-124
-124
-127
-111
-126
-122
-128
-127
-126
-115
-127
-121
-123
-106
-112
-124
-128
-124
-112
-125
-127
-117
-127
-122
-122
-125
-118
-128
-118
-120
-123
-126
-122
-106
-128
-121
-126
-95
-126
-114
-128
-126
-128
-124
-128
-120
-117
-124
-122
-122
-112
-127
-117
-113
-124
-114
-110
-126
-124
-126
-124
-128
-118
-115
-125
-115
-124
-126
-114
-115
-119
-126
-124
-122
-122
-123
-122
-126
-122
-122
-123
-118
-126
-100
-122
-128
-124
-124
-121
-120
-125
-113
-125
-125
-119
-125
-124
-118
-126
-122
-117
-117
-119
-118
-120
-112
-110
-127
-116
-126
-125
-124
-117
-125
-92
-120
-125
-125
-128
-126
-122
-117
-122
-128
-124
-124
-122
-122
-112
-122
-118
-122
-102
-121
-126
-125
-124
-127
-124
-122
-126
-124
-125
-125
-117
-119
-126
-95
-125
-125
-126
-123
-126
-117
-126
-128
-127
-127
-125
-127
-117
-114
-121
-124
-128
-116
-123
-121
-127
-91
-126
-125
-127
-127
-127
-111
-117
-122
-126
-124
-126
-122
-127
-119
-122
-124
-118
-124
-126
-112
-115
-126
-124
-124
-126
-124
-110
-127
-126
-85
-121
-120
-127
-126
-122
-128
-123
-126
-124
-117
-125
-125
-127
-127
-125
-115
-120
-123
-124
-113
-126
-126
-107
-124
-115
-122
-123
-124
-126
-116
-126
-126
-126
-124
-121
-125
-124
-125
-121
-126
-124
-124
-128
-126
-123
-128
-128
-120
-126
-123
-116
-121
-122
-128
-128
-121
-119
-121
-123
-128
-125
-127
-104
-97
-110
-119
-120
-126
-121
-118
-128
-124
-118
-127
-124
-126
-124
-122
-104
-128
-128
-122
-123
-115
-120
-120
-122
-122
-121
-126
-127
-127
-126
-128
-119
-83
-120
-124
-124
-114
-125
-122
-123
-127
-126
-126
-124
-126
-126
-128
-109
-121
-126
-122
-122
-123
-124
-91
-120
-123
-125
-124
-128
-124
-76
-110
-126
-100
-127
-125
-126
-101
-107
-119
-128
-124
-127
-118
-127
-105
-122
-127
-128
-103
-125
-127
-123
-118
-125
-108
-125
-122
-119
-114
-123
-127
-122
-126
-127
-116
-120
-124
-103
-124
-125
-127
-124
-126
-114
-119
-109
-128
-120
-124
-127
-121
-120
-121
-127
-122
-123
-123
-125
-128
-126
-122
-124
-123
-115
-121
-125
-99
-122
-124
-111
-125
-114
-127
-127
-118
-123
-125
-128
-120
-117
-124
-122
-119
-122
-123
-126
-123
-118
-121
-125
-116
-125
-127
-121
-125
-124
-122
-116
-107
-123
-126
-124
-124
-124
-126
-128
-123
-124
-118
-124
-122
-121
-102
-123
-119
-122
-126
-128
-127
-124
-122
-122
-125
-119
-125
-128
-123
-122
-127
-126
-127
-125
-122
-119
-115
-122
-122
-115
-121
-127
-128
-117
-125
-125
-123
-120
-125
-120
-122
-104
-112
-120
-126
-127
-123
-128
-128
-118
-121
-121
-128
-124
-122
-128
-114
-120
-117
-124
-125
-122
-89
-122
-119
-122
-121
-127
-125
-123
-115
-115
-123
-128
-124
-117
-124
-122
-127
-123
-126
-126
-125
-126
-123
-123
-117
-127
-125
-127
-123
-127
-128
-128
-123
-127
-125
-127
-123
-125
-104
-122
-125
-113
-126
-109
-121
-127
-126
-122
-127
-123
-122
-111
-125
-127
-125
-126
-115
-111
-124
-122
-124
-121
-121
-124
-122
-122
-111
-120
-123
-125
-127
-108
-122
-113
-122
-126
-107
-122
-39
-120
-120
-123
-125
-114
-126
-125
-124
-107
-125
-122
-123
-126
-114
-124
-91
-124
-128
-122
-124
-125
-127
-127
-128
-123
-122
-118
-124
-120
-126
-111
-122
-123
-128
-123
-115
-126
-96
-126
-125
-123
-127
-127
-126
-123
-124
-125
-122
-127
-126
-120
-128
-94
-127
-126
-125
-124
-126
-127
-128
-125
-127
-117
-104
-124
-123
-128
-126
-123
-125
-125
-116
-109
-127
-127
-122
-126
-127
-124
-123
-126
-126
-122
-124
-123
-117
-124
-127
-127
-126
-121
-125
-125
-122
-119
-127
-125
-122
-126
-122
-120
-124
-126
-122
-124
-124
-128
-128
-122
-118
-122
-124
-49
-121
-122
-108
-122
-128
-125
-124
-126
-125
-126
-125
-126
-124
-127
-126
-111
-117
-122
-120
-127
-104
-124
-119
-124
-124
-96
-127
-120
-124
-126
-97
-121
-123
-125
-123
-123
-112
-114
-127
-127
-118
-126
-119
-128
-125
-123
-124
-128
-121
-103
-126
-123
-128
-116
-126
-123
-126
-120
-123
-127
-124
-118
-122
-127
-123
-128
-121
-127
-122
-125
-127
-128
-120
-122
-109
-121
-102
-125
-123
-119
-127
-128
-117
-122
-128
-127
-105
-123
-122
-125
-126
-71
-120
-125
-127
-125
-123
-123
-127
-122
-127
-126
-122
-121
-127
-127
-123
-128
-125
-123
-128
-125
-121
-127
-125
-117
-126
-126
-117
-126
-124
-106
-125
-128
-124
-127
-114
-127
-122
-126
-121
-115
-114
-127
-113
-122
-126
-120
-108
-128
-126
-124
-124
-127
-94
-128
-116
