0.0011945108
0.0009783116
0.0006475658
0.0047790133
0.0017741914
0.00045766626
0.00041799297
0.0027746288
0.014910103
0.010454037
0.010874835
0.0010722674
0.0026291567
0.012543445
0.011866457
0.0018924249
0.00095456705
0.00067681784
0.0003343633
0.00040656704
0.0011244649
0.014856554
0.00055391685
0.0032320342
0.002611488
0.006952957
0.00086352066
0.0018073233
0.0007040643
0.0009893739
0.014396772
0.0045477995
0.0008784292
0.0008704649
0.00074626034
0.0004027578
0.0019730974
0.0023809636
0.013864948
0.004170848
0.0009822573
0.0009162047
0.000249998
0.0006214893
0.0006420809
0.0017826459
0.00885254
0.001431661
0.0017298701
0.0033319094
0.0004912692
0.0014418986
0.00019527091
0.00093844486
0.005893272
0.0054278723
0.0008511552
0.0003367426
0.0015896565
0.0006452332
0.0034965249
0.0051573445
0.00069992396
0.013109335
0.009470181
0.0006427954
0.0037052394
0.001624957
0.0010548794
0.0017281211
0.0006151098
0.00069862476
0.014559978
0.007246682
0.0027412383
0.0006034508
0.005083785
0.007283855
0.0051493538
0.0020281815
0.0006855641
0.0038441054
0.0006540739
0.00036892886
0.0023290785
0.00065984676
0.0037230959
0.0015389454
0.0036600593
0.00028379852
0.00089394045
0.00312142
0.00078204274
0.00060657907
0.0050358237
0.0008176859
0.0007820308
0.007010823
0.0023697126
0.005050499
0.0009209166
0.0005189143
0.00043288554
0.007075075
0.003111793
0.0003893753
0.0064781737
0.0015031883
0.00028092694
0.00045508947
0.0006755787
0.0023501616
0.00078216236
0.0032469898
0.0013811671
0.0014028393
0.0006127942
0.00064696895
0.0036010987
0.0008965436
0.0005938767
0.007156773
0.0013809443
0.0005459628
0.0110584665
0.012701665
0.0015151802
0.0016254939
0.012494828
0.008682794
0.00038006052
0.00040094185
0.0011045254
0.00057638646
0.0032255352
0.0008766444
0.004331835
0.0006811216
0.0040641753
0.01239891
0.006756817
0.007393815
0.0012473953
0.00073805737
0.010129717
0.00017213017
0.00068088644
0.0066638933
0.00030651226
0.0022892496
0.0001746965
0.00093039044
0.004446819
0.0005126903
0.0027239532
0.00073513744
0.0063539706
0.0021016619
0.0035618034
0.0016130022
0.00894648
0.0043041497
0.013004335
0.0009549794
0.00086205965
0.0009374309
0.0008990659
0.0005465259
0.00015850573
0.011604528
0.0003479517
0.00061234063
0.00059332215
0.00069735176
0.004902054
0.00035241642
0.014476885
0.00036340428
0.00044414747
0.00133763
0.011014281
0.0012456545
0.007410685
0.009869794
0.0050692046
0.0069507016
0.0050591943
0.00084860733
0.0021192452
0.009451483
0.0016722904
0.0037039814
0.0017768272
0.0072853467
0.013706338
0.0001682621
0.0006551427
0.00045059624
0.013349712
0.001545821
0.0012875355
0.0070563727
0.0008738457
0.007693712
0.0005553949
0.0048434585
0.0012634306
0.00057662756
0.0010254909
0.0006164975
0.007913843
0.00041891634
0.0037344645
0.00026173677
0.00052667194
0.0012392962
0.013977534
0.0024270923
0.00091399753
0.0035237686
0.014816596
0.002229298
0.00068350154
0.0075196433
0.0022644838
0.0051979176
0.0073962077
0.0047138347
0.0012813654
0.011324397
0.00061520323
0.00019138954
0.0006247188
0.0011430891
0.005792133
0.0013354645
0.00046654462
0.001140876
0.0006864323
0.00207119
0.00478029
0.0007030479
0.0037218102
0.00041584406
0.00082153553
0.0006920537
0.014798749
0.00075419893
0.008002834
0.0043707904
0.00068536145
0.0008335409
0.0063081486
0.008930755
0.010790741
0.0010454308
0.0023888196
0.0027551558
0.00044236676
0.011682208
0.00068392046
0.010485347
0.00071430707
0.010529831
0.011986345
0.0074169813
0.00492861
0.00749742
0.0008616617
0.0012683485
0.00154683
0.011751274
0.0090537835
0.013709833
0.00016417194
0.007018244
0.0034856782
0.0040492625
0.00042195313
0.0014555918
0.0005777372
0.007330186
0.0056479345
0.0015132658
0.0046767215
0.0022851608
0.0016622144
0.006210421
0.00054868206
0.009569948
0.008249297
0.007471531
0.0023618485
0.0057224794
0.0003843433
0.0011763066
0.0022180742
0.0011929201
0.0050654197
0.004924521
0.0006454486
0.0012109374
0.0051108254
0.0035398626
0.00035755415
0.0011328269
0.0063818097
0.0006767053
0.0005442897
0.0069220043
0.0011334282
0.00056768727
0.007251979
0.00058856944
0.0007434409
0.00013882936
0.014592818
0.0006066698
0.00085078203
0.0044008517
0.00074281555
0.00045254006
0.0093689365
0.004184526
0.011305913
0.01461866
0.0028247081
0.0005914053
0.0015406198
0.003023698
0.00040590263
0.010542399
0.006666581
0.00087423425
0.0038797322
0.0006984517
0.0008247511
0.003842444
0.010967061
0.00034814162
0.00574164
0.0041789915
0.0007690168
0.0025363858
0.002500695
0.00457742
0.00044843604
0.0087333005
0.0051253517
0.001274586
0.0034749792
0.004640171
0.0012699483
0.011665771
0.000705264
0.0015255637
0.0065149623
0.0006883373
0.005030893
0.0037518202
0.0066245445
0.0062494166
0.0022512553
0.005686556
0.0014262008
0.0094135525
0.0005956112
0.00013547105
0.00069948233
0.016366523
0.0017466724
0.00017745399
0.00073024025
0.011098789
0.0001887011
0.011562382
0.0070522027
0.0007213012
0.0015323856
0.0050110384
0.0007943927
0.00042472058
0.00020331035
0.00027944258
0.008093072
0.00051097694
0.00042776624
0.0009321703
0.00019842523
0.0005260519
0.0004936977
0.0016215892
0.0008731282
0.0009414414
0.013532065
0.006732143
0.0034373098
0.002548323
0.001596168
0.006380774
0.014049821
0.0021827738
0.0055110897
0.00061499473
0.0067090383
0.0069516674
0.020824993
0.0043225037
0.0013984983
0.0006662052
0.0034551905
0.007972752
0.0047493204
0.0015977073
0.0006667652
0.010126584
0.0066348775
0.0013162495
0.0044070985
0.0014835708
0.00024664478
0.00029176802
0.004091907
0.0006540737
0.0118714105
0.00034494826
0.00044409037
0.00031123523
0.0005079641
0.00326879
0.0011638486
0.0051633473
0.00019439778
0.001258533
0.0053852494
0.0025680256
0.006742345
0.00012438193
0.0056049135
0.0010142584
0.0009645742
0.005015335
0.0001505861
0.0003407731
0.00054446893
0.0094059855
0.0029506
0.00025964438
0.0005229152
0.013246823
0.0008508959
0.009012635
0.0007147593
0.0013829051
0.0017811804
0.002867426
0.0020893156
0.0033884363
0.00052213843
0.0016926477
0.00053843553
0.00773555
0.0032247473
0.0068111685
0.0011185029
0.0013819499
0.0016639298
0.008473459
0.0007100431
0.0017941715
0.0003803046
0.0019105881
0.0018822256
0.003943767
0.0057605174
0.0077890386
0.0007199634
0.0010331911
0.00023178302
0.0010944175
0.00068511494
0.016163094
0.009177296
0.0014801503
0.002662558
0.0019795555
0.0013544643
0.011966777
0.0007824052
0.0015707636
0.0006140381
0.00041743726
0.00025771008
0.0018858147
0.0031691142
0.00088663335
0.0010857515
0.0011098528
0.0013816056
0.0023518368
0.00071042415
0.0139758475
0.0065284357
0.013455135
0.00492086
0.00048819665
0.0004992274
0.002755366
0.0009126843
0.004801738
0.00076390634
0.0025495845
0.004857392
0.001108797
0.0008419664
0.0005436147
0.002638953
0.00034729872
0.0034727019
0.0023443764
0.005059974
0.002473234
0.0017271517
0.0020874108
0.0039890683
0.0032571454
0.0017267963
0.0020198459
0.00080314605
0.00044951696
0.0009390372
0.0007027147
0.015078952
0.0007612658
0.007176122
0.0011347908
0.0025171603
0.0008900306
0.0069397283
0.0006015932
0.0077024275
0.0005845174
0.00089388964
0.0006924356
0.009066844
0.0036714124
0.0019758467
0.0026719226
0.00051363534
0.00075967953
0.0012074953
0.00044678492
0.0026208053
0.0034574496
0.0016622803
0.0020609917
0.0008357885
0.0127789
0.0006872655
0.0005281172
0.00449418
0.0018264068
0.0028246813
0.0006596586
0.009522269
0.0062103076
0.0025685884
0.0006990158
0.0010080105
0.004592826
0.00244512
0.005098487
0.010546683
0.010685289
0.0036992074
0.0004960884
