0.0143773155
0.011775109
0.0077942014
0.057520937
0.021354439
0.005508541
0.0050310274
0.033395857
0.17946027
0.12582639
0.13089117
0.012905975
0.031644933
0.15097483
0.14282648
0.022777515
0.011489315
0.008146283
0.004024448
0.004893503
0.013534231
0.17881575
0.0066670277
0.03890126
0.03143227
0.08368685
0.010393467
0.02175322
0.008474226
0.0119082555
0.17328174
0.054738007
0.010572908
0.010477048
0.008982103
0.0048476546
0.023748502
0.028657641
0.16688064
0.050200965
0.011822599
0.01102758
0.0030090143
0.0074803405
0.007728184
0.021456199
0.10655052
0.01723169
0.02082098
0.040103372
0.0059129912
0.017354913
0.0023503106
0.0112952655
0.07093232
0.0653307
0.010244634
0.0040530856
0.019133348
0.0077661253
0.04208471
0.062074587
0.008424392
0.15778595
0.11398454
0.007736784
0.04459683
0.01955823
0.01269669
0.02079993
0.007403556
0.008408754
0.17524612
0.087222174
0.032993965
0.007263226
0.061189212
0.087669596
0.06197841
0.024411503
0.008251554
0.04626824
0.007872533
0.004440484
0.028033145
0.007942016
0.04481175
0.018522982
0.044053033
0.0034158425
0.010759604
0.037569888
0.009412786
0.0073008784
0.060611945
0.009841792
0.009412643
0.08438334
0.028522223
0.06078858
0.011084293
0.0062457323
0.0052102767
0.08515669
0.037454017
0.0046865805
0.077972285
0.018092604
0.0033812795
0.005477526
0.008131369
0.028286902
0.009414226
0.039081264
0.016623938
0.016884789
0.0073756846
0.007787017
0.043343373
0.010790936
0.0071479906
0.086140014
0.016621256
0.006571291
0.13310139
0.15287918
0.01823694
0.019564692
0.15038966
0.10450744
0.0045744665
0.0048257974
0.013294237
0.006937476
0.038823035
0.010551426
0.052138627
0.008198083
0.048917037
0.14923517
0.08132608
0.08899309
0.015013841
0.008883371
0.12192282
0.002071785
0.008195253
0.08020764
0.0036892286
0.027553758
0.0021026738
0.011198321
0.05352259
0.0061708186
0.03278592
0.008848227
0.07647736
0.025295923
0.04287041
0.019414341
0.10768121
0.051805403
0.15652215
0.011494278
0.010375882
0.0112830615
0.010821295
0.006578069
0.0019077992
0.13967387
0.0041879998
0.007370225
0.0071413163
0.008393432
0.05900187
0.004241738
0.174246
0.0043739895
0.005345827
0.016099919
0.13256957
0.014992889
0.08919614
0.11879435
0.06101372
0.08365971
0.060893234
0.010213967
0.02550756
0.113759495
0.020127943
0.044581685
0.021386163
0.087687545
0.16497158
0.0020252282
0.007885397
0.0054234453
0.16067918
0.018605737
0.015496974
0.08493158
0.010517741
0.09260269
0.006684818
0.058296606
0.015206844
0.0069403774
0.012342965
0.0074202577
0.09525222
0.0050421413
0.044948585
0.0031503038
0.006339104
0.0149163585
0.16823573
0.029212855
0.011001014
0.042412616
0.17833482
0.026832173
0.008226729
0.090507574
0.027255673
0.06256293
0.089021884
0.056736436
0.015422709
0.13630217
0.0074046804
0.0023035938
0.0075192107
0.013758396
0.069715
0.016073855
0.0056154025
0.013731757
0.008262004
0.024929158
0.057536304
0.008461992
0.044796277
0.0050051627
0.009888127
0.008329664
0.17812
0.009077653
0.09632334
0.052607503
0.008249115
0.010032626
0.07592584
0.107491925
0.12987901
0.012582965
0.028752198
0.033161476
0.005324394
0.14060883
0.008231771
0.12620324
0.008597509
0.12673865
0.14426948
0.08927192
0.0593215
0.09024009
0.010371092
0.015266037
0.018617883
0.14144012
0.10897272
0.16501364
0.0019759985
0.084472656
0.041954156
0.04873754
0.0050786925
0.017519725
0.0069537335
0.08822724
0.0679794
0.018213898
0.056289736
0.027504545
0.020006666
0.07474958
0.0066040214
0.11518535
0.0992898
0.08992849
0.02842757
0.06887664
0.0046260147
0.014158206
0.026697079
0.0143581685
0.060968164
0.059272286
0.0077687185
0.014575028
0.061514676
0.042606328
0.0043035764
0.013634878
0.07681244
0.008144929
0.0065511544
0.0833143
0.013642115
0.006832771
0.08728593
0.0070841117
0.008948168
0.0016709714
0.17564139
0.007301971
0.010240142
0.052969325
0.008940642
0.0054468415
0.11276595
0.050365593
0.1360797
0.17595243
0.03399862
0.007118245
0.018543135
0.03639369
0.004885506
0.12688993
0.08023999
0.010522417
0.04669705
0.008406672
0.00992683
0.046248242
0.13200122
0.0041902857
0.06910726
0.05029898
0.009256003
0.030528327
0.030098746
0.05509453
0.0053974446
0.10511534
0.06168952
0.015341111
0.04182538
0.055849805
0.015285293
0.140411
0.008488665
0.018361917
0.07841508
0.008284933
0.060552597
0.04515748
0.07973403
0.07521893
0.027096454
0.06844426
0.017165972
0.11330295
0.007168868
0.0016305503
0.008419076
0.19698997
0.021023216
0.0021358633
0.008789283
0.13358672
0.0022712352
0.1391666
0.08488139
0.008681691
0.018444028
0.060313623
0.0095614325
0.0051120017
0.0024470745
0.0033634137
0.09740946
0.0061501963
0.00514866
0.011219745
0.0023882764
0.006331641
0.0059422213
0.019517696
0.0105091045
0.011331333
0.162874
0.0810291
0.041371986
0.030672006
0.019211723
0.076799974
0.16910578
0.026272198
0.06633232
0.0074021704
0.08075101
0.08367133
0.2506528
0.052026313
0.01683254
0.008018548
0.0415872
0.09596126
0.057163548
0.019230248
0.008025288
0.12188511
0.0798584
0.01584258
0.05304451
0.017856484
0.0029686543
0.0035117646
0.049250815
0.007872531
0.14288612
0.00415185
0.0053451397
0.0037460746
0.006113934
0.039343655
0.0140082585
0.06214684
0.0023398015
0.015147896
0.06481768
0.030909149
0.081151895
0.0014970799
0.067461595
0.012207769
0.011609763
0.06036534
0.0018124772
0.0041015972
0.0065533114
0.11321188
0.035513874
0.0031251195
0.0062938873
0.15944079
0.010241513
0.10847745
0.008602952
0.016644856
0.02143856
0.034512777
0.02514732
0.040783737
0.0062845377
0.020372966
0.0064806924
0.09310626
0.03881355
0.081980266
0.013462472
0.01663336
0.020027313
0.10198784
0.008546188
0.021594923
0.0045774044
0.022996131
0.022654755
0.04746778
0.06933447
0.09375006
0.00866559
0.012435646
0.0027897758
0.013172577
0.008246148
0.19454147
0.11045934
0.017815314
0.032046955
0.023826232
0.016302539
0.14403395
0.009417148
0.01890595
0.007390656
0.0050243386
0.003101838
0.022697954
0.038143944
0.010671655
0.01306827
0.013358357
0.016629217
0.028307065
0.008550773
0.16821544
0.07857725
0.16194806
0.059228223
0.0058760094
0.0060087773
0.033164006
0.010985208
0.057794455
0.009194493
0.030687189
0.058464315
0.01334565
0.010134037
0.006543029
0.031762842
0.0041801403
0.04179797
0.028217273
0.060902618
0.029768223
0.020788262
0.025124395
0.048013035
0.0392035
0.020783983
0.024311174
0.009666788
0.0054104547
0.011302395
0.008457982
0.18149257
0.009162712
0.086372904
0.013658516
0.030296925
0.010712544
0.08352763
0.0072408672
0.0927076
0.00703534
0.010758992
0.00833426
0.10912993
0.04418968
0.023781592
0.032159667
0.0061821938
0.009143619
0.014533598
0.0053775716
0.031544413
0.04161439
0.02000746
0.024806412
0.010059678
0.15380879
0.008272032
0.006356499
0.054092634
0.021982912
0.033998296
0.007939751
0.11461148
0.07474821
0.030915923
0.008413461
0.012132568
0.05527996
0.029429838
0.061366167
0.12694149
0.12860978
0.044524226
0.005970996
