5.3902193e-05
4.183459e-05
4.465642e-05
7.403317e-05
4.3306452e-05
8.451064e-05
4.6398913e-05
3.9086866e-05
3.8255017e-05
8.677894e-05
8.509393e-05
3.469408e-05
5.7307636e-05
4.2013744e-05
8.27914e-05
3.4625606e-05
3.6979913e-05
3.424433e-05
4.3766828e-05
5.5934714e-05
3.5507055e-05
0.00011633764
3.6525827e-05
4.675072e-05
4.6050347e-05
4.8404392e-05
3.5322486e-05
3.610565e-05
2.3110237e-05
7.528148e-05
4.0078816e-05
3.779371e-05
2.810527e-05
2.8031474e-05
6.772765e-05
7.755423e-05
4.1420197e-05
7.464135e-05
7.4796866e-05
4.4099197e-05
2.8562932e-05
0.00012348776
3.703498e-05
3.197073e-05
3.7222693e-05
3.7735168e-05
4.085423e-05
4.2000367e-05
7.2658906e-05
3.1896037e-05
2.9397159e-05
2.6282605e-05
5.2731448e-05
4.37541e-05
2.4785919e-05
3.9539347e-05
3.359557e-05
5.958283e-05
3.9715345e-05
7.6259435e-05
5.0927538e-05
3.3211738e-05
3.1344716e-05
4.242459e-05
2.6837397e-05
3.549069e-05
3.7523645e-05
3.8246675e-05
4.763139e-05
3.6464015e-05
9.952613e-05
3.0954423e-05
5.3946584e-05
5.608639e-05
3.1575226e-05
2.8916687e-05
5.8519232e-05
4.2167507e-05
8.1352046e-05
4.5589313e-05
4.875688e-05
3.5427318e-05
5.4911012e-05
3.7781665e-05
0.00016893634
4.021055e-05
5.9254668e-05
4.59795e-05
5.4952066e-05
5.4105236e-05
4.9499315e-05
4.0819217e-05
6.102716e-05
3.9420385e-05
5.0195795e-05
5.3826712e-05
5.87734e-05
3.8242782e-05
4.6452853e-05
4.3796597e-05
4.0689352e-05
5.2077274e-05
3.393105e-05
0.00012490708
4.6311474e-05
6.813069e-05
7.5930504e-05
0.00010161474
4.308619e-05
3.3054475e-05
4.3218715e-05
4.0678544e-05
5.866078e-05
3.6849244e-05
3.1730768e-05
4.2732227e-05
3.265206e-05
3.6856967e-05
4.3233937e-05
8.205815e-05
4.7601978e-05
4.3936536e-05
4.0195697e-05
9.141842e-05
3.2156673e-05
3.4411012e-05
4.393611e-05
4.9772196e-05
2.3621009e-05
3.5980203e-05
4.5737062e-05
3.366274e-05
3.8318918e-05
7.232577e-05
4.5146015e-05
6.311548e-05
3.3992314e-05
8.808541e-05
5.3716016e-05
3.558276e-05
4.289151e-05
3.8348415e-05
3.954551e-05
9.575165e-05
6.551283e-05
3.7197016e-05
4.3376967e-05
7.434634e-05
6.840579e-05
7.969764e-05
4.505773e-05
5.028361e-05
3.7214893e-05
4.558727e-05
4.7794183e-05
4.7705595e-05
0.0001316546
5.2750664e-05
4.372807e-05
3.863629e-05
6.5575834e-05
8.188487e-05
7.101792e-05
5.6908564e-05
5.8078476e-05
0.00015070253
4.7266214e-05
4.4721062e-05
4.692191e-05
4.198916e-05
8.363207e-05
9.523777e-05
5.299825e-05
9.5413925e-05
3.9445524e-05
4.3410906e-05
0.00015800081
5.1401912e-05
3.382334e-05
0.00014134031
5.8012283e-05
3.32551e-05
6.5183114e-05
3.7527912e-05
4.3982873e-05
3.6737947e-05
5.8355487e-05
8.07293e-05
6.901473e-05
4.8812886e-05
0.00017083272
8.687512e-05
4.0825973e-05
2.4358624e-05
4.0357176e-05
3.943214e-05
4.118279e-05
6.017406e-05
3.8483344e-05
2.771153e-05
5.1636478e-05
7.7006385e-05
3.3576784e-05
4.810607e-05
2.7141175e-05
3.7799535e-05
4.660189e-05
5.403318e-05
6.483449e-05
5.1377883e-05
9.420588e-05
2.7790962e-05
5.268108e-05
7.543193e-05
2.7374299e-05
3.0117952e-05
6.2437604e-05
2.7740705e-05
2.7705062e-05
2.7524016e-05
6.503458e-05
6.095526e-05
5.0216913e-05
2.4108955e-05
0.00011950271
0.00010548314
4.1111325e-05
6.593832e-05
3.3691013e-05
6.2069805e-05
3.808804e-05
4.126185e-05
4.3591073e-05
2.4898722e-05
0.00013426303
4.040487e-05
6.0917944e-05
4.2182066e-05
3.4614128e-05
2.5447627e-05
9.1200134e-05
5.2110827e-05
5.022728e-05
8.6106535e-05
4.432172e-05
4.6267556e-05
3.7429723e-05
4.910951e-05
3.608472e-05
5.60762e-05
4.8663507e-05
3.6512796e-05
8.2138e-05
4.4129763e-05
4.427264e-05
5.2906424e-05
2.3532473e-05
3.5914134e-05
4.3324715e-05
8.677244e-05
3.4494795e-05
3.0570387e-05
3.4964385e-05
4.5057986e-05
3.7689824e-05
3.419796e-05
4.7784917e-05
6.562877e-05
6.16184e-05
2.7083961e-05
4.840959e-05
2.4906058e-05
4.701082e-05
4.7652287e-05
6.576424e-05
3.921419e-05
4.0468578e-05
2.8507035e-05
7.528798e-05
0.000104161096
4.2610205e-05
5.594648e-05
6.8528054e-05
7.267769e-05
5.27618e-05
0.000106930456
5.1934327e-05
4.9331986e-05
4.4497378e-05
5.3553176e-05
5.078063e-05
7.7275785e-05
4.340092e-05
3.137489e-05
3.683443e-05
2.3862667e-05
7.358446e-05
5.5128156e-05
3.8124894e-05
8.3094856e-05
4.8680755e-05
3.635395e-05
3.182227e-05
3.7599246e-05
8.282845e-05
5.4889177e-05
3.986849e-05
5.027105e-05
3.2082993e-05
5.0359453e-05
3.8467508e-05
2.9414565e-05
3.4414672e-05
5.04429e-05
4.5120163e-05
4.54172e-05
4.0177707e-05
3.8637372e-05
6.125243e-05
4.384322e-05
4.336139e-05
3.937734e-05
4.514833e-05
0.000111624584
4.908681e-05
3.3909455e-05
3.1015294e-05
5.185596e-05
3.4276716e-05
5.4992503e-05
3.7584225e-05
8.285622e-05
5.1776606e-05
5.965198e-05
2.9754885e-05
7.717227e-05
2.7251208e-05
6.2273444e-05
3.5828245e-05
6.4698805e-05
2.549043e-05
4.2362233e-05
2.7075794e-05
4.850596e-05
7.163673e-05
3.436227e-05
9.076019e-05
3.4076384e-05
5.940776e-05
4.102984e-05
5.3433865e-05
4.8402777e-05
3.9271123e-05
6.910519e-05
5.261139e-05
3.9937448e-05
4.4167908e-05
3.0387753e-05
2.9952424e-05
2.164869e-05
6.2696956e-05
2.455515e-05
4.0819483e-05
2.7735277e-05
3.0550276e-05
5.486317e-05
4.5317676e-05
2.7199661e-05
5.0492214e-05
4.026784e-05
4.1791474e-05
8.982438e-05
5.0568044e-05
3.689401e-05
3.9724804e-05
7.811934e-05
3.3222255e-05
0.0001292985
5.3444026e-05
4.2323933e-05
3.6858768e-05
6.068677e-05
8.0490056e-05
5.736936e-05
3.5506906e-05
4.23434e-05
6.530263e-05
3.4660054e-05
8.562785e-05
4.103698e-05
3.877194e-05
4.164906e-05
6.177887e-05
4.562542e-05
5.1812924e-05
0.00012807456
2.843621e-05
3.3162494e-05
3.835129e-05
4.676528e-05
4.5693785e-05
2.0519054e-05
5.353136e-05
4.444331e-05
5.4481177e-05
5.2856132e-05
4.4487377e-05
5.0213443e-05
1.8941644e-05
0.00012901798
4.9727947e-05
3.8682407e-05
2.3428485e-05
3.7355836e-05
3.5624154e-05
8.729263e-05
6.387032e-05
4.1988344e-05
6.2158964e-05
5.5026478e-05
0.00010993576
6.502916e-05
6.6859284e-05
0.00013323156
4.3266547e-05
2.5731299e-05
3.458562e-05
2.5376521e-05
4.3042277e-05
0.00011836877
5.4991935e-05
9.634047e-05
3.1886346e-05
4.2174324e-05
5.7759516e-05
7.98127e-05
3.78155e-05
3.382263e-05
3.8650145e-05
4.185518e-05
4.1981337e-05
3.5660047e-05
7.515075e-05
3.6459838e-05
6.5173044e-05
6.8571855e-05
4.243172e-05
4.099388e-05
3.6434107e-05
3.2936387e-05
6.009604e-05
4.7006823e-05
6.280552e-05
4.09021e-05
4.1152158e-05
4.277654e-05
4.881564e-05
6.9771464e-05
4.4642544e-05
4.9419305e-05
8.114737e-05
8.039312e-05
3.4084525e-05
4.1337218e-05
4.2473715e-05
5.7159235e-05
4.273205e-05
2.8962342e-05
6.1846e-05
2.8627399e-05
9.588531e-05
3.991362e-05
8.920767e-05
2.868669e-05
2.7583115e-05
2.7999084e-05
7.225354e-05
5.5542605e-05
5.213783e-05
8.894552e-05
4.167718e-05
5.196641e-05
5.2220024e-05
5.440239e-05
6.0878723e-05
5.761737e-05
2.6936648e-05
4.7783924e-05
6.9983405e-05
2.6495656e-05
5.8745947e-05
4.118365e-05
4.0929528e-05
3.4933466e-05
6.57485e-05
4.9358056e-05
9.376475e-05
4.001004e-05
4.7702728e-05
3.318416e-05
2.9474202e-05
7.889336e-05
7.9961144e-05
5.9610877e-05
4.0218478e-05
3.9567512e-05
7.296309e-05
3.5626745e-05
2.625212e-05
5.2810905e-05
4.7799283e-05
5.737974e-05
5.8932124e-05
8.1995655e-05
8.5564076e-05
5.1330408e-05
6.391107e-05
4.60795e-05
6.242381e-05
8.132603e-05
3.97882e-05
4.7210608e-05
0.00010755892
4.482615e-05
7.31072e-05
3.2718814e-05
6.498781e-05
3.7498663e-05
3.7152033e-05
5.2080675e-05
0.00011477938
3.2678705e-05
4.437518e-05
4.0676732e-05
4.092669e-05
5.860298e-05
6.288954e-05
4.6421923e-05
3.013079e-05
3.221432e-05
4.2206393e-05
5.43239e-05
4.5530407e-05
3.7911934e-05
4.2081454e-05
2.8180735e-05
4.1804495e-05
5.4416018e-05
0.00018553254
4.6679346e-05
4.4117685e-05
0.00010435803
3.59809e-05
0.00011160413
4.1851e-05
7.199307e-05
4.784029e-05
5.5456014e-05
4.733656e-05
3.9655573e-05
5.533441e-05
6.954115e-05
4.3997985e-05
6.61539e-05
7.554219e-05
8.999684e-05
6.230955e-05
6.878636e-05
2.6158275e-05
5.0195424e-05
4.0143364e-05
0.00012270527
4.7821803e-05
4.547868e-05
3.683555e-05
5.552412e-05
0.00013625175
5.584691e-05
9.101966e-05
3.0637835e-05
6.9957765e-05
6.7775865e-05
5.985615e-05
4.6658442e-05
3.277851e-05
3.9416973e-05
6.9418e-05
3.6129077e-05
7.2078146e-05
4.8185524e-05
5.199976e-05
5.1445775e-05
3.0168358e-05
4.338217e-05
7.427246e-05
6.0662056e-05
2.6438463e-05
5.4230255e-05
8.261078e-05
5.0416038e-05
0.00011496908
4.0513347e-05
5.1542935e-05
4.9693648e-05
9.144915e-05
4.4668883e-05
6.766358e-05
2.7219103e-05
2.9966477e-05
4.0380986e-05
5.5176573e-05
4.4167948e-05
4.849322e-05
5.491033e-05
3.7192014e-05
4.9537146e-05
4.317266e-05
5.4105694e-05
3.223335e-05
9.2101436e-05
4.3153417e-05
5.44858e-05
6.3431355e-05
4.5913468e-05
0.00016383536
3.0248351e-05
9.848433e-05
3.797912e-05
6.855522e-05
5.9057253e-05
4.0086263e-05
9.891598e-05
4.3425636e-05
0.00010564109
4.7130143e-05
7.645867e-05
3.6489026e-05
4.3803768e-05
3.7054222e-05
4.2639665e-05
4.6200712e-05
3.8821734e-05
5.236398e-05
5.4576503e-05
3.7931466e-05
5.9701037e-05
3.0085803e-05
5.9253245e-05
4.3273507e-05
4.9192946e-05
2.496993e-05
4.9771214e-05
2.8363753e-05
7.090483e-05
3.6751928e-05
6.0343664e-05
4.5903565e-05
6.7261586e-05
4.6990943e-05
5.838135e-05
4.737072e-05
5.5617587e-05
4.520436e-05
5.3972177e-05
4.0139705e-05
8.493542e-05
6.257333e-05
5.0670078e-05
4.790923e-05
4.4704568e-05
3.0237628e-05
5.906776e-05
