34848
60857
44815
29544
54643
30357
43816
54532
81356
17485
27748
85328
42247
58542
21538
55973
85213
98051
71030
35905
81649
23047
70297
63910
58338
29225
83688
82397
132235
28073
39204
74499
91671
103022
29244
23010
69031
17963
35819
56253
102256
21315
76470
73828
80403
90504
80034
64081
33830
93178
130815
114288
65514
65386
123522
54737
63498
45894
76852
28843
54602
82280
82904
69715
112626
82713
73332
66788
80670
83702
24074
87566
68531
55879
96183
102651
52154
71792
20728
53502
38090
109677
48301
70081
9344
79666
50409
60687
38657
57005
64856
56517
53186
65121
59788
51868
62510
47409
55367
57851
74647
52110
96204
7973
59617
26873
32041
13944
64094
64017
62738
76657
30992
43263
92922
74068
90261
62303
38307
38645
49584
68351
70375
19096
94564
89785
75263
44724
168937
44826
73318
75699
103231
34165
56934
47855
50203
23657
57486
70968
62769
90966
77916
17274
17072
85974
71407
35914
41321
26962
50153
55570
70715
65831
60939
42642
15589
53989
53613
92063
33985
34119
32874
43927
54999
10839
51952
57434
16909
60463
20547
18043
39215
25866
77080
63192
13070
49056
89409
15050
39174
91033
24995
80011
68232
77837
53938
24957
39047
56295
10247
20776
55388
136740
57249
78909
55880
46076
47346
90566
58771
33340
86837
63308
105829
81071
49678
57786
42626
52649
21834
118679
47902
25992
104225
109286
38076
111112
138575
122731
26661
24905
61611
114077
17905
18601
81990
27108
98243
48124
69306
74777
55761
124056
16765
107605
47393
81515
52618
113178
29015
51286
45576
22317
53162
51781
84076
49246
66709
9380
51266
84134
9346
56779
56872
40709
117515
83061
67139
24603
53504
99139
85561
62674
87744
86430
43463
28275
54984
57483
61878
121495
66797
53562
34753
43906
70596
110274
32161
2592
50397
41381
42094
26701
75662
8839
37386
42613
55971
59020
47576
27084
58371
65485
87315
145908
36829
28666
57167
9960
55884
70505
88421
62541
19281
39025
63366
49835
104821
54775
67171
92759
85492
49717
71114
59193
67901
66884
39708
56959
68663
77969
70069
9634
31158
94008
103576
47339
81768
30803
73884
32077
40045
25680
92799
24978
109861
31835
78322
33038
131320
80681
113205
54619
14319
82921
20694
84710
25268
59740
43166
35439
81539
31656
60906
70068
75263
87351
108552
147973
54054
110752
78689
126306
102906
42030
66718
105968
65951
71186
55955
14301
54823
49839
92260
13798
101738
3733
54746
60174
72029
39909
6316
39510
84677
64455
46347
73714
27377
54449
64876
68897
42029
68435
52999
14182
47841
81939
73038
51172
58381
152628
44063
64716
57042
48816
65083
60285
170520
9078
29716
69127
117095
92016
99016
22053
42998
30575
43914
46093
8664
44366
42139
16310
77043
141886
82884
116544
74376
17975
15994
23613
98238
47250
54933
26965
84989
90517
70404
70626
71409
79577
29947
71428
29105
30241
72167
85342
91729
103135
53618
53327
41981
74888
56742
54152
56712
5822
67187
53218
30146
29021
72141
63115
90527
39879
68075
100389
17691
111034
14795
87782
23907
109856
119195
120709
13069
33843
65366
27382
64347
55654
65111
26702
25728
59645
128032
75710
35926
123318
42815
59173
72415
87361
31753
67544
35912
60902
61266
79233
102249
21942
22621
26078
57851
71114
18857
97755
100012
29610
63177
45548
47064
25472
20396
36030
40792
61523
46103
38823
104069
64990
22755
45692
33137
75451
36018
81497
44857
58253
26897
91794
75614
58366
77490
47870
33728
65712
88991
95188
58623
26691
62469
75389
69816
93730
81069
42437
11201
40850
72292
15782
62951
13825
68179
46594
45428
38627
58045
59855
51247
31234
65333
24437
34215
19918
27114
22147
76121
41418
64270
8599
55507
50831
83783
7789
16171
55888
15484
105477
42917
29712
31655
57271
71254
84265
28552
81047
35024
64814
52593
50731
96759
44610
33953
30353
119707
47824
28036
40527
22726
82709
43510
44986
30529
67860
35676
117292
101765
47952
50638
78549
28502
49407
68906
51521
70979
62324
73327
37163
79677
38019
47376
66535
10938
83854
20961
96066
30056
37097
49449
27980
28816
22621
59990
31185
100393
47464
72662
75395
61425
64927
67675
42236
73307
8985
105482
41764
29040
56844
134582
55614
101448
17474
76830
45336
56114
30462
58279
33911
49193
54572
40420
61821
80319
25946
39516
69984
51555
39505
78166
34943
