0.0017148596
0.0013309375
0.0014207119
0.002355312
0.0013777637
0.0026886454
0.0014761481
0.0012435206
0.001217056
0.0027608098
0.0027072025
0.0011037672
0.0018232013
0.0013366371
0.0026339488
0.0011015888
0.0011764894
0.0010894588
0.0013924103
0.0017795227
0.0011296314
0.0037011984
0.001162043
0.0014873405
0.0014650588
0.001539951
0.0011237595
0.0011486755
0.0007352356
0.0023950264
0.0012750787
0.0012023798
0.000894149
0.00089180126
0.0021547065
0.0024673322
0.0013177538
0.002374661
0.0023796086
0.0014029843
0.0009087092
0.0039286744
0.0011782413
0.0010171258
0.0011842133
0.0012005173
0.001299748
0.0013362116
0.0023115908
0.0010147495
0.0009352495
0.00083616225
0.0016776131
0.0013920052
0.0007885462
0.001257916
0.001068819
0.001895585
0.0012635152
0.0024261393
0.001620223
0.0010566076
0.0009972097
0.001349708
0.0008538125
0.0011291109
0.0011937878
0.0012167905
0.0015153585
0.0011600765
0.0031663524
0.0009847927
0.0017162719
0.0017843482
0.0010045432
0.00091996364
0.0018617474
0.001341529
0.0025881568
0.0014503913
0.0015511651
0.0011270947
0.0017469544
0.0012019966
0.0053745885
0.0012792698
0.0018851447
0.0014628049
0.0017482606
0.0017213193
0.0015747852
0.0012986341
0.0019415353
0.0012541313
0.0015969431
0.0017124582
0.0018698336
0.0012166667
0.0014778642
0.0013933573
0.0012945025
0.0016568011
0.001079492
0.003973829
0.0014733663
0.002167529
0.0024156745
0.0032328002
0.0013707562
0.0010516044
0.0013749724
0.0012941586
0.0018662505
0.0011723322
0.0010094916
0.0013594951
0.0010388019
0.001172578
0.0013754567
0.002610621
0.0015144227
0.0013978094
0.0012787973
0.0029084114
0.0010230414
0.0010947617
0.0013977959
0.0015834667
0.00075148547
0.0011446844
0.0014550919
0.001070956
0.0012190889
0.0023009924
0.001436288
0.0020079738
0.0010814411
0.0028023743
0.0017089365
0.00113204
0.0013645625
0.0012200273
0.001258112
0.0030462702
0.0020842438
0.0011833963
0.0013800071
0.0023652755
0.002176281
0.0025355231
0.0014334794
0.0015997369
0.0011839651
0.0014503262
0.0015205377
0.0015177192
0.0041884966
0.0016782245
0.0013911771
0.0012291858
0.002086248
0.0026051083
0.0022593841
0.0018105052
0.001847725
0.004794493
0.0015037407
0.0014227685
0.0014927868
0.001335855
0.0026606943
0.003029921
0.0016861013
0.0030355256
0.001254931
0.0013810868
0.0050266823
0.0016353149
0.0010760654
0.0044966405
0.0018456192
0.0010579871
0.002073754
0.0011939236
0.0013992835
0.0011687914
0.0018565379
0.0025683448
0.002195654
0.001552947
0.00543492
0.0027638697
0.001298849
0.0007749521
0.0012839346
0.0012545052
0.0013102009
0.0019143946
0.0012243199
0.0008816224
0.0016427775
0.002449903
0.0010682213
0.0015304601
0.000863477
0.001202565
0.0014826057
0.0017190268
0.0020626627
0.0016345505
0.0029970927
0.0008841495
0.0016760108
0.002399813
0.00087089365
0.000958181
0.0019864077
0.0008825506
0.00088141666
0.00087565684
0.0020690286
0.0019392478
0.0015976151
0.0007670091
0.0038018927
0.0033558703
0.0013079273
0.0020977804
0.0010718554
0.0019747063
0.0012117437
0.0013127162
0.0013868187
0.00079213496
0.0042714817
0.0012854519
0.0019380606
0.0013419922
0.0011012236
0.000809598
0.0029014668
0.0016578685
0.0015979449
0.0027394176
0.0014100637
0.0014719691
0.0011907998
0.0015623837
0.0011480094
0.001784024
0.0015481946
0.0011616284
0.0026131615
0.0014039568
0.0014085023
0.0016831799
0.00074866874
0.0011425824
0.0013783447
0.0027606029
0.0010974271
0.00097257487
0.0011123668
0.0014334875
0.0011990747
0.0010879836
0.0015202429
0.002087932
0.001960345
0.0008616568
0.0015401164
0.0007923684
0.0014956155
0.0015160233
0.002092242
0.0012475712
0.0012874787
0.0009069308
0.002395233
0.0033138106
0.0013556131
0.001779897
0.0021801707
0.0023121887
0.0016785788
0.0034019158
0.0016522533
0.0015694618
0.0014156521
0.0017037558
0.0016155492
0.0024584737
0.0013807691
0.0009981696
0.001171861
0.00075917365
0.0023410367
0.0017538627
0.0012129161
0.0026436031
0.0015487432
0.0011565748
0.0010124027
0.001196193
0.0026351276
0.0017462597
0.0012683874
0.0015993373
0.0010206974
0.0016021498
0.0012238162
0.0009358033
0.0010948781
0.0016048047
0.0014354656
0.0014449157
0.0012782249
0.0012292203
0.001948702
0.0013948407
0.0013795114
0.0012527618
0.0014363617
0.003551256
0.0015616617
0.001078805
0.0009867293
0.0016497602
0.0010904891
0.001749547
0.0011957152
0.0026360112
0.0016472356
0.0018977849
0.0009466303
0.0024551803
0.0008669776
0.0019811848
0.0011398499
0.002058346
0.0008109597
0.001347724
0.00086139695
0.0015431823
0.0022790711
0.001093211
0.0028874704
0.0010841157
0.0018900153
0.001305335
0.0016999601
0.0015398996
0.0012493826
0.002198532
0.0016737937
0.0012705813
0.0014051703
0.0009667646
0.0009529149
0.00068873755
0.0019946587
0.00078120444
0.0012986426
0.00088237796
0.00097193517
0.0017454324
0.0014417494
0.00086533773
0.0016063736
0.0012810925
0.0013295658
0.0028576981
0.001608786
0.0011737564
0.0012638161
0.0024853107
0.0010569422
0.0041135387
0.0017002834
0.0013465055
0.0011726352
0.001930706
0.0025607334
0.001825165
0.0011296268
0.0013471248
0.0020775562
0.0011026848
0.0027241886
0.0013055621
0.0012335015
0.0013250349
0.0019654504
0.00145154
0.001648391
0.0040746005
0.0009046776
0.001055041
0.0012201187
0.0014878038
0.001453715
0.000652799
0.0017030617
0.001413932
0.0017332796
0.0016815799
0.001415334
0.0015975046
0.00060261483
0.0041046143
0.001582059
0.001230653
0.00074536045
0.0011884491
0.001133357
0.0027771525
0.0020319885
0.001335829
0.0019775429
0.0017506279
0.0034975274
0.002068856
0.0021270802
0.0042386665
0.0013764942
0.0008186228
0.0011003166
0.0008073358
0.0013693592
0.0037658175
0.0017495289
0.0030650028
0.0010144413
0.0013417458
0.0018375776
0.0025391837
0.001203073
0.0010760428
0.0012296266
0.0013315924
0.0013356061
0.0011344987
0.002390867
0.0011599435
0.0020734337
0.0021815645
0.0013499347
0.0013041908
0.001159125
0.0010478474
0.0019119125
0.0014954883
0.0019981125
0.001301271
0.0013092264
0.0013609049
0.0015530345
0.0022197291
0.0014202705
0.0015722397
0.0025816455
0.0025576493
0.0010843747
0.001315114
0.0013512708
0.0018184801
0.0013594894
0.00092141615
0.001967586
0.00091076014
0.0030505224
0.0012698232
0.002838078
0.0009126465
0.000877537
0.00089077075
0.0022986946
0.0017670481
0.0016587276
0.0028297377
0.0013259295
0.001653274
0.0016613426
0.001730773
0.0019368129
0.0018330553
0.00085697015
0.0015202112
0.002226472
0.0008429403
0.0018689601
0.0013102284
0.0013021436
0.0011113832
0.0020917414
0.0015702911
0.002983058
0.0012728907
0.0015176281
0.0010557302
0.00093770056
0.0025099358
0.0025439064
0.0018964773
0.001279522
0.001258812
0.0023212684
0.0011334394
0.0008351924
0.0016801411
0.0015206999
0.0018254953
0.0018748832
0.002608633
0.0027221597
0.00163304
0.0020332849
0.0014659862
0.0019859688
0.0025873291
0.001265833
0.0015019716
0.0034219096
0.0014261118
0.002325853
0.0010409256
0.0020675405
0.001192993
0.0011819652
0.0016569094
0.0036516236
0.0010396496
0.0014117645
0.001294101
0.0013020533
0.0018644116
0.0020007857
0.0014768802
0.00095858943
0.0010248754
0.0013427661
0.0017282759
0.0014485172
0.001206141
0.0013387912
0.00089654984
0.00132998
0.0017312065
0.0059025846
0.0014850699
0.0014035725
0.0033200758
0.0011447065
0.0035506054
0.0013314595
0.002290408
0.0015220045
0.0017642933
0.0015059788
0.0012616136
0.0017604246
0.0022124017
0.0013997643
0.0021046388
0.0024033207
0.002863185
0.0019823336
0.0021883885
0.00083220674
0.0015969314
0.0012771323
0.0039037801
0.0015214164
0.0014468716
0.0011718966
0.00176646
0.0043347515
0.0017767294
0.0028957252
0.00097472075
0.002225656
0.0021562404
0.0019042804
0.0014844049
0.0010428247
0.0012540227
0.0022084839
0.0011494206
0.0022931146
0.0015329878
0.0016543351
0.0016367104
0.00095978467
0.0013801726
0.0023629249
0.0019299198
0.0008411207
0.0017252966
0.0026282026
0.00160395
0.0036576588
0.0012889031
0.0016398014
0.0015809678
0.0029093889
0.0014211085
0.0021526683
0.00086595624
0.000953362
0.0012846921
0.0017554031
0.0014051716
0.001542777
0.0017469327
0.0011832372
0.0015759887
0.0013735072
0.0017213338
0.0010254809
0.002930141
0.001372895
0.0017334267
0.002018023
0.001460704
0.005212304
0.00096232956
0.0031332083
0.0012082785
0.0021810352
0.0018788641
0.0012753156
0.0031469408
0.0013815555
0.0033608954
0.0014994117
0.002432478
0.0011608722
0.0013935855
0.0011788534
0.0013565504
0.0014698425
0.0012350857
0.0016659225
0.0017363123
0.0012067624
0.0018993457
0.0009571582
0.0018850995
0.0013767156
0.0015650382
0.0007944004
0.0015834355
0.0009023724
0.0022557864
0.0011692363
0.0019197904
0.001460389
0.0021398792
0.0014949831
0.0018573607
0.0015070654
0.0017694336
0.0014381442
0.0017170861
0.0012770159
0.0027021593
0.0019907255
0.0016120322
0.0015241978
0.0014222438
0.00096198847
0.0018791984
