0.00011666
0.00005677
0.00004439
0.00003031
0.00008251
0.00002570
0.00005945
0.00002141
0.00023224
0.00004120
0.00005475
0.00005277
0.00002128
0.00002549
0.00003042
0.00030832
0.00002303
0.00008034
0.00011685
0.00005274
0.00004330
0.00024096
0.00004299
0.00008789
0.00003050
0.00003425
0.00003698
0.00010622
0.00005791
0.00006872
0.00002990
0.00009307
0.00004307
0.00000489
0.00005280
0.00006574
0.00015382
0.00006550
0.00003314
0.00007041
0.00030866
0.00006617
0.00007614
0.00004123
0.00007891
0.00001256
0.00002226
0.00003698
0.00007085
0.00002781
0.00005883
0.00004996
0.00016963
0.00003529
0.00006420
0.00024145
0.00003412
0.00002620
0.00003980
0.00003303
0.00004442
0.00004612
0.00001940
0.00003431
0.00007468
0.00003063
0.00002538
0.00006801
0.00008731
0.00003723
0.00026062
0.00002410
0.00004184
0.00003024
0.00007344
0.00019412
0.00027890
0.00007121
0.00009062
0.00005198
0.00005366
0.00017089
0.00004713
0.00004933
0.00031843
0.00021370
0.00001701
0.00004098
0.00004505
0.00004870
0.00004669
0.00004469
0.00010430
0.00022749
0.00004176
0.00004302
0.00002911
0.00005885
0.00005392
0.00003736
0.00002381
0.00004690
0.00018000
0.00005558
0.00001353
0.00006772
0.00001371
0.00007600
0.00003938
0.00007992
0.00004336
0.00031312
0.00011521
0.00005346
0.00006543
0.00009537
0.00005659
0.00002159
0.00011755
0.00004468
0.00003062
0.00002734
0.00003345
0.00007808
0.00001367
0.00004000
0.00009853
0.00001900
0.00002602
0.00007622
0.00007724
0.00011742
0.00001676
0.00007125
0.00003092
0.00007103
0.00004066
0.00004839
0.00002663
0.00008349
0.00002346
0.00002334
0.00003296
0.00006819
0.00000903
0.00024848
0.00004665
0.00001097
0.00015054
0.00008942
0.00000641
0.00007988
0.00005874
0.00002722
0.00009664
0.00003931
0.00005054
0.00003849
0.00003506
0.00018040
0.00005379
0.00002786
0.00005877
0.00004000
0.00001473
0.00005864
0.00000539
0.00008826
0.00035989
0.00022338
0.00003606
0.00006367
0.00005497
0.00006100
0.00006961
0.00005951
0.00004873
0.00009536
0.00003646
0.00006213
0.00005721
0.00002710
0.00004469
0.00011732
0.00002018
0.00005237
0.00004588
0.00032884
0.00004155
0.00005237
0.00009713
0.00006580
