1362908170
1326473287
2074175102
1416431739
1927874612
1200859820
1388999542
2000675969
1356552931
1925042460
1279298117
1233025952
1988964267
1191145675
1421548767
1800961365
1076327222
1877196877
1365104114
1232328176
2023387912
1407504303
2008775650
2053460715
1425407061
1600425847
1727941097
1240940928
1353002479
1605624967
1397386543
1087238533
2012551852
1829871206
1233655319
1535929399
1797000456
1530415596
1548544106
1645001457
1802914455
1546149774
1778878788
1926848469
1843813056
1173468669
2080085680
1727913733
1655454424
1299697821
1374633553
1167366544
1981712864
1648969206
1499918655
1410360399
1594214267
1224228495
1859779826
1543317622
2075789566
1077585957
1813288751
1603408500
1744892964
1431481822
1185837101
1589028829
2040011413
1739844345
1522319336
1126375590
1955279445
1413257540
1715805257
1133886950
1629113358
1663704606
2117382523
1214473304
1253781385
1996386695
1101214587
1152549053
1859981634
1248240218
1589945516
1915082041
2105041455
1137841017
1090830030
2088294816
1218447894
1328792368
1951448515
2010444841
1360226519
1375044010
1259856146
1745864378
1112666332
1095919694
2102824988
1298548542
1264863719
1582215246
1281391447
1775786680
1840214718
1867332231
2026397929
1828998985
1345942622
1249006404
1528828497
1114123454
1322231900
2017477334
1373210636
2088021179
1430852455
1277806791
1563156368
1824206902
1277615244
1869138241
1151044045
1775745634
1215964631
1780766889
1804655476
1371767197
1565920111
1664676020
1444917442
1659531628
1899840411
1130726432
1244204060
1950832829
1096357515
1090693211
1540198150
1593188125
1687141690
1451433444
1089858615
2051080065
1758656949
2089211503
1198752808
1866470272
1372334995
1271814121
1128954627
1837095246
1180815846
1798758580
1638379420
2107456309
1256722992
1302078470
1373087499
1869357152
1376234335
1370132210
2013536949
2062189763
2102157995
1304777224
1685007314
1487577587
1284360418
1425256560
1626489855
1390422459
1138497748
1114075568
1703559962
1451566842
1336625252
1266587638
2088486363
1370570031
1886185881
1223544400
2144144307
1920797652
1941542823
1223640173
1134755750
1537407044
