-1392
-778
-338
291
-741
335
-217
-476
265
-496
-1235
-967
-662
-748
-1011
322
-85
-434
143
-1362
-451
-499
-283
-748
-1418
-595
-788
-1032
-209
-968
-1379
-326
71
-928
-391
-1569
-627
-1321
-618
-643
-1845
-520
-244
9
42
124
-999
-150
-1475
-438
305
-706
-1071
-242
-1120
-684
-1057
-250
-290
-799
-285
-850
-1246
527
-1288
-830
-56
-1352
-1501
-862
-1482
127
-415
-42
-913
-1389
-1070
101
-1290
-27
-502
-1316
-430
620
-583
418
-609
394
-550
-1098
-184
-1092
-786
-276
262
-1594
-603
-520
191
-511
-727
-629
-837
-681
22
64
279
-249
-744
98
-635
-282
675
-258
-348
-521
-15
-508
-634
-1708
-840
-155
-310
-94
-316
-825
-1756
-423
-1136
-1026
201
-1193
-404
-993
-677
-1316
-417
164
486
-401
-148
-1253
479
-1177
-1156
-515
-619
-444
-294
-286
-737
-345
-1434
-688
-1068
-158
-591
-41
-1392
-892
-704
-1607
-267
-1026
-1388
-1225
-418
-373
-740
31
-904
515
-859
-788
-758
466
433
90
-99
-120
-175
-571
-1097
790
-68
-810
-598
45
-1661
-66
-804
-439
153
-262
-546
75
-1554
-783
81
-339
-409
-409
-982
-228
-131
-708
-1336
-384
60
-74
-944
-1326
-80
-990
-1200
-155
-1378
-673
-477
211
-1208
277
-876
-93
-1285
-987
-727
-894
-815
-1357
-208
951
-1062
145
-284
-206
-523
-576
-176
-1049
-780
-1023
-559
-1184
271
-663
-1313
-919
-1299
-531
-534
-741
-476
-603
-1466
418
-330
-1196
-567
-295
-1042
-1431
-811
-753
-718
-1374
-1031
-48
-271
-1191
121
-503
-237
-376
-466
-777
-310
-292
-58
-423
667
-667
451
-564
249
-1280
-289
-574
-771
-1383
194
-1159
-512
-339
-1459
233
130
-64
-1016
-1048
-1242
227
-808
-412
9
-42
-161
471
-26
-951
110
-890
-557
-35
-1336
-1158
-1486
-1166
31
630
-1048
130
-614
512
-149
-1144
-623
-575
-240
-51
25
36
-1027
-577
-1034
-711
-1760
-624
368
-27
-932
-919
-707
-360
-687
-1499
-150
-1129
-962
-1135
-578
-50
-739
-602
-459
363
41
-1213
248
-292
-422
-1232
52
-305
-549
-1203
-1020
-777
-395
409
-943
228
-1153
-1509
-597
-1569
-168
-523
-513
-205
-1376
777
-79
-1157
-715
-558
-851
-520
153
-899
-778
-1333
-985
-758
-958
-771
175
-420
-1164
-941
-663
-706
-560
-945
-1469
-488
-1131
-1557
-788
-721
-644
-649
-222
-1280
48
-1460
-722
-1394
-884
-1314
-1497
-796
-1235
-604
85
-599
-985
-570
-210
-195
-739
154
-290
102
419
-1179
-226
-893
-1208
-1304
-1543
-465
-967
-486
412
-923
-695
-283
198
539
-424
-150
-766
-388
-660
-576
-684
391
-427
667
-430
-837
-641
-1125
-362
-1052
-1032
-741
-871
-383
496
-325
307
-1105
-1002
850
-1017
-759
263
156
-412
-181
-1655
-9
-876
-421
-223
-833
-2166
-588
-795
-874
-11
-1001
-560
-740
-344
-1107
-581
-390
-1245
-885
287
-227
-385
-1020
-338
-978
-977
-383
-101
7
-1123
-159
-898
-1258
-712
-1636
-1033
-522
-529
-355
353
-666
-355
-551
101
-899
-169
-98
-693
-1025
-1464
-1644
-573
-95
719
-499
-562
-1126
-670
-85
-528
612
-1545
-475
-253
-290
-815
-966
-1408
-1025
-140
-461
-827
-696
-681
-1262
-515
-920
14
-1383
-963
-412
-508
-458
805
-1408
156
489
27
-1266
-542
-1012
107
-393
-1307
-1406
-1102
-1189
-687
-301
-472
249
-638
512
49
-253
-1614
148
-1378
-350
-861
-1552
-49
-272
-495
388
-1162
57
-839
719
-256
-47
-1033
-1304
-1454
-1746
-242
-919
3
-1271
373
2
-207
-979
489
-479
-1780
-81
-505
-603
-939
-591
-792
535
-894
475
-852
-1949
93
-642
-119
-1761
391
-215
-952
-72
-1209
537
-307
-637
-734
-640
-1071
-164
-346
-731
-824
-538
-662
-386
-576
-1146
-641
-1299
-766
341
-665
-415
-928
-964
-422
-684
-554
-1237
482
-1509
-805
-1071
-782
-535
-968
54
-838
-1027
362
-1358
190
-1481
216
-473
-1111
-1142
-1251
-1720
-663
-704
-697
125
-732
-639
-669
309
360
-948
66
-321
-1464
120
-1263
187
265
-226
-1471
-289
-813
-869
-803
-375
-762
-760
-1023
-844
-1321
-950
-374
441
290
-322
-310
-62
-961
-452
-769
-1039
-912
-50
-912
-423
-971
-540
-821
-1250
1073
-523
-286
-744
-481
-1089
-880
-724
45
-751
-925
-510
-1591
-1758
-1501
117
-384
-1793
184
-243
-1153
-488
-234
-20
-97
-278
-767
-771
-1231
-956
14
-1514
-1087
-100
-798
-593
-869
-770
-1059
-551
-711
-745
-1359
-950
1163
-27
-263
-1073
679
-1515
-108
-508
758
-1048
-54
-832
-1028
-717
-1099
-1120
288
-442
62
554
-583
-420
-229
301
44
-47
-654
-1338
-36
-392
-1072
-1020
-449
-482
-573
-850
-913
-871
-857
-947
-816
-671
-1459
-364
-426
-686
-662
-462
-344
-1525
-510
-872
-264
-393
-598
-334
-415
-411
-214
-686
-189
-1006
-1621
-1040
-417
-888
-982
-1186
485
-291
-1408
-1091
-1131
-615
-844
-410
-419
-557
-314
-317
-699
-81
-116
-755
-1128
-1044
-535
-176
-365
-268
-453
-693
-766
-615
-1332
-2
-251
-771
-465
-1468
-63
-791
-35
-417
287
-538
-1072
-808
-771
-674
15
-495
-1816
-29
24
-544
-291
-1433
-1052
-179
-438
-234
-810
-345
301
-648
-842
-497
-1139
-510
-416
-209
-380
-1405
-1359
-357
-1068
-484
-108
-553
-1122
-139
-1544
-1362
-1
-1295
-771
-1525
-584
1046
-607
288
-135
-360
391
-1352
-728
-450
-1159
-666
-794
387
-1240
-1160
-1156
-1009
-416
-827
-303
-726
-462
-848
-69
-1243
-480
-644
-1070
-341
-548
-736
-1030
120
-423
100
-488
-1677
-1708
355
-226
-333
-1117
-715
-1428
-1122
-530
-1442
-659
677
385
-155
-1149
-1635
-480
-617
-544
152
-1212
-38
-875
-623
983
-593
-671
-160
-144
-1009
-39
-1216
-509
-1644
-345
-579
-1250
-671
-997
-335
100
-35
-1079
-1463
595
-795
235
469
-533
-837
-585
-567
658
-554
-120
-679
103
-554
-689
-671
436
-422
-393
-671
-1372
-329
-645
-184
-875
514
-1073
-757
-1456
-1189
-937
-49
-172
-528
-637
-712
-578
-135
-241
-343
-757
-780
-1351
-47
-582
-1285
-933
-40
-800
2
-119
-107
406
-821
-296
-743
-991
-1253
-1321
167
486
-758
-168
-874
-1307
-232
-1107
-534
-378
-667
-876
-1324
-510
-589
275
-601
-385
920
-14
-1012
-720
-1324
-637
-1091
70
550
70
-797
-687
-795
-668
-632
-1443
-687
-15
321
-629
-191
-523
-109
-490
-456
810
933
-937
-658
11
-894
-572
-1459
-495
-786
421
-658
265
-856
-574
-269
-1519
-173
-648
353
-193
105
-328
-1379
-867
-253
721
-954
-997
-76
-1095
-843
-39
256
121
-1107
-1334
-276
-1533
-528
1009
-923
-676
1050
338
-453
-1002
-1115
-474
-187
-501
-282
-168
-1173
-139
-806
-110
-376
-1143
-1090
-1135
-892
-745
371
-1193
-1266
-579
-226
-371
-824
-792
167
-475
1479
-682
-589
-943
126
-326
608
25
-408
-586
-618
1400
-803
-768
-389
-155
-61
-648
-53
-953
207
-163
-644
-1176
-1044
-642
236
-859
-108
-26
-737
485
466
-687
-132
-15
-1053
33
-325
-217
-429
-53
-716
-919
-816
-810
308
-907
-398
-483
-1087
-114
-1021
-63
-1176
415
100
-1016
-298
-1010
-756
-590
582
-1159
30
-1252
347
481
69
-319
-226
979
-946
99
340
-726
-860
156
-1764
-416
374
-996
-1526
-151
-741
55
-1956
-554
-879
-901
-1810
-856
-840
-996
-248
-359
-1322
