1869903628
1980880395
1364865255
1275369195
1608081715
1419950757
1748205828
1819629234
1293598621
1638222905
1849128098
1715279925
1458577911
1845214969
1613908766
1383663176
1363824834
1660557057
1307037800
2125333946
1161229177
1597604681
2031953252
1625855689
1945084563
2032357072
1770236345
1762859076
1881928368
1916337721
1616107572
1864628965
1586322285
1811965039
1711170646
1467913402
1762080100
1127302097
1703450298
1627695478
1621957025
2074072171
1502786243
1658946133
1771142930
1278914367
1100207850
1797677237
2086733512
1766416302
1686792083
1952713264
1830473556
1755951289
1619157881
2030113631
1817327799
1274976124
1117132800
1806018516
1796909512
2114349024
1115393849
1221907877
1724217524
1750355613
1699908508
1912090921
1819111368
1969553465
1775033457
1325142900
1918341079
1773912641
1087738022
1865042729
1806328613
1295248789
1629110184
1411812091
1689754831
1734776594
1492093906
1335777879
1537819104
1570770455
1117338326
1313045901
1542329357
1361017922
1422998621
1967754360
1224613902
1546425745
1484663296
1649233577
1914560715
1437395079
1670793172
1323216856
1099991626
1809627977
1481900248
1681752211
1401388196
1351450386
1355594355
2062056773
1910210684
1567081603
1969660180
2054588896
1587480704
1095592257
1607284724
2058346960
1543509574
1116515636
1209661924
1842125383
1212117436
1548530293
1594646621
1932857813
1983869963
1978202598
1465116619
1268260570
2040768299
1125176187
1467383347
2056839033
1643515281
1767806566
1101103134
1866924440
1535666741
1899318379
1251490953
1830781611
1283492190
1253224731
1342088509
2140704058
1707459024
1743375835
1395059618
1951051545
1368621611
1134470291
1518493105
1421788034
1580876886
1884109394
1577850920
1805729280
1776563350
1718388496
1687960849
1863063881
1822698529
2094129700
1474398385
1537800018
1810776485
1781298515
1490299522
1332497768
1870571771
1524261592
1934197850
1498112052
1986267431
1458733713
1259396168
1337036783
1445271062
1406314122
1430822736
1358694588
1534438072
2101868900
1826840656
1244702772
1758003635
1693505495
2065768930
1317619070
2049170720
1837719400
1702550912
1241138079
1417397387
1510392879
1933642347
1754984802
1574825156
1455182983
1247802034
1672838052
2097187375
1246138423
1855483229
1808438050
1096767267
1512752844
1226779424
2049933355
1546869813
1633507394
1823405480
1964907535
1781327814
1099923151
1444232148
1672729563
1796232294
1275390658
1948584665
1740175216
1836196238
1753958411
1672000612
1462141499
1511560003
1080587106
1755734379
1700991387
1793162699
1601571184
1685926015
1347710102
2028789667
1542062019
1604178396
1128149147
1425532570
1399912682
1551145910
1898712650
1634826805
1714415364
2144492592
1966688224
1549609756
1798013653
1460424095
1955623208
1105129373
1434262399
1246786794
1810449847
2068434606
1473607689
1093760554
1946105496
1557311487
1677976535
1856840343
1388446425
1845490543
2004680049
1850248780
2097348869
1782296177
1183527803
1135945102
1665081574
1607706156
1673096416
1898170709
1667078102
1548497077
1715934675
1654353878
1991571426
1583498832
1669466328
1415421451
1489653243
1285207619
1346010980
1433737434
1904139231
1621364154
1115675786
1392759523
1441638798
1535986180
1584204879
1347642765
1709925000
1517231889
1719666487
1667105224
1766999932
1426180054
1321069616
1125242552
1214522036
1942580080
1528542545
1544983648
1584059390
1329040392
1576035944
1401909578
1284431623
1612378271
1436630669
1522378408
1883805726
1792691811
1870996786
1697156075
2120775410
1836523278
1126617982
1511582438
1906683895
1910419726
1495613093
1160728254
1401614382
1297748015
1681057080
1491846658
1149318016
1740485480
1489229601
1330007214
1591734401
1822961480
1944423585
1413327317
1588583003
1699628748
1525585758
1470132767
1356703552
1902558979
1838090706
1691494770
1402920165
1441614756
1597282898
1515049859
1594154102
1920340420
1761408608
1771575880
1386648123
1921634584
1642188638
1946975917
2004584954
1598851297
1661121132
1693699368
1740342837
1343403031
2034371681
1571551072
1803870874
2122943276
1743026260
1847432626
1566706580
1601095909
1993703599
1085666975
1292645226
1307253037
1525876568
1680966237
1440696084
1640577915
1694416265
1926743266
1096144026
1922392331
1318146748
1313038702
1787705547
1489140534
1765652428
1731965865
1657732666
1493777022
1401589938
2041935691
1722979848
1921176721
1978713064
1674419175
1734986372
1398341972
2071894326
1479026100
1285748589
1757532747
1749858206
1634660054
1667626238
1127847789
1085254232
1846751893
1920714237
1098218572
1516886801
1944734653
1131145479
1728402377
1670189453
1725945977
1535964851
1980111699
1815537032
2084302293
1166143651
1877701157
1120090173
1118993399
1477690047
1337308206
1120629670
1928987711
1509458569
2002342853
1841895782
1486220411
1267351340
1487311460
1298672547
1443278518
1291034369
1571279850
1654053926
1887981974
1899224155
1813247484
1725023153
1253456843
1980323553
1308297676
1720908416
1364913372
1845179341
1396816065
1378004114
1367621171
1815827038
1597709587
1577295552
1783700704
1235793819
1736736155
1627280709
1561524132
1261373677
2019396449
1681134227
1865962874
1699019336
1267574814
1834185948
1082858439
1737278566
1173722579
1586780215
1319001197
1510546303
1325781410
2145435942
1699195965
1126451633
1471806575
1713145643
1399650735
1366265999
2019262412
1716605229
1774031711
1410455981
1843825542
1239671405
1625207335
1642489661
1986542537
1143581505
1959290563
1227748524
1895445766
2088858754
1617610242
1527481298
1522163574
2114921236
1953116548
1534032043
1907526023
1491825630
1250750049
1836686982
1981062817
1656304097
1862224030
1757023319
1664099450
1803752373
1781812330
1287986773
1947659162
1608412204
2019474367
1119410059
1646055727
2031911598
1495956038
1493492071
1505324277
1886000547
1551704125
1078329535
1308186241
1945526052
1682310861
1668221252
1517528626
1253263137
1761306950
1128905220
1890808374
2119476357
1266310250
1933302282
1629989479
1496917838
1998300475
1974529215
1563985555
1320394641
1810632168
1196479318
1478981198
1893329063
1607795525
1124492339
1294771639
1162875260
1961409442
1651840119
1604506709
1671212863
1181153774
1764128328
2019671254
1918016283
1417956003
2085750283
1327420142
1744506361
1136789741
1836326257
1633374094
1163575682
1300793502
1623328839
1640406275
1289984707
1239476828
1943884490
1451951759
1662178897
1636053230
1333204887
1848297389
1605082804
1974937588
1658917169
2079358152
1476939265
1758444388
1825047444
2108488053
1834960437
1567262485
1457910638
1622999455
1238452882
1903004117
1459550074
1881079209
1796192448
1429058388
1674246062
1539270309
1922437869
1443364974
1401993188
1752921339
1267560951
1862956229
1477249462
1949148706
2013926874
1859187919
1720180336
2096648246
1631285384
1487669406
2099320083
1450546495
1876735205
1618303633
1732387464
1224339331
1976020065
1592031138
1458452278
1757550862
1577958003
1923714956
1437588350
1140673906
1345802876
1166633441
1388613143
1221924870
1108983972
1741047211
1110600990
1224528483
1559701588
1227677202
1282753596
1111475630
1398600002
1906254126
1358342368
1654122535
1166109162
1641578221
1546915820
1993447780
1470380082
1658876051
1647798578
1876699478
1941990959
1261802827
1122127184
1895126293
1797751304
2062123608
1846666843
1704505518
1508213996
1962347334
1390473290
1683065796
1989807948
1217971041
1941426416
1823512194
1673036378
1382623659
1885910876
1995477591
1489062381
1153694399
1691716904
1152428479
1612643198
1850527235
1974928012
1343370585
1663969430
1196446671
1147452444
1589185719
1772407627
1177113405
1861273314
1241347020
1976306891
1630600197
1571920068
1990870368
1430778705
1805889468
1457128314
1983349954
1929625919
1413375668
1306994874
1803212407
2043554183
1213967438
1417151244
1537647331
1711045515
1945300536
1671666440
1606264260
1340263922
1589250979
1566783426
1208452157
1517750626
2030776953
1255911904
1914377322
1742679029
1924840694
1109596397
1635515575
1253017933
1576059650
1281741369
1590165935
1425937863
1084732046
1382896321
1836267995
1825436865
1832908526
1407563048
1720403675
1817866761
1812729952
1475134970
1166012560
1345978969
1238978115
1482267168
1742301796
1615520628
1278903149
1339487508
1576282722
1719627512
1764712794
1931497350
1829234976
1877425080
1748453377
1534056085
1698511715
1197034820
1942831747
1797468698
1516273271
1839288368
2044062473
1613998035
1417071016
1557441004
1473780869
1874708006
1680397441
1680041605
1389056071
1937735789
1338738115
1916774689
1674033102
1623048174
1853969409
2110203783
1565317824
1683331660
1980540296
2087461994
1502891283
1950545967
1574280033
1647734188
1379409311
1424996890
1942750715
1729081872
1543596800
1997177047
1524890258
1358523451
1494000930
1132126566
1355944666
1880007246
1562579052
1340745592
1972746685
1771456476
1379150278
1964068187
1399135983
1276551656
1625033753
1316733581
1497126779
1508006929
1409684840
1739168346
1724738203
1180319582
1842966506
1852795118
1657505476
2132980730
1640569142
1304487243
1959865486
1381636395
1682362628
1492992420
2021263427
1098731951
1980948468
1751158028
1713079679
1773157204
1154466979
1568806039
1285895250
1861016490
1711825697
1997010832
2101506601
1935624946
1488794977
1546116418
1374803026
1525108240
2087701607
1696405125
1181481417
1539077976
1471003189
1881512829
1790908443
1255545085
1354054618
1334738529
1558033105
1900763557
1382459285
1848314265
1593386209
2043730745
1384152982
2051998760
1082947842
1217713581
1911601718
1872769774
1347645879
1796240665
1214223759
1487632774
1649719901
2098799203
1783353942
1745674993
1599580013
1550880615
1227957800
1377644494
1930098247
1671428367
2043067993
1444363205
1979267227
1302941144
1764049540
1098021919
1123979763
1514258728
1514128240
1646004831
1488734471
1884662117
1481676038
1731066714
1876323450
1287949153
1387265840
1617666830
1916320141
1645717704
2020366720
1974023102
1563750128
1186788911
1766759515
1968043463
1106845169
1795738905
1688974750
1812267703
1872807510
1536548514
1745399786
1435414590
1590553079
2143696338
1735086490
1540080157
1990046322
1203667870
1835430890
1798907346
1601931842
1387112884
2054247156
2030706536
1740162157
1765199286
1945934961
2009768406
1423142871
1749845314
1858301023
1400863532
1518341287
1660684766
1146644638
1576226603
1929077917
1443057422
1559922684
1646445282
1503278561
1934608533
1865245208
1900390643
1784608260
1575691391
1724871001
1547785672
1887842579
1690003049
1689319403
2106854025
1473425770
1553168422
1957816455
1623958274
1513387604
1606910840
1380522125
1662794470
1143331931
1999600699
1931561774
1318433640
1581363077
1348194517
1577850786
1171498107
1713810304
1509527647
1452109135
1699741087
1923317164
1085057128
1750086735
1395202596
1950652983
1943128517
1870098406
1145095225
1687242111
1605386907
1105436322
1417801072
1760179337
1503594785
1642402267
1669111262
1717349583
1436951481
1849610672
1216679121
2047354973
1211434091
1812215300
1925661392
1312366741
2030850752
1661400055
1854861093
1557034439
1990391879
1829517081
1598914448
1941925665
1667297758
1145484746
1688318460
1742723395
1624508486
2085077251
1819790997
1604812721
1556168973
1695511700
1226755885
1457408175
1172415071
1643499544
1203664455
1398436163
2005604682
1127012024
1099315581
1538003468
1640233697
1903537554
1781294665
1274246738
1322073639
1685933381
2024253229
1973175115
1815743864
1830295521
1779524892
1775609285
1539090231
1824210005
1504143725
1695749069
1550427005
1999870247
1208828118
1693669567
1951690858
1806864394
1959772065
1808117506
1978389272
1840454857
1636452128
2085078590
1815029981
1171965714
1792563432
1917060175
1232373359
1109611867
1678941750
1508425565
1518105626
1671982196
1483060140
1897613030
1561642633
1418569634
1751627677
1444066636
1723707225
1717815013
1160594652
2030113631
1742002983
1576063166
1671987218
1440342960
1804189342
1703465901
1126857662
1122244546
1533123282
2107352604
1940125555
1078159000
1757063600
1790184046
1896883945
1200554343
1291074316
1651173650
1074506412
1944843309
1279121299
1820107188
1704037744
1279505145
1615938712
1884422404
1884371910
1803974374
1683211117
1532812482
1186846504
2097769096
1675332623
1859286262
1839974225
1692616590
1081943735
1451060912
1682244194
1686607518
1323628979
1835685705
1691202453
1635754987
2094159501
1278660557
1438489878
1121547238
1906290590
1867201689
1848460725
1579962902
1693950165
1236272693
1665312816
1908613924
1844765276
1952513029
1466844252
1261342955
1365903666
1823211841
1634422450
2033116694
1531484499
1396627783
1483941779
1641401559
1591428288
1399993513
1436947496
1730947711
1974787881
1603854169
2009804670
1176175931
1775856498
1166177571
1561637845
1803843250
2083478046
1817850153
1747698509
1975396456
1767504203
1176354151
1767710131
1865836974
1751398645
1271940448
1652656464
1198760595
1899031219
2072911777
1433288378
1487585461
1686772595
1680339848
1480776921
1271315298
1575643643
1309835471
1521087191
2037610205
1528426858
1228540877
2071148500
2040988859
1382227642
1436628224
1991958068
1443215802
1526831939
1911065301
1938690959
1278603232
2058462347
1724987325
1111443084
1413234934
1468140191
2099400111
2061632629
1715965681
1408410098
1850854141
1082950403
1633179049
1769667282
1152206295
1788253448
1997868027
1580402382
1421762351
1953237292
1965408358
1502795987
1470889912
1470213866
1697351388
1546656585
1763678635
2088727027
1514925465
1754759252
2033311706
1502640955
1198886496
1217352136
1347149844
1498402929
1567776634
1660915505
1080366211
1741548502
1605880766
1632612831
1509328952
1289866039
1688413220
1624918299
1807770107
1629241041
1761330055
1294366648
1118362724
1583955958
1651445676
1793608474
1401864174
2047473507
1912872275
1710646719
1465045247
1822366834
1566381114
1162788486
1539852934
1955194242
1430065826
1751016256
1667297758
1688447206
1490367561
1426639892
1100166347
1751245623
1435813052
1472342288
1161837351
1815739845
1669897470
1585293651
1092005816
1249622569
2021662558
1411701593
1889456282
1505119019
1616270205
1844697136
1697673271
1576176577
1840026594
1678488608
1699919390
1809810801
1829403737
2124978679
1351588977
1234300273
1641787498
1773767621
2119716472
1908474295
