0.00055844383
0.00059158687
0.0004076149
0.00038088704
0.00048025112
0.0004240661
0.00052209897
0.00054342946
0.00038633123
0.00048925274
0.00055223925
0.0005122657
0.00043560204
0.0005510706
0.00048199136
0.00041322887
0.00040730418
0.0004959228
0.00039034482
0.0006347277
0.0006935986
0.00047712217
0.0006068397
0.00048555929
0.0005808965
0.0006069603
0.0010573567
0.00052647514
0.000562035
0.0005723113
0.00048264803
0.00055686856
0.0004737527
0.00054114056
0.00051103847
0.00043839007
0.0005262425
0.00067333406
0.0005087328
0.00048610874
0.00048439496
0.00061941845
0.00044880479
0.0004954417
0.0005289491
0.0003819458
0.00065715075
0.00053687353
0.00062319974
0.0005275375
0.00050375785
0.0005831748
0.0005466681
0.00052441214
0.000483559
0.0006062903
0.00054274214
0.0007615393
0.00066725997
0.00053936464
0.00053664425
0.00063144707
0.0006662213
0.0003649209
0.0005149349
0.000522741
0.00050767505
0.000571043
0.0005432748
0.0005882041
0.000530111
0.00039575188
0.0005729096
0.00052977627
0.00064970256
0.00055699213
0.00053945725
0.00038682405
0.00048653124
0.0004216355
0.00050464267
0.00051808835
0.00044561154
0.000398928
0.0004592673
0.00046910817
0.00066738273
0.00039213913
0.00046061428
0.0008129318
0.00042497634
0.0005876668
0.0007314581
0.00046183766
0.0004433924
0.00049254106
0.0005717806
0.00042927582
0.0004989798
0.00079035334
0.0006570216
0.0005404426
0.00044256722
0.0005022527
0.00041852242
0.00040360857
0.00040484616
0.00061583007
0.00057048147
0.0004680065
0.00058823597
0.0006135998
0.00047409866
0.00065439387
0.0004800131
0.00061472214
0.00046096675
0.00066689134
0.00072252733
0.0005501479
0.000723994
0.00046246618
0.00047623875
0.000577245
0.0005924797
0.00059078715
0.00087510963
0.00037876406
0.0006094723
0.00067206426
0.00043823177
0.0006142718
0.0004908333
0.0005279527
0.0006576855
0.0005575541
0.0004586245
0.0005672285
0.00037375584
0.0005467601
0.00038331296
0.00074854726
0.00040081266
0.00063931796
0.00050993
0.0005206565
0.0004166324
0.00058267853
0.00040873673
0.0006776156
0.00045349562
0.0004246148
0.00047212644
0.00056268636
0.00047122274
0.00053927826
0.0005305679
0.00051319407
0.0005041069
0.00055640115
0.0005443461
0.0006254086
0.0004403268
0.0004592616
0.0005407856
0.00053198205
0.00044507565
0.0003979484
0.00055864337
0.00045521837
0.0005776452
0.00044740885
0.0005931957
0.00043564857
0.00037611672
0.00039930397
0.00043162797
0.00041999354
0.000427313
0.00040577204
0.00045825756
0.0006277199
0.00054558314
0.00037172856
0.00052502507
0.0005057628
0.0006169387
0.0003935049
0.00061198167
0.00054883206
0.0005084642
0.00037066397
0.00042330354
0.0004510765
0.0005774793
0.0005241235
0.0004703191
0.00043458815
0.00037265415
0.0004995905
0.00062632177
0.00074431463
0.0005541372
0.00054008723
0.0006550957
0.0004517813
0.00073275156
0.00061220943
0.00046197028
0.00048784446
0.00054455723
0.0005868166
0.0005319908
0.0006569807
0.0004313177
0.0004995581
0.000536442
0.0007617869
0.0005819418
0.00051970064
0.00054837717
0.00052381697
0.0004993404
0.0004366663
0.00045142506
0.00064543134
0.00052434736
0.00050799845
0.00053552527
0.00047830676
0.0005034992
0.00040249154
0.0006058949
0.00046053444
0.0004790854
0.00067384
0.0004257331
0.00041808176
0.00046324733
0.0005670476
0.0004882385
0.0005120075
0.0006404494
0.0005873484
0.00046278856
0.000536974
0.0004361534
0.00058404385
0.00066009036
0.00042834025
0.0007447019
0.00054068805
0.0006177348
0.00044009066
0.0006532998
0.0005812014
0.00046508867
0.0005011251
0.0005545425
0.00041465738
0.0005511529
0.0005986946
0.00055257394
0.00062637
0.00053228
0.0007069175
0.0006784965
0.00049727404
0.00048013896
0.00049966766
0.00056688575
0.0004978703
0.00046245626
0.00051246124
0.00049407023
0.00059477973
0.00047290948
0.00049858354
0.00042271343
0.00044488264
0.00038382527
0.0008039682
0.00042818347
0.00056866824
0.0004842179
0.0006663897
0.00041594548
0.0004305432
0.0004587199
0.00047312034
0.00040247143
0.00051066646
0.00045311896
0.00051357574
0.0004978784
0.0005277118
0.00042592647
0.0003945354
0.0006721039
0.00072543026
0.00058014854
0.00045649687
0.00046140698
0.00047307689
0.00039691586
0.0004706807
0.00041867813
0.00038359352
0.00048153428
0.00042904753
0.00045465596
0.00056259567
0.00053538464
0.0005587703
0.00050685304
0.0006333663
0.00054847484
0.00067292544
0.00045143176
0.0005694282
0.0005705439
0.00044666254
0.0006932994
0.00041858997
0.00038757044
0.0005020451
0.0004455377
0.00034324205
0.0005197933
0.00044475612
0.0003972046
0.00047536902
0.00054442463
0.0005806991
0.00042208802
0.00047442786
0.0005075915
0.00045561383
0.00043905288
0.00040517742
0.0005681963
0.00054894295
0.0005051623
0.00041897994
0.00043053602
0.00047702607
0.0009049346
0.00047609166
0.0005735067
0.00052604196
0.0005290784
0.00041412032
0.0005738932
0.0004904371
0.00058146135
0.0005986662
0.00047749447
0.00049609126
0.0005058207
0.0005197507
0.00040120524
0.00060756196
0.0004693413
0.00053872325
0.00063401373
0.0005205521
0.0005517329
0.0004678945
0.00047816482
0.0005954165
0.00064846553
0.0003860465
0.0007808182
0.00045570068
0.00050201797
0.00043026166
0.00048995606
0.0010120696
0.0005754189
0.00065472344
0.0005741195
0.00039366249
0.00039213698
0.0005338955
0.00044472952
0.00052730937
0.00051724893
0.0004950793
0.0004461142
0.00041858267
0.00060982094
0.00051456527
0.00057375646
0.0005909396
0.0005000627
0.000518151
0.00041761267
0.00061876804
0.00044170886
0.00076797366
0.00052488444
0.00052259245
0.0004881887
0.000498034
0.00067366
0.000648219
0.0005515296
0.00057361834
0.00065596256
0.0004530159
0.000580792
0.0006756297
0.0005161847
0.0004987995
0.0005154511
0.00045871353
0.0005913573
0.00054220733
0.00062247366
0.000696534
0.00056077255
0.0006690264
0.0006683713
0.00044130985
0.00039938503
0.00066934864
0.0005760892
0.00045079747
0.0005979966
0.00055007933
0.00044385743
0.00037849252
0.00044418327
0.00038784655
0.0004310329
0.00077113084
0.0004692603
0.0009879613
0.0005638429
0.00056720036
0.00054152356
0.0005151755
0.0007486859
0.00059142057
0.00039072108
0.00051394664
0.00081525854
0.00055105996
0.00041715696
0.0004115388
0.00040843795
0.00054229394
0.0004771535
0.00047105688
0.00053269946
0.00073813583
0.00051867357
0.00048598487
0.00046634677
0.0003767073
0.00060308963
0.00050206814
0.00055726693
0.0005074095
0.00037855926
0.0005477768
0.000646788
0.00051883556
0.00070106087
0.00047388946
0.00039391767
0.00045112232
0.00039594257
0.00064073113
0.00050746225
0.00033641304
0.00043955276
0.0005116283
0.00041800353
0.00040803323
0.0006030496
0.0005126615
0.00052981183
0.0004212305
0.00055065565
0.0007404519
0.00048536566
0.000490527
0.00059327786
0.0006830577
0.0005851391
0.0007333304
0.00056607195
0.00062383444
0.0004830968
0.00091235986
0.0004545918
0.00063161796
0.00058329524
0.0004581363
0.0005696797
0.00044553142
0.00037353457
0.00054852373
0.00059164135
0.00049465266
0.00055615033
0.0005247323
0.00049698073
0.00053868786
0.0005321355
0.00038465526
0.0005816654
0.00048034982
0.0006031129
0.00066862017
0.000491592
0.00060682726
0.00044676496
0.0004460291
0.00044956277
0.00056325115
0.00046341404
0.0006440829
0.0003906878
0.00058102835
0.00050241954
0.0004982117
0.00045320758
0.0003742851
0.0005260116
0.0006742916
0.000564687
0.00063297834
0.0007563632
0.00057737774
0.00048679384
0.0004470522
0.00059678935
0.0005896901
0.00046708187
0.00039433382
0.0005407425
0.0003573267
0.00044169545
0.0005654398
0.00048016565
0.0006716558
0.0007733631
0.0006945818
0.0005857719
0.0004933195
0.00047918345
0.00049910514
0.0007054995
0.0005268542
0.0006031717
0.0005728126
0.00042347037
0.0006229061
0.00079286395
0.00052099413
0.000679001
0.000548416
0.00048780465
0.00034750008
0.00038847997
0.00048480465
0.0004899048
0.00038525194
0.00037016784
0.0005805381
0.00043362315
0.00049640716
0.00048860477
0.00039815958
0.00055199116
0.0004793555
0.00058981206
0.00049543305
0.0006209971
0.00044108563
0.0005251567
0.0005450476
0.0006296967
0.0005480081
0.00046806052
0.00043540276
0.00048470628
0.00036986204
0.00056832924
0.00087178475
0.0005617814
0.0005364301
0.00042678608
0.000500011
0.0004597007
0.0005741331
0.00043105872
0.0004187031
0.00052350725
0.00037855512
0.000556369
0.00044117827
0.00058211025
0.00060145615
0.0005552436
0.0005137292
0.00062616076
0.00048718086
0.00044429017
0.0006269587
0.00043320347
0.00056048407
0.00048330388
0.00051737484
0.00036564705
0.00059013534
0.00047545764
0.00043556452
0.00052488985
0.00047125472
0.0005745145
0.00042933354
0.000681321
0.00040192195
0.00069682655
0.00041470717
0.00072985195
0.0006623927
0.00051996106
0.00066335854
0.00036570354
0.00046580247
0.0003666439
0.00038309238
0.00066388096
0.00041768973
0.00056929985
0.00040566685
0.00049400114
0.0006965134
0.0004902548
0.00046198402
0.0005953401
0.00043912674
0.00049542077
0.0004921125
0.0005604734
0.0005799726
0.00075367093
0.0006702431
0.00056597654
0.00053689565
0.00061585003
0.0005515042
0.00050904794
0.00045042578
0.000586052
0.0004152627
0.000502645
0.00059425307
0.00036374517
0.000579804
0.0005445891
0.00049964973
0.00041291842
0.00056322437
0.0005959463
0.00044470618
0.0006890981
0.00050522864
0.00068834197
0.0004816134
0.0005526571
0.0005898092
0.00040119555
0.0004969419
0.00035731695
0.0006853698
0.00047460786
0.0005293268
0.0007030862
0.0005558664
0.00074145274
0.000590221
0.00048697623
0.0004694515
0.00059457036
0.00042729985
0.0005393261
0.00043516912
0.0005923244
0.0005762798
0.00042210246
0.000780664
0.0005385266
0.0006103043
0.000725099
0.00042323003
0.000459216
0.0005110011
0.000580961
0.0004992406
0.00047970834
0.00040026775
0.0009492547
0.0009358349
0.00072180474
0.00045327388
0.0006064884
0.0007501523
0.00057172583
0.0005204484
0.0005748507
0.0006627585
0.0004884442
0.00037421187
0.00047068778
0.00038279008
0.0004749006
0.00042585414
0.0006479071
0.0008259997
0.0005483986
0.0005451639
0.0005473953
0.00042036653
0.0005137959
0.0005429031
0.000541369
0.00044054678
0.0006964557
0.00040197454
0.0003700189
0.0004426768
0.00052033574
0.00048247274
0.0007638849
0.00080007175
0.0004707544
0.0005135641
0.00052702875
0.0005768387
0.0005462982
0.0005606901
0.0005221729
0.00045814348
0.0005072579
0.0003574926
0.0005802237
0.00053681125
0.00045283267
0.00054930063
0.0006104561
0.00048201802
0.00042320607
0.00046512735
0.00044014238
0.00055987865
0.0005018481
0.00050174183
0.00041483945
0.0005787018
0.00039981207
0.0005724418
0.0004999474
0.00048472083
0.0005536851
0.0006302091
0.00046747975
0.0005027244
0.0005914853
0.0006234173
0.00044883616
0.00058252754
0.0004701563
0.00049209327
0.00041195846
0.00042557312
0.0005801995
0.00051638763
0.0004609928
0.00059645384
0.00045540612
0.00040572093
0.00044618107
0.0006762157
0.00040495078
0.00056146126
0.00046666182
0.0008008232
0.00058915775
0.00052904274
0.0004118811
0.00058656593
0.0004178498
0.00038124018
0.00048531382
0.0007864809
0.0004471146
0.00045036394
0.0004210002
0.00051939994
0.0005150904
0.00070500124
0.0005503991
0.0005533344
0.00049501145
0.0006370114
0.00048995344
0.0003895831
0.0005853108
0.00082524715
0.000502435
0.00089175976
0.0006036472
0.0006562692
0.0005916072
0.00052298064
0.0005116086
0.00052955066
0.00068955956
0.0004685215
0.00038403063
0.0005557897
0.0005112341
0.0005964042
0.0006276117
0.0005780714
0.00088925264
0.00046174528
0.0004105828
0.00045547122
0.00062348886
0.00050662877
0.0007056952
0.00045964326
0.00043931283
0.0005619109
0.00053485204
0.0007499332
0.00040438632
0.0007972352
0.00046530418
0.0005676601
0.00041286933
0.0005519962
0.00047586233
0.00061035703
0.00041337515
0.00061282626
0.0006468414
0.00072733656
0.0005708969
0.0005592998
0.00040247236
0.001072889
0.0007252521
0.00044427923
0.0004926863
0.00062680314
0.0005325959
0.00052134314
0.0004777121
0.0004631681
0.0007334554
0.0004114314
0.00057642086
0.0004991695
0.0006101591
0.00043135684
0.0005911051
0.00038912136
0.00052683067
0.00032792255
0.00067134964
0.00045223103
0.00045219206
0.0004915768
0.00044460825
0.00056285143
0.00044250026
0.0005169804
0.0005603611
0.00076928805
0.0004143048
0.0004831137
0.00057230605
0.00049149105
0.0006033794
0.00058953895
0.00046701156
0.00070886535
0.00052764
0.00058775314
0.0006611152
0.00053629465
0.0005044097
0.00054123095
0.00055931107
0.00045888784
0.00052126095
0.00042868435
0.00047501622
0.0006402116
0.0005181809
0.00045994256
0.00059432426
0.00035947355
0.0005481486
0.0005372409
0.00047841447
0.00041425912
0.00061349774
0.00060646737
0.00051969674
0.00052717404
0.00058115047
0.00060021423
0.00042501942
0.0005225886
0.00055497873
0.00041836573
0.00045345028
0.00049596094
0.0006848873
0.00047073764
0.00057611614
0.00043096687
0.0004658685
0.00049170834
0.00044895182
0.00057776785
0.0005570526
0.00056754873
0.0005329705
0.0004705778
0.00051513006
0.0004622438
0.00056380127
0.0005047168
0.00050451263
0.0006292087
0.00044003633
0.00046385135
0.00058469886
0.00048499263
0.00045197087
0.00047990144
0.0004122908
0.000496591
0.00068290863
0.00059717766
0.00057685794
0.00039374817
0.00047227164
0.00040263621
0.0004712227
0.0006997322
0.0005118268
0.0004508181
0.00043367015
0.00050762505
0.0005743957
0.00064810127
0.0005226607
0.0004166751
0.0005825595
0.00058031233
0.000558502
0.00068396184
0.00050389225
0.00047944632
0.0006602737
0.0004234241
0.00052567484
0.00044904626
0.0004905009
0.0004984775
0.0005128838
0.00042914334
0.00055238337
0.00036335934
0.0006114394
0.00036179292
0.0005412153
0.0005750958
0.0003919363
0.00060651044
0.00049617456
0.0005539514
0.00046500593
0.00059442746
0.00054638245
0.00047751333
0.0005799531
0.0004979359
0.0006841945
0.0005042137
0.00052046165
0.00048515695
0.0006227051
0.00054347777
0.00047927484
0.00046474746
0.00050636195
0.0007327375
0.0004352527
0.0007002799
0.0004908286
0.00035947253
0.0004176408
0.00059897074
0.0006731608
0.0006566178
0.00045932236
0.00048985326
0.00056848855
0.0005319809
0.00038055182
0.00039483525
0.0005035014
0.0006045401
0.0005892857
0.0005422691
0.00054661493
0.00053145236
0.00053028297
0.00045964692
0.001089595
0.0004492102
0.00050643284
0.00046303263
0.00059725816
0.00036101465
0.0005058118
0.00058286946
0.00053961726
0.0005852829
0.0005399915
0.0005908429
0.000549649
0.0009774478
0.0006227055
0.0005420559
0.0007000115
0.0005353463
0.00057252706
0.0007360928
0.00066276774
0.00050141336
0.00090097793
0.0009067598
0.0004993349
0.00044291362
0.0005667192
0.00046638216
0.00042365363
0.0005231209
0.00043126827
0.0005147825
0.0005130228
0.0006932196
0.0006062903
0.0005202465
0.00047068883
0.0004993364
0.0004301562
0.00053881836
0.00050873746
0.0006730686
0.0006703132
0.0004578649
0.0006293576
0.0005794155
0.00064398104
0.00052474433
0.0005346357
0.00056650146
0.0007170874
0.0007711547
0.00049312046
0.00064179936
0.00058082445
0.0003820076
0.0005435722
0.00050890824
0.00076424447
0.0004825976
0.00056277984
0.00056276476
0.00053875416
0.0005026884
0.00045777208
0.00070889975
0.0006264955
0.0005003355
0.00055527297
0.00054950546
0.00050549733
0.00064624165
0.0004333571
0.00050239963
0.00050370273
0.00039529975
0.0005482247
0.000505075
0.0004885157
0.0006254175
0.00038187
0.00042960278
0.0006698967
0.00056931074
0.0005576369
0.00055203994
0.00047185348
0.0005058956
0.00073842186
0.0004973431
0.0005700046
0.0005509363
0.000583115
0.00043807077
0.00075339625
0.00040792502
0.0005444994
0.00048811774
0.00060718716
0.00045737548
0.00041710073
0.00044317692
0.00049020204
0.0004752776
0.0004181059
0.00042914215
0.00051694486
0.00058976735
0.00047898857
0.00060022506
0.00070252625
0.0005303568
0.00069655426
0.00046638073
0.000538715
0.0006222275
0.00054289814
0.00052194746
0.0005899491
0.0005278624
0.00035131635
0.0005279239
0.00055722933
0.0005230525
0.00037986305
0.0004935633
0.000716016
0.00056714274
0.0006190719
0.00042804936
0.0004442651
0.00050375203
0.0005018309
0.00044223174
0.00037967635
0.00047056354
0.00039118034
0.00045427034
0.00060852914
0.00045646232
0.00073380367
0.0006185453
0.00060953817
0.00041280015
0.0004290468
0.0005948952
0.00043101417
0.000455986
0.0005707367
0.00057898706
0.00076370576
0.0006147566
0.0005151648
0.00033193076
0.00084412086
0.0004384578
0.0006269826
0.0006157034
0.0005124705
0.0004206195
0.00055275473
0.00064684293
0.0004877464
0.0005285084
0.00034410463
0.00053405913
0.0005966602
0.00047198473
0.00042460713
0.0005833313
0.00058696617
0.0004488077
0.000439279
0.0004390771
0.00050691137
0.0004619066
0.0005267199
0.0006237951
0.0009048603
0.00052405614
0.0006072454
0.0004487614
0.0003580456
0.00072712067
0.00040232422
0.00044749572
0.00093642814
0.00049602985
0.0006452994
0.00052011077
0.00047959381
0.0004875773
0.00045075876
0.0003852165
0.000504242
0.00048527934
0.00053988775
0.00048657032
0.0005260185
0.0003865606
0.0006679946
0.000473046
0.0004932017
0.0005356584
0.00041866457
0.0006114748
0.00057127635
0.000510882
0.0004375335
0.00054424704
0.0004677973
0.00069452997
0.0004598747
0.00058391574
0.00042708695
0.0005229383
0.0004979359
0.00050425215
0.00044509597
0.0004260638
0.00032856298
0.0005230068
0.00042880335
0.00043971275
0.00034698093
0.0005422679
0.0004987123
0.0004734455
0.0006522517
0.0007463957
0.0006037664
0.0004216025
0.0002821416
0.00044950147
0.0004826966
0.00055091595
0.0005070075
0.0004707227
0.0005495211
0.00050127803
0.0005076783
0.0005404972
0.0005463486
0.0006346216
0.00040364996
0.00036862187
0.0004903173
0.00052973296
0.00063305005
0.0005699629
