47627
52088
67102
7405
34970
51932
80096
29428
31249
67186
92185
74398
7713
46159
192450
103100
83307
54304
83832
43103
130930
16522
76258
20306
98578
110183
34355
79383
57515
103325
77880
48034
50636
70123
4625
78700
71277
87974
34461
28641
122348
41254
88352
57036
48827
14167
96277
110666
65742
84327
17077
68858
51387
66133
22466
5426
97541
142496
56663
52993
19570
87300
134626
103154
99688
78453
62080
66058
49791
15922
15934
59012
56833
44603
22535
127128
43709
79731
58853
47497
60188
72326
52016
80248
25728
74673
28067
52668
11202
68186
123875
64075
34644
14968
34743
49031
27484
71401
50431
76132
79114
42793
77663
19543
57808
63560
77723
70500
11442
81449
91032
67320
94071
71182
53571
39261
99546
15317
47585
17461
17923
73546
118055
100770
52586
32662
71504
53963
49693
106082
96502
105135
29228
69510
78696
51070
9490
47719
101608
38637
77566
80246
16920
48912
79108
54468
36747
83832
23040
19147
61989
66052
64541
39335
50804
41768
46286
120582
32967
76491
110289
13886
91175
78954
73622
109719
56666
35643
92050
41794
77914
47831
11013
70450
138098
71617
54393
2634
81453
81584
64092
111683
9824
50724
57625
18122
39643
42988
27032
68025
19498
69583
19663
52530
56215
41218
32258
21029
181049
41043
45064
31632
21287
67239
64638
66945
53042
23971
136044
79787
51088
21130
71688
57058
50622
93427
57566
44679
62249
61212
20703
25220
65271
104509
76962
27566
52073
33583
23108
55878
32870
40990
73623
98175
90003
189716
100760
29477
24435
51431
64741
59590
80768
72295
70056
47561
46576
2902
81467
47410
104712
36690
28831
95590
100705
14774
70002
108572
43383
54277
34510
40094
21475
84149
26776
88455
10551
70875
84641
24528
105551
35163
68448
37986
28303
66464
41860
101869
2860
70420
46710
62160
54122
106387
94959
76296
64228
25362
55563
33803
48372
53850
81006
16385
20506
18737
56609
56024
58642
32377
85724
26983
34865
60863
26207
99346
44911
144706
60548
43507
16335
13534
19144
60652
20113
15537
72778
32835
17226
87222
111662
11253
32789
127728
27570
26801
18582
64168
77434
68393
43588
54901
96712
41186
57623
48827
88904
43804
47639
13445
53744
127623
88029
28081
19446
62781
123263
41384
71974
140999
49996
119291
53718
34785
23601
37793
87803
13219
54634
18639
72633
37636
41645
47873
58804
74081
67146
65730
97146
112832
120703
53675
35641
68087
41945
82982
22438
51972
36318
61330
63033
94211
87753
70019
88550
63732
47562
105197
-304
85793
15431
23746
27691
46544
99023
73474
77188
44017
8789
86709
87327
82613
86734
74599
88044
87296
19234
122800
78751
14897
62544
123900
62276
36988
35977
62814
125623
75193
44019
188974
25036
43383
39326
52705
88891
38238
91496
15904
9130
56423
59271
45647
95119
83817
59444
119190
83720
75166
28624
29792
110833
105627
47441
61230
77689
46600
28488
79118
48922
17455
65469
89570
38962
40422
14304
10986
17874
27983
48921
61523
25620
139386
114200
10091
85566
123778
14547
57001
117422
56498
76280
112501
95302
51534
91507
70272
76832
75558
29006
49962
14748
110987
57922
26911
40219
90040
64665
55056
41824
87461
39448
43620
77305
56899
78587
63469
45740
85844
120306
90577
19308
33931
44544
42639
77686
59578
44876
65700
9407
119279
48057
95168
17229
33262
12474
95205
63929
119245
64027
90259
65792
143609
31182
84081
118532
116074
47874
95002
45867
79148
45075
100085
22637
78688
20673
57032
28082
7352
117966
50937
39225
126279
56075
26952
15701
60059
116751
51579
64595
47803
52114
110662
88897
107489
60431
34666
74319
83568
60376
65830
67534
22898
45605
93095
102518
71748
132774
16546
29963
73012
61121
19019
49120
84832
80410
29792
71151
82443
45219
29035
63648
20082
74897
98629
32030
13643
36201
80519
2144
57829
9095
52910
139145
17453
48541
38628
49295
26965
41515
46987
75979
111940
67206
89273
34850
100193
70420
49774
61557
20778
7951
77167
43905
48980
64440
38738
14172
11384
79791
6361
25111
70536
83797
10095
26465
73083
55137
72163
43355
35727
14987
3403
66432
22139
13701
119565
47942
75389
75610
51647
37008
123195
30577
60899
16646
63304
13052
70337
90912
20579
52558
59940
30286
19264
16271
45241
24423
59838
43625
16190
122051
63329
26335
43263
51510
201674
60950
10844
98557
71607
63913
35698
