0.00145432
0.00150691
0.00126221
0.00373392
0.00231830
0.00159346
0.00111174
0.00219413
0.00201193
0.00124266
0.00091067
0.00114177
0.00394794
0.00160962
0.00050395
0.00091247
0.00104670
0.00130519
0.00103261
0.00158043
0.00079476
0.00290985
0.00119843
0.00310042
0.00094327
0.00103315
0.00185195
0.00136170
0.00140161
0.00082123
0.00113170
0.00204973
0.00169647
0.00126162
0.00825812
0.00103199
0.00133184
0.00108644
0.00230166
0.00304539
0.00072433
0.00220435
0.00104208
0.00139433
0.00161309
0.00212459
0.00091434
0.00073047
0.00168981
0.00103073
0.00282583
0.00112718
0.00160221
0.00120808
0.00192122
0.00781615
0.00085907
0.00058613
0.00149796
0.00179381
0.00325309
0.00098616
0.00071887
0.00082555
0.00104071
0.00119614
0.00132296
0.00117811
0.00174399
0.00342259
0.00348833
0.00156702
0.00139094
0.00205020
0.00296203
0.00083015
0.00192822
0.00097664
0.00152674
0.00205891
0.00145658
0.00126940
0.00136509
0.00127859
0.00245562
0.00122847
0.00200308
0.00144208
0.00416580
0.00120613
0.00071239
0.00157518
0.00238951
0.00314170
0.00172135
0.00196201
0.00236126
0.00127149
0.00147698
0.00113927
0.00112084
0.00191126
0.00123477
0.00178264
0.00169858
0.00123537
0.00129111
0.00139057
0.00426499
0.00094925
0.00092544
0.00152162
0.00097019
0.00120114
0.00160719
0.00152594
0.00079707
0.00452636
0.00187635
0.00193216
0.00394266
0.00107315
0.00076231
0.00104220
0.00151069
0.00258481
0.00108214
0.00164863
0.00167627
0.00091371
0.00099922
0.00080261
0.00281393
0.00104584
0.00112836
0.00147237
0.00406769
0.00158060
0.00107330
0.00252589
0.00118060
0.00111454
0.00336732
0.00174942
0.00104201
0.00153263
0.00235323
0.00105398
0.00296814
0.00264362
0.00134450
0.00145130
0.00114617
0.00195587
0.00161294
0.00188111
0.00202257
0.00067463
0.00175305
0.00090704
0.00083589
0.00311257
0.00110112
0.00120798
0.00109550
0.00086068
0.00161669
0.00207419
0.00100210
0.00209829
0.00124350
0.00152228
0.00530919
0.00152789
0.00075626
0.00121675
0.00180446
0.00410736
0.00103857
0.00105827
0.00128699
0.00076639
0.00606100
0.00183521
0.00153708
0.00280230
0.00191598
0.00189032
0.00195893
0.00129757
0.00371997
0.00150985
0.00318321
0.00135368
0.00138325
0.00191046
0.00215817
0.00229094
0.00051939
0.00179931
0.00157193
0.00169574
0.00301723
0.00124231
0.00134248
0.00125743
0.00151472
0.00248617
0.00062092
0.00115668
0.00157751
0.00255788
0.00102976
0.00138589
0.00260688
0.00091563
0.00141321
0.00169260
0.00168642
0.00118520
0.00211243
0.00224962
0.00132297
0.00081667
0.00115997
0.00223568
0.00112289
0.00251420
0.00180141
0.00153049
0.00242325
0.00185969
0.00123020
0.00090144
0.00098089
0.00048860
0.00082495
0.00307306
0.00177738
0.00148189
0.00170206
0.00150522
0.00112735
0.00114191
0.00132704
0.00181381
0.00175688
0.00499491
0.00106395
0.00120812
0.00082348
0.00228305
0.00209104
0.00114602
0.00078727
0.00493506
0.00126675
0.00082581
0.00174347
0.00151632
0.00214281
0.00173376
0.00262249
0.00104705
0.00306536
0.00144752
0.00182411
0.00119714
0.00098476
0.00366685
0.00086126
0.00225406
0.00112515
0.00266529
0.00237997
0.00123253
0.00147425
0.00096816
0.00355934
0.00108535
0.00192978
0.00135631
0.00164910
0.00090476
0.00090572
0.00096450
0.00137584
0.00270957
0.00169618
0.00224966
0.00155827
0.00147572
0.00094754
0.00343090
0.00245460
0.00327670
0.00183358
0.00143817
0.00122370
0.00258958
0.00107588
0.00319409
0.00238581
0.00169513
0.00249596
0.00087766
0.00143989
0.00070771
0.00121774
0.00167835
0.00233102
0.00505816
0.00302383
0.00139765
0.00202342
0.00306037
0.00118706
0.00192928
0.00491431
0.00131920
0.00073498
0.00527515
0.00245680
0.00068246
0.00266900
0.00298423
0.00363708
0.00134894
0.00118014
0.00110374
0.00163770
0.00145012
0.00092524
0.00204218
0.00142656
0.00149367
0.00119640
0.00173373
0.00178156
0.00225593
0.00143189
0.00066019
0.00096482
0.00277244
0.00207529
0.00130782
0.00082441
0.00206904
0.00113213
0.00070054
0.00175301
0.00079060
0.00165164
0.00210855
0.00253881
0.00175814
0.00092085
0.00273125
0.00164219
0.00278315
0.00120255
0.00189952
0.00186915
0.00183576
0.00153710
0.00119186
0.00127263
0.00123928
0.00086575
0.00088934
0.00074115
0.00162356
0.00241822
0.00125064
0.00261166
0.00119443
0.00289807
0.00159645
0.00167915
0.00142935
0.00113529
0.00085636
0.00122187
0.00121068
0.00101871
0.00114027
0.00164548
0.00076448
0.00601920
0.00104412
0.00243204
0.00221590
0.00240055
0.00175961
0.00092370
0.00102648
0.00130794
0.00127036
0.00638716
0.00109640
0.00124016
0.00101907
0.00101005
0.00121349
0.00092006
0.00103636
0.00220836
0.00077457
0.00111061
0.00279574
0.00119112
0.00080711
0.00116357
0.00119441
0.00175078
0.00133040
0.00071819
0.00123924
0.00191229
0.00053093
0.00289736
0.00189381
0.00171991
0.00155880
0.00105441
0.00224303
0.00087648
0.00430971
0.00333384
0.00206499
0.00122605
0.00146476
0.00089299
0.00097404
0.00143164
0.00077738
0.00090866
0.00111287
0.00203929
0.00228313
0.00081982
0.00092940
0.00140458
0.00155524
0.00107560
0.00163766
0.00299993
0.00118441
0.00188787
0.00241990
0.00129352
0.00109143
0.00188521
0.00210676
0.00388956
0.00336331
0.00269804
0.00195457
0.00184487
0.00133241
0.00260811
0.00063041
0.00079794
0.00438716
0.00096349
0.00068884
0.00481641
0.00142676
0.00073766
0.00142715
0.00117054
0.00089426
0.00099053
0.00139196
0.00091103
0.00126510
0.00104136
0.00109043
0.00227106
0.00173229
0.00328947
0.00087363
0.00147568
0.00162522
0.00160273
0.00092137
0.00107391
0.00131565
0.00141334
0.00104478
0.00211880
0.00150734
0.00110103
0.00141194
0.00124930
0.00150820
0.00139132
0.00092655
0.00071395
0.00093023
0.00410290
0.00213745
0.00181146
0.00235200
0.00119288
0.00159713
0.00176398
0.00098221
0.00365608
0.00069843
0.00180432
0.00107171
0.00224810
0.00200702
0.00553595
0.00095873
0.00123760
0.00074814
0.00120044
0.00076724
0.00132087
0.00070250
0.00233006
0.00105977
0.00083512
0.00069855
0.00157822
0.00082534
0.00160616
0.00118800
0.00173505
0.00085840
0.00282073
0.00119517
0.00281246
0.00131298
0.00233201
0.00684559
0.00084667
0.00163477
0.00208665
0.00083585
0.00142110
0.00247296
0.00251525
0.00124148
0.00095060
0.00155484
0.00133934
0.00208946
0.00165713
0.00081304
0.00091775
0.00081788
0.00132656
0.00193295
0.00130280
0.00101229
0.00134805
0.00127062
0.00134005
0.00228749
0.00143372
0.00099943
0.00082620
0.00115051
0.00067130
0.00372444
0.00219840
0.00112065
0.00132241
0.00316748
0.00180167
0.00105737
0.00100827
0.00255897
0.00118613
0.00110462
0.00194814
0.00288953
0.00129587
0.00290951
0.00136908
0.00092463
0.00239414
0.00310876
0.00203873
0.00116790
0.00454700
0.00137513
0.00231564
0.00128079
0.00061088
0.00372083
0.00176727
0.00191854
0.00188134
0.00305440
0.00201547
0.00167259
0.00138714
0.00073224
0.00123967
0.00118995
0.00152816
0.00085859
0.00119609
0.00154144
0.00107015
0.00284814
0.00305659
0.00115940
0.00169254
0.00165531
0.00134399
0.00151801
0.00460544
0.00315669
0.00116510
0.00379320
0.00314967
0.00119178
0.00084650
0.00320830
0.00221223
0.00119320
0.00155484
0.00110380
0.00138513
0.00194691
0.00276717
0.00511369
0.00120620
0.00232859
0.00464721
0.00087155
0.00162021
0.00109319
0.00112939
0.00122592
0.00221602
0.00068647
0.00189669
0.00144359
0.00380267
0.00126594
0.00384898
0.00114649
0.00100258
0.00295275
0.00131020
0.00123238
0.00139543
0.00307766
0.00354999
0.00176968
0.00343777
0.00116518
0.00135284
0.00471481
0.00101404
0.00122004
0.00159463
0.00159567
0.00134562
0.00045347
0.00119424
0.00310014
0.00084376
0.00107859
0.00139383
0.00188967
