21
-86
-60
-128
10
-128
29
-88
-97
-14
-56
-128
-122
14
78
71
-8
-4
24
-88
-93
-9
42
-30
-72
-17
23
-37
-47
-104
33
-50
-32
-81
15
36
28
61
43
-43
-128
16
7
-9
2
-27
34
15
-100
-74
0
-128
-18
-122
-58
-128
-106
10
-59
-101
-128
-64
-19
-48
-98
-1
-111
-91
-5
-97
-90
-51
-56
30
-53
40
-122
-94
91
-64
8
-127
54
-107
18
-1
80
-44
-128
-33
-22
-22
-16
-128
-70
-28
55
75
-57
4
-61
-78
-94
-81
-71
24
-118
-128
-20
36
-80
14
45
-29
-70
2
-38
-89
71
-11
-45
91
-103
-61
0
-95
9
-102
-128
31
-42
-10
8
-5
16
-125
-95
-20
-30
-8
-74
-2
-128
-124
28
-52
0
-97
-128
-128
-28
-66
27
-2
-21
45
16
-1
-110
-10
-9
-128
17
79
-35
-3
-89
-110
-46
-90
45
-126
-77
-38
-126
-128
49
-85
-55
8
103
-109
-102
59
-116
-79
-62
13
-58
-89
14
-31
-5
-94
-92
-69
-55
-128
-128
34
-100
-69
-94
-87
-42
3
3
-47
-43
-83
-122
-128
11
-30
-128
12
-58
25
-85
-58
-128
-41
-66
-69
7
-49
-78
-104
-128
71
-128
-40
-107
-93
-75
-23
-57
-104
-16
-12
5
-77
77
-128
10
-69
3
9
66
-26
-128
-30
-56
-29
-13
58
-30
-3
-70
-68
-58
-4
-38
-93
-37
-80
-99
-15
-90
-128
-21
-14
80
40
-128
-68
24
71
-47
-48
22
-60
-128
8
-128
-39
-45
-84
-56
-128
3
-77
24
9
-12
-128
28
-91
-124
-128
-93
-73
-29
-113
4
31
-124
-4
34
-72
-13
-128
-52
-43
-111
-38
26
-110
-39
11
32
-61
-59
-70
-44
-64
30
-128
-79
-61
10
-62
48
-128
-59
-115
7
-96
34
-46
2
50
-128
-62
-128
-23
-1
-40
-69
-47
-74
11
-100
-103
-19
19
-25
50
31
-13
-110
-37
-69
-50
-28
31
-90
-108
-27
18
-102
-65
-41
-44
-63
-20
-68
-79
-110
-88
-92
-52
-22
-104
32
52
-30
-32
66
-128
-128
-71
-23
-128
-31
-128
-60
-128
-32
4
-12
47
-18
-57
52
84
51
-70
41
79
15
-128
70
-13
-89
-15
-71
10
-57
4
-34
-40
22
-60
-128
-69
-47
-128
-97
-45
6
-24
-101
-27
-126
-27
59
-78
-7
-91
-65
-93
-6
-9
-39
-100
-71
13
45
-128
-30
84
-115
-41
-11
-116
6
-40
-13
-128
23
-128
27
-62
-91
-73
-48
-68
-102
-110
-92
-106
-18
-67
-128
-60
-80
6
-128
-128
-32
-55
-51
-48
-67
49
54
-37
44
-100
-89
-102
-112
-76
-23
1
-62
82
-46
-9
-109
0
-80
0
-126
-58
-64
-73
18
-8
53
-114
-11
-13
-97
-1
-80
-50
-19
-111
-99
10
16
-4
44
-45
90
-99
-51
-59
80
-128
33
-63
-123
-30
-16
-89
-26
6
-71
46
28
-128
-64
-23
33
47
-53
-29
-102
-120
-16
28
33
-17
21
-52
9
6
33
80
-120
0
-128
-13
-36
-92
-48
-44
-128
-32
-53
34
-26
-128
49
10
-53
3
-97
-123
8
4
-16
-3
-90
58
-95
-65
-128
40
-29
-87
-48
-128
10
-13
-109
-9
-53
-54
39
12
-97
-21
-79
42
81
16
-76
-96
-128
42
-26
-99
-84
-128
9
-46
-65
-4
-72
-58
-99
-23
-71
-55
-128
-113
-30
-128
-10
-53
-45
4
-17
-58
29
-5
34
48
-48
-63
-24
75
-108
-18
-13
-52
43
-44
-76
28
-50
-28
3
-13
-128
-43
19
-127
-128
-51
-113
-101
8
-60
-42
33
11
-84
-6
1
16
-128
-8
-32
-102
-35
15
-22
-70
-88
42
-128
-92
-111
-128
-1
8
32
-22
-114
-31
-53
50
53
-128
23
-30
13
-54
20
15
73
-60
-89
57
-128
78
-75
-128
-128
-27
-22
-22
-126
-50
-118
-6
-128
-13
-58
-128
-4
-3
-88
-93
-75
-128
-15
-119
28
-128
-128
-68
-38
-110
-120
-34
-74
-128
20
-123
-44
59
-44
-30
-54
0
-101
8
-20
-33
-53
39
-78
34
67
29
-128
38
-128
47
-46
17
-73
-70
-128
-53
20
-51
47
-128
-62
-128
-104
-6
-128
28
-51
-128
-11
-24
-128
-123
-99
46
17
-57
-11
39
-68
-59
-128
3
66
15
12
-38
-67
-128
-67
-104
0
-89
20
-10
13
23
-54
-128
-78
-127
-43
-71
13
-128
-35
-5
-87
-96
105
-40
-114
-15
-28
-24
-58
-12
-74
10
29
-61
-18
-76
11
-128
-48
-74
4
-10
-128
-82
-48
-5
-42
-128
-20
19
-128
-9
-90
-47
31
-52
-22
-86
-63
-128
-56
24
-72
-95
38
-94
-52
33
-48
19
24
-42
-18
-124
-106
-114
-128
31
-128
-76
6
-93
-125
-47
-94
-66
42
-128
-37
13
46
12
45
36
66
-30
-63
0
-128
-128
-98
33
26
-13
-77
-128
-61
44
-20
32
-128
-11
-43
-55
11
-128
-128
52
25
5
-125
-29
13
9
-91
24
-43
-128
-18
-128
-62
-59
-93
-88
-84
-128
-107
-44
-109
-31
-84
-8
92
66
-18
-92
-49
-123
-128
-128
-128
-128
-57
-60
40
-15
-20
44
-112
-47
10
33
-8
-3
-60
-18
-80
-9
-120
48
-52
-126
-123
-61
-91
-128
14
19
5
-7
-43
-8
-97
-60
-110
-93
-23
3
-75
-127
-14
-41
14
22
22
56
5
64
-67
-33
3
-52
-25
-30
-55
-72
-12
-102
-102
-21
-128
20
42
-12
-57
-76
-10
4
-106
-80
-122
-45
-40
-47
-128
-49
-124
-108
-34
64
15
-128
-128
-128
-121
-117
-90
-128
-128
-128
-128
44
-128
102
-31
-5
3
-25
-46
-39
-107
29
-53
-91
60
-36
-125
-82
-77
-57
-71
-94
-70
25
-33
-11
-98
34
47
-109
0
-7
41
3
-59
15
-89
-7
-14
-48
-11
49
-64
-95
-81
-5
-128
-27
-95
-128
-66
-67
-11
-83
-39
-17
-82
-128
-82
-39
-26
-92
37
-79
-62
-128
15
66
-128
-102
-128
-53
-45
16
-25
-78
15
-84
48
-25
3
-91
-48
37
-47
-52
-120
-59
-95
-8
-81
-77
-36
-128
-128
-57
-128
17
-2
-68
-54
-60
-106
-99
18
61
-128
-27
-128
-57
-64
