0.00053692353
0.001180194
0.0006159234
0.00064673554
0.0005551012
0.00057348836
0.0007799508
0.00058382144
0.00059985917
0.00066417863
0.0008147221
0.0007457362
0.0007291768
0.0006221367
0.0006687438
0.0006978037
0.0005523163
0.00069405144
0.0007747692
0.0006717335
0.00072453776
0.00089687953
0.0007143587
0.0006414027
0.0006489838
0.000663978
0.0011084825
0.00075681164
0.0006998678
0.00068988244
0.000539926
0.00070381595
0.00067139417
0.0005839291
0.0007035783
0.0012495999
0.0007612336
0.00073851773
0.00056448614
0.00062335306
0.00058679626
0.0006249108
0.0004905803
0.00059489114
0.0007723596
0.0006272914
0.00066775415
0.0006086947
0.00065639627
0.0006670406
0.00095363584
0.00047409613
0.0005853108
0.00053387554
0.00064027816
0.0012263086
0.001217987
0.0008201216
0.00068868144
0.0009737795
0.0009029492
0.000553082
0.0006854059
0.00053946173
0.000561675
0.0007585102
0.00063641445
0.00065451674
0.0005448677
0.0008184939
0.0006921503
0.00061932724
0.0006610669
0.0008205045
0.00062738126
0.0005463554
0.00077379507
0.0006156403
0.0010455039
0.0010326614
0.00056254276
0.00060088123
0.000590974
0.0005240833
0.0005935819
0.00063547125
0.0013905744
0.00061564485
0.0006472618
0.0006953579
0.0010497652
0.0006747001
0.00073895
0.00068805774
0.00068082585
0.0007424632
0.00067769986
0.0006541227
0.00052530196
0.0004865297
0.0005604747
0.0005713328
0.0005982887
0.0006754164
0.0006262584
0.00070310023
0.0005093191
0.0006937758
0.00065676105
0.00055894075
0.00067449355
0.00062675064
