1131095000
1817447273
1479907382
1153563234
2069819551
1163385091
1823147475
1138289421
1811705381
1123702551
1695614929
2015519820
1440066608
1996004966
1957231085
1466181796
1268315805
1881324405
1792872732
1591195868
1690195189
1620786512
1747013393
1543905794
1239352412
1233343322
1248679670
1660718246
1546026315
1982340020
1952122127
1961199244
1681119967
1357921542
1598271851
1709770683
1196851038
1189761791
1519975558
1612848298
1928870305
1604819124
1955334176
1691224182
1979641520
1576511405
1494383394
1182086984
1518921930
1195641072
1233648420
1972036829
1088795446
2046717435
1561326658
1197139080
1874354543
1486773018
1618969193
1990151268
1980092533
1936277915
1208984813
1740032162
1087838463
1305104659
2097564450
1427318849
1774528996
1545277784
1358471096
1967261394
1990757672
1682427527
1848781329
1823092520
1290210797
1944585656
1133953629
2063116886
1443540169
1176798000
1314432866
1308179320
1974055019
1379399630
1146900364
1623894335
1246487139
1589960319
1447463321
1521923632
2090329287
1426882996
1299865893
1153161491
1853441169
1188855974
1350256210
1493524952
1930208185
2005889359
1881555596
1177353239
1757034227
1950086882
1602185054
1781411687
1424010154
2105334008
1282505670
1973816247
