0.00457386
0.00325895
0.00393191
0.00228617
0.00318733
0.00253239
0.00443488
0.00289765
0.00205207
0.00326784
0.00200461
0.00274196
0.00397506
0.00242482
0.00273203
0.00423901
0.00258787
0.00406887
0.00299421
0.00471425
0.00193278
0.00293233
0.00334898
0.00389215
0.00301084
0.00361552
0.00430206
0.00315960
0.00457851
0.00218042
0.00198990
0.00275901
0.00228630
0.00282783
0.00181206
0.00283452
0.00319256
0.00279496
0.00348680
0.00232818
0.00308444
0.00255966
0.00283194
0.00283920
0.00315646
0.00222583
0.00376621
0.00435689
