8569
25302
22262
14013
12314
40840
-28110
-40428
-47811
48778
133957
47140
43
5213
197170
54838
104429
49820
83124
24223
67564
6846
65638
-31968
56334
97675
35063
90239
36275
77601
63248
61014
-12140
-1149
11705
47430
59831
90452
-18757
34659
90488
2196
61920
23996
19917
36705
32911
127894
22908
43145
28877
13634
293
40409
-7034
27492
86685
180610
23269
16295
-43324
29952
146072
81442
96856
27595
89102
71250
76105
7426
-7902
63850
37599
40945
8729
126302
8781
37251
38439
38883
38240
46130
32782
60306
2954
23933
-29753
-14120
14034
65354
84817
1771
-10078
12136
-12929
11743
-1780
29747
-12817
42738
9022
-69779
90171
-33911
30078
88576
56129
163366
4362
61861
69084
105788
25513
110594
20059
21443
80784
-3563
18793
24423
4353
70360
148145
40472
-20692
-4626
41414
67415
19131
198712
70424
55575
-1570
70100
94036
21452
-8210
26007
91106
37457
85000
83904
-10456
-29558
26362
13168
-25321
57990
-17434
18557
52195
37378
42711
31075
-1116
20882
10768
152560
2405
36017
109581
7750
87045
40722
41408
20157
49232
-33505
55352
13120
93372
39571
-6097
34342
80278
72089
58287
392
132311
115332
12172
41119
502
23820
25411
-2882
-52515
34020
-39874
28377
-20622
91649
-2757
49816
53973
4284
-6682
-25699
139041
-4741
-38480
34700
5003
71723
76792
70249
28498
-1635
72088
88755
-12160
-30554
59888
22484
20178
98147
9540
30165
94581
34072
30851
8582
40137
108167
26222
-2996
59153
4201
-8398
57648
11040
-11992
75629
56639
183577
162694
65714
-7929
-61587
17565
4443
84016
76048
46807
19552
38711
44216
23788
64829
-75664
78988
21350
16087
43080
97637
-16260
9232
83910
9281
9319
-23428
14842
6489
61847
8722
103441
-12813
2081
46999
20870
76287
-5311
70218
-954
-13587
21860
-20444
62339
18082
1036
31134
45404
11524
71577
86345
38418
31188
8960
7183
1943
28548
32492
77112
-20431
11302
-16663
43629
30536
-18766
-42789
55398
-1219
20705
-35779
3433
123300
34881
155798
-16978
5629
-4433
-4166
-6108
52864
-36645
-10659
55668
7937
14512
63976
88062
-4205
-12759
109910
-38392
4263
-13632
59212
59262
45147
19398
34015
118778
-20882
33315
38679
74862
31532
-36849
-8739
41944
136945
118473
5189
-17016
34461
120903
21560
79762
143359
11528
102771
40502
-13831
24899
2039
123321
-7195
12626
-6613
67913
-22544
3177
20497
24820
32545
19120
15462
85700
68346
191739
7773
41895
591
14687
59028
-3876
29434
42808
19912
96899
43235
18723
40047
67900
99958
31160
45961
3236
51337
8587
-21212
28163
-15878
62325
118196
54414
-24541
-1005
41987
92401
84383
90274
20201
38602
76086
-2360
85512
86067
-7995
38236
125316
129064
-47146
-13
35792
87037
72361
-2119
202544
-6352
7275
55964
80199
15613
7676
42644
5638
18570
26805
139275
66887
139605
68477
-9704
153764
77466
36698
21072
-6080
138563
126159
21009
25594
26005
8132
-40070
45252
-83474
11201
31603
82490
19020
22368
6516
-9546
22358
46273
12105
44767
-35150
162986
118684
-4777
80492
115872
-321
35997
141730
43164
58226
96453
72528
-14900
90327
76172
43556
68006
-22678
23648
1060
77357
-2612
-39523
31959
76942
31153
4080
-7028
10761
5582
61202
83441
-16143
65017
52849
35592
22950
77590
74647
3378
1009
42774
-20963
99162
110318
-53300
112782
14599
118217
16315
78058
-23717
-11932
16132
65705
1035
70747
14821
182889
52812
107265
-2684
55525
111806
46218
19908
54056
-11245
51654
-591
99141
8359
100
46751
46058
-48972
-2796
42210
4209
21407
157195
47815
-3728
38947
13213
168435
27507
34033
-44473
35830
147124
102231
84597
59605
9414
89895
24450
29460
55800
69776
-44008
41121
55807
80216
73282
114956
21620
109
90948
42713
1673
3808
42942
96458
-10564
38111
55185
-39859
-17575
50078
-19212
65693
109957
2058
33585
29239
73675
-1514
39421
9921
-1724
83803
-3079
1459
-23676
4573
23425
15673
46161
18985
88104
-8550
39241
81578
69513
45994
38800
13767
-17336
28837
75987
15467
-13678
86860
-22504
130
-3130
102447
22763
-11705
42924
108577
36763
20093
26237
11831
56351
44771
25343
7553
11191
1650
3967
-5887
77675
37322
49075
60742
60379
14588
93931
12051
56769
-4948
60118
-1816
11101
37812
-1723
45478
33036
-70840
4278
-5087
7245
-5667
36120
25689
-15316
146713
57783
-39155
22731
65316
58776
60124
17216
91477
75383
66863
13160
