-126
-124
-125
-109
-113
-126
-121
-121
-81
-122
-119
-121
-120
-124
-124
-123
-114
-120
-125
-123
-126
-124
-122
-124
-115
-125
-125
-123
-125
-121
-123
-119
-126
-101
-116
-124
-124
-119
-124
-123
-125
-118
-125
-123
-122
-121
-123
-124
-123
-121
-105
-119
-112
-123
-125
-106
-125
-124
-117
-122
-114
-111
-124
-126
-124
-118
-125
-119
-125
-124
-125
-125
-124
-123
-125
-126
-121
-124
-125
-126
-124
-123
-125
-115
-124
-123
-105
-124
-122
-121
-116
-108
-125
-124
-123
-123
-111
-124
-123
-122
-126
-118
-123
-123
-95
-122
-94
-124
-119
-126
-121
-125
-115
-116
-123
-126
-123
-93
-99
-124
-41
-120
-125
-125
-123
-88
-125
-110
-125
-122
-120
-125
-125
-124
-126
-103
-115
-122
-123
-121
-124
-115
-124
-102
-124
-123
-69
-114
-88
-126
-123
-123
-122
-122
-124
-124
-88
-126
-126
-125
-123
-126
-109
-123
-123
-124
-118
-120
-123
-126
-125
-123
-126
-114
-109
-124
-126
-125
-126
-126
-126
-99
-123
-124
-126
-126
-122
-125
-125
-124
-119
-126
-125
-124
-126
-126
-124
-125
-125
-123
-123
-126
-124
-110
-126
-114
-124
-107
-124
-123
-126
-115
-121
-126
-125
-111
-122
-122
-126
-120
-124
-122
-116
-123
-122
-123
-124
-124
-125
-124
-119
-123
-124
-123
-126
-123
-125
-123
-125
-126
-121
-112
-109
-126
-120
-124
-124
-123
-116
-122
-126
-125
-109
-113
-122
-123
-125
-125
-126
-126
-124
-122
-124
-105
-123
-124
-124
-124
-115
-124
-126
-125
-124
-125
-125
-125
-41
-126
-125
-124
-126
-123
-117
-119
-114
-124
-125
-123
-125
-112
-125
-119
-124
-119
-126
-123
-125
-123
-126
-125
-125
-126
-124
-124
-119
-124
-124
-123
-121
-122
-120
-125
-124
-122
-123
-122
-120
-125
-113
-123
-122
-125
-124
-123
-104
-122
-125
-118
-118
-124
-126
-124
-119
-123
-126
-124
-121
-123
-126
-124
-125
-123
-123
-124
-120
-125
-119
-125
-124
-124
-126
-106
-95
-125
-124
-124
-123
-126
-116
-113
-104
-124
-124
-110
-124
-122
-118
-125
-108
-123
-125
-124
-125
-125
-126
-120
-99
-126
-111
-111
-122
-123
-125
-124
-123
-126
-97
-123
-119
-124
-116
-124
-126
-125
-125
-125
-124
-122
-126
-118
-123
-124
-125
-123
-126
-121
-81
-123
-68
-126
-116
-121
-125
-122
-124
-113
-126
-124
-125
-126
-117
-104
-125
-115
-123
-123
-126
-125
-123
-121
-124
-126
-124
-124
-124
-123
-123
-126
-118
-118
-123
-113
-98
-126
-123
-120
-126
-125
-126
-102
-125
-125
-123
-123
-124
-112
-120
-104
-125
-122
-120
-125
-121
-124
-123
-124
-126
-118
-125
-116
-124
-124
-126
-124
-124
-106
-123
-126
-124
-124
-125
-126
-124
-121
-123
-115
-124
-123
-126
-114
-120
-113
-125
-125
-124
-124
-124
-100
-120
-115
-121
-125
-126
-124
-121
-126
-125
-123
-114
-123
-125
-119
-125
-123
-122
-123
-117
-124
-113
-122
-120
-124
-123
-125
-125
-126
-110
-123
-126
-113
-125
-126
-124
-79
-123
-124
-116
-121
-124
-124
-125
-125
-121
-126
-125
-108
-124
-125
-122
-124
-122
-103
-126
-126
-122
-124
-118
-123
-118
-121
-123
-121
-113
-121
-120
-123
-119
-126
-111
-120
-125
-125
-126
-121
-125
-117
-101
-123
-122
-126
-125
-115
-126
-126
-122
-123
-124
-100
-124
-120
-123
-125
-121
-125
-120
-122
-124
-124
-124
-123
-102
-125
-123
-122
-125
-126
-124
-126
-122
-123
-116
-122
-124
-124
-124
-125
-125
-123
-125
-126
-123
-124
-125
-122
-123
-123
-124
-123
-126
-124
-124
-125
-126
-122
-120
-125
-124
-126
-125
-125
-126
-124
-125
-123
-120
-120
-123
-126
-123
-100
-123
-125
-125
-120
-126
-123
-110
-125
-125
-121
-117
-125
-124
-125
-119
-119
-124
-118
-124
-122
-120
-111
-123
-116
-124
-119
-124
-86
-116
-117
-125
-93
-94
-100
-115
-124
-122
-126
-118
-123
-110
-119
-119
-122
-126
-122
-126
-125
-124
-122
-125
-124
-119
-124
-123
-125
-124
-120
-116
-112
-126
-126
-123
-122
-78
-122
-124
-123
-122
-124
-123
-125
-123
-126
-125
-123
-125
-116
-98
-125
-125
-124
-124
-123
-126
-119
-106
-114
-123
-124
-114
-123
-125
-89
-123
-124
-125
-125
-123
-113
-124
-124
-125
-124
-95
-119
-125
-120
-124
-123
-125
-115
-125
-126
-116
-124
-124
-120
-113
-121
-125
-124
-90
-95
-124
-124
-124
-125
-114
-122
-123
-124
-126
-119
-124
-121
-113
-117
-123
-103
-122
-123
-126
-124
-124
-123
-123
-124
-124
-126
-115
-110
-124
-119
-123
-104
-124
-125
-124
-124
-125
-123
-123
-124
-125
-122
-124
-126
-126
-126
-124
-124
-124
-122
-120
-126
-105
-104
-125
-120
-125
-123
-121
-123
-118
-123
-124
-122
-109
-92
-126
-123
-123
-124
-124
-119
-121
-124
-120
-122
-123
-123
-95
-125
-122
-112
-124
-100
-122
-125
-114
-122
-126
-114
-106
-123
-106
-123
-99
-124
-121
-125
-125
-126
-123
-123
-112
-122
-120
-116
-123
-125
-126
-104
-124
-125
-124
-99
-121
-124
-123
-116
-103
-121
-95
-124
-125
-125
-117
-123
-124
-124
-97
-104
-118
-125
-113
-121
-121
-125
-125
-125
-116
-122
-124
-124
-125
-126
-124
-125
-126
-124
-124
-124
-122
-110
-124
-126
-122
-117
-126
-118
-121
-125
-123
-109
-123
-125
-122
-123
-119
-120
-125
-126
-121
-125
-122
-125
-117
-122
-126
-115
-124
-95
-114
-124
-125
-126
-123
-126
-124
-124
-126
-123
-126
-124
-106
-125
-125
-102
-126
-126
-114
-124
-124
-123
-121
-122
-124
-115
-126
-120
-123
-125
-122
-124
-126
-123
-124
-123
-125
-116
-124
-125
-125
-123
-124
-125
-123
-126
-123
-123
-125
-125
-123
-99
-125
-102
-100
-126
-126
-124
-123
-122
-125
-123
-122
-126
-126
-123
-123
-119
-107
-126
-120
-124
-124
-126
-125
-121
-124
-124
-124
-123
-123
-123
-125
-96
-126
-109
-97
-100
-125
-114
-125
-123
-123
-125
-126
-124
-124
-92
-124
-123
-124
-125
-124
-124
-124
-124
-124
-119
-124
-124
-123
-121
-122
-124
-125
-123
-117
-123
-100
-104
-126
-112
-123
-125
-126
-123
-113
-126
-122
-124
-124
-126
-123
-95
-121
-124
-109
-118
-114
-124
-94
-126
-123
-123
-124
-126
-124
-113
-123
-126
-121
-123
-123
-123
-126
-121
-121
-103
-100
-125
-105
-125
-126
-109
-125
-123
-124
-125
-125
-124
-125
-124
-120
-124
-103
-125
-125
-126
-124
-120
-126
-119
-106
-123
-126
-125
-125
-126
-104
-122
-125
-123
-126
-115
-107
-124
-124
-124
