-6621
-5210
3477
9673
-1933
6989
-1050
-3325
5413
2463
684
-8107
3159
4202
-9167
9505
-4522
-9551
-4551
-2517
-2284
8017
2008
3710
866
-4102
-1544
-2822
-3501
3983
4902
-2264
10628
-430
-1456
-10127
-8295
-6695
-6600
-7818
-263
-3386
-2931
-4193
3656
9337
-1281
4034
-6786
8390
3413
1254
5671
69
-4486
-6246
-1255
2721
3083
1952
-1440
-2137
-3302
5785
-11
-9050
5877
-4693
-4266
-9713
-7991
-9450
-2240
-1042
-604
-9936
-7600
-313
931
5012
-4181
-5667
-5138
-506
2908
4187
-839
-7206
1536
-3207
-3499
-1280
-4275
-4153
1806
-13727
3199
-3378
2228
2723
4669
-712
1116
-5884
1370
8557
5128
-4730
-1459
-4697
1137
792
-6364
-8648
-3851
3325
469
3429
1515
-10846
-5154
9004
-2363
-4187
-7124
1561
-5167
-11154
-189
-9996
-3576
1758
-2612
-7328
5237
2508
2493
-742
10971
-5322
-5222
-3987
4690
-2165
-7585
4972
-6168
6387
1763
822
-4738
-3390
-14799
-1684
-10779
-2198
-9719
2854
-5323
-6261
-3381
1561
12500
-5745
-3732
-2147
-2800
-2586
1273
-4858
-6524
13252
-10413
-2309
5655
1648
3035
5932
-11479
-12073
-3293
-1621
-1490
1828
-4577
1186
-4403
-597
127
-4463
8837
-8891
-2344
-476
6316
6736
-8429
-10983
-1971
-4658
3428
-415
-245
-1785
-7184
-6868
-4702
4620
2905
8193
-174
1866
-5495
3687
-5654
-4957
5861
-112
1774
1342
-2018
3031
5891
6862
-2908
-387
-7097
12061
-7897
-10038
-4450
-165
-5623
1030
-2277
6170
3837
-675
-7642
480
-3087
-8337
-4209
1362
-4649
3726
-5526
-8586
-6766
-8103
-503
4820
5329
-8046
903
-6515
-7775
-5194
730
208
-5877
1413
10322
-3258
9288
-1020
-1004
2004
3552
-3957
4416
-5540
-7190
4542
11026
-6189
-4559
-1418
-464
1893
7702
3198
8044
911
3994
-8954
283
619
-5414
8633
13588
1879
-2968
7810
-4935
-1657
14884
3735
-3335
73
6659
-2622
4985
3468
-6275
-1988
5658
2107
2328
-1688
5214
2026
-6724
808
8290
8805
592
6471
1821
-2758
-6178
-1581
4518
8237
403
-1559
-13902
14198
285
-6375
-13455
-6318
3050
-1319
-311
10
-9678
3817
-788
-365
1570
7032
-10184
-1958
-3610
-7846
252
-8570
-9709
6522
-1107
-9468
4592
-3827
-463
5561
4053
-7997
-7079
-2711
-6596
-1890
6539
-6501
-3208
3045
-494
-1235
5110
7047
-852
-2747
-2229
-1064
2899
-6141
-8531
-1056
-123
-79
-13358
8316
7046
-2783
-7761
-5047
-2010
-2403
798
-1199
1704
7923
-12617
-6704
-4258
6797
7358
-5071
-3874
-7957
-1779
-3203
8794
-11283
-8114
2849
-3559
-983
-5915
-1708
3085
-3311
217
-3849
9089
-3842
-1723
4701
-955
-6570
-12166
-267
2112
11538
5268
3612
-3430
-1455
5300
-1348
-3467
4472
-8821
6433
-1140
-8975
4876
-1869
-6156
-3010
686
-5106
249
5785
-6333
-13412
1729
-15127
2456
-1695
-1152
13037
-11562
-2424
-6214
-4048
3667
-5083
2026
-7393
2375
-10997
-4748
-5351
-1884
-17574
-4999
-6087
-1208
-1010
-6218
2861
6945
1676
711
-1022
-5844
-738
-4939
-6283
172
3071
-438
-4782
494
-5992
-3200
154
-11153
-2728
-4835
-6775
-1069
-1391
233
-6909
-1586
-1413
-13490
-14757
2288
-3420
12279
7640
232
-3501
-3142
-2000
3458
-473
6560
5967
-4681
-6562
-1175
-96
1377
-8840
-8221
906
-1790
-3967
2260
1467
-8104
332
2223
-1167
-11354
-593
-8765
-6358
-6423
-3715
-4104
-4103
12042
6
2074
-12946
-11791
409
-1024
4744
-8948
-8558
16051
5309
-269
-4448
-6093
-8116
4685
1078
3675
991
5806
-8576
-1829
-9644
2358
2072
2228
-4058
-1105
8741
-8523
-3483
2114
11031
6462
-233
-2261
10123
1253
-2915
2184
-8345
2422
2342
-2740
-13818
5367
-7632
-4707
8920
-10698
1638
3662
-880
7756
780
-4682
-7022
-8930
5275
6228
1614
-8423
713
1840
13916
-6274
3607
-6973
-6412
-6453
5764
1615
6641
4000
-4212
-6469
-4077
130
-1165
-6772
-2799
-4634
9173
7119
8087
-17006
-10054
-10157
1128
4061
2266
587
-6844
-519
-2530
-2798
-2112
-1580
-6089
3286
-1838
-10099
-3574
7414
-2504
-5488
-5821
-3551
-6632
490
2530
-9710
-2315
4399
-1483
2282
-8910
2596
2265
-9595
-6282
4642
-1528
3769
10423
4794
-7791
-15727
-1741
-2291
1487
-12027
-5727
3420
-9024
3472
3091
3204
-4660
-1438
-284
-2451
-2620
-504
3048
-4490
-10599
-4825
-8971
-10354
8591
4266
11158
3405
-942
2623
-2025
2723
46
3552
-1570
-15098
-5583
-7602
-5622
-262
2210
-1536
51
-7776
1569
-20
-264
1882
-2153
-3025
656
-4366
2018
4968
3364
-2914
-6094
-15263
715
-9788
-6327
-3847
-3875
-212
-3341
-5882
-11814
-5428
-5406
-2637
6308
-445
-2011
-6538
2060
2678
-1033
-5988
-1817
7311
-10052
2169
4554
-14586
-13169
-13855
1615
-6070
-3995
1964
6485
-5686
4587
2098
-5771
-2656
-685
-5669
3231
-12450
-570
9876
5069
-870
-5026
-5443
-825
-3056
-7255
-1782
6967
2599
-9513
1644
-2330
-2395
-6622
5200
-2489
1435
-16062
-7682
-7524
8698
1787
-941
-3546
3110
1684
-3436
2491
4853
4156
6658
6193
1403
1248
9427
-8414
6980
-9519
6822
676
-6146
-1240
-5064
-9290
-8021
4170
-4142
1058
7903
-2841
-5044
3821
5690
-7001
-4300
-11686
-1488
-3601
-10963
194
6271
-3832
-2210
8700
3051
-1131
940
-9642
3320
7335
4349
8228
-22207
1270
-5404
4791
2999
3592
-7258
-8804
8356
-1566
-9386
-2085
-5251
-3245
8882
900
793
-886
-1870
-5011
-4628
-6689
397
-626
2933
19
-872
-12138
-5935
-496
564
-2241
-2713
-9660
-814
8232
709
4029
-2689
-13700
1133
-2224
-6121
-1577
-7984
-1514
-2139
-2852
665
-9640
-1688
-3134
-5401
4077
-2053
-344
-5353
-7931
-942
202
-1893
-3179
-1201
-4191
-722
2079
8345
1962
-12854
-6185
7155
15334
-4015
-9636
-4792
-6589
-5140
-42
-1544
3513
-4642
-1192
-4013
-12094
-19785
-1175
-939
-17398
-500
5147
-1482
-7816
-2546
-146
-71
-1503
3365
3361
334
-9068
-2144
-1196
-1772
-6192
5172
-9047
-13422
3770
202
6375
5407
-4890
-7933
310
1598
-12842
2445
6319
-6540
-28
-14145
-912
-120
388
6078
-6620
1111
-6193
7551
1654
-8896
2978
-1356
-3664
-5236
13401
-3865
5336
6871
6380
59
-234
-12777
5585
2398
6449
-4383
-3257
1116
6149
1740
-3551
4792
4001
-12328
-8467
-1382
-10652
5166
7491
-7926
12268
-585
-6371
-4450
-76
-6206
-8617
605
-4154
6962
-12486
-5792
-2180
-11380
-4151
-1692
-5999
2109
-13075
-1812
5984
-263
-5173
126
-5046
9169
-4355
7615
7337
-2985
6381
-3908
-4552
4569
1530
-1065
10865
-5712
-4623
2177
9424
3105
-1425
-10026
-228
-1964
-3689
68
-8483
-10649
-11087
-659
4844
4427
-875
1857
-2085
2739
2502
1348
2039
-2576
856
-10253
-723
845
-674
-8201
-4217
2988
-4359
4277
-1584
-3581
-1060
-3417
8709
-4995
-5091
-1204
-7713
-3792
-4421
-3229
-2078
-2857
12531
6222
-6145
-1459
782
-1875
-4777
-9399
-3467
-6535
-2514
-3422
-5205
-1719
-7501
-8153
-10394
-1205
-2997
1277
10768
-5088
2181
-5452
5164
1920
378
-2046
-5434
8341
-10367
-3377
-3754
2115
-8285
-1067
-4868
-4413
-1274
-6538
-12534
-2035
-1915
-1752
-6183
-13255
4879
5475
5681
-14471
880
11085
-4338
4054
4592
445
-2484
4002
-2647
3276
-10194
-8738
-15072
-14484
1400
-6508
2767
-2142
8302
2728
5421
1659
-5129
2881
-4792
-3821
1974
-7334
-10616
-3706
7236
-5815
-6837
7541
888
-308
359
4035
1525
-16734
-6110
5377
-4741
5200
-1698
1661
-1703
-4095
-1496
-891
4141
3158
161
420
-1124
-3407
6364
-8729
2186
5921
3736
934
-11969
8930
4724
-5198
-4552
1188
2103
-4598
1862
5594
-5960
-2972
-3327
7716
1182
-3287
-6969
115
-7433
-6795
752
-4064
-2230
7865
7215
234
-6938
6193
5217
-13777
2351
-6238
-1673
8073
3863
2851
7540
555
-1123
-2857
-3081
-4651
-5221
1559
5372
-471
-897
-923
-1567
5888
299
-1550
3918
13322
-6700
-6268
1125
1473
6034
4808
4307
-1196
-4868
-4873
189
-2881
3443
5928
-4742
1579
5317
3161
-8901
7468
-3478
-8635
1484
-1650
-11368
-8624
5063
6227
-10732
