-51061
-84159
-12682
-44313
-9051
-48212
-87241
-40934
-58870
-99701
-36992
13415
-39467
-134538
-38585
-110170
-121572
27010
-45104
-46023
-74368
-85281
-50350
-56227
-94305
-56454
-86057
99473
-45058
-24168
-47367
-48236
-53186
-53766
5688
-34092
16775
-107098
19949
-134639
-59169
-57145
-50848
-119500
-63521
-33772
-53877
23880
-44502
6952
-62848
-48664
-67333
-117105
-124466
-49781
-12127
-61102
2940
-105003
-90098
-41804
-52345
-67366
102376
-73876
-23526
-71662
-80702
-50165
49907
-78692
-101943
-106038
-26007
-6252
-45093
-101635
-30931
-43800
-62006
-84909
-44087
-90141
-44456
-56561
21955
-166582
37122
-47407
-13438
-101687
-95316
14433
29583
-41509
-65426
-109479
-48085
-88159
-101210
-26350
-48533
75816
-20115
-28936
66349
-58306
-21878
-82651
-17982
-67808
-50092
-66900
-54003
-29971
-51758
-94099
-68671
-110859
-41522
-106217
-127623
-61678
35977
-13187
56422
-81038
-98763
-44287
-18398
-62364
-67948
-54328
-33288
-72878
-15090
-9497
-79031
-44110
-64609
-48868
-12533
-58232
-6057
-36503
-58650
-10495
-48850
28387
-105273
-56643
-55179
-64681
-8759
-17389
-42873
-13912
-11594
-63289
-65937
-4435
-18503
-11187
-577
-70701
-71862
-81926
-94116
-94857
-67131
-44397
-43961
-40155
-95370
-76101
-122377
-53794
-44799
-20845
-44370
-37052
-110342
-57449
-78012
-112000
-3245
-149988
-22071
-69837
-42938
-85540
-63216
-73549
-52793
-60227
-105809
-93509
-34739
-82497
-34813
-72475
-26182
-105866
32258
-79646
-57324
-56331
-14436
-82513
-34483
-67308
-11486
-59229
-22817
-14494
-31971
-55168
3750
-88962
-45266
-46878
-76828
-63663
-17649
-44886
-59397
-35284
-65802
-99154
-78067
-41185
-20611
-88872
29740
17790
-43692
-99041
-128714
-39966
-30810
-17394
-58527
-65854
-19404
-59847
-67299
-104844
-50260
-41074
-79361
-51598
-106586
-42745
33363
49962
-3941
-7604
-47294
-49990
-65500
-56621
-73939
-43794
-31566
-91482
-34830
-88816
-26621
-101912
-86045
-79444
-55243
-55048
-58019
-34231
-68843
-45055
1816
-46840
-44249
-80074
-79676
-16118
-90215
-48371
-77248
-54412
-20284
-75079
-12832
-6402
-57052
-21333
-63905
-38968
-93479
-51278
-21492
-109919
-55407
-42410
-21278
-138769
-6194
-82576
-44641
58525
-36142
-51702
16155
-24652
-4163
-32479
-47867
-59133
42256
-86142
-31068
5928
-80723
-43604
-87168
-33626
-3837
-17524
-19653
-80717
-127963
-12106
9879
-100956
-43182
-64902
-48531
-111427
-74342
-46779
3714
-135337
-39446
-58228
-126319
-37539
-68483
-61256
-81963
-80477
-53966
-81342
3928
-40376
-72336
-33011
-70989
-96924
-60993
-69836
-100295
-52342
-27481
-47948
-72494
-10861
83187
-30544
-66311
-20849
-71319
-89216
-68411
-118710
-67811
-103891
-55883
-16418
-45420
-94187
-62684
-76096
-13086
-107935
-94460
-22701
-75659
-30183
-73725
-42915
-113714
56372
-61361
-93566
-39987
-66418
-94575
-83045
55111
-10792
2017
-2541
-38240
-75416
-117939
-47191
-62195
356
-82407
-110961
-139755
-100786
47708
-8702
-77754
-54316
-31870
-6096
-74167
-16076
-42453
2802
-20616
-926
31143
-107184
-37825
-94553
23503
-79506
-36211
3357
-92127
-80498
-76964
-74788
-42030
4077
-43143
-64713
-35649
-28323
-31598
-67098
-13009
-107664
-74457
50413
-95320
23139
-59639
-28992
28813
-53994
-4076
-11187
15837
-99022
-75207
-3820
-74037
20020
40108
-93876
-99015
-103795
-58075
48771
-29645
-28552
-90474
-65221
-94764
-24061
58735
-23062
-62314
-41583
-80185
-52038
-31160
-92023
-34249
-58260
100295
-61956
-64446
-92862
-34192
82406
-72709
-41634
-116640
-46826
-16454
-213
-58212
-81582
57342
-78321
-35260
-83249
-116985
-55391
-3351
-53286
-56126
40566
16408
-65321
-46598
-34494
-50815
-90424
-23633
6668
-82513
-60150
-45890
-856
-80511
-2178
-28992
-103042
-82495
17167
-80160
-56404
-151806
-40527
-49400
-18362
-112252
-17701
-96694
-68619
-6369
-12286
13471
-84728
-98955
-94366
-42619
-115867
-64961
-11487
-68814
-35476
3915
-6420
-36489
-53630
-16754
-100779
-131383
-15439
-44430
-38619
-80059
-57689
-45304
4290
-49407
-43129
-64919
-53206
-27964
-47724
-65314
-40884
-60144
-86522
-29917
-60831
-91515
-66530
-9005
-56101
16011
-65978
-33102
-55016
-46633
-30537
-63039
-20820
-60261
-80746
96668
-101891
-88190
-40128
-48110
-20336
57044
-42155
-46621
-19901
-12810
-67166
-69102
-62800
-72102
-50671
-80506
-42435
-53781
-72899
-32534
-43529
56485
-123841
-103696
-15747
-102783
-48074
-13601
-68710
-86697
-67409
-50290
-74266
-43817
-85077
-39666
-59369
24392
-76053
-91272
103252
-40351
-38232
-12271
-60888
-12616
-59731
-50996
-58573
-101016
759
-28852
-15549
-54686
-23603
-36795
37876
-66180
-139233
-35618
-101915
-102019
-65039
-89505
-7961
-23933
-21483
-90288
-71891
-92967
-79008
-79904
-26225
-59951
-46544
-10475
-72053
-114969
-28837
-116064
2135
-75022
-62099
-66960
-22857
47743
-68093
-56042
-93778
9833
-76263
-92422
-67599
-59026
-77598
-73975
-42361
-72178
-67193
-9857
42741
19201
-44695
-30229
-49867
-66286
-36222
-48958
-147834
-28635
-4602
-71545
-33467
-10832
-66722
-47751
-179524
-47238
-42779
-66990
96001
-60615
-60275
42606
-52386
-65575
-13926
-87211
3219
-4736
-49742
-81443
-22613
-139378
-57170
-38267
-71630
-67789
-36850
-11028
-21565
-7398
-75835
-80838
-97375
-82004
-31282
-30444
-22614
-44248
-101521
-44830
-27767
-30907
-59356
-65539
-59002
-14397
-47924
-106809
-124945
-65058
-39296
-48912
-35293
-54318
-85675
-63132
-68153
-22321
-81771
-70506
-82088
13958
-32860
-34564
-16532
-40197
-67859
18395
-135204
-61535
-34015
-24552
-4824
-8187
-59799
-65402
-27712
-31911
-68372
2759
-33215
-88919
-114794
-20323
-49591
-23325
38674
-101278
-12476
-88264
-57333
-133225
-12660
-13755
-49311
-58413
-53517
-65654
17219
-58686
-80903
-130826
-54314
17573
-63417
-17293
64466
-27762
-41496
-45313
-75340
-43379
-19415
48189
-78729
-102486
-11327
-83971
-83463
-51000
-71985
-43410
-59076
55215
-56768
-73366
-84696
-9596
-101093
-28961
-84180
-59832
-104028
-60527
-50718
-77890
-34037
-83904
87322
-91093
-95443
-16690
-41336
-80278
-60718
-42952
-19936
-90694
-14259
-104521
-13284
-10174
-40989
-94398
-129424
-13267
-29082
-74662
-5944
-113082
-5077
-33471
-146014
-79353
-15297
-15412
-47322
-83999
37886
70125
-148250
33909
-124320
-459
-80869
-45215
-78616
-50233
-106023
-126563
-65079
-35679
-51584
-102253
-41138
-65409
-51432
-58155
2822
-87767
-48647
-2810
-36976
-30661
-61512
-72031
-87016
-6786
-77693
-82506
-24129
-29452
-75010
-113582
-23378
-94482
-28374
58230
-67782
-33852
-26616
-29756
-46450
-48064
-43545
-91551
-65260
-40843
-62527
-76863
-71223
-23570
-36549
-46538
-72282
-29399
-50519
-22152
-20573
456
-61711
-66905
-49660
-75056
-72915
16862
-100927
-95176
-128560
-58895
-65627
-87260
-135972
1690
-88119
-72106
-7190
83120
-61347
-53593
-51123
-83750
-33980
-2153
-30660
-18492
-35152
-26520
11607
-56793
-42041
-116369
-47332
-52855
-49333
-33340
-60450
-49217
16470
-41296
-64129
-21284
-59329
-85876
-148542
-1838
-52636
103831
-22818
-65506
-62932
3203
-70674
13615
-44816
-71901
-47267
-93901
-85993
-39198
-30383
-14229
-32899
27097
-81588
-74775
-105293
-56413
-100950
1644
-34606
-4786
-16866
-90240
-77592
-11486
-39160
-43928
-2313
-20699
5859
-28757
-53387
-6963
-32974
-120381
-45220
-60504
-46848
47740
31136
-97918
8009
-50315
287
-38775
-64056
-50173
-85332
-70492
-58311
-111469
-17977
5147
-62446
10686
-33504
-45012
-65437
-16096
-40680
-24361
-39175
-55987
-64787
-92797
-142044
-54366
-89146
-42697
3908
-59871
-65330
-13478
-98995
-22975
13912
-10163
-32085
-57169
-34717
-79029
-60805
76730
-23691
-39988
-72498
-53632
-42424
-98720
-73104
-39843
-35679
-95857
-66132
-78693
-43451
-8325
-53176
-96353
-98655
-68953
-34396
-90978
-14586
-22589
-55020
-15585
-35592
-85904
-65034
-78509
-10054
-34878
-68836
-15073
-24366
-43165
-69553
-40424
-19852
-121198
-35430
-34765
-67784
-37801
-75471
-67372
-89410
-39554
-101091
-39588
-62847
3167
-52815
-15114
-34599
-92357
-42232
-67656
-2288
-7696
-84588
-65396
-47017
-22139
-61679
-64141
-16193
-22885
-53704
-11913
-96086
-79996
-47626
-29111
-108551
-34920
-41007
-6110
-62730
-71293
-48924
-22549
1104
14123
-72582
-50894
-61078
-84178
-19515
-84255
-68072
