1997943561
1152756171
1968126816
1200519523
1614713167
1940511359
1305883232
1852306992
2031329755
2021041793
1167882379
2015920742
1638698028
1953841378
1476811677
1194748787
1528626010
1300899762
1669684207
1468296975
1201620167
1979186757
1421466112
1558098804
1257936439
1994748637
1759638903
1236160508
1593097746
1309842492
1851619090
1483935288
1899894547
2140889668
1598119433
1229518429
1539899965
1928083257
1290420716
2010784405
2082555549
1162455594
2061154143
1145105168
1906437263
1938501155
1184246811
1810130935
2095533973
1136659256
1112697324
2131518909
1479739084
1856006378
1428429212
1508172381
1763743387
1822528464
1303284490
1412202360
2021913136
1774971482
1273544178
1492518781
1480503420
1231368122
1941856590
1226912043
1766013465
1878477854
1174149933
2024374298
1213100493
1099581320
1397045579
1281669069
1976802029
1532852788
1264119916
1927716375
1262988699
1222845776
1094200395
1337198075
1761855477
1343702574
1901476723
1141489859
1270846073
1360288664
1300093387
1552037620
1219283970
1902623227
1911405446
1214155276
1614124628
1993265825
1749075781
1896944211
1531339403
2125297215
2014468504
1495835999
1918529057
1107553343
1955140749
2019069806
1653778376
1611739900
1488479265
1759180302
1869045949
1147948498
1512720179
1901851247
1648175794
1308573694
1742273191
1912811825
2018412477
1377104054
1869443404
1725503660
1274958200
1462159357
1934259091
1230229261
1596789489
1971390531
1095048808
1448164366
1132187891
1958106372
2128109971
1322048937
1513369865
1913163419
1922916346
2050377006
1211632968
1170955009
1183555087
1086163402
1952557293
1530941948
1206932302
1820266030
1811965341
1471843494
1916572357
1265900819
1099245012
1208911932
1714069195
1447014041
1797442959
1462281651
1655307048
2073689252
1250866331
1549278367
2070448468
1863298143
1392306696
1947527963
1943507556
2054642001
1131645212
1290046191
1119178893
1522251448
1880098247
1378915531
1114417080
1938646379
1581105315
1289472939
1186983134
1943637493
1114310073
1331931801
1171214883
1184606049
1547398101
1645278961
1610195941
1208590911
1168165183
1087072962
1190193345
1248955491
1199151362
1198394669
1945464256
1503280631
1152305212
1299309943
1600167854
1667765724
1769529410
1245217889
1518200468
1683587478
1550325507
2001016191
1349771401
2117546848
1101064131
1856770714
1559665692
1220376971
1891089397
1725580094
1541283413
1100292152
1241136335
1951884678
1463970833
1264104630
1612840543
1217464851
2118968513
1739949609
2134010644
2134606826
1419471195
1595627698
1236848410
1189497799
1120080809
1156195682
1462174644
1450235717
1158618627
1544203176
1084634730
1241839524
1363521805
1657210244
1134824850
1805743647
1834115797
2120115017
1444732498
1553688585
1214483941
1422719623
1848103144
1618137391
2131106168
2085414165
1752194271
1158389327
1862640814
1478661370
1619497909
1189918184
1269607848
1930101103
1142124258
1219069956
1688479228
1148254232
2014972966
1118781438
1630802438
1089545589
1297842418
1455616642
2142127892
2081959367
1832067376
1305073036
1330877017
1259121159
1168570281
1356979089
2033424035
1408877499
1784288737
1944745780
1445275176
1473597644
1388439156
1462419231
1203011258
2002575437
1266202732
1244552916
1114684598
1491150619
1305287050
1218007529
1644935009
1443914658
2109567181
1550379011
1871109656
1108646344
1672504607
1769651704
2128155831
1312219577
1403733518
2075202637
1551494941
1450679031
1854584713
1350283506
1245546553
1449142716
1366686156
1177474795
1206374337
1257145351
2009041719
1927425928
1249910911
1736571245
1286278015
1293829654
1437333726
1298767264
1398100362
2140660367
1385504106
1999380513
2114000329
1245791141
1818049455
1457435761
1102126558
1716109972
1556875866
1277893250
1632392257
1712999124
1898656323
1282647419
1656820433
2128262838
2078611576
1303957105
1727857815
1375055634
1847369382
1198631613
1352996899
1349052926
1158855571
1700204141
1185049364
1646104443
2043131102
1093176185
1688204067
1435499320
1254443423
1288456373
1632850858
2034387098
1467693149
1106215756
1394729641
1233286605
1141948461
1384495183
1129222267
1498847482
1181273544
1958534400
1729898592
1888735243
1115426004
1079632152
1195639238
1565925604
1932776279
1240784740
1150509023
1653640796
1628264843
1165000832
1401486371
1428192268
1980073387
1765707730
1110740624
1698644896
1630588424
1499275510
1892067747
1230213974
1869886718
1602254491
1700418155
1302153273
1287814330
1503272987
2131060307
1186593323
2103605361
1481611707
1875114776
1178246774
1502225847
1366701442
1897739120
1211846982
1597003503
1272283024
1402640518
1279788803
1860523603
1765524290
2085964487
1504243694
1402319497
1116809452
1330831157
2038697953
1266588721
1954055392
1468098247
1186830267
1244384763
1687256290
1361610965
1172491325
1222937496
1558519189
1796036580
1463168281
2061498094
1988649236
1891991314
1605212471
1466997604
1296787634
1498281874
1699638532
1156585494
1468900800
1142888594
1521517686
1235472606
1116817095
1217770585
1219627922
1092388919
1274476668
1919920149
1106544420
1495988866
1119645138
1116450214
1687332724
1342724224
1103036118
1394286326
1152679737
1505084463
1136903843
1390441716
1385496463
1508111234
1345215959
1854462419
1780268330
1647694262
1197194662
1474984914
1834245734
1327361072
1427336212
1986898907
1262239650
1201520803
1718013168
1680109749
1645385968
1351850395
1283732777
1292889521
2064486648
2085719900
1788928256
1200045635
1713740530
1186769120
1916832232
1434719697
1260046006
1404559001
1149912841
1279353132
2007467187
1463428155
1199640537
1759700050
1421779490
2084496962
1474327585
1224519672
1699455092
1789631445
1351261856
2057515904
1390365283
1112093499
1340607013
2045943858
1161966419
1804016248
1946610760
1191477429
1992379195
1141283488
1098362204
1194530951
1956057952
1387063352
1527173772
1131240114
1289610520
1220392258
1645538835
2007742348
1789746096
1437746467
1153283562
1294731571
2013979329
1976343427
1587166499
1429613933
1091838597
1500872972
1345322966
1371318031
2084099508
1389761457
1829300480
1224565532
2139926604
1837922190
2119901003
1783822492
1153115409
1994748637
1109961002
1264761959
1886602745
1842187184
2052058545
1083415615
1122037509
2018351330
1668789934
1348624897
1513966047
1897188798
1945831137
1209767988
1476911041
2022967920
1733330460
1745964933
1894513622
1334370032
2119518835
1133487262
1082280576
1234387249
1646440751
1125790399
1227103127
1192471066
1105489636
1123268090
1560896273
1969724278
1138088564
1579423776
1989398285
1699103497
1555209614
1452597515
1481558203
1079165907
1172460751
1259327530
1899298365
1314795389
1885035857
2031230391
1825020199
1183918147
1417178187
1131240114
1664830674
1108814498
1427160415
1570083591
1156853011
1143798154
1968562488
1448600038
2066917236
2033057154
1117290983
1304270483
1839672519
1677977252
1724280723
1705844940
1716851378
1865942745
1641472568
1994213602
1357254250
1211908129
1542666861
2000985618
1863603877
1413020200
1458933860
1587143569
1535856628
1783669625
1941948310
1513247571
1527311352
1706441122
1207406190
1165681091
1280935307
1714069195
1553214697
1505680645
2057775778
1310767339
1927380067
1908791418
1879349197
1993892581
1535176369
1998249295
1617090251
1987594452
1134419752
1960964988
1118995452
1287210505
1924552025
1968241467
2130112531
1305760938
1372846703
1524269295
1441224196
1274950557
1126860469
1738161063
1229296771
1193357696
1166109119
1981067024
1322966140
1809122012
1719855218
1183008587
1118552138
1105107468
1775399510
1984139654
1249337659
1438128635
1874274007
1954070678
1234968144
1078768452
1471744130
2116996526
1422108154
1913010552
1421183308
2007772921
1967584138
1483369679
1094062814
1231115891
1139510229
1526623450
1604386988
1853155405
1228364281
1502042406
2094188742
1126019700
1354991816
1106223399
1695847426
1965275843
1729890949
1848577033
1282785000
1529894808
1714879391
1438602524
1583329533
2081989940
1908157019
1245118525
2139880744
1135864346
1312318940
1297261523
2060695541
1936124071
1122610761
1647021646
1205204903
1123317772
1284497112
2092109748
1075642318
1282433405
1333055374
1120982726
1555339551
1368910373
1099306159
1275661389
1915013112
1431387192
2091207832
1860393666
1257699495
1718808078
1453797522
1567110324
2010111789
1113454017
1952205699
1985989347
1076582451
1465461288
1426633023
1316752089
1730227256
1115380143
1193235402
1602552582
1943966157
1893596419
1442240763
1737794182
1267987456
1707908647
1519346972
1172743555
1144486056
2000588163
1357567628
1242504496
2100104702
1608162808
1436492957
1950944544
1080629610
1919232246
1317287124
1890248628
1364889966
1631566774
1227936253
1951502510
1750864327
1673819264
2136792827
2004119395
1904923878
1986249221
1451779675
1209936142
1872592468
1082888223
1773381663
2128752013
1298293376
1788744816
2113373574
1795937217
1427259778
1438457300
1692988810
1139571376
2058402533
1306043742
1775116706
1758996861
2037322148
1641740085
1288823254
1124590391
1260756838
1771990572
1860256086
1365990610
1265564511
1492472920
1379030181
2138015764
1964603228
1311776262
1105183902
1664035764
1078787561
1431081458
1710385096
1533869355
2146820914
1569449192
1326283358
1295373613
1972124293
1107576274
1729707508
1100196610
1236672613
2024725892
1642175757
1103727842
1113232359
1343564994
1610318235
2146805628
1114768675
2083747913
1812454516
1286881841
1358530691
1255513494
1479387489
1240012761
1312808115
1117879522
1568998234
1424018994
1802380569
1081367194
1924169857
1172032723
1221233027
1286071644
1653961817
1115318997
1268767079
1429545143
1610150081
1293554493
1827038046
1588152493
1111581394
1998662037
1712234788
1220568055
1643429268
1600611169
1809458319
1787414871
1132279611
1168004673
1580004672
1501652595
1867823011
1135489822
1812500376
1353272060
1219559131
1097127801
1669798857
1218328551
1869244676
1465835813
1782385541
1462059994
1162577887
1782767709
1496126446
1750673243
1419249538
1755694930
1874518594
1643834366
2020659625
1162768971
1875344077
1286033428
1236909557
1103387713
1786543528
1992379195
1814564083
1523306232
1255651074
1879425631
1213322150
1847858557
2115391421
2100777318
1779129470
1747944563
2005938515
1621982001
1255031962
1088360868
1367534568
1646822919
1272336528
1235029291
1648244584
2013566588
1370775353
1477858817
1930467985
2053526070
1437050922
1348487317
1717837371
1883018010
1886946697
2035533602
1182649349
1780765148
1982779136
1850801250
1354827484
1926860319
1196858354
1694234677
2034830413
1853254769
1359386747
1123975101
1837677602
1316629795
1141306418
1499229650
1899833400
1590399640
1538073202
1195673633
1291123905
2089319922
1190804814
1442049679
1323898630
1266917386
1714963468
1696955713
1164890004
1624901765
1913362146
2104935305
2023701682
1585584324
1989627586
2098652464
1760846554
1799812400
1187334728
1937973764
1172651835
1175533382
1075214290
1684221876
1338986621
1419096671
1105955881
1244277756
1319538093
1172132087
1766747227
1094934157
1315597942
1887573452
1217571858
2083946640
1461853623
1230657289
1888536515
1310194087
1822283876
1261819265
2106509837
2095610407
1100452663
2016776798
1717355839
1214843179
1113759751
1194443053
1128694875
1226078917
1184842993
1419937440
1422154014
1818691498
1879991240
1908179949
1843922227
1902737877
1334805704
1381468413
2001291352
1278061404
1915991462
1118575068
1075413017
1121995471
1414266068
1139548446
1980317974
1196736060
1134924213
1207918295
1087703539
1948353446
1473868984
1805743647
1647281521
2003859521
1563923044
1588190710
1163655601
1680102106
1870788635
1449563101
1212282653
1713167278
1440100622
1588626381
1977581652
1475477911
1133456688
1099604250
1437784684
1129520358
1814579370
1775521804
1514111271
1233500619
1442500637
1877361924
1242672650
2075890540
2055773218
1657974580
1269034596
1176152494
1268530135
1146748490
1867884158
1966621074
1626170562
1769926865
1421917070
1559497539
1110274379
1128136910
1461830693
1274178577
1168340980
1744780213
1301694671
1335210802
1112276940
1584330813
1081734076
1990758803
1999839114
1996613616
1126027343
1253358066
1108394113
1192127115
1656851007
1516946957
1923160933
1227852176
2127223341
1780000812
1828964172
1101140565
1791121900
1544080883
2028883880
1318173754
1214216423
1876628161
1167469637
2095679197
1852979608
1179484998
1503571078
1363758749
1272955640
1508157094
1490241059
1666114758
1777784238
1106819581
1908134089
1461081644
1813769174
1243803867
1621508113
1404559001
1173569038
1259266383
1817162826
1434566830
1902821954
1193181898
1873654895
1476903397
1672198872
1236489172
1719916365
1267246050
1854859874
1766579073
1635281447
1864398786
1871904565
2097276659
1469909724
1840444498
2140591577
1281466520
1924475591
1188611169
1516977530
1187479952
1272015507
1075428304
1375307865
1695381181
1454118543
