0.00130698
0.00150818
0.00257495
0.00157067
0.00211257
0.00126941
0.00170852
0.00121171
0.00132882
0.00132209
0.00152797
0.00131874
0.00214395
0.00127813
0.00193215
0.00156312
0.00199994
0.00085100
0.00218449
0.00192101
0.00157211
0.00129471
0.00092987
0.00203850
0.00164579
0.00130489
0.00230218
0.00161730
0.00208429
0.00171370
0.00242252
0.00194147
0.00124284
0.00140049
0.00104543
0.00160861
0.00201469
0.00126128
0.00337658
0.00131538
0.00136233
0.00152087
0.00134833
0.00149817
0.00249424
0.00253619
0.00154938
0.00118412
0.00137082
0.00148712
0.00145577
0.00139436
0.00193598
0.00121413
0.00186885
0.00098659
0.00461510
0.00238446
0.00170512
0.00184762
0.00132266
0.00116112
0.00333242
0.00195270
0.00096849
0.00161103
0.00127029
0.00160520
0.00115526
0.00122883
0.00153617
0.00132427
0.00158713
0.00143861
0.00182779
0.00167684
0.00129315
0.00200547
0.00330776
0.00126104
0.00165240
0.00159988
0.00143157
0.00174949
0.00115254
0.00175800
0.00248775
0.00149344
0.00083134
0.00177970
0.00340189
0.00203057
0.00159522
0.00248925
0.00125037
0.00158851
0.00211180
0.00130392
0.00114418
0.00124091
0.00200349
0.00139029
0.00131779
0.00097852
0.00125503
0.00144904
0.00127898
0.00132080
0.00108184
0.00210868
0.00389483
0.00115079
0.00122266
0.00150189
0.00197913
0.00124412
0.00215635
0.00171204
0.00113973
0.00125129
0.00132037
0.00180170
0.00122292
0.00112876
0.00166806
0.00095649
0.00126532
0.00160954
0.00208912
0.00257922
0.00143268
0.00189467
0.00148127
0.00128092
0.00139213
0.00172967
0.00395996
0.00125152
0.00125790
0.00134128
0.00158521
0.00153199
0.00309695
0.00284211
0.00127729
0.00200297
0.00157906
0.00119075
0.00118532
0.00192565
0.00125375
0.00165621
0.00143817
0.00158165
0.00224256
0.00378633
0.00117582
0.00191314
0.00108284
0.00135653
0.00163654
0.00101348
0.00135441
0.00243780
0.00182159
0.00254800
0.00254274
0.00134407
0.00148056
0.00168780
0.00292850
0.00199160
0.00122989
0.00180407
0.00145802
0.00126819
0.00103430
0.00168705
0.00155296
0.00254291
0.00145788
0.00087130
0.00153233
0.00154985
0.00202450
0.00107628
0.00105333
0.00158123
0.00152834
0.00284449
0.00155716
0.00163404
0.00156888
0.00156789
0.00127265
0.00098339
0.00150759
0.00169992
0.00209354
0.00218198
0.00115756
0.00162915
0.00198630
0.00110134
0.00202833
0.00130899
0.00176594
0.00138522
0.00144055
0.00121463
0.00204055
0.00159665
0.00123708
0.00112881
0.00100825
0.00143954
0.00162381
0.00127685
0.00191535
0.00165386
0.00211012
0.00159284
0.00138615
0.00113821
0.00279198
0.00139638
0.00185713
0.00208760
0.00161820
0.00155625
0.00146543
0.00151268
0.00191300
0.00094869
0.00151585
0.00101016
0.00283811
0.00162473
0.00178393
0.00216817
0.00296944
0.00118125
0.00119981
0.00138690
0.00094509
0.00203273
0.00158894
0.00186138
0.00120896
0.00211705
0.00139409
0.00136420
0.00114622
0.00151555
0.00121847
0.00193457
0.00211883
0.00155680
0.00166106
0.00126260
0.00149427
0.00159494
0.00220908
0.00150229
0.00263624
0.00146373
0.00106681
0.00142548
0.00169800
0.00190442
0.00140130
0.00136194
0.00239694
0.00170746
0.00174122
0.00164734
0.00152887
0.00177537
0.00133019
0.00184327
0.00233443
0.00127218
0.00189089
0.00385589
0.00181653
0.00191332
0.00157393
0.00131001
0.00331321
0.00162828
0.00145837
0.00195091
0.00170774
0.00159355
0.00215211
0.00188911
0.00138000
0.00101420
0.00122401
0.00145047
0.00109409
0.00115764
0.00278432
0.00171681
0.00091827
0.00135752
0.00202986
0.00094898
0.00121320
0.00176661
0.00162958
0.00189595
0.00178807
0.00154052
0.00157833
0.00328951
0.00131424
0.00126085
0.00163529
0.00113600
0.00168287
0.00169275
0.00094025
0.00169921
0.00182917
0.00140034
0.00181269
0.00130792
0.00138290
0.00081495
0.00118930
0.00190680
0.00144194
0.00224523
0.00203690
0.00167190
0.00213570
0.00224116
0.00124203
0.00167812
0.00216766
0.00139223
0.00135975
0.00170600
0.00113030
0.00179902
0.00120848
0.00156820
0.00177016
0.00176500
0.00151616
0.00222442
0.00155043
0.00107682
0.00133654
0.00143023
0.00220872
0.00187810
0.00164122
0.00168572
0.00106815
0.00133082
0.00192022
0.00144729
0.00182476
0.00161354
0.00149404
0.00181137
0.00147739
0.00098049
0.00154549
0.00128120
0.00226327
0.00123554
0.00145934
0.00141251
0.00312857
0.00204874
0.00126435
0.00162335
0.00075262
0.00108175
0.00106515
0.00152420
0.00183360
0.00186854
0.00129529
0.00115506
0.00145321
0.00111119
0.00213334
0.00098077
0.00123772
0.00160952
0.00244642
0.00209627
0.00111235
0.00170364
0.00168488
0.00196677
0.00139406
0.00155245
0.00137610
0.00193843
0.00122663
0.00154153
0.00196540
0.00178809
0.00124143
0.00158549
0.00104470
0.00166456
0.00183511
0.00167438
0.00243417
0.00230988
0.00136456
0.00196804
0.00183469
0.00146115
0.00087058
0.00133364
0.00165711
0.00127827
0.00192075
0.00155276
0.00325612
0.00110374
0.00178143
0.00153400
0.00160000
0.00203905
0.00117490
0.00191430
0.00269711
0.00130090
0.00123767
0.00210014
0.00191931
0.00169662
0.00196024
0.00222368
0.00302638
0.00192180
0.00149527
0.00099532
0.00161640
0.00146116
0.00318648
0.00159567
0.00142920
0.00166743
0.00125594
0.00144772
0.00195724
0.00146486
0.00146068
0.00110379
0.00175672
0.00144313
0.00091209
0.00150808
0.00196914
0.00148744
0.00181915
0.00090634
0.00197310
0.00175998
0.00121312
0.00232917
0.00107786
0.00156632
0.00096488
0.00239979
0.00173662
0.00186742
0.00259951
0.00165142
0.00157198
0.00112386
0.00219813
0.00107635
0.00088433
0.00167954
0.00169152
0.00135051
0.00136440
0.00117025
0.00157005
0.00224213
0.00155268
0.00125392
0.00187708
0.00164855
0.00183762
0.00150446
0.00167381
0.00131321
0.00191464
0.00156952
0.00115113
0.00186015
0.00136360
0.00192890
0.00160207
0.00111172
0.00234142
0.00176789
0.00134595
0.00181905
0.00145498
0.00175395
0.00133838
0.00152023
0.00118012
0.00127340
0.00155884
0.00130334
0.00149317
0.00287403
0.00312567
0.00127958
0.00181473
0.00099902
0.00148003
0.00168723
0.00159667
0.00215290
0.00131339
0.00234157
0.00188104
0.00150887
0.00169393
0.00131747
0.00129285
0.00207653
0.00187040
0.00142848
0.00196363
0.00176012
0.00179413
0.00136334
0.00090913
0.00119666
0.00160213
0.00139986
0.00120230
0.00138676
0.00233382
0.00150865
0.00260978
0.00145219
0.00165472
0.00246829
0.00241018
0.00134238
0.00141746
0.00293598
0.00132033
0.00109166
0.00176444
0.00198076
0.00248214
0.00127289
0.00158277
0.00386456
0.00264670
0.00113388
0.00228429
0.00123932
0.00174579
0.00138651
0.00148297
0.00283195
0.00161498
0.00107704
0.00147290
0.00160545
0.00156014
0.00144634
0.00146960
0.00204216
0.00128852
0.00148899
0.00103320
0.00130139
0.00111149
0.00203472
0.00190047
0.00096918
0.00141190
0.00153396
0.00164761
0.00124245
0.00172018
0.00123312
0.00265751
0.00119386
0.00154895
0.00185413
0.00148003
0.00217814
0.00145069
0.00186719
0.00205418
0.00151354
0.00149646
0.00128776
0.00189524
0.00135210
0.00132995
0.00146178
0.00170641
0.00240689
0.00219534
0.00225592
0.00111590
0.00112310
0.00244126
0.00107379
0.00130454
0.00177573
0.00158557
0.00201831
0.00130897
0.00121910
0.00184869
0.00095438
0.00103825
0.00200940
0.00233362
0.00127035
0.00098991
0.00199822
0.00111629
0.00157968
0.00152509
0.00167588
0.00112128
0.00203211
0.00196992
0.00269224
0.00171491
0.00126082
0.00124866
0.00122940
0.00130433
0.00200851
0.00130718
0.00211568
0.00130021
0.00148419
0.00256558
0.00146401
0.00168409
0.00125897
0.00128755
0.00139344
0.00170836
0.00179613
0.00199424
0.00188559
0.00166805
0.00147430
0.00113704
0.00160832
0.00156130
0.00152565
0.00129594
0.00173087
0.00118346
0.00225013
0.00077388
0.00146343
0.00144584
0.00116140
0.00129795
0.00163454
0.00188154
0.00122608
0.00127828
0.00161574
0.00141138
0.00192552
0.00138486
0.00186058
0.00125142
0.00185937
0.00131341
0.00128712
0.00194073
0.00143139
0.00161070
0.00149085
0.00099866
0.00104953
0.00242453
0.00080355
0.00196516
0.00068497
0.00294640
0.00177277
0.00144730
0.00110936
0.00128561
0.00226326
0.00120927
0.00083915
0.00200160
0.00224362
0.00094108
0.00207151
0.00136196
0.00249649
0.00081451
0.00139983
0.00148608
0.00171694
0.00169724
0.00134803
0.00126654
0.00146874
0.00107742
0.00157680
0.00293933
0.00168054
0.00136858
0.00140729
0.00167784
0.00174407
0.00146661
0.00203489
0.00179098
0.00143825
0.00166898
0.00125273
0.00093636
0.00136799
0.00121700
0.00164548
0.00112438
0.00190204
0.00205029
0.00262988
0.00145676
0.00255412
0.00129916
0.00140852
0.00191730
0.00186650
0.00172274
0.00113185
0.00145928
0.00156114
0.00104833
0.00127167
0.00123872
0.00094346
0.00113680
0.00165894
0.00111725
0.00198780
0.00306866
0.00149736
0.00130871
0.00177614
0.00081280
0.00137381
0.00105200
0.00093970
0.00255247
0.00282763
0.00125549
0.00172344
0.00123653
0.00178572
0.00106731
0.00160654
0.00127660
0.00114535
0.00218990
0.00139781
0.00131102
0.00124613
0.00129933
0.00094970
0.00158299
0.00122498
0.00141677
0.00232016
0.00139255
0.00169859
0.00117013
0.00276498
0.00234967
0.00186732
0.00188197
0.00110749
0.00149093
0.00134653
0.00170873
0.00232243
0.00115067
0.00133274
0.00214793
0.00084310
0.00147133
0.00164948
0.00115917
0.00121691
0.00178716
0.00165577
0.00097632
0.00180422
0.00139861
0.00128517
0.00171623
0.00144594
0.00108855
0.00282281
0.00187232
0.00223774
0.00100340
0.00140437
0.00205335
0.00173521
0.00169477
0.00129009
0.00144907
0.00113151
0.00287883
0.00161797
0.00132450
0.00107425
0.00288807
0.00145647
0.00175782
0.00105341
0.00140436
0.00145848
0.00136311
0.00237128
0.00168366
0.00177740
0.00164262
0.00096776
0.00162234
0.00085879
0.00146255
0.00102638
0.00186308
0.00235810
0.00141478
0.00125872
0.00153340
0.00159777
0.00168260
0.00108196
0.00145920
0.00331992
0.00187031
0.00105330
0.00169239
0.00119518
0.00103891
0.00145431
0.00130745
0.00112008
0.00079845
0.00107507
0.00104706
0.00118368
0.00116926
0.00148139
0.00152813
0.00103358
0.00196465
0.00122186
0.00148559
0.00118567
0.00177052
0.00159558
0.00287080
0.00218464
0.00159397
0.00122279
0.00191779
0.00233194
0.00191285
0.00152103
0.00116622
0.00195742
0.00229045
0.00185684
0.00229702
0.00122624
0.00215067
0.00132184
0.00152128
0.00122678
0.00168255
0.00161828
0.00144359
0.00116869
0.00130334
0.00237404
0.00099649
0.00164280
0.00122945
0.00158742
0.00120880
0.00138381
0.00137425
0.00116384
0.00114344
0.00262442
0.00212208
0.00164199
0.00142393
0.00178918
0.00107729
0.00166463
0.00161582
0.00107822
0.00131720
0.00179342
0.00193352
0.00126284
0.00134334
0.00188013
0.00176426
0.00224749
0.00123180
0.00123437
0.00133157
0.00154729
0.00116491
0.00129706
0.00242145
0.00354511
0.00252096
0.00156588
0.00221661
0.00133111
0.00121233
0.00088926
0.00294105
0.00120214
0.00172258
0.00149320
0.00196148
0.00124280
0.00104038
0.00201230
0.00156433
0.00168921
0.00273351
0.00155796
0.00188667
0.00173209
0.00165754
0.00224373
0.00222017
0.00304811
0.00106295
0.00250330
0.00137697
0.00132383
0.00103723
0.00130154
0.00137286
0.00230376
0.00117737
0.00155342
0.00126775
0.00153421
0.00076899
0.00140673
0.00220351
0.00175183
0.00092832
0.00144695
0.00081396
0.00345277
0.00153353
0.00115574
0.00143253
0.00172123
0.00123478
0.00159298
0.00136324
0.00191258
0.00161010
0.00123541
0.00171416
0.00119207
0.00165087
0.00137800
0.00137087
0.00143975
0.00131930
0.00112343
0.00158941
0.00145716
0.00156272
0.00147670
0.00160411
0.00155016
0.00371548
0.00093032
0.00237944
0.00122982
0.00124826
0.00241245
0.00124470
0.00174636
0.00180741
0.00130917
0.00083606
0.00125337
0.00146346
0.00140699
0.00293587
0.00185032
0.00149090
0.00129545
0.00313144
0.00148485
0.00158035
0.00142307
0.00127454
0.00192830
0.00118125
0.00215518
0.00131085
0.00204612
0.00207787
0.00304488
0.00109906
0.00122380
0.00094825
0.00158606
0.00112069
0.00188412
0.00207844
0.00129366
0.00386081
0.00148293
0.00143864
0.00188109
0.00147778
0.00118703
0.00232296
0.00198095
0.00161382
0.00094363
0.00245620
0.00081291
0.00135797
0.00268962
0.00216917
0.00166031
0.00153879
0.00165965
0.00150032
0.00122190
0.00128649
0.00212756
0.00115782
0.00186033
0.00408066
0.00145260
0.00147597
0.00191255
0.00166704
0.00152857
0.00114137
0.00170304
0.00174689
0.00145522
0.00207282
0.00283052
0.00130228
0.00130822
0.00130611
0.00147321
0.00163980
0.00145014
0.00155969
0.00108385
0.00198466
0.00125806
0.00321286
0.00139155
0.00116441
0.00119644
0.00144065
0.00234337
0.00202016
0.00132722
0.00172460
0.00158859
0.00122762
0.00152743
0.00274183
0.00121215
0.00154315
0.00196716
0.00178424
0.00166544
0.00197316
0.00194972
0.00108991
0.00116296
0.00144808
0.00124823
0.00191157
0.00118650
0.00162730
0.00106073
0.00091881
0.00153541
0.00164753
0.00237744
0.00187688
0.00248951
0.00156107
0.00245135
0.00193227
0.00218778
0.00161773
0.00225021
0.00165797
0.00242676
0.00115563
0.00106974
0.00121962
0.00122453
0.00137196
0.00192312
0.00120395
0.00280059
0.00335315
0.00125892
0.00155509
0.00099235
0.00310722
0.00166421
0.00281402
0.00179935
0.00221811
0.00190246
