1518517196
1326667353
1900731113
1126367203
1200934204
1349758670
1390431580
1123519480
1393774559
1549408797
1935275228
1503783326
1219753937
1168200869
1275841693
1926979688
1474315586
1617011258
1684118464
1343072713
1568042809
1619178004
1091606413
1346849041
1104668794
1648583837
1366690239
1698976148
1496725926
1279679928
1400893865
1165244809
1212758444
1645302765
1409684662
1270177201
1775493219
1086468131
1838947911
1720829324
1254174238
1294862624
1907293257
1491401923
1200222273
1633045176
1175614234
1251945585
1921098521
1257207681
1580238491
1834614420
1493506761
1544827678
1544920538
2089052256
1504030954
1155401593
1404794008
1093030275
2126010744
2083852066
1758778325
2105581429
1117266872
1098478092
1258012473
1442557287
1762121304
1861977321
1156918315
1395322234
1311190599
1435809423
1284446768
1108197494
1491092388
1712100435
1684675627
1508240631
1501307045
1508116817
1480784870
1534427299
1993591637
1953104448
1165120995
1405784520
1747696969
1513069379
1505361955
1796355884
1808799194
1210405977
1679351624
1723677047
2025535657
1955828357
1230401943
2139258846
1228730454
1799141700
1706528804
1386593345
1578381280
1697180844
1792950998
1530403343
1226501801
1186695590
1458250716
1471405957
1557766244
1935089507
1241607113
1517093335
1599182038
1447447942
1299428266
1985977074
1399903353
1107795098
1513255100
1523779292
1203781926
2057851119
1992477311
1177100003
1147322728
1363563935
1572562021
1211829839
1188367080
1378158514
1453205294
1972295623
1920479451
1836409723
1940165882
1310169134
1226006545
1333724753
2052093767
1526131759
1765897632
1926546339
1509788307
1117050197
1122281340
2012225649
1440638170
1182733541
1877454075
1665174917
1764907120
1449831362
1604134599
1823533064
1526998457
2039402829
1301130709
1373097615
1445095475
1840867028
1224273149
1256774332
1108507029
1150077590
2019406863
1898935809
1498335509
1493444854
1180350121
1570735764
2027516682
1728072445
1988577169
1888411617
1093277903
1415163433
1112871473
1108878471
1360778119
2068808661
1500409394
1150820474
1273272552
1233373480
1554918521
1966723992
1119866966
1567888041
1504092861
1436738028
1720395975
1559902036
1308033341
1269712899
1200624669
1513007472
1483539732
1349820577
2063608472
1276584577
1560304432
1751720925
1866806068
1552627962
1177316677
1501492767
1406589311
1836657351
1265441314
1718972114
1790474717
1440638170
1920355637
1961214267
1360406677
1372107103
1713648110
1276522670
1342577456
1685356604
1690742514
1337748709
1121693223
1578876537
1668889338
1515483752
1415813456
1083960897
1813442220
2027207147
1551389821
1500749882
1368702217
1431475931
1143298772
1463667580
1119464571
1122931364
1105349771
1986224702
1218577703
1096187533
1112221450
1345982342
1127141041
1372261871
1581755213
1509850214
1191833872
1801679887
1523748339
1190286197
1535603532
1681208834
1872068164
1481434893
1367030728
1348768158
1533374880
1724915187
1335009324
1631435593
1556961453
1824833111
1558818663
1463481859
1708447921
1550089774
1788122251
1561914014
1243711952
1625925869
1325119678
1254267098
1366968821
1651245838
1471870259
1311623948
1550646937
1681394555
1305247526
1900916834
1208053511
1817280455
1096311347
1828114183
1600605899
1859810575
1239316554
1125779086
1963442920
1077367800
1629021220
1860862995
1443176357
1442031078
1318433720
1433456956
1203720019
1935213321
1290637470
2044912553
1604567948
1355144581
1606858508
1185395543
1104823561
2075556526
1840247958
1139336723
1614906420
1510221656
1199386528
1319300418
1811151661
1372849987
1224242195
1546653935
1339482106
1137850954
1326791167
1811027847
1378483526
1517712405
1151501451
1389007718
1133146021
1739339522
1896521436
1291937517
1129926856
1307909527
1735810822
1410922802
1142927330
1164285250
1975329067
1810223055
1307476178
1781405339
1984491306
1656353167
1140172468
1174530861
1194000618
2145078105
1157537386
1504216675
1691237771
1424108997
1105721213
2028259566
1834428699
1713586203
2061256005
1990217704
1783107782
2124153534
1173045093
1637502481
1475368006
1640721646
1372602359
1210344070
1371364219
1625678241
1492701970
1812142173
1677927762
1437171377
1255002244
1189017103
1080354813
1813627941
1410489453
1660593798
1275903600
1419450494
1307599992
1759645023
1435561794
1792331928
1628711684
1803475191
1138160490
1836285909
1269403363
1955766450
1482363499
1670498920
1149396613
1623078146
1917507914
1910079072
1275098809
1610449115
1108321308
1631868942
1598005805
1683251766
1388450555
1244640557
1154039639
1884697196
1281846674
2063732286
1128936344
1799636956
1560552060
1282868139
1084641874
1932675133
1228730454
1428937744
1245073906
1094577950
1222508799
1632364198
1577452675
1547056330
1695354587
1288161189
1511955052
1549718332
1264450802
1264822244
1697087984
2080199552
1225016033
1508116817
1265688943
1832138139
1146332216
1843962379
1454195806
1969509808
1488987549
1817466176
2080570994
2017054396
1205174834
1083929943
1202481879
1237366483
1457229250
1878877936
2108676780
1918498426
1526255573
1217277656
1961771431
2072894524
1453638643
1576090721
1861172530
1117143058
2004734900
1548727820
1454505341
1215791888
1961338082
1172395069
1092287391
1356877977
1213872770
1491030481
1547056330
1632302291
1708076479
1880239891
1322457676
1249097862
1957128404
1166823438
1272622528
1112035729
1773697916
1442681101
1485458849
1469053490
2132510981
1409313220
1744725432
1349139600
1771902613
1386159996
1478958613
1918869869
1349696763
1151532405
1198643644
1299861615
1526379387
1235973575
1490782853
1523098315
1617847003
1617630329
1104111631
1556497150
1185488403
1985234190
1264141267
2027021426
1529706889
2091590443
1716743461
1160694643
1386407624
1789546112
1693156888
1405413078
1370930870
1724234210
1618930376
1122528968
1291875610
1605867996
1534736834
1706002594
2011792300
1629949825
1599429666
1079905987
1529041389
1097487580
1209105930
1734386961
1650750582
2013711417
1389998231
1749739901
1076377288
1317133673
1290142214
1865753649
2063763240
1337284407
1180148923
1116802569
1106587911
2103105148
1593238964
1327286423
1831519069
1492578156
1186138427
1172147441
2019716398
1706343083
2145201919
1144536912
1404236844
1254669494
1446766964
1977310092
2099700262
2047265020
1406264299
1777319476
1700152381
1609520509
1113459590
2143716151
1460448415
1299985429
1357806582
1691299678
1815670873
1829104695
1813194592
1465153348
1203843834
1870953838
1258879171
1239130833
1324314887
1180814424
1602091668
1486696990
1221673054
1993467823
1990805821
1230030501
1442990636
1335891499
2099390727
2055808188
1224582684
1872687235
1414203874
1671798968
1074953426
1709747968
1484530244
1514245612
1235540226
1765340469
1717052996
1256712425
1477596658
1122931364
1282403837
1711357551
1499449835
1441396531
1305990410
1560490153
1371364219
1380278829
1415813456
1865320300
1392288790
1417546853
1089934924
1316081254
1522107803
1131907881
1103554468
1855229456
1177471445
1692537818
1390926836
1655625760
1994829777
1565845110
1893302271
1113119102
1377678734
1527988969
1085106177
1467382001
1541608513
1458281669
1704315628
1831209534
1301780733
1785336435
1445281196
1263398383
1112035729
1613420651
1716062484
2125639302
2140744614
2120191485
2117467576
1996191732
1627287823
1764102328
1351677788
1445590731
2082923461
1205298648
1355330302
1296951986
1480970591
1116554941
1527246085
1738318056
1697552286
1098354278
1648769558
1148498961
2141054149
1204834346
1238233181
1912183911
