0.003008639
0.003040512
0.021194033
0.014883246
0.002402907
0.00089192024
0.0002705299
0.006047192
0.0022285094
0.0005740922
0.001165137
0.013089899
0.010398744
0.023513203
0.00078991224
0.00037422508
0.0008897936
0.00036377076
0.0014092505
0.020862652
0.010940356
0.0008610828
0.012449502
0.0008382022
0.008746004
0.00030107846
0.012370216
0.0016495171
0.0047557163
0.0027644201
0.012364783
0.0021309813
0.00044105417
0.00023755476
0.0007955352
0.00072550523
0.00020821026
0.00095581496
0.0011443796
0.00060082803
0.00017810869
0.0013142709
0.0010340541
0.01798255
0.0010263368
0.0011610667
0.013048694
0.00065186905
0.025965454
0.010436484
0.010549467
0.0010044689
0.0019680073
0.0006669045
0.000931904
0.0012984265
0.001095994
0.0022599297
0.0023302813
0.018784773
0.00061672623
0.014234927
0.005062605
0.0027956527
0.0007313915
0.0004387244
0.0021031173
0.00066998176
0.0011215899
0.0063163918
0.0013182319
0.017100386
0.00054678327
0.014347749
0.0072271177
0.0013280085
0.00038514298
0.00095494854
0.00065662863
0.005298299
0.0008224083
0.00063464115
0.0014930026
0.0008376059
0.0015207004
0.0007533597
0.0018767876
0.011833706
0.0013678222
0.01600834
0.0018684303
0.0022648668
0.0007985486
0.00035644692
0.00038018724
0.014155882
0.015373188
0.021937456
0.0014170528
0.0056430404
0.0024683184
0.01836553
0.0009381392
0.01327093
0.00065367453
0.00069461705
0.00041838593
0.0011037262
0.019792547
0.0015176035
0.019336082
0.00033689605
0.0019352037
0.004101048
0.0005737559
0.0010342773
0.0021372528
0.01819165
0.00042437497
0.0005745901
0.001831515
0.00018286359
0.011668981
0.0018099906
0.0006770191
0.0046818475
0.0012191335
0.00088864117
0.0019059377
0.0009875688
0.0011734278
0.0014624428
0.006618391
0.00048783366
0.0074776737
0.0016781525
0.000709967
0.006425211
0.0005473358
0.008159449
0.009070365
0.015641397
0.0006410677
0.00082054926
0.016631184
0.0012401033
0.0155621115
0.01660822
0.00082320085
0.0014134741
0.0007833394
0.0005780308
0.015332786
0.00067789684
0.0013231114
0.008898512
0.001531565
0.003023869
0.0015483286
0.0019782358
0.0014397363
0.0014728607
0.0009036673
0.002800658
0.024551177
0.0009829619
0.001648608
0.0019129029
0.00047439008
0.00040898367
0.00082557695
0.00029027046
0.0012363719
0.0006562989
0.0015119127
0.012342201
0.000313444
0.0017766298
0.02393874
0.0023793983
0.022108637
0.00074871315
0.00058517983
0.0010431685
0.00094022945
0.018437127
0.013796059
0.00019524196
0.00025142904
0.0056493664
0.0017099545
0.023661215
