1301529166
1315317483
1146060369
1609613211
2078982457
1543369341
1872488357
1307999679
1928094460
1986806105
2016140795
1415663859
1124617207
1271468653
1366855835
1295110205
1539689442
1258930098
1219276211
1128141017
1183192256
1490008586
1346405417
1450416174
1891749147
2083931942
1337830632
1427153539
2057310445
1195880833
1337243120
1843713807
1526390900
1644248953
1376585721
1255406494
1441139278
1653932067
1980222318
2079332970
1232789527
1137100238
1789316286
1944800966
1775962400
2009097388
1411207547
1127987251
1404073365
1128698836
1140917890
1738122275
1702709593
1154004470
1612556852
1123391816
1896496501
1955279177
2016147037
2031560775
2134353188
1539497819
1095034713
1209391944
1265592033
1518328190
1819605892
1159329366
1940787338
1366227180
1140527274
1849395458
1892295895
1551699534
1563216037
1148985909
1332894653
1652432851
1136223262
1146015011
1423086578
1098176324
1291737972
1449384471
1315701910
1303605681
1623786717
1279807463
1183432566
1731291315
1616556055
1959550800
1381799998
1233583985
1315743910
1530949301
1662600185
1186260717
1226026669
1220582138
2135576127
1986219856
1623346183
1435242278
1131111490
1201958076
1447941196
1909876048
2140550909
1313022574
2091184450
1165922669
1674327973
1774102477
1985642158
1789702447
1849139890
1967414989
1468667919
1988529208
1584617084
1265700835
1261992619
1565994340
1171506738
2025354864
2109575622
1537695251
1649007202
1708878521
2030486992
1265297835
1431549202
1688284402
1617410976
1451928636
1228519374
1389764645
1894208111
1764878109
1961907885
1691606784
1109296749
1419869822
1798651551
2145861674
1683032085
1796167914
1424457975
1222930310
1355482201
2000436767
1658230738
1173025442
1144748893
1924736535
1325101881
1308117753
1339605718
1711559174
1245652196
1274311299
1563696310
1211557335
1327596736
1700906747
1426366932
1655033540
1641759133
1415402067
1428569600
2009123770
2139404790
1135652621
1308098820
1334800835
1084760325
1537130782
1294479422
2058642727
1195517247
1295565317
2025177839
1805087698
1626963109
1993963092
1492034681
1351378482
1740280585
1221950483
1479443545
1279472312
