0.03753317
0.037930794
0.2643984
0.18567048
0.029976586
0.011126824
0.0033748967
0.07543953
0.027800951
0.0071618767
0.01453524
0.16329823
0.12972571
0.29333034
0.009854261
0.0046685077
0.011100294
0.0045380886
0.01758059
0.26026437
0.1364824
0.010742123
0.1553092
0.010456684
0.10910757
0.003755994
0.15432009
0.020577947
0.0593282
0.03448651
0.15425232
0.026584277
0.0055022095
0.0029635273
0.009924408
0.009050774
0.0025974507
0.011923919
0.014276288
0.00749541
0.0022219296
0.016395705
0.012899963
0.22433472
0.012803689
0.014484461
0.16278419
0.008132153
0.32392251
0.13019653
0.13160601
0.012530883
0.024551155
0.0083197225
0.011625627
0.016198045
0.013672672
0.028192924
0.02907057
0.23434255
0.0076937424
0.1775826
0.06315667
0.03487614
0.009124206
0.0054731457
0.026236668
0.008358112
0.013991984
0.07879783
0.016445119
0.2133296
0.006821194
0.17899008
0.09015926
0.016567083
0.00480471
0.0119131105
0.00819153
0.066096984
0.010259653
0.007917233
0.018625407
0.010449246
0.01897094
0.009398263
0.023413176
0.14762706
0.017063765
0.19970617
0.023308918
0.028254516
0.009962
0.004446723
0.0047428864
0.17659652
0.19178258
0.2736727
0.017677924
0.07039768
0.030792603
0.22911243
0.011703412
0.16555662
0.008154677
0.008665441
0.0052194204
0.013769131
0.24691467
0.018932307
0.2412202
0.004202823
0.024141924
0.05116112
0.007157681
0.012902747
0.026662515
0.22694327
0.0052941344
0.007168088
0.022848394
0.0022812476
0.1455721
0.022579875
0.008445904
0.058406673
0.0152088525
0.011085917
0.023776827
0.012320052
0.014638668
0.01824417
0.08256531
0.00608579
0.09328498
0.020935176
0.008856933
0.080155365
0.006828087
0.10179022
0.11315401
0.19512852
0.007997405
0.010236462
0.20747624
0.0154704545
0.19413942
0.20718975
0.01026954
0.017633278
0.0097722635
0.0072110114
0.19127856
0.008456853
0.01650599
0.111010134
0.019106477
0.03772317
0.019315606
0.024678756
0.017960902
0.018374134
0.01127337
0.034938585
0.3062792
0.01226258
0.020566605
0.02386372
0.0059180795
0.005102126
0.0102991825
0.0036211628
0.015423904
0.008187416
0.018861312
0.1539706
0.0039102556
0.022163695
0.29863897
0.02968331
0.2758082
0.0093402965
0.007300196
0.013013666
0.011729488
0.23000562
0.17210768
0.0024356695
0.0031366108
0.0704766
0.02133191
0.2951768
