2130132852
2126227185
1592301253
1673798000
1432456515
1878020505
1202483853
1137616469
1443916167
1327979911
2002941310
1992768409
1944712048
1886588753
1780227437
1482337035
1717131228
1463164447
1258578623
1405548283
1829048280
1369890145
1899577368
1592838661
1090142930
1357030205
1712029640
1978160002
1090089946
1096243643
1147690972
2059028511
1509858366
1193317645
1709516691
1150022262
1337433746
1419081875
1520477845
1330333908
1092799692
1591135608
1447980786
1112634579
1562645429
1984684586
1851664819
1328487042
1239935873
1956497172
1177717683
1291428616
1701599388
2040135980
1738763782
2092801938
1374673830
1472391207
1276729380
1784102828
2097555347
1205322274
1997355298
1433894648
1905526698
1485606896
1398380323
1619595510
1530779422
1202234072
1922875128
1101950762
1248205140
1631123284
1991739008
1355100079
1904149118
1294335160
1454172329
1372546907
1128404847
2126938682
1241071242
2030318828
1200621849
1103737075
1330549628
1779432679
1277312202
1431358992
1561328402
1519077558
1825521069
2127725871
1439957516
1950305629
1085972344
2083930926
2032309507
1516307259
1195406723
1616567861
1468372003
1973588252
2045979343
2039424483
1236015067
1974466270
1329402906
1196156066
1412065298
1859763781
1475078246
1287803007
1668802378
1959025259
1287265599
1455133607
1676666697
1581719619
1278455140
1170542154
1366309950
1465488167
2040030013
1230482039
1220733008
1771946817
1277607398
1131523325
1395034771
1221754840
1380971341
1329228816
2016573301
2049309757
1399890363
1548294372
2092272099
1506891270
1457517881
2059134479
1179072556
1201219809
1188261471
1187769478
1646624848
1190638175
1389948321
1495439187
1631683400
1395246707
1963067171
1791323771
2023801813
1978826085
1139478474
1199600017
1954377818
1156350049
1117535586
1476675331
1403005058
1117808075
1369239200
1204784866
2098599886
1073990422
1843853485
2080767032
2132774476
1228059919
1331893148
2041543837
1752032454
1378019383
2040241948
1311131043
1431472529
1098060233
1463800253
1309041965
1256368439
1264474970
1130429587
2127710733
1554470777
1233161508
1946006368
2143000361
1502803943
1180094387
1430768600
1418150873
1118216807
1472535021
1837722495
1804342663
1388283113
1195399154
1423252461
1335882075
2010934304
1514407409
1969599324
1410316830
1924979344
1432047782
1724117529
2057045401
1148205672
2147133102
1993918916
1382939313
1153394306
1209492861
1341680024
1197276296
1293805321
1344223249
1234834284
1285592823
2098751268
1697027638
1281127040
1177869065
2041952570
1968017377
1302199478
1670853611
1212671892
1582310011
1209159819
1076034085
1735357676
1939224433
1166602426
1916441373
1823666634
1402566048
1608347794
1266019071
1288071710
1296367469
1969743137
1092436375
2048280357
1780363681
1468863996
1098241892
1487809511
1419778234
1566301316
1284321210
1219832283
1121093074
1899637921
1735191156
1972377192
1661573866
1090521386
1153072618
2023423357
1907101076
1727137609
1386171328
2072259338
1969183022
2131192529
1466623536
1626665071
1629564045
1468031393
1099142617
1909969773
1085752839
1120411853
1084042217
1789340661
1096425302
1208955453
1642106082
2008951194
1452514691
1470771415
1913080683
1370117218
1520417292
1155086005
1274504058
1668151434
1759715114
1648464145
1326405533
1092678586
2015581746
1668393646
1134944569
1373682275
1074482415
1301329029
1147895338
1235977222
1253658693
1634219056
1472277671
1299542716
1075057668
1894309258
1294634140
2055516438
1426817518
1202052413
1784579683
1970530326
2007407093
1281626602
1301071679
1919045152
1318306572
1446989231
1851029013
1233812453
1241994675
1988363180
1531823961
1438875131
1389547157
1113122788
1082289965
1533542152
1124877635
1771447255
1193718808
1078857368
2021576491
1943266345
1138910789
1805705105
1388835659
1770887139
2065409282
1168551475
1196019822
1201325777
1745697098
1277675520
1134195226
1543465272
1783648681
1398599828
2035768596
1520409723
1153761409
1485508498
1141022575
1760933743
1091471311
1111457580
1240934997
2072736193
1865228688
1437300754
1347901843
1578184839
1385406847
1676999739
1801034956
1151233321
1265844981
1468894273
1083149061
2029009370
1082248335
1903528450
2043572362
1658606770
1829699225
1563478033
1363691033
1155683966
1132212116
1234849423
1834316390
1492290432
1966503552
2114464768
1144054008
1301699916
1092110902
1749050220
1186346483
1899698473
1325898402
1805235819
1590408972
1963597009
1999035643
1637352673
2089971086
1935803190
2064826459
1375574556
1329955452
2094565543
1151172768
1461612776
1734343414
1363146056
1316573243
1151165199
1134770479
1183504277
1161436499
1186800630
1682267848
1194415168
1419172704
1365590883
1797742388
1868301752
1180540965
1790672827
2146285360
1090687907
1166371567
1302676333
2143621029
1978160002
1507837410
2022621030
1267245269
2141637919
1099664887
1354267475
1333126915
1138365812
1934175828
1273580625
1452537398
1209053852
2034141235
1359278234
1826081184
1255051412
1305809950
1117005748
1708214802
2129875502
1362351298
1268963460
1149484854
1882607394
1953832841
1465578997
1319865811
1455390957
1939693719
1126682871
1094707111
1622532330
1363933245
1670232943
1460477408
1770024259
1295039088
1624379196
1113069804
1886967209
1150385580
1273573055
1923813699
1217039276
1679429427
1154745395
2122018752
1586124849
2041907155
1495598138
1217145244
1284396901
1356144617
1770054536
2085550718
1241426990
1438345293
1247414167
1659749707
1092262285
1093344669
1449619501
2068732127
2105139608
1230807511
1240382451
2138413473
1294130793
1814651808
1342149309
1110185968
1697580184
1158696477
1958419729
1525079872
1318018945
1096500994
1143724752
1261008311
1260985604
1806023008
1286130230
1144352989
1101451200
1219643055
1135406285
1562039899
1119980413
1983079932
1794434681
2014453946
1517185277
1987394332
1308004996
1416152624
1104380451
2081751018
1788931929
1103843043
2008587876
2014537207
1522945380
2026647803
1309382576
1568958078
2106138732
1338198227
1405858617
1669180835
1880775666
2095935555
1792330465
1862004241
1186422174
1144875258
1495878196
1249889270
1094290810
1221974344
2017019879
1622857802
2010207668
1241404283
1140750086
1154525890
1997559664
1122213304
1230285241
2127332277
1524640863
2145982595
2047341785
1128336725
1416939813
1799331903
1074119097
1972256086
1680859991
1876082810
1747332029
1383582688
1159657755
1115378386
1119859307
1893900525
1168173019
1407402718
1414290620
1749194033
1216524576
1114530644
1309526389
1428096700
1836481159
1968153621
2023347666
1205829405
1382704670
1392809449
1533920608
2108258087
2095632790
1643513939
1692645116
1265791997
1573143803
2025300499
2117522693
1492434245
2080191779
1189714742
1879882510
1217924864
2070109707
2063887888
1459720496
1894869373
1548899902
1864093319
1440570615
1890055411
1334799691
1631312513
1674532205
1238694537
1115915794
1288718870
1304379386
1545334845
1295319146
1955634292
2013553221
1877187902
1402202731
2034890578
1955422357
1899743888
2026269347
1271014692
1440911225
1521045530
1087315863
1253053163
1163472593
1121849986
1377171641
1388464772
1465700103
1829169386
1160187594
1135065675
1803290555
1136375133
1094646558
1287681901
1603798751
1235833408
1803101327
2014658313
1558641363
1202801756
1560526075
1276244956
1074406724
1517707546
1326125476
1232412165
1683789242
1802707732
1185771229
2054630851
1514566360
1241654064
1561721996
1109724251
1474805758
1277319771
1613366122
1362010688
1202355178
1167279862
1516958203
1176052476
1119132671
1762939560
1540536021
1604820582
1081529268
1404314516
1288824838
1078244269
1600778671
1888935181
1550973842
2061935054
1993464768
1648449007
1560806132
2119475527
1208720810
1505233632
1953303002
2017807068
1207577873
1819405217
2004424858
1959078243
1703173766
1607265409
1336941753
1356523074
2045540334
1997521818
1427074868
1337123412
2059179894
1247921298
1701107395
1600438060
1183931933
1243326840
1138910789
2005318015
1725691906
1141151250
2124334904
1422836160
1699896335
1979946315
1427854488
1079621849
1756816140
1764052221
1082551100
1299981725
1717729189
1097136800
1370321585
1100225002
1515815266
1676681835
1901787551
1094911478
1134111965
1744970463
1897291492
1180249554
1155638551
1151377135
1354191784
1742200164
2074961515
1361480849
1271642929
1202211364
1545660317
2070321643
1325527515
1644164883
1113913761
2070276228
1491964959
1079848923
1703915540
1268108149
1202847171
2038107455
1381584440
2087518690
1874372188
1298233258
2046206417
1909689716
1084443381
1101617721
1310483883
1196103082
1398107835
2133735755
1901545339
1410566611
1541959016
1337002306
1804372939
1234001681
1117433403
1117490171
1414510124
1840220305
1153345107
1196110651
1389774231
1153261846
1215654127
1978651995
2103701475
1152156754
1135073244
1382651686
1792186651
1326640176
1206995050
1394550347
1084647747
1562327526
2096238320
1186081563
2137868496
2134401837
2061586875
1881229814
2033702226
1117316082
1400174206
1612435120
1274458643
1822735632
1174928461
1711999363
1791505430
1589440125
1171253652
1158348297
1633204793
1156145682
1775413475
1533693534
2094482283
1183515631
1854654623
1610232505
1928082684
2144544462
1969470649
2064024132
1537561356
2027200349
1364493360
2044132477
1543442564
2056939433
1575845980
1787016940
1563561293
1631441188
1087433184
1184628292
1325474531
2073364430
1155411477
2097653746
1432259718
1651083062
1195679211
1985774539
1139440628
1396722686
1190993924
1130690722
1567641050
1763787302
1100815394
1207657348
1260024325
1543957265
1697360679
1136284304
1169913917
1452597951
1975147491
1206692285
1974239196
1991330276
1134354177
2077254959
1382099140
2003122969
1182565706
1454452386
1854707607
1877808570
1113516382
1962673576
2081137919
1777245203
1586117280
1225100392
1133264224
1367293936
2045434366
1505517474
1112184216
1951652933
1543291182
1702636358
1581522822
1108195288
1346985979
1656600952
1533156126
1178171830
1317685904
1335742047
1425636735
1288204170
1946596759
1367036585
1799331903
2116341910
1861716615
1228574620
1342891083
1561767411
1270908724
1696982223
2050884135
1160217870
1272377134
1747286614
1494447632
1380933495
1282391084
1729181272
1805341787
1944310884
2032778793
1167855115
1200705109
1997415851
1390425175
1914125222
2094073550
1289347108
1817868685
1167037650
1566324023
2074408969
1490034833
1355811576
1914632353
1835497173
1673245454
2047811071
1241828154
1878323270
1381728253
1330689657
1376058980
1919408470
2071623532
1817270725
1631055162
1635604205
1212929242
1091248022
1552790431
1756566359
1965125972
1581053536
1130244144
1082982540
1840295997
1565680648
1139773669
1162507530
1274852237
1636497362
1118360621
2029342411
1322098703
1961962079
1390932306
1282951199
1616961455
1698215990
2056152245
1590174329
1549043715
1276789933
1100959207
1258972217
1085298692
1333792997
1469999365
1125415043
1674002366
1177350580
1829805192
1137873820
1949647116
1198669015
1605002241
2115168696
1833937933
2122079305
1359020884
1649115090
1193060295
1097871005
1125029018
1109156567
1172653939
1433448070
1219215399
1477757716
1421723499
1174913323
1328865498
1198078623
2094785048
1437202355
1162821649
1165432996
1877127349
1470006934
1108997616
1829139110
1973557975
1152020510
1749693595
1320009625
1086010189
1275155002
1121388270
1364054351
1283874632
1271922987
1308277484
1834740260
1825218304
1663625098
1379601329
1323922861
1666463519
1088341479
2069413348
1834293682
1239996426
1177967464
1355629917
1424508936
1954317265
1266329405
1602708797
1149855741
1655442876
2096223181
1940390078
1838161504
1300708361
1539438498
1127269478
1721407783
1147380638
1653399213
1721188278
1080620974
1704816265
1977418228
1171881889
1835436620
1489928865
1283776233
1933804941
1447670452
1317754026
1138123601
1193957236
1454951948
1557997988
1073960145
1308860307
1926311510
1116044469
1295122348
1403307822
1689057351
1137548347
1332975532
1516042339
1275745394
1090248898
1120760033
1831780733
1368754776
1132847922
1884128788
1649099951
1855070925
1132484604
1186747646
1134452576
1287424550
1196330156
1500290995
1637254274
1453665197
1121895401
1538197162
1650053661
2035912410
2039772662
1327283552
1282625726
1996522694
1538658879
1442243391
1409476658
1144723876
2001563730
1404503744
1961386825
1918091442
1998490666
1972649680
1393361995
1347372004
1147153564
1386572492
1610300627
1253151562
1144069147
1457116717
1754348606
1211067238
1417197163
1275295031
1594965584
2140275477
1585367936
1251630168
2144302250
1379313703
1757088628
1120881139
1997809445
1987651682
1987621405
1639078433
1580992983
1323362746
1329168263
2055743512
1413162821
1128662197
1944742324
1813516440
1321462896
1505869438
2141244325
2045691717
1728469775
1695528952
1538681586
1301874006
1508132606
1800823021
1706050032
1911869623
1148417608
1517495611
1087327217
1943682647
