-39
76
39
33
74
54
82
50
78
71
70
65
44
37
61
50
50
82
45
29
53
52
45
99
40
62
51
112
67
82
29
113
47
68
60
70
-47
70
54
84
55
87
84
36
51
39
32
57
62
35
68
58
28
56
68
55
25
30
28
38
61
61
52
79
82
60
34
82
60
50
76
33
53
29
79
61
-60
70
108
73
75
-16
54
66
97
50
61
33
62
59
62
40
118
9
72
31
51
41
62
53
32
34
20
59
43
78
53
74
26
108
35
111
54
66
79
82
71
45
103
70
51
78
42
81
49
59
95
36
37
79
94
40
41
81
46
82
63
93
77
97
33
42
26
70
45
63
33
29
31
101
44
74
67
67
81
50
68
47
49
53
58
29
64
18
45
68
30
99
-123
73
59
60
64
73
77
53
79
45
37
39
31
73
78
-39
34
36
57
120
82
76
97
46
