-94
126
112
106
126
121
127
119
126
125
125
124
116
110
123
119
119
127
117
100
121
120
117
127
113
124
120
127
125
127
100
127
118
125
123
125
-106
125
121
127
121
127
127
109
120
112
105
122
124
108
125
123
99
122
125
121
94
102
99
111
123
123
120
126
127
123
107
127
123
119
126
106
121
100
126
123
-117
125
127
126
126
-33
121
125
127
119
123
106
124
123
124
113
127
56
126
103
120
114
124
121
105
107
85
123
115
126
121
126
96
127
108
127
121
125
126
127
125
117
127
125
120
126
114
127
119
123
127
109
110
126
127
113
114
127
117
127
124
127
126
127
106
114
96
125
117
124
106
100
103
127
116
126
125
125
127
119
125
118
119
121
123
100
124
80
117
125
102
127
-128
126
123
123
124
126
126
121
126
117
110
112
103
126
126
-94
107
109
122
127
127
126
127
117
