0.00060775
0.00059559
0.00053372
0.00063007
0.00068311
0.00050446
0.00049658
0.00106976
0.00026970
0.00052242
0.00062471
0.00039380
0.00066412
0.00048425
0.00037614
0.00112811
0.00079167
0.00082450
0.00034526
0.00039828
0.00074245
0.00054388
0.00055502
0.00041258
0.00046240
0.00045703
0.00041790
0.00058692
0.00054614
0.00065319
0.00095265
0.00040763
0.00036447
0.00092154
0.00061263
0.00035629
0.00033714
0.00094809
0.00098047
0.00048032
0.00040669
0.00037640
0.00052528
0.00044968
0.00052212
0.00047327
0.00048664
0.00065683
0.00040952
0.00107726
0.00073856
0.00072187
0.00064929
0.00069057
0.00033424
0.00147380
0.00045698
0.00087506
0.00097215
0.00036926
0.00070279
0.00031777
0.00079940
0.00041295
0.00101091
0.00057110
0.00045499
0.00078839
0.00110890
0.00035439
0.00051694
0.00058966
0.00066965
0.00046477
0.00066391
0.00038861
0.00052724
0.00051391
0.00053909
0.00047046
0.00081175
0.00125425
0.00028562
0.00104743
0.00038912
0.00034701
0.00031954
0.00040620
0.00058468
0.00052853
0.00027584
0.00090732
0.00062439
0.00063696
0.00037323
0.00038925
