0.01844157
0.01807267
0.01619524
0.01911883
0.02072833
0.01530753
0.01506821
0.03246090
0.00818394
0.01585251
0.01895636
0.01194944
0.02015218
0.01469403
0.01141379
0.03423167
0.02402260
0.02501885
0.01047678
0.01208554
0.02252916
0.01650373
0.01684161
0.01251932
0.01403107
0.01386809
0.01268080
0.01780977
0.01657215
0.01982060
0.02890730
0.01236926
0.01105955
0.02796352
0.01858987
0.01081123
0.01023021
0.02876910
0.02975156
0.01457478
0.01234061
0.01142163
0.01593933
0.01364533
0.01584327
0.01436097
0.01476668
0.01993090
0.01242662
0.03268857
0.02241088
0.02190461
0.01970229
0.02095477
0.01014234
0.04472124
0.01386661
0.02655287
0.02949927
0.01120497
0.02132575
0.00964250
0.02425718
0.01253073
0.03067530
0.01732946
0.01380643
0.02392317
0.03364880
0.01075353
0.01568600
0.01789279
0.02031986
0.01410296
0.02014593
0.01179194
0.01599859
0.01559431
0.01635816
0.01427587
0.02463203
0.03805929
0.00866696
0.03178339
0.01180759
0.01052974
0.00969634
0.01232591
0.01774164
0.01603797
0.00837020
0.02753176
0.01894657
0.01932804
0.01132525
0.01181142
