3902
24911
22854
-6547
1927
-13924
-10183
217
-161
-26456
-907
-10212
7055
34275
30074
-19754
-6389
-12113
-3727
-8480
-10179
-330
-6368
20468
-10191
-1752
-20690
18786
-2763
3980
-8178
-5781
22677
-8586
-9667
11691
12677
25951
-7830
-2079
-3025
9515
-5118
-7185
8464
-1254
13274
17950
-8163
-16694
757
9573
7156
19715
1159
-688
-3526
5346
4319
19354
-306
1762
-3600
-1784
1731
35431
7273
-6381
-1420
-19857
-6851
3496
-16113
14488
-3232
9918
23249
6823
3963
-900
-8782
2544
1605
-2964
35000
-1506
36377
-6309
5476
-137
1665
-12228
13165
-5995
-5169
-7098
-7605
5433
4777
-1872
-1307
-7511
-10038
-12669
232
-15043
1100
14523
-6703
32115
-21452
-7064
-3919
-3031
7322
-7922
-9049
-556
34663
-10154
7968
-9998
-5152
310
14413
-4706
-1346
-9673
11131
13401
40269
-2602
2093
-3520
36055
-16247
9724
-4092
-13812
16496
-6641
1293
-10997
-5105
-5028
25595
-3450
-11750
-10173
14577
-3068
16885
11344
5501
9325
-8412
9967
12721
-5642
7296
-9638
-13394
-20380
14037
-2397
-10183
-13439
17159
-4144
8175
4926
328
1956
-5586
10540
32993
-885
-18767
-7778
-10511
1522
23371
19738
2593
-6772
-5144
14182
17176
-13347
733
-5405
-5175
8732
1162
-1356
22676
-4907
-339
27444
14721
-5028
6117
-7594
741
26827
-3831
-17944
-4721
1108
1476
54022
1525
-2223
6718
-1399
6505
1271
32135
-816
461
47330
21670
20970
15424
-4389
-9121
-9848
-3049
-10556
4779
-2387
-9468
2065
18946
39638
-9086
13563
-2387
-1964
3278
-6942
4497
-1271
-8880
-2294
20116
7145
-5410
-933
-1611
9384
3483
9376
-528
-12498
-12562
-4771
-3785
-3790
9465
-3926
16722
-3599
-11468
-14661
-2160
8272
12006
-2551
-7535
3594
-9566
9068
18887
-8941
-23734
-13755
9380
2180
-10682
-11782
-553
-2713
-8634
-1488
13742
24353
-16322
6453
-3144
-13177
9611
-10257
10667
9447
8624
8264
24562
-23414
-4227
-13076
-2723
-9005
-4604
-13668
22512
-20
3630
3449
3643
3109
2014
-14621
11830
26387
-12500
4474
-5459
10232
-3753
-382
-5262
-9848
3278
-16095
9689
2425
-3029
26824
-10399
2662
7862
-9473
8994
-6759
2717
26770
12625
-9288
1812
11256
-10111
-19485
7067
225
9859
15334
9182
11280
12889
4738
-1797
-7943
-4166
-13163
-7419
8954
2577
12947
3268
-642
12873
27628
18949
-10417
8888
-11946
12131
2557
11786
5490
-6601
-1143
3081
19462
-7499
69
9029
-550
5034
-7124
21835
-11656
9402
