0.00013581
0.00003891
0.00006172
0.00006007
0.00004122
0.00012058
0.00006707
0.00002947
0.00002952
0.00006745
0.00005395
0.00014380
0.00008901
0.00004552
0.00007586
0.00008853
0.00025699
0.00015889
0.00011837
0.00011870
0.00010189
0.00014798
0.00017495
0.00005532
0.00011537
0.00007967
0.00010042
0.00002972
0.00024649
0.00026016
0.00006870
0.00003038
0.00006674
0.00009065
0.00013798
0.00011432
0.00018368
0.00006329
0.00018013
0.00003286
0.00017091
0.00001846
0.00016505
0.00007127
0.00022411
0.00001474
0.00014250
0.00003797
0.00017744
0.00010806
0.00004161
0.00004847
0.00003127
0.00002647
0.00023275
0.00002512
0.00020128
0.00009472
0.00004807
0.00005956
0.00005830
0.00009130
0.00010801
0.00017120
0.00015393
0.00005640
0.00002518
0.00024800
0.00001922
0.00019673
0.00013698
0.00020685
0.00008445
0.00005143
0.00015904
0.00014541
0.00003310
0.00003208
0.00022627
0.00002400
0.00012986
0.00002435
0.00008444
0.00006356
0.00006015
0.00017393
0.00005212
0.00014982
0.00013060
0.00003815
0.00010117
0.00014638
0.00014160
0.00012662
0.00014935
0.00010913
0.00014544
0.00020514
0.00003145
0.00011793
0.00008053
0.00002501
0.00007642
0.00015935
0.00005827
0.00028570
0.00003564
0.00004378
0.00011388
0.00003658
0.00015160
0.00019258
0.00010683
0.00002654
0.00015324
0.00017866
0.00019959
0.00031755
0.00001745
0.00014637
0.00005971
0.00004193
0.00014016
0.00016228
0.00008592
0.00017046
0.00005843
0.00009565
0.00010587
0.00006495
0.00002900
0.00002702
0.00004591
0.00012818
0.00004616
0.00020010
0.00011479
0.00013933
0.00015397
0.00005560
0.00014556
0.00019235
0.00011700
0.00009870
0.00008438
0.00005529
0.00014077
0.00002684
0.00012601
0.00004276
0.00022810
0.00010439
0.00010254
0.00010019
0.00008927
0.00015517
0.00021799
0.00007055
0.00015562
0.00001777
0.00014371
0.00008679
0.00017245
0.00015567
0.00002258
0.00006825
0.00001492
0.00002619
0.00006249
0.00001880
0.00012235
0.00003004
0.00020717
0.00013316
0.00018393
0.00004821
0.00002789
0.00015944
0.00010073
0.00011261
0.00003991
0.00009129
0.00011709
0.00002015
0.00011427
0.00003090
0.00002076
0.00003595
0.00013259
0.00007050
0.00016034
0.00014975
0.00010290
0.00022534
0.00021797
0.00006559
0.00011212
0.00003741
0.00002418
0.00005541
0.00020056
0.00015375
0.00012481
0.00003543
0.00006703
0.00003210
0.00017101
0.00008439
0.00018219
0.00013624
0.00002872
0.00002728
0.00014794
0.00003904
0.00002775
0.00001816
0.00002207
0.00007333
0.00018108
0.00030305
0.00004390
0.00005415
0.00010509
0.00010392
0.00005449
0.00003593
0.00014550
0.00010334
0.00014906
0.00009624
0.00005635
0.00014788
0.00022205
0.00004181
0.00003369
0.00002636
0.00001533
0.00009516
0.00013634
0.00014812
0.00017689
0.00005148
0.00018472
0.00003221
0.00019629
0.00009022
0.00004632
0.00007797
0.00006025
0.00019191
0.00001873
0.00015604
0.00006646
0.00035468
0.00008821
0.00014385
0.00008832
0.00003453
0.00020686
0.00008648
0.00017330
0.00010484
0.00017117
0.00009612
0.00006964
0.00002227
0.00014231
0.00012122
0.00024997
0.00017324
0.00009364
0.00017459
0.00004921
0.00008594
0.00015972
0.00011484
0.00023751
0.00024116
0.00016905
0.00001558
0.00016353
0.00032920
0.00015980
0.00014138
0.00007711
0.00001778
0.00004125
0.00023001
0.00002111
0.00011268
0.00003555
0.00013028
0.00015505
0.00003169
0.00018739
0.00005882
0.00014462
0.00004100
0.00017365
0.00006952
0.00009966
0.00002913
0.00017868
0.00010059
0.00011377
0.00002413
0.00025243
0.00009678
0.00015164
0.00033721
0.00019376
0.00005599
0.00014806
0.00012824
0.00003698
0.00009447
0.00003080
0.00018817
0.00006994
0.00002609
0.00002204
0.00007130
0.00003618
0.00008754
0.00013935
0.00017129
0.00023140
0.00024625
0.00007212
0.00011553
0.00005242
0.00003835
0.00011930
0.00001690
0.00015647
0.00023196
0.00003108
0.00011691
0.00020722
0.00024003
0.00002737
0.00002409
0.00012722
0.00003902
0.00005522
0.00005613
0.00005081
0.00026128
0.00011664
0.00011604
0.00003086
0.00020295
0.00023821
0.00015398
0.00008989
0.00002388
0.00011643
0.00013996
0.00018979
0.00016269
0.00002800
0.00005490
0.00002613
0.00006532
0.00007635
0.00013417
0.00021428
0.00008203
0.00010981
0.00021260
0.00012981
0.00002516
0.00013764
0.00015528
0.00003826
0.00009667
0.00003258
0.00013840
0.00005057
0.00010547
0.00005278
0.00003662
0.00004442
0.00014130
