0.00042991
0.00012316
0.00019536
0.00019016
0.00013049
0.00038171
0.00021233
0.00009328
0.00009346
0.00021351
0.00017078
0.00045521
0.00028176
0.00014410
0.00024014
0.00028024
0.00081351
0.00050297
0.00037470
0.00037574
0.00032253
0.00046844
0.00055381
0.00017513
0.00036521
0.00025219
0.00031787
0.00009409
0.00078026
0.00082353
0.00021747
0.00009616
0.00021127
0.00028696
0.00043678
0.00036188
0.00058142
0.00020033
0.00057020
0.00010403
0.00054101
0.00005842
0.00052246
0.00022561
0.00070942
0.00004665
0.00045109
0.00012019
0.00056169
0.00034207
0.00013170
0.00015342
0.00009898
0.00008378
0.00073678
0.00007952
0.00063714
0.00029983
0.00015218
0.00018854
0.00018456
0.00028900
0.00034190
0.00054192
0.00048725
0.00017855
0.00007971
0.00078505
0.00006085
0.00062275
0.00043361
0.00065479
0.00026733
0.00016279
0.00050344
0.00046030
0.00010477
0.00010156
0.00071624
0.00007598
0.00041106
0.00007707
0.00026728
0.00020119
0.00019039
0.00055058
0.00016499
0.00047425
0.00041341
0.00012076
0.00032027
0.00046337
0.00044823
0.00040083
0.00047278
0.00034545
0.00046040
0.00064938
0.00009956
0.00037330
0.00025491
0.00007917
0.00024190
0.00050442
0.00018444
0.00090439
0.00011281
0.00013858
0.00036048
0.00011581
0.00047990
0.00060962
0.00033816
0.00008401
0.00048508
0.00056554
0.00063179
0.00100521
0.00005523
0.00046335
0.00018900
0.00013274
0.00044368
0.00051369
0.00027197
0.00053959
0.00018496
0.00030279
0.00033514
0.00020561
0.00009180
0.00008552
0.00014532
0.00040574
0.00014612
0.00063343
0.00036338
0.00044104
0.00048738
0.00017602
0.00046077
0.00060887
0.00037036
0.00031244
0.00026711
0.00017501
0.00044562
0.00008497
0.00039887
0.00013537
0.00072206
0.00033044
0.00032459
0.00031716
0.00028259
0.00049120
0.00069004
0.00022331
0.00049260
0.00005625
0.00045491
0.00027473
0.00054588
0.00049276
0.00007148
0.00021604
0.00004724
0.00008292
0.00019782
0.00005950
0.00038730
0.00009508
0.00065579
0.00042151
0.00058224
0.00015261
0.00008830
0.00050471
0.00031887
0.00035645
0.00012634
0.00028899
0.00037066
0.00006379
0.00036172
0.00009781
0.00006573
0.00011380
0.00041972
0.00022318
0.00050756
0.00047403
0.00032574
0.00071332
0.00068998
0.00020763
0.00035491
0.00011842
0.00007653
0.00017540
0.00063488
0.00048671
0.00039510
0.00011216
0.00021217
0.00010161
0.00054134
0.00026714
0.00057671
0.00043126
0.00009090
0.00008635
0.00046831
0.00012358
0.00008783
0.00005748
0.00006987
0.00023211
0.00057322
0.00095931
0.00013897
0.00017143
0.00033265
0.00032896
0.00017248
0.00011375
0.00046057
0.00032714
0.00047185
0.00030465
0.00017836
0.00046811
0.00070290
0.00013235
0.00010664
0.00008345
0.00004854
0.00030123
0.00043158
0.00046888
0.00055994
0.00016296
0.00058474
0.00010197
0.00062137
0.00028559
0.00014663
0.00024683
0.00019072
0.00060750
0.00005928
0.00049395
0.00021037
0.00112275
0.00027923
0.00045535
0.00027957
0.00010930
0.00065482
0.00027375
0.00054859
0.00033186
0.00054185
0.00030427
0.00022044
0.00007051
0.00045050
0.00038374
0.00079129
0.00054840
0.00029642
0.00055266
0.00015577
0.00027203
0.00050560
0.00036351
0.00075184
0.00076339
0.00053514
0.00004931
0.00051766
0.00104209
0.00050585
0.00044754
0.00024410
0.00005629
0.00013058
0.00072809
0.00006682
0.00035669
0.00011255
0.00041242
0.00049082
0.00010031
0.00059318
0.00018621
0.00045778
0.00012978
0.00054970
0.00022007
0.00031549
0.00009220
0.00056560
0.00031843
0.00036013
0.00007640
0.00079906
0.00030635
0.00048003
0.00106744
0.00061336
0.00017725
0.00046868
0.00040593
0.00011705
0.00029903
0.00009749
0.00059566
0.00022140
0.00008259
0.00006977
0.00022569
0.00011453
0.00027710
0.00044111
0.00054222
0.00073250
0.00077950
0.00022830
0.00036572
0.00016592
0.00012140
0.00037765
0.00005350
0.00049530
0.00073427
0.00009837
0.00037009
0.00065597
0.00075981
0.00008666
0.00007626
0.00040271
0.00012353
0.00017479
0.00017767
0.00016084
0.00082707
0.00036922
0.00036731
0.00009767
0.00064243
0.00075406
0.00048743
0.00028455
0.00007560
0.00036855
0.00044304
0.00060077
0.00051500
0.00008864
0.00017379
0.00008272
0.00020677
0.00024168
0.00042473
0.00067832
0.00025966
0.00034761
0.00067299
0.00041092
0.00007963
0.00043570
0.00049153
0.00012113
0.00030600
0.00010313
0.00043811
0.00016008
0.00033387
0.00016708
0.00011592
0.00014060
0.00044728
