5.5243756e-05
6.32797e-05
0.0001076864
6.6135275e-05
8.863961e-05
5.2606443e-05
7.20208e-05
5.0356553e-05
5.5575332e-05
5.5475874e-05
6.368261e-05
5.4983775e-05
8.989783e-05
5.3637305e-05
8.1027596e-05
6.5491506e-05
8.3583735e-05
3.612651e-05
9.109208e-05
7.998854e-05
6.602864e-05
5.4522356e-05
3.8870312e-05
8.5295695e-05
6.857629e-05
5.473343e-05
9.6035576e-05
6.7628e-05
8.741325e-05
7.125844e-05
0.000101796875
8.095492e-05
5.2526164e-05
5.8863756e-05
4.376246e-05
6.7196714e-05
8.414627e-05
5.2888143e-05
0.00014080948
5.5027904e-05
5.7031884e-05
6.3227075e-05
5.692504e-05
6.283974e-05
0.00010425233
0.000106540356
6.480904e-05
4.9477287e-05
5.7225214e-05
6.204514e-05
6.182139e-05
5.8209378e-05
8.1328275e-05
5.0531195e-05
7.829158e-05
4.1344483e-05
0.00019356405
0.00010078486
7.164368e-05
7.7102544e-05
5.4720196e-05
4.8531627e-05
0.00013955908
8.1444676e-05
4.0347855e-05
6.7262794e-05
5.3106614e-05
6.705883e-05
4.817905e-05
5.1199553e-05
6.418529e-05
5.5560165e-05
6.670095e-05
6.0367027e-05
7.7063574e-05
7.052964e-05
5.4370415e-05
8.324496e-05
0.0001386438
5.2871597e-05
6.881043e-05
6.656779e-05
5.9679558e-05
7.380902e-05
4.8338665e-05
7.374998e-05
0.000104322215
6.258009e-05
3.4718734e-05
7.504135e-05
0.0001422313
8.5788655e-05
6.6665365e-05
0.000104259816
5.3013944e-05
6.7034634e-05
8.8864304e-05
5.4691656e-05
4.796881e-05
5.2130265e-05
8.399336e-05
5.8367976e-05
5.4869826e-05
4.0681865e-05
5.2277137e-05
6.014885e-05
5.3862128e-05
5.4736494e-05
4.5095818e-05
8.798572e-05
0.00016300185
4.776848e-05
5.120695e-05
6.283617e-05
8.282139e-05
5.2058997e-05
9.000192e-05
7.120232e-05
4.7512483e-05
5.2313742e-05
5.5088894e-05
7.510333e-05
5.1108083e-05
4.7679685e-05
6.981817e-05
3.969787e-05
5.288537e-05
6.727979e-05
8.755545e-05
0.00010856047
5.993449e-05
7.9168516e-05
6.199254e-05
5.433252e-05
5.796259e-05
7.218234e-05
0.00016556616
5.1580013e-05
5.240744e-05
5.68197e-05
6.578471e-05
6.400142e-05
0.00012988845
0.000118650634
5.339429e-05
8.416882e-05
6.616761e-05
4.9863214e-05
4.972208e-05
8.052812e-05
5.2184354e-05
6.9514404e-05
6.0549002e-05
6.5896704e-05
9.378645e-05
0.00015902749
4.9175735e-05
7.972112e-05
4.4549113e-05
5.6555084e-05
6.837098e-05
4.2850355e-05
5.6805027e-05
0.00010235068
7.6507684e-05
0.00010598783
0.00010619845
5.5910274e-05
6.165037e-05
7.068258e-05
0.00012287007
8.347638e-05
5.1545805e-05
7.559457e-05
6.1091036e-05
5.2929605e-05
4.3352946e-05
7.0755224e-05
6.5294786e-05
0.0001066757
6.130002e-05
3.6356956e-05
6.459526e-05
6.495069e-05
8.4306244e-05
4.4753786e-05
4.3771637e-05
6.6943336e-05
6.391175e-05
0.00011890768
6.490064e-05
6.831656e-05
6.613639e-05
6.523163e-05
5.3878135e-05
4.07749e-05
6.302072e-05
7.141879e-05
8.781274e-05
9.0852205e-05
4.860141e-05
6.780137e-05
8.3098e-05
4.6196805e-05
8.475172e-05
5.4891e-05
7.4796466e-05
5.8283258e-05
6.0421957e-05
5.0925417e-05
8.502748e-05
6.7208326e-05
5.2181273e-05
4.7567526e-05
4.287268e-05
6.0679333e-05
6.819132e-05
5.316584e-05
8.006863e-05
6.907297e-05
8.803603e-05
6.67039e-05
5.8792222e-05
4.7078556e-05
0.00011684683
5.8976213e-05
7.881433e-05
8.7547916e-05
6.747232e-05
6.4684566e-05
6.206026e-05
6.333889e-05
8.101514e-05
3.9704195e-05
6.353326e-05
4.2707452e-05
0.000119099306
6.74742e-05
7.492881e-05
9.063919e-05
0.00012411916
4.981486e-05
5.0006838e-05
5.762914e-05
3.9360904e-05
8.522262e-05
6.603953e-05
7.7894874e-05
5.0434657e-05
8.7934706e-05
5.853179e-05
5.7752906e-05
4.809973e-05
6.356944e-05
5.0690218e-05
8.070506e-05
8.8568115e-05
6.500779e-05
6.909975e-05
5.262262e-05
6.261471e-05
6.6778455e-05
9.28602e-05
6.2505045e-05
0.00011023401
6.136098e-05
4.4309214e-05
5.9542257e-05
7.028849e-05
7.8969315e-05
5.8897967e-05
5.6553872e-05
0.00010033769
7.149053e-05
7.2223535e-05
6.911559e-05
6.4427666e-05
7.384701e-05
5.6430534e-05
7.6826866e-05
9.754783e-05
5.2785403e-05
7.86647e-05
0.00016036988
7.614414e-05
8.019958e-05
6.611199e-05
5.5192566e-05
0.0001391856
6.825791e-05
6.1559156e-05
8.128607e-05
7.195464e-05
6.6551685e-05
9.004477e-05
7.889356e-05
5.778995e-05
4.3084845e-05
5.1092527e-05
6.0471346e-05
4.5478842e-05
4.7780708e-05
0.00011671261
7.172569e-05
3.8404072e-05
5.6888577e-05
8.488017e-05
3.9388728e-05
5.07278e-05
7.442512e-05
6.7853216e-05
7.9757214e-05
7.442327e-05
6.450654e-05
6.6116816e-05
0.00013769361
5.506904e-05
5.224234e-05
6.812962e-05
4.8335292e-05
7.0189235e-05
7.1785216e-05
3.8828297e-05
7.1477196e-05
7.681414e-05
5.862055e-05
7.619599e-05
5.4832602e-05
5.8105525e-05
3.38061e-05
4.9444236e-05
7.998746e-05
6.0375984e-05
9.370225e-05
8.4724335e-05
7.0019494e-05
8.8895824e-05
9.447871e-05
5.1170373e-05
7.036199e-05
9.131446e-05
5.80798e-05
5.7222554e-05
7.126822e-05
4.6841193e-05
7.543199e-05
5.0359693e-05
6.5193766e-05
7.4318334e-05
7.401968e-05
6.309179e-05
9.309692e-05
6.467821e-05
4.4787794e-05
5.564796e-05
5.9713406e-05
9.286388e-05
7.877843e-05
6.866644e-05
7.024784e-05
4.4659486e-05
5.5591332e-05
8.0826685e-05
6.0393846e-05
7.6184646e-05
6.773334e-05
6.259594e-05
7.523589e-05
6.170893e-05
4.160413e-05
6.3936364e-05
5.331372e-05
9.492836e-05
5.163897e-05
6.117978e-05
5.9753907e-05
0.00013079388
8.6282496e-05
5.3117208e-05
6.864087e-05
3.129139e-05
4.4727538e-05
4.4175224e-05
6.379235e-05
7.694932e-05
7.830986e-05
5.4396292e-05
4.8425234e-05
6.059917e-05
4.6471083e-05
8.964524e-05
4.111349e-05
5.2051808e-05
6.724534e-05
0.00010285216
8.7978675e-05
4.6328056e-05
7.120511e-05
7.060651e-05
8.28763e-05
5.8156525e-05
6.486565e-05
5.7595393e-05
8.116153e-05
5.101571e-05
6.453599e-05
8.151652e-05
7.4360956e-05
5.1878458e-05
6.6146225e-05
4.406315e-05
6.954055e-05
7.6692566e-05
7.001975e-05
0.000102560014
9.626348e-05
5.777691e-05
8.1971084e-05
7.6123346e-05
6.135335e-05
3.6538964e-05
5.5280816e-05
6.950124e-05
5.376288e-05
8.060265e-05
6.487961e-05
0.00013589064
4.6022054e-05
7.4440984e-05
6.475351e-05
6.697701e-05
8.521493e-05
4.9333998e-05
8.044798e-05
0.000113034366
5.409325e-05
5.1993913e-05
8.7466535e-05
8.0659294e-05
7.0964976e-05
8.179492e-05
9.265611e-05
0.00012755208
8.056609e-05
6.334548e-05
4.1501506e-05
6.763801e-05
6.1014194e-05
0.00013401292
6.6592045e-05
5.946623e-05
6.9818205e-05
5.2356594e-05
6.0844388e-05
8.211391e-05
6.204946e-05
6.168147e-05
4.664467e-05
7.371843e-05
6.0878938e-05
3.8439717e-05
6.308214e-05
8.217402e-05
6.257235e-05
7.6677185e-05
3.7549158e-05
8.21163e-05
7.36732e-05
5.0277642e-05
9.784425e-05
4.522824e-05
6.520677e-05
4.0070638e-05
9.980181e-05
7.3002695e-05
7.8567384e-05
0.00010861512
6.930976e-05
6.558769e-05
4.676768e-05
9.2096285e-05
4.4885215e-05
3.724814e-05
7.0177586e-05
7.1042625e-05
5.650182e-05
5.7227844e-05
4.8417118e-05
6.55946e-05
9.381362e-05
6.555015e-05
5.279146e-05
7.816276e-05
6.994211e-05
7.7267214e-05
6.3237705e-05
7.0535905e-05
5.5029093e-05
7.983585e-05
6.547119e-05
4.8130445e-05
7.753491e-05
5.7528567e-05
8.0384925e-05
6.6837776e-05
4.700518e-05
9.867543e-05
7.339969e-05
5.668356e-05
7.675559e-05
6.052026e-05
7.379784e-05
5.6343226e-05
6.2895975e-05
4.9871713e-05
5.2881875e-05
6.5239234e-05
5.4306027e-05
6.240824e-05
0.00012090447
0.00013026857
5.3926735e-05
7.621549e-05
4.199917e-05
6.204991e-05
7.048952e-05
6.700195e-05
8.9898516e-05
5.4742686e-05
9.7073695e-05
7.880797e-05
6.255791e-05
7.05627e-05
5.5423727e-05
5.3889362e-05
8.7219014e-05
7.826138e-05
6.0031845e-05
8.153904e-05
7.389198e-05
7.5049946e-05
5.6598114e-05
3.805111e-05
5.005815e-05
6.701666e-05
5.907823e-05
5.019247e-05
5.7901925e-05
9.767882e-05
6.278998e-05
0.00010877785
6.1026167e-05
6.946857e-05
0.000103648366
0.000100578705
5.6528246e-05
5.9673155e-05
0.00012261949
5.5589167e-05
4.6203288e-05
7.3632196e-05
8.2777144e-05
0.00010504211
5.3681993e-05
6.6289576e-05
0.00016231748
0.00011107761
4.7420148e-05
9.530683e-05
5.175928e-05
7.298808e-05
5.8072852e-05
6.1727274e-05
0.00011872062
6.783268e-05
4.5037592e-05
6.168581e-05
6.727823e-05
6.532477e-05
6.0569942e-05
6.208785e-05
8.590641e-05
5.478973e-05
6.188279e-05
4.317018e-05
5.4702297e-05
4.6142573e-05
8.630537e-05
7.9146084e-05
4.022363e-05
5.8311583e-05
6.45017e-05
6.859623e-05
5.179365e-05
7.19924e-05
5.219803e-05
0.00011044952
5.0332714e-05
6.415594e-05
7.777674e-05
6.179382e-05
9.1421796e-05
6.1216546e-05
7.827352e-05
8.676004e-05
6.344754e-05
6.2163155e-05
5.332899e-05
7.920245e-05
5.654602e-05
5.5963937e-05
6.096336e-05
7.085826e-05
0.00010048743
9.1818976e-05
9.4300245e-05
4.680065e-05
4.6871497e-05
0.00010183872
4.4737524e-05
5.4296645e-05
7.443902e-05
6.600132e-05
8.4668805e-05
5.35882e-05
5.1091065e-05
7.725971e-05
3.986771e-05
4.296344e-05
8.450864e-05
9.77895e-05
5.3686686e-05
4.098091e-05
8.427816e-05
4.6663212e-05
6.621071e-05
6.370312e-05
6.990715e-05
4.68133e-05
8.578855e-05
8.27804e-05
0.00011203857
7.19433e-05
5.2859898e-05
5.2417647e-05
5.124376e-05
5.4626296e-05
8.415521e-05
5.4777316e-05
8.8518274e-05
5.4323944e-05
6.153873e-05
0.00010811952
6.1686835e-05
7.040714e-05
5.2553118e-05
5.4088472e-05
5.8674133e-05
7.2129464e-05
7.482645e-05
8.326475e-05
7.902334e-05
7.0967646e-05
6.1485836e-05
4.7923786e-05
6.756524e-05
6.4693646e-05
6.408594e-05
5.4861368e-05
7.2666015e-05
4.929581e-05
9.4470626e-05
3.2189957e-05
6.1273175e-05
6.0273353e-05
4.890753e-05
5.4352753e-05
6.819196e-05
7.8730416e-05
5.1203227e-05
5.3571002e-05
6.728703e-05
5.931848e-05
8.0960875e-05
5.7926598e-05
7.8237965e-05
5.2582913e-05
7.773911e-05
5.5228826e-05
5.428971e-05
8.1299615e-05
6.051691e-05
6.739991e-05
6.247627e-05
4.208913e-05
4.4254044e-05
0.000101099344
3.3909433e-05
8.153051e-05
2.855715e-05
0.00012314894
7.340089e-05
6.043027e-05
4.635424e-05
5.4095883e-05
9.4857656e-05
5.0879797e-05
3.5591896e-05
8.4002306e-05
9.420078e-05
3.8909984e-05
8.664356e-05
5.7060297e-05
0.00010417245
3.453474e-05
5.8205307e-05
6.2739564e-05
7.160216e-05
7.1685914e-05
5.6447723e-05
5.2632946e-05
6.136369e-05
4.486962e-05
6.619124e-05
0.00012318647
7.013056e-05
5.7143785e-05
5.9166607e-05
7.0582784e-05
7.304732e-05
6.1252205e-05
8.5813066e-05
7.463517e-05
6.0554565e-05
7.015232e-05
5.2078976e-05
3.9277635e-05
5.6822435e-05
5.0928844e-05
6.8970476e-05
4.678018e-05
7.92758e-05
8.612846e-05
0.00010978382
6.121228e-05
0.000107013795
5.4940312e-05
5.863078e-05
8.082943e-05
7.790385e-05
7.214621e-05
4.7336183e-05
6.160614e-05
6.5306805e-05
4.3950422e-05
5.3458993e-05
5.190801e-05
3.962894e-05
4.754546e-05
6.9299706e-05
4.6630616e-05
8.3387866e-05
0.00012962615
6.3255786e-05
5.5160188e-05
7.348562e-05
3.39249e-05
5.7210145e-05
4.363001e-05
3.935435e-05
0.000106738305
0.000118533746
5.2696727e-05
7.2254006e-05
5.2155105e-05
7.4127856e-05
4.4999208e-05
6.7655776e-05
5.3442393e-05
4.8088707e-05
9.152446e-05
5.8241694e-05
5.4950546e-05
5.174308e-05
5.42134e-05
4.011655e-05
6.621978e-05
5.1478946e-05
5.950771e-05
9.697846e-05
5.8090674e-05
7.0903174e-05
4.88557e-05
0.000116018615
9.742741e-05
7.877236e-05
7.972468e-05
4.631831e-05
6.2361076e-05
5.585887e-05
7.188049e-05
9.8023935e-05
4.8028942e-05
5.4984233e-05
8.981443e-05
3.5746707e-05
6.098663e-05
6.927645e-05
4.8423135e-05
5.091026e-05
7.4583775e-05
6.8946414e-05
4.119872e-05
7.531384e-05
5.8860765e-05
5.395848e-05
7.1705435e-05
6.062277e-05
4.585419e-05
0.00011837775
7.8335994e-05
9.374716e-05
4.2223102e-05
5.893787e-05
8.7097134e-05
7.187978e-05
7.116371e-05
5.3918702e-05
6.0497645e-05
4.7347465e-05
0.000120793346
6.748557e-05
5.5407876e-05
4.475472e-05
0.00012139788
6.1425555e-05
7.325153e-05
4.3615637e-05
5.8655052e-05
6.159732e-05
5.650393e-05
9.922226e-05
7.089691e-05
7.452278e-05
6.7849236e-05
4.0799896e-05
6.8207926e-05
3.540434e-05
6.141585e-05
4.3823045e-05
7.8180245e-05
9.8129916e-05
5.936019e-05
5.2762778e-05
6.446755e-05
6.690316e-05
6.969789e-05
4.518977e-05
6.0976927e-05
0.00013896887
7.834852e-05
4.361396e-05
7.08364e-05
4.984529e-05
4.3234973e-05
6.077656e-05
5.503632e-05
4.7386737e-05
3.338328e-05
4.5312976e-05
4.403056e-05
4.896273e-05
4.9101585e-05
6.182634e-05
6.416633e-05
4.353713e-05
8.2445404e-05
5.1043855e-05
6.24335e-05
4.9281785e-05
7.349413e-05
6.684172e-05
0.00012004905
9.1339934e-05
6.6925306e-05
5.1342387e-05
8.172222e-05
9.764492e-05
8.0150465e-05
6.338471e-05
4.8356527e-05
8.192319e-05
9.627542e-05
7.709331e-05
9.6133044e-05
5.157718e-05
9.0447946e-05
5.532195e-05
6.371172e-05
5.117585e-05
7.035969e-05
6.800587e-05
6.0677197e-05
4.9052273e-05
5.4843775e-05
9.972006e-05
4.1658834e-05
6.863564e-05
5.158437e-05
6.6748195e-05
5.0333456e-05
5.781577e-05
5.7775436e-05
4.8478047e-05
4.819953e-05
0.000110371526
8.8862194e-05
6.916907e-05
5.905364e-05
7.511053e-05
4.5048233e-05
6.933532e-05
6.75154e-05
4.4940098e-05
5.477277e-05
7.530069e-05
8.171028e-05
5.2046093e-05
5.60549e-05
7.878838e-05
7.4542906e-05
9.4199175e-05
5.1675706e-05
5.1470357e-05
5.5629345e-05
6.447104e-05
4.8537473e-05
5.3938606e-05
0.00010111512
0.00014817085
0.00010549631
6.5686356e-05
9.278206e-05
5.565576e-05
5.0980594e-05
3.7167523e-05
0.00012356794
5.0707557e-05
7.190259e-05
6.239698e-05
8.219308e-05
5.2408614e-05
4.4075354e-05
8.4584826e-05
6.500705e-05
7.164881e-05
0.000114334805
6.535834e-05
7.9269696e-05
7.206215e-05
6.932319e-05
9.414682e-05
9.354155e-05
0.0001280864
4.452164e-05
0.000104987856
5.7948262e-05
5.5163717e-05
4.261836e-05
5.4231492e-05
5.7704663e-05
9.622471e-05
4.893519e-05
6.507711e-05
5.308239e-05
6.454675e-05
3.2119107e-05
5.9603026e-05
9.178998e-05
7.4074946e-05
3.891607e-05
6.0552604e-05
3.4445773e-05
0.00014440747
6.453819e-05
4.8429112e-05
6.058925e-05
7.2066956e-05
5.2223637e-05
6.709763e-05
5.6379973e-05
8.0267455e-05
6.696769e-05
5.175601e-05
7.131176e-05
5.0004866e-05
6.901491e-05
5.7477006e-05
5.765819e-05
5.9926653e-05
5.5466026e-05
4.7043915e-05
6.580062e-05
6.096849e-05
6.577835e-05
6.222177e-05
6.680792e-05
6.404812e-05
0.00015598873
4.020331e-05
9.9733625e-05
5.1553397e-05
5.2324216e-05
0.00010078978
5.19236e-05
7.290712e-05
7.5514086e-05
5.442916e-05
3.4981902e-05
5.291128e-05
6.180543e-05
5.8581587e-05
0.00012264999
7.808668e-05
6.253899e-05
5.3838157e-05
0.00013182042
6.147953e-05
6.538958e-05
5.9238868e-05
5.3196556e-05
7.994944e-05
4.9092374e-05
9.0243586e-05
5.545186e-05
8.504303e-05
8.6758635e-05
0.0001279228
4.5893285e-05
5.137733e-05
3.975863e-05
6.635997e-05
4.687624e-05
7.963622e-05
8.656684e-05
5.4152206e-05
0.00016170746
6.206501e-05
5.9784332e-05
7.932922e-05
6.201468e-05
4.9930608e-05
9.740812e-05
8.27218e-05
6.79876e-05
3.9338378e-05
0.000102526836
3.4396726e-05
5.7540223e-05
0.000112314294
9.046731e-05
6.940453e-05
6.4141335e-05
6.950876e-05
6.2885374e-05
5.097745e-05
5.386363e-05
8.887696e-05
4.8387446e-05
7.787166e-05
0.00017166484
6.0755458e-05
6.191603e-05
7.979427e-05
6.908473e-05
6.3538006e-05
4.7477275e-05
7.076891e-05
7.290242e-05
6.1077415e-05
8.690233e-05
0.00011928096
5.4666172e-05
5.464946e-05
5.422356e-05
6.178298e-05
6.866381e-05
6.1323255e-05
6.5412874e-05
4.5802153e-05
8.319109e-05
5.204655e-05
0.00013390182
5.8665508e-05
4.856014e-05
5.0010978e-05
5.999842e-05
9.801666e-05
8.437738e-05
5.577185e-05
7.23232e-05
6.6378154e-05
5.142962e-05
6.3557796e-05
0.00011507994
5.087416e-05
6.4614316e-05
8.210657e-05
7.4418705e-05
6.928828e-05
8.269327e-05
8.134343e-05
4.6255318e-05
4.880299e-05
6.082957e-05
5.3122712e-05
8.019971e-05
4.9859987e-05
6.78951e-05
4.5231864e-05
3.912509e-05
6.39469e-05
6.806171e-05
9.953751e-05
7.891501e-05
0.000103869716
6.464556e-05
0.00010261478
8.067892e-05
9.211921e-05
6.765065e-05
9.398666e-05
6.9201844e-05
0.0001016074
4.8155205e-05
4.5372988e-05
5.0421775e-05
5.1267332e-05
5.709803e-05
8.095166e-05
5.02878e-05
0.00011750056
0.00014000457
5.2352094e-05
6.4805754e-05
4.1777632e-05
0.00013013292
7.032659e-05
0.00011773337
7.5886805e-05
9.30289e-05
7.971106e-05
