-214
54
113
-1679
-692
-1625
753
-1053
450
803
664
-1206
-1403
1678
314
-817
889
408
1875
-944
1940
-618
553
742
633
666
2859
-872
-118
-681
-149
-1032
275
-1086
1527
164
-1204
-290
181
884
3127
3057
252
-2228
-957
1530
-136
-737
-581
1896
461
-2191
-1167
50
-1058
821
513
656
1287
-1857
1569
70
323
2311
-1440
540
570
-573
-124
877
1167
2663
-1619
-1757
-1519
-1595
-2921
-1532
-415
762
-1801
59
-383
674
843
175
-122
-1176
229
-2377
-667
-310
53
-1684
2732
150
-575
-694
-614
-180
-1114
382
-596
-461
549
-254
-50
-284
-675
954
1916
-358
421
1924
-2147
650
246
-1326
550
-898
1442
737
-911
752
161
2642
-1926
-664
1305
-714
-489
-2604
-704
296
2468
-708
-91
-632
-374
-124
1282
1418
-364
993
-165
1479
332
927
1616
702
806
-111
-338
-1411
-1285
-760
-1849
-1180
-1674
-360
-460
-822
-259
1056
-198
237
-2029
1326
-377
-91
15
217
1529
-1113
1575
-299
148
-1331
150
-2048
454
-530
619
-1374
391
207
135
-2590
1304
2972
-477
-352
