1831931160
1093952961
1247898369
1415635519
1182855474
1374855342
2108399453
1587605209
1402131705
2143123548
1207665255
1983534755
1923540195
1313162008
1477175292
1081533674
1131469956
1255528456
1876339227
1791256556
1322078173
1162350215
1542198992
1760409889
1591012355
1554781437
1722556978
1445541622
1382619796
1184064771
1086927522
1399828282
1417175933
1100815241
1114933301
1319112516
1486456166
1749986902
1250384146
1078539225
1342194730
1849374787
1949636053
1671248241
1312279029
2126193392
1323988094
1798013262
1663829301
2118649683
1406575391
1530835440
1428112392
1567239114
1342079559
1404185590
1122112302
1319266078
1993151544
1892434392
1513142276
1482866665
1683686723
1192347495
1638386079
1558313352
1769757946
1742894280
1213759727
2005273305
1531795200
1286355928
1544607988
1522053642
1307398653
2138243171
2064787986
1285108241
1296059096
1749190302
1276883103
1383819495
1344210225
1901436935
1560376835
1096438738
1975971851
1169082927
1973303719
1163449139
1605869430
2091709237
1791218166
1462327814
1471138406
1527159562
1509356025
1482578738
1691940653
1277324592
1114131902
1453421247
2028293134
1114395836
2023767869
1076648499
1903375649
1494892451
1635084506
1740062990
1643127290
1869736082
1462039886
1299907731
1976595694
1670883532
2133602735
2074212823
1374077937
1231736020
1559493856
1697766393
1513132678
1450167663
1242653284
1560717549
1129934341
1352838462
1442326428
1707085657
1842248573
1173046733
1669904578
2105596955
1642762582
1535432688
1787676654
1489709750
2123467675
1778779684
1318349508
1153410056
1822064833
1094787951
1652753677
1285799268
1762367798
1299264692
1255672420
1710511998
1218107437
1455686279
1139205617
1361101990
1123695905
1250249779
1647494196
1214498742
1351878702
1720052006
1379442992
1757799343
1496524042
1331963695
1732327329
1744093979
2085019714
1537889672
2046063080
1972516717
1297882638
1393119564
1612654929
1326358700
2034075685
2108207501
1519913378
1590978763
1672035243
1550136202
1231673636
1347492602
1913928204
1437844352
1750390001
1975395995
1534098622
1273284005
1728833805
1206667105
1233185257
1437969121
2001827769
1794567726
1818475333
1966355061
1225919878
1421192526
1667236446
1834129009
1838092815
2114388351
2060065969
1801334030
1252476421
1522927023
1413869562
1656736679
2047637085
1924739894
1923050717
1326694616
1336090660
1115125253
1388080827
1272554588
1298189761
1359048105
1218069047
1527965760
1243358707
1300776313
1683034086
1655680943
1749794950
1557391983
1102566801
1164677631
2116634188
2021253299
1405394887
1221514583
1652878446
1280990873
1665316928
1459947611
1151164219
1629364340
1587307683
1362426458
1266488908
1448468888
1597692280
1821796100
1296596561
1403926455
1322318113
1217046903
1317567304
2142739644
1702498007
1883470240
2025879339
1928425370
1854926995
1395523761
1293890039
1318930162
1356639109
1454899276
1131220418
1176098768
1283313491
1128964984
1205745736
1312912471
1592164066
1501533986
1443602908
1506659101
1341993180
1276192076
1927676758
1696278766
1403005086
1306040593
1674127519
1261267817
1268187683
2020543077
1365276944
1152008807
1610879374
2029843146
1439355973
1645066004
1502618514
1252361250
1341186983
1301721676
1604122668
1564906899
1930277706
1491466110
2063473115
1441971317
1362100140
1192491459
1229403805
1097638437
1329924206
1711039865
1104136008
1737087736
1981576846
1409670615
1580867698
1137813965
1832219087
2036014399
1470879270
1791774826
1108598889
1396641881
1427219815
1183172195
1499288149
1604113071
1181415835
1563092954
1146269446
1087023498
2084827762
1648002868
1221908084
1173881724
1392226988
1261565343
1532956509
1688917411
1108670871
1284383622
1735043448
1115821079
1267794181
1339363440
1947927681
1354143734
1337568690
1693821782
1870263950
1076682090
1301155418
1400308162
1855790778
2083935186
1283371076
1331752548
1624863069
2147384880
1974417040
1426096897
1791698046
1119717702
1282180975
1107077671
1154628950
1635996278
1740379710
1351254859
1530681879
1630496857
1707498353
1079249447
1200236717
1715425966
1173373051
1215487294
2044076378
2119292722
1911370445
1838342352
1605159208
1221284241
2059931603
1658051549
1928828469
1547861572
2142720449
1564158287
1505833708
1111566945
1284647556
1359623961
2101450795
1442398410
1670413250
1456674831
1303650792
1179083620
1537630537
1759243781
1195783433
2050391595
1577278198
1950691788
1288640155
1399837880
1610351507
1147730679
1778981233
1079503783
1759709265
1810221402
1738872888
1772109356
1540740157
1088880632
1353779026
1402875518
2124273873
1421278905
1696269168
1532255884
1204718793
1306040593
1974474626
1319314066
2028576263
1840511409
1161289680
1938637210
1701672614
1088347966
1526286181
1468009590
1368828053
1159312576
1480524852
1690366648
1188633226
1108109412
1208836161
1727125433
1141048355
1189247472
1731300386
1259329103
1084537721
2137652919
1401517459
1363203863
1526458937
1438170670
1790008869
1808609006
2007672704
1327395240
1792168328
1272357837
1629988184
1342559439
1143452552
1314620842
1971192249
1274032617
1260749547
1666142321
2077994275
1426480801
1685337509
1841778291
1846826626
1498664305
1853602527
1300733124
1088712674
1236889928
1972439936
1191858017
1469708364
1602644639
1135193822
1633951990
1700607281
1179947403
1847181737
1345074008
1863190523
1363271046
1424263756
1516890136
1473086717
1711423769
2101604356
1459304572
1579715987
2027693285
1663867691
2034046892
1659923080
1275731391
2107727621
1510670895
1803205561
1685356704
1219734229
1246890621
1372263992
1237110673
1490429569
1216082345
1505689744
2033077535
1297489137
2125636732
1381050589
1394616788
2085576374
1709772983
1543110763
1737644396
1306933170
1644355782
1879333676
1360862050
1533436388
1311885528
1616570748
1557248019
1509327232
1149475042
1386929116
1462318217
1478091862
1127347789
1580954076
1428640259
1083846694
1713410471
2079040413
1851193531
1428649857
2045583200
1842891612
1102221288
1855656412
1670662787
1588651347
1374385060
1375795907
1184093564
1557603130
1132141787
2002010123
1345803425
1320590546
1201863509
1132420118
1805144275
2135560644
1923252267
1644240611
1855214923
1391833486
1390835336
1387850485
1080458744
1429024163
1415347592
2017663799
2005935539
1454553763
1725263500
1559752991
1265250819
1695587739
1710387229
1561000678
1263465666
1465677375
2055593491
1673964360
1817678733
1076350973
1891820146
1794251006
1200860561
1246477925
1543446679
1656132030
1904383397
1197813324
1105220536
1995646918
2124993693
1270846216
1422516994
1165109523
1840588189
2005647611
1166126868
1849091658
2086459353
1194386983
1587317281
1841423180
1277631715
1314544062
1108589292
1261680514
1672073634
1516592611
1083251643
1566130592
1121968338
1946843153
1178776497
1242379752
1813350218
1219086392
1778098255
1814348367
1226390161
1331944500
1554752645
1546940203
1793790321
1551978940
1958225899
1477271268
1252903514
1468172749
1849206829
1534530514
1498520341
1170474578
1460638638
1742049692
1185840326
1666449444
1108483718
1751541712
1389674028
1439543126
1704503904
1592605555
1450167663
1721961927
1231040195
1470092268
2097918880
1241084077
2037300476
1140462901
2086872049
2037655587
1258071818
1499441710
1229586159
1860680753
1396872223
2024094187
1446885285
1226188611
1100474526
1436980568
2022971268
1330485665
1510824457
1929960985
2047445133
1627252870
1370306083
1484435872
1232523023
2034670736
1079163068
1551719805
1378396855
1780526446
1634441468
1634095954
1313565107
1104510314
1212713589
1629748244
2137806481
1719716090
1867250306
1177437632
1299874139
1528100126
2141520750
1387466581
1510728481
2091258150
2111873782
1678129716
1622617232
1528551213
2105213052
1380690680
1993784985
1593776462
1348701899
1319861129
1661828202
1787014420
1419484155
1539530860
1188441274
1218971220
1702498007
1333796835
1104486320
1227225151
1349997574
1528973507
1393973750
1854850214
1684013041
1376573312
1537006693
1401181543
1362426458
1237235442
1339670563
1798502740
1169572404
1164946364
1385307122
1361994566
1769537201
1255480468
1417449465
1417746990
1430031910
1467779248
1479613081
1088050440
1204661208
1229787709
1535346309
2049297469
1969263132
1702296457
2014813314
1456204549
1196253715
1494527742
1903394845
1411623725
1128024420
1262122003
1836605188
1410356843
1414378235
1189573790
1709465860
1335965891
1929778631
1187423929
1263216129
1795287546
1307624196
1158727123
1827189948
1836921909
1515709632
1811161966
1257102461
1924615125
1181684568
1738076288
1344373384
1895208097
1871194917
1172451682
1316588349
1627847921
1848669364
2126308563
1252687568
1514193212
2082697096
1229346220
2054864073
1172240535
1276086502
1409656218
1229384610
1670029346
1417622221
1275443464
1567814970
1270414324
1288524984
1296529378
1306424497
1486916850
1393138759
1885879236
1936852057
1215919186
1203595875
1167652885
1976893220
1511889790
1280242261
1516909331
1421749187
1380460337
1665662441
1194785284
1698726152
1399281219
1199756837
1570310344
1572143485
1162566160
1681853582
2063559494
1332203635
1081303332
1433285495
1119751294
1345976182
1324218436
1258052623
1992594883
1322154954
1770813681
1723132834
1896868481
1556432224
2119667028
1341273361
1263758393
1363261449
1859265107
2096090538
1690376246
1291173920
1790392773
1218433755
1172470877
1381151364
1600878681
1397352103
1518166616
2085825912
1452336719
1595081735
1545567747
1286855003
2099819204
1201666758
1643184876
1767377742
1442748722
2128276070
1510200613
1871022160
1748748812
1439571919
1673743615
1106535407
1266508104
1709350689
1456521270
1554623077
1374183511
1281835461
1835386293
1390960105
2101182062
1150684339
1886675836
1169366056
1794874849
1686988295
1588507383
1400375345
1413111352
1320580948
1761580796
1098118317
1337079212
2141252017
1972881425
1226927626
1253541754
1798349178
1844811131
2079568280
1223491687
1120557491
1361389918
1168737413
1457049138
1552295660
1388714268
1424897198
1311837540
1362013762
1521784909
1556921701
2072878757
1562805026
1229063091
1305143218
1255672420
1882404907
1633376135
1724476497
1675144864
1654308487
2140781735
1377878584
1079935675
1282219365
1886560665
1286739832
1826911618
2091517285
1817362012
1947687741
1995090258
1135443360
1509547977
1591655394
1373310130
1666238297
1236208499
2085998668
1383291628
1125077958
1274282155
1246300369
2092371471
2020523882
1344978032
1419416971
1446386211
1109270721
1588478590
1534856832
1120471113
1344949239
1471963799
1239644438
2130877018
1111554948
1176871374
1106996091
1120336747
1168209546
1740187758
1313209996
1490122446
1967429992
1387869680
1470696916
1768097562
1328662122
1959924673
1960903628
1531660833
1296279840
2041772955
1299101533
1313190801
1335802732
1238233592
1277190226
1498731488
1100652081
1908596741
1843793786
1767991988
1179678671
1241074479
1883758167
1499110593
1585388165
1787417519
1292920682
1419733692
1148832003
1225833500
1333912006
1222359171
1604525767
1150060495
1709177932
1116056220
1580013512
1243656232
1336916053
1559561039
1934481452
1312758909
1766379593
1553255420
1995358991
2058386390
2114983402
2003094651
2038173857
1146826106
1107000890
1327328057
1104836632
1357762027
1126460012
1495842613
1333019430
1275021169
1083894682
1460657833
1991212830
1750716319
1117639823
2102122626
1194007878
1990128302
1203634265
1491370134
1133120742
1300886685
1333537700
2026483988
1191205381
1610034786
1083045295
1440109384
1502464952
1253551352
1979071873
1103109065
2025677790
1836000540
1790805469
2017625409
1164562460
1272084306
1879967118
1939117090
1189727351
1855272508
1698572591
1688677471
1332981040
1558735646
1366687790
1682851732
1225276840
1406306658
2066035673
1172470877
1846500307
1144397915
1882068991
1815979958
1807841199
1218280194
1321751855
1548600587
1266277761
1240767356
2021368470
1549315608
1315532614
1354844359
1526842841
1966834941
1435780869
1733104734
1868632359
1861357383
1904930460
1126920696
1108627682
1518013055
1359825510
1255370096
1649634459
1280578176
1074690590
1168996548
1767176193
1553293810
2092025957
1271527645
1724994767
1855905949
1613653079
1618442278
2111019596
1334627027
1383896276
1121977935
1146893289
1851587032
1256200288
2127441079
1233463587
1863123340
1338470863
1514941825
1238732666
1316914667
1455215997
1173886523
1190322402
2080259307
1118100507
1526650889
1389587649
1458603948
1976768451
1745706375
1084480136
2109282431
2145734094
2070172236
2121912865
1983323608
1169677978
1100700069
1177826335
1257495963
1087426597
2090951027
1837531356
1181598189
1363558974
1380277983
2043366156
1378502428
1476378692
1482204431
1305445542
1326291517
1574226163
2135234326
1401810185
1200409474
1219076794
1141758577
1100340160
1978217688
1321319963
1225843098
1421115746
1575329886
2089300241
1952112232
1957717227
1164975156
1684569701
