0.00013939042
0.00017347043
8.336665e-05
0.00012016537
0.00014323683
0.0001262183
0.0001302138
7.8751844e-05
0.00013436822
9.5275376e-05
0.00013632065
0.00015157563
9.706831e-05
0.00016471643
0.00013179016
0.00010305184
0.00021404454
7.023141e-05
0.00016747497
0.00019808071
0.00014266776
0.00012623858
3.583527e-05
0.00018024491
0.00011885748
0.00010935135
0.00012885564
9.452687e-05
0.00014602598
0.00016421083
6.207989e-05
0.00014357871
9.260432e-05
0.000114103204
5.5607623e-05
7.911177e-05
0.00014583
0.0001223435
2.622027e-05
0.0001492704
9.800159e-05
0.0001324264
0.00011788621
0.00014429788
8.847777e-05
0.00013128915
0.00014666232
2.714397e-05
0.00013601704
2.9957924e-05
3.7121656e-05
0.00016689749
7.212023e-05
0.00011870583
0.00017904775
4.145258e-05
0.00013128837
0.00012151234
0.00013013814
0.0001559411
0.00016686374
0.00014020388
0.00014874071
8.96344e-05
2.9372864e-05
0.00011500947
6.584884e-05
0.00013173695
0.00012058335
0.00014520717
0.00012901655
0.00017121491
0.00011242652
0.00019210853
0.0001682515
0.00013333192
0.00011568053
0.0001330756
0.00014169616
0.00011231463
0.00013502061
0.00013909007
0.00011686131
0.00010965317
0.000119792945
0.00010802429
0.0001377433
0.00020454128
3.804343e-05
9.4008865e-05
8.48321e-05
0.0001660705
0.0001023842
0.000101130376
0.00013313202
0.00020284313
4.6057536e-05
0.00014013822
4.8452886e-05
0.000112559115
0.00018687942
8.063975e-05
0.00016236801
3.4833927e-05
0.00012191322
8.0162325e-05
0.00013133835
9.956061e-05
4.2163618e-05
0.00011688996
0.00016558715
0.00018399445
0.00016981024
0.00013272575
0.0001701743
8.157948e-05
0.00014922148
0.00012731335
4.369791e-05
0.00015022603
8.059426e-05
0.00017456511
0.00013187618
0.00012205932
0.00011876113
4.6487046e-05
0.00012082409
6.286224e-05
0.00011716595
0.00016259986
0.00012367681
9.404062e-05
0.00012402564
0.000112885384
0.00012436889
0.00014057536
0.00015434391
0.00012988209
0.00012943665
0.000113097856
0.0001033214
0.00012629293
7.288621e-05
0.00010587781
0.00012879624
0.00012126294
0.00014419868
5.511309e-05
0.00012447438
3.1078045e-05
0.00015219956
0.00012545663
0.00013571954
0.000172834
0.00018167133
0.00019653764
0.0001252775
6.506935e-05
0.00013687332
0.0001562606
0.00012547462
3.686044e-05
0.00014958106
7.60131e-05
0.00014428394
9.939817e-05
0.00012536108
0.0001812703
0.00012773256
0.00014018377
0.00010289621
0.00015806932
0.00011118779
3.89398e-05
0.00014100297
0.00016922425
0.00012729212
0.000100548255
7.385371e-05
5.369237e-05
0.000119596894
0.00015743737
0.000116924566
0.00011916772
0.000151706
0.00017179847
3.5655357e-05
0.00013310605
0.000109354434
0.00010733824
5.819558e-05
0.00010678666
7.161018e-05
8.918972e-05
0.00013943254
3.562248e-05
0.00013389619
0.00013055728
5.950759e-05
0.00011715919
0.00010355211
0.00013625009
0.00011124306
7.077615e-05
0.00010194165
0.00012307035
0.00012483321
0.00013599168
0.000119269585
0.00014143932
0.000108168206
0.00011471072
7.5993994e-05
9.0977584e-05
0.00014153765
4.344022e-05
8.6432854e-05
0.00017990396
0.00010535916
0.00016116453
0.00018416387
0.0001406288
0.00013405002
0.000118715085
0.00021638758
7.83166e-05
0.00014321835
2.9969115e-05
0.000105693725
0.000159662
4.5009016e-05
0.00016018571
8.457159e-05
0.00015854306
3.3556786e-05
3.0867268e-05
0.00012625221
0.00015332019
0.00015004794
4.5535126e-05
0.00014593921
0.00016436444
0.00010823774
0.00011403355
3.1198033e-05
6.575924e-05
0.00012951801
0.000106738844
0.00012498602
0.00024628628
0.00010536668
0.00021462688
0.00010780389
0.00015279737
3.0890886e-05
0.00014295845
0.000130829
7.99954e-05
0.00010276665
0.00012839542
0.00011991376
9.222694e-05
0.00013098429
0.00013187705
0.00014047646
0.00012588383
6.881444e-05
0.00017937079
0.00012172971
0.0001494269
0.000108677705
0.00014427419
0.00014761517
0.00010166263
5.330514e-05
0.00010194283
5.5204935e-05
0.0001298231
4.5740533e-05
4.958657e-05
0.00012365651
0.00014813412
0.00012643496
7.2498966e-05
0.00012055762
0.00015330789
9.867041e-05
0.0001112304
8.2367405e-05
0.00020945362
0.00012783612
0.00013327903
0.000112372596
3.5829275e-05
0.00013427173
0.00019575912
6.6197885e-05
9.354131e-05
0.000112718415
0.00011917428
5.5996257e-05
4.5488836e-05
2.5174606e-05
0.00018506502
3.0685995e-05
0.00012062344
0.00015599975
2.6969463e-05
0.00012477396
8.414902e-05
3.1607746e-05
8.7887944e-05
0.00022087609
5.346091e-05
0.00014789999
7.6966266e-05
4.580957e-05
0.00012941907
4.1476294e-05
4.046399e-05
0.00013440597
6.9922855e-05
7.716621e-05
0.00017743264
0.0001407693
2.5928497e-05
0.00013404623
0.0001612804
0.00017758878
3.1486026e-05
4.0199953e-05
0.000121782105
3.5493853e-05
0.00014228448
0.00018711534
0.00015827322
0.00010333257
0.00015930521
0.00015909954
0.000117050964
0.00012611008
0.00015237472
0.000123106
0.000105722866
0.00016847045
0.00014859425
0.00013983094
0.00011540997
0.00010862579
0.00014893785
3.993044e-05
0.00013644074
0.00015391764
9.793934e-05
0.00014005545
0.0001760973
0.00013653115
0.00011045351
0.00016827641
0.00021175563
0.0002115937
0.00013289067
0.00015364579
4.121271e-05
0.00017868826
0.00012454597
0.00013601923
8.133099e-05
8.283621e-05
0.0001472141
0.000102016784
0.00014813815
9.075697e-05
0.000107420434
6.906517e-05
9.112464e-05
0.000104545325
0.00013096404
9.3649905e-05
0.00014657428
3.6548594e-05
0.0001448517
0.0001558167
0.00015158579
0.00016453316
7.4980904e-05
0.00012091221
0.00011221455
0.00015083388
3.2402902e-05
0.00012802085
0.0001375383
5.222559e-05
0.00013653592
0.00016576066
4.9034275e-05
2.6496264e-05
0.00012755545
0.00015148804
0.00018965025
0.0001524471
0.00010939993
0.00012787996
0.00012225361
8.2579296e-05
7.886471e-05
0.00013396394
0.00017016716
0.00011893379
0.00014815846
4.2619387e-05
0.00010739171
0.0001360432
0.00011222896
0.0002626482
5.7201938e-05
0.00013406281
0.00014086011
9.9103534e-05
0.00011363712
6.228848e-05
3.3773613e-05
8.724772e-05
0.00016418348
8.080848e-05
0.00014763312
6.741492e-05
0.00011867802
0.00019962428
9.7074815e-05
0.00015390577
8.3301726e-05
6.2866704e-05
0.00021205396
9.876031e-05
3.4501023e-05
0.00015144942
0.00011271379
5.487969e-05
5.9902784e-05
0.00015368461
0.00012827193
7.684372e-05
0.000102613274
8.4145766e-05
4.058638e-05
0.00018906815
7.973981e-05
0.00017530737
9.6783566e-05
0.00013103518
8.4875275e-05
7.1048285e-05
0.00015869907
2.7151762e-05
0.00016329276
8.6978216e-05
3.584848e-05
0.00018848035
0.00023509357
8.201481e-05
0.00017051946
0.00012584732
0.000111198446
0.000107949985
0.00019225832
7.678777e-05
0.000114834984
0.00017164952
0.00014466829
0.000103967715
0.00013579837
6.0266244e-05
0.00020510463
0.00013780083
0.0002897221
0.00019952156
8.531239e-05
0.00013000444
0.00016176094
3.131458e-05
0.00010725867
3.3564458e-05
0.00018383584
0.000117960604
0.00012525148
0.00012831997
2.2994938e-05
0.00018264327
5.043481e-05
0.00013055174
0.00011799471
5.8086778e-05
4.4771667e-05
0.0002151596
0.00013391668
9.7391494e-05
0.00014957688
0.0001377756
6.54567e-05
8.914437e-05
0.00017758396
0.00012559122
0.00015935043
7.636047e-05
0.00010499238
5.5842975e-05
0.00011017378
0.00015679939
0.00044889282
0.0001706805
0.00010675343
3.569155e-05
0.00014495502
0.00014681635
0.00012857698
0.00013669564
6.438532e-05
9.0925125e-05
0.00010436144
0.00018791418
9.074715e-05
0.00010844302
4.1032286e-05
0.00016566056
8.57789e-05
8.723629e-05
0.00021200589
0.00016163339
0.00016040607
0.00016375513
0.00012031218
0.00012867074
0.00012592545
0.00018424004
6.3485946e-05
0.000108620145
0.00012097189
0.00016830844
0.00010527148
6.896779e-05
0.00013678765
3.361552e-05
7.471347e-05
0.00012417637
0.00014132321
7.57173e-05
5.3603242e-05
0.00016957946
0.00012190161
0.00016905267
0.00013184675
0.00011913339
3.8622296e-05
0.0001633519
0.00017693298
0.00013469839
0.000107354856
0.00011295326
0.00011145468
0.0001239351
0.000100690515
0.00012004105
0.00011890184
0.00011379569
0.00010660116
0.0001419303
8.243583e-05
9.607294e-05
0.00013145314
0.00014201984
0.00011557476
0.00016320327
0.00010445784
7.670896e-05
0.00015183099
2.7015998e-05
0.0001418216
0.00015232101
0.00014046674
0.00015015232
0.00013684214
6.34653e-05
0.000111822825
0.00012687039
0.00010809165
2.9871846e-05
0.00012660847
0.00012920074
0.00015116425
8.145382e-05
0.00012542392
0.0001458479
9.660064e-05
7.084542e-05
2.784091e-05
0.00010017745
0.00011943324
0.00013756799
0.0001123567
9.158589e-05
0.00011950149
0.00013161542
8.959791e-05
9.191707e-05
0.000108142944
0.00014894681
0.00013834168
3.740591e-05
7.838567e-05
0.00015522147
9.942866e-05
0.00017119107
0.00013647367
3.369704e-05
0.0002235072
0.00011107985
4.1047162e-05
0.0001280308
0.00019104448
0.000106915
0.000120585966
0.000136723
0.00011854364
0.000104523526
0.000117380514
0.00012780502
0.00021364022
0.00010988846
0.00017477744
0.00016617184
9.094494e-05
7.5645585e-05
0.00010760692
5.0601095e-05
0.00013232413
8.566344e-05
2.3431176e-05
0.00013993128
0.0002051317
0.00014787936
0.00011784926
0.00011449088
0.00013234382
0.00016240291
0.00016418945
0.000101269594
0.00010713913
8.1952836e-05
0.00014302408
0.00012459529
3.9843286e-05
3.476245e-05
3.8663227e-05
0.00014519674
4.3872296e-05
0.00011718152
0.00011711601
7.91854e-05
0.0001405191
0.00016874746
0.00015690248
4.84382e-05
0.00012859922
0.00010834759
6.49085e-05
0.00015054287
0.0001656212
0.00017302585
9.319986e-05
0.00012805234
7.882517e-05
2.838865e-05
0.00014354059
5.154956e-05
0.00012031376
0.00010060464
0.00014257053
0.00014786243
0.0001765712
5.5134904e-05
0.0001485577
0.00013915934
0.00011897444
0.00012438817
0.00012379291
0.00012404472
0.00012369547
4.7032394e-05
0.0001226222
5.7412326e-05
7.2161e-05
4.7594873e-05
0.00014817157
3.6027996e-05
0.00011495674
9.845885e-05
2.9149509e-05
0.00014497268
3.7910253e-05
0.00016188952
0.00011752403
0.00012053604
0.00012874532
4.7201393e-05
0.00010572249
7.8219986e-05
2.7870812e-05
0.000110610155
0.0001572668
0.00015922805
0.00015633547
9.098976e-05
0.00016504033
0.00011086447
4.5956855e-05
0.00012652537
6.986438e-05
0.00010156976
0.00013954328
0.00016967933
0.00015211021
0.00012768843
0.00015121038
0.0001079425
0.00010692971
0.00010182465
9.508328e-05
0.00011265418
0.00014987445
0.00011618991
0.00012949112
0.00015209787
3.5162466e-05
2.6312728e-05
0.00011310918
0.00019893813
8.9555004e-05
7.062725e-05
4.3696946e-05
0.00011534298
9.5086136e-05
6.874566e-05
0.00010467037
0.00012039115
0.00010192639
0.00018336636
0.00014454623
0.000121604775
0.00022771063
0.000114762486
0.00014242774
0.00013444551
0.00013004689
0.00015064172
0.0001272989
9.732481e-05
0.00010386933
9.833615e-05
0.00013548364
2.1374746e-05
0.00015832327
9.508626e-05
8.126035e-05
4.3976757e-05
0.0001415242
0.00012765313
0.00013441683
0.00011176394
4.1379077e-05
0.000117472155
0.00014013967
0.000102454
0.00012777427
0.000101524216
0.00017301028
8.374053e-05
0.00011035544
3.3478194e-05
0.0001093472
0.00011752935
0.00013746094
4.9751165e-05
0.000113543574
0.00013374246
3.5973622e-05
0.00017933239
0.000118772194
0.00015329741
0.00010629995
0.00014900252
0.000118230884
0.00013924637
0.000121275465
0.00012114981
0.0001244152
0.00012912713
2.9141704e-05
0.0001434808
0.00010577122
0.00013542161
0.00012157218
3.2484688e-05
5.6683155e-05
9.2340844e-05
2.457957e-05
4.1881587e-05
0.00011270134
0.00015994035
0.00018562045
0.00013405764
9.137957e-05
3.6399906e-05
0.00014047297
0.000109094006
6.32179e-05
0.00011452347
0.00015329053
8.29665e-05
0.00014132183
0.0001051199
0.00011387412
2.6399539e-05
0.00010238908
0.0001384654
8.741807e-05
0.00011864581
0.00017141203
0.00014499355
0.00016746488
0.00015294054
0.00014434695
8.201612e-05
8.487266e-05
0.00017431438
0.00023454589
7.6292374e-05
0.00011719492
6.902773e-05
0.00012898922
5.077598e-05
0.00013257856
0.00015562672
0.00017662815
5.94101e-05
5.1974534e-05
0.00022369786
2.8802699e-05
0.00014504534
3.4528843e-05
7.838879e-05
9.486655e-05
0.0001092964
0.00013228063
6.7586174e-05
7.970508e-05
0.00012692843
3.217078e-05
0.00010966501
3.4936285e-05
8.490032e-05
9.026898e-05
9.9235105e-05
0.00011639706
7.974982e-05
4.969102e-05
0.00010044565
0.00014452261
3.771508e-05
0.0001261876
3.5154666e-05
0.00012943018
3.6935107e-05
0.000104251296
0.00016268459
0.00013801201
0.000111146095
0.00017054699
0.00022833438
4.6223497e-05
0.00010547441
7.5470656e-05
0.000111854984
0.00012822553
0.00012585858
4.357124e-05
0.00013137337
4.3413445e-05
0.0001539641
5.8219208e-05
0.000210525
7.067257e-05
8.3283754e-05
0.000107551525
0.00014643183
0.00012618167
6.96139e-05
0.00012869245
9.133354e-05
3.0765677e-05
0.00010267773
9.976643e-05
0.0001290718
5.4054795e-05
0.00012898854
0.00013561599
5.199108e-05
0.0001284565
3.0791653e-05
8.8209665e-05
3.9926992e-05
5.0628976e-05
0.00013444782
4.093994e-05
0.00014269442
0.0001275115
0.00022876463
0.00012112183
6.104476e-05
0.0001693178
5.6803197e-05
0.00013770208
0.00012558092
7.7223165e-05
6.44696e-05
9.463353e-05
0.00021477086
0.00011481819
0.00013615239
4.879194e-05
0.00023408986
5.086701e-05
0.00013943069
0.00011658951
3.3042317e-05
0.00014415813
0.00013216064
0.00015174104
0.00013888741
0.00019892416
0.00013324233
0.000121272344
6.044682e-05
0.00013515787
0.0001589124
0.00012093322
0.00010141883
0.00020214927
0.00017754213
9.844194e-05
0.00011332364
0.00013496503
3.5533765e-05
9.284137e-05
0.00014357957
0.00011749148
0.00022728345
4.566311e-05
0.00014660768
0.0001419783
0.00014186365
0.0001744709
0.00013426451
5.6961922e-05
0.00013615163
0.0001583601
0.00011516993
6.142664e-05
9.428441e-05
0.00013239452
7.0864575e-05
0.00011557462
0.0001273006
0.00015388484
5.395958e-05
9.383241e-05
3.0380283e-05
0.00021159362
0.00014430247
0.000103148115
3.7994065e-05
0.00012900696
4.2965585e-05
0.00012149543
0.00014226523
7.343751e-05
5.736267e-05
0.00015782747
0.00018801137
4.07877e-05
0.00019783486
5.8821082e-05
8.0673286e-05
0.000102134996
0.00010933649
0.00013560073
2.7533224e-05
0.00014384752
0.00012571366
8.972778e-05
4.6249825e-05
7.190641e-05
0.00012890271
0.00010145666
0.00014151499
0.00010400522
0.00011204541
0.00022068122
6.393649e-05
3.489901e-05
0.00012608344
0.00012670914
0.00011013018
8.933737e-05
0.00019827232
9.2911425e-05
0.00014425769
0.00011659285
3.0873092e-05
0.00023803409
9.658248e-05
0.00013327859
0.00012536801
0.00016446793
5.0883522e-05
0.00015886153
0.000102524544
0.00011727601
0.00016294263
9.2736926e-05
0.00015475956
0.00015139258
3.1860203e-05
0.00018349165
3.7428093e-05
0.00012555678
0.00011485855
0.00013143208
3.3196477e-05
0.00016361005
8.954885e-05
8.2439554e-05
7.885441e-05
0.00014480663
0.00013682019
8.262904e-05
0.0002240018
0.00012176995
0.00013470276
8.548597e-05
0.00012615109
0.000105281004
8.061601e-05
0.0001373562
4.1263836e-05
9.842947e-05
0.00010154266
4.157354e-05
0.00013344368
0.00012951533
0.0001281271
0.0001485296
2.942826e-05
0.00016023469
7.235594e-05
9.505486e-05
8.3300125e-05
0.00010387974
0.00012168259
0.00014567119
4.9166865e-05
0.00014880109
9.620762e-05
0.00016555778
0.00011389054
0.00010113045
0.0001847995
0.00013104324
0.00013456296
0.00014423659
9.860188e-05
7.368017e-05
0.000108301654
0.00013427986
6.702906e-05
0.00010748856
5.3048178e-05
0.0001453748
0.00010319567
7.7601704e-05
0.0001358709
8.9181165e-05
0.0001762466
0.0001308446
0.00014783202
9.844671e-05
0.00012530963
9.0721136e-05
0.0001324697
8.290055e-05
0.00014299317
7.796528e-05
8.386194e-05
7.2635456e-05
3.4828234e-05
6.8590845e-05
4.4039727e-05
0.00015801318
0.0001423529
9.799423e-05
5.777862e-05
0.00018866347
3.7000314e-05
0.00013106035
6.822786e-05
6.695498e-05
0.00016540852
0.00015287718
0.0001756985
6.7963454e-05
8.37486e-05
0.000116348674
0.00011046584
0.00010408521
0.00016001723
9.4641204e-05
0.00012348786
0.00019194125
0.00010876374
0.00010906012
0.00018403005
0.00031058877
0.00014987362
0.00015056893
0.00013215921
0.00014821798
0.00018577758
4.7934882e-05
7.313908e-05
0.00012366462
0.00015548113
0.00015155209
0.00013290592
0.00013492671
6.458229e-05
7.571924e-05
0.00012685987
0.00015404006
0.00012695814
8.7982706e-05
0.00019047907
0.00013910614
