0.0003120672
0.0003883655
0.0001866412
0.00026902618
0.00032067852
0.00028257747
0.0002915226
0.00017630958
0.0003008235
0.00021330245
0.0003051946
0.00033934743
0.00021731648
0.00036876704
0.00029505175
0.00023071241
0.0004792028
0.00015723403
0.00037494284
0.00044346298
0.0003194045
0.00028262284
8.022798e-05
0.0004035322
0.00026609807
0.00024481575
0.00028848194
0.0002116267
0.0003269229
0.0003676351
0.00013898443
0.00032144395
0.0002073225
0.0002554542
0.00012449431
0.00017711539
0.00032648412
0.00027390255
5.8701928e-05
0.0003341865
0.0002194059
0.00029647615
0.00026392358
0.00032305403
0.00019808397
0.0002939301
0.00032834752
6.0769904e-05
0.0003045149
6.7069785e-05
8.310794e-05
0.00037365
0.00016146273
0.00026575854
0.000400852
9.280401e-05
0.00029392831
0.00027204177
0.0002913532
0.00034912085
0.00037357444
0.00031388836
0.00033300061
0.00020067344
6.575995e-05
0.00025748313
0.00014742235
0.0002949326
0.00026996192
0.00032508973
0.0002888422
0.00038331584
0.00025170043
0.00043009248
0.00037668136
0.00029850344
0.0002589855
0.0002979296
0.00031722928
0.00025144994
0.00030228408
0.00031139478
0.00026162903
0.00024549145
0.00026819238
0.00024184471
0.00030837962
0.00045792692
8.517161e-05
0.000210467
0.00018992205
0.00037179855
0.00022921768
0.00022641063
0.0002980559
0.00045412508
0.00010311358
0.00031374136
0.0001084763
0.0002519973
0.00041838555
0.00018053623
0.00036350943
7.798617e-05
0.00027293924
0.00017946737
0.00029404022
0.00022289624
9.439588e-05
0.00026169317
0.0003707164
0.00041192665
0.00038017108
0.00029714633
0.00038098614
0.00018264008
0.00033407696
0.00028502906
9.783086e-05
0.00033632593
0.00018043439
0.00039081628
0.0002952443
0.00027326634
0.00026588235
0.000104075174
0.0002705009
0.00014073594
0.00026231108
0.00036402847
0.0002768876
0.00021053808
0.00027766853
0.00025272774
0.000278437
0.00031472003
0.00034554506
0.00029077995
0.0002897827
0.0002532034
0.00023131589
0.00028274453
0.0001631776
0.00023703917
0.00028834894
0.0002714834
0.00032283194
0.00012338716
0.00027867316
6.957751e-05
0.00034074427
0.00028087225
0.00030384885
0.00038694066
0.00040672568
0.00044000836
0.0002804712
0.00014567722
0.0003064319
0.00034983616
0.0002809125
8.252313e-05
0.00033488197
0.00017017809
0.0003230228
0.00022253256
0.00028065834
0.00040582786
0.0002859676
0.00031384334
0.00023036396
0.0003538855
0.00024892716
8.717841e-05
0.00031567737
0.00037885917
0.00028498154
0.00022510737
0.00016534365
0.000120206445
0.00026775346
0.0003524707
0.00026177065
0.00026679263
0.00033963931
0.0003846223
7.982519e-05
0.00029799776
0.00024482264
0.00024030879
0.00013028823
0.00023907391
0.00016032082
0.0001996779
0.0003121615
7.975159e-05
0.00029976672
0.00029229157
0.00013322556
0.00026229591
0.00023183241
0.00030503664
0.0002490509
0.00015845361
0.00022822691
0.00027552983
0.00027947652
0.0003044581
0.0002670207
0.00031665427
0.00024216692
0.0002568143
0.00017013532
0.00020368057
0.00031687442
9.725394e-05
0.00019350582
0.0004027689
0.00023587803
0.00036081506
0.000412306
0.0003148397
0.0003001111
0.00026577926
0.0004844484
0.00017533517
0.00032063716
6.7094836e-05
0.00023662705
0.00035745118
0.000100766156
0.00035862369
0.00018933883
0.00035494613
7.512691e-05
6.910562e-05
0.00028265337
0.00034325314
0.00033592724
0.00010194402
0.00032672862
0.000367979
0.0002423226
0.00025529825
6.984614e-05
0.00014722176
0.00028996484
0.00023896687
0.00027981863
0.0005513856
0.00023589485
0.00048050654
0.00024135128
0.00034208267
6.91585e-05
0.0003200553
0.00029289987
0.00017909365
0.00023007393
0.00028745158
0.00026846287
0.00020647762
0.00029324755
0.00029524628
0.0003144986
0.00028182866
0.00015406174
0.00040157523
0.0002725284
0.00033453686
0.00024330759
0.00032300098
0.00033048075
0.00022760223
0.000119339515
0.00022822955
0.00012359278
0.0002906479
0.00010240388
0.000111014386
0.00027684213
0.00033164257
0.00028306252
0.00016231064
0.00026990433
0.00034322563
0.00022090327
0.00024902256
0.0001844041
0.00046892464
0.0002861994
0.000298385
0.0002515797
8.021456e-05
0.00030060747
0.00043826542
0.00014820379
0.00020942024
0.00025235393
0.0002668073
0.00012536439
0.00010184038
5.6360896e-05
0.00041432344
6.869979e-05
0.00027005168
0.00034925214
6.0379218e-05
0.00027934386
0.00018839278
7.07634e-05
0.00019676347
0.00049449725
0.00011968825
0.0003311184
0.00017231204
0.00010255844
0.00028974336
9.28571e-05
9.059076e-05
0.00030090802
0.00015654325
0.00017275967
0.0003972361
0.00031515423
5.8048703e-05
0.00030010263
0.0003610745
0.00039758565
7.0490896e-05
8.999963e-05
0.0002726457
7.946362e-05
0.0003185464
0.0004189137
0.000354342
0.00023134089
0.00035665242
0.00035619197
0.00026205363
0.00028233518
0.00034113645
0.00027560964
0.0002366923
0.00037717156
0.00033267273
0.00031305343
0.00025837976
0.00024319136
0.00033344197
8.939625e-05
0.00030546344
0.00034459075
0.00021926653
0.00031355605
0.0003942465
0.00030566586
0.00024728326
0.00037673712
0.00047407838
0.00047371586
0.00029751554
0.0003439821
9.2266986e-05
0.0004000472
0.00027883344
0.00030451975
0.00018208378
0.00018545365
0.00032958284
0.00022839512
0.0003316516
0.00020318666
0.00024049281
0.00015462306
0.00020400979
0.00023405602
0.0002932022
0.00020966335
0.00032815043
8.182497e-05
0.0003242939
0.00034884232
0.00033937016
0.00036835676
0.00016786721
0.0002706982
0.00025122587
0.0003376868
7.2543604e-05
0.000286613
0.00030792068
0.00011692262
0.00030567654
0.00037110486
0.00010977791
5.931982e-05
0.0002855711
0.00033915133
0.00042458888
0.0003412985
0.0002449245
0.00028629758
0.0002737013
0.00018487849
0.00017656227
0.0002999184
0.00038097013
0.0002662689
0.00033169708
9.541626e-05
0.00024042849
0.00030457345
0.00025125814
0.0005880166
0.00012806366
0.00030013974
0.00031535752
0.00022187294
0.00025441073
0.00013945143
7.561235e-05
0.00019533014
0.0003675739
0.00018091398
0.00033052097
0.00015092848
0.0002656963
0.00044691874
0.00021733103
0.00034456415
0.00018649586
0.00014074593
0.00047474628
0.00022110454
7.7240875e-05
0.0003390649
0.00025234357
0.00012286461
0.00013411032
0.000344069
0.00028717512
0.00017203767
0.00022973053
0.00018838549
9.086476e-05
0.00042328567
0.00017852144
0.00039247805
0.000216679
0.0002933615
0.00019001872
0.00015906287
0.0003552954
6.0787348e-05
0.00036557973
0.00019472679
8.025756e-05
0.0004219697
0.00052632735
0.00018361471
0.00038175887
0.0002817469
0.00024895102
0.00024167837
0.0004304278
0.00017191243
0.0002570925
0.00038428884
0.0003238833
0.00023276286
0.0003040253
0.00013492403
0.00045918813
0.00030850843
0.00064862974
0.00044668876
0.00019099734
0.00029105388
0.0003621503
7.010706e-05
0.00024013064
7.514409e-05
0.0004115716
0.00026409014
0.00028041293
0.00028728266
5.1481056e-05
0.00040890166
0.000112913425
0.00029227915
0.00026416648
0.00013004465
0.00010023478
0.0004816992
0.0002998126
0.00021804002
0.00033487263
0.00030845194
0.00014654442
0.00019957637
0.00039757488
0.00028117356
0.00035675365
0.00017095578
0.00023505688
0.00012502122
0.000246657
0.00035104237
0.001004981
0.0003821194
0.00023899952
7.9906225e-05
0.0003245252
0.00032869237
0.00028785807
0.0003060341
0.00014414582
0.00020356312
0.00023364433
0.00042070216
0.00020316466
0.00024278217
9.186306e-05
0.00037088076
0.00019204174
0.00019530456
0.00047463868
0.00036186475
0.00035911702
0.0003666149
0.00026935484
0.000288068
0.00028192182
0.00041247648
0.0001421323
0.00024317871
0.0002708318
0.00037680884
0.00023568173
0.00015440505
0.00030624014
7.525841e-05
0.00016726847
0.000278006
0.00031639432
0.00016951584
0.00012000691
0.0003796544
0.00027291325
0.00037847503
0.00029517844
0.00026671577
8.6467575e-05
0.00036571213
0.00039611745
0.0003015627
0.000240346
0.0002528797
0.0002495247
0.00027746582
0.00022542587
0.00026874783
0.00026619737
0.00025476574
0.00023865863
0.00031775347
0.00018455728
0.00021508805
0.0002942972
0.00031795393
0.0002587487
0.00036537938
0.00023386015
0.00017173597
0.00033991912
6.0483402e-05
0.00031751013
0.0003410162
0.00031447687
0.00033616094
0.0003063621
0.00014208606
0.00025034888
0.00028403738
0.00024199553
6.687707e-05
0.00028345097
0.00028925453
0.00033842644
0.00018235877
0.000280799
0.0003265242
0.00021626946
0.00015860867
6.233021e-05
0.00022427722
0.00026738708
0.00030798712
0.00025154412
0.00020504244
0.00026753987
0.00029466054
0.00020059175
0.00020578389
0.00024211036
0.00033346203
0.0003097193
8.374433e-05
0.00017548978
0.00034750975
0.00022260084
0.0003832625
0.00030553716
7.544091e-05
0.0005003878
0.0002486855
9.189636e-05
0.0002866353
0.0004277103
0.00023936125
0.0002699678
0.00030609537
0.00026539544
0.00023400721
0.00026279144
0.0002861298
0.0004782976
0.00024601823
0.00039129163
0.00037202542
0.00020360747
0.00016935529
0.0002409103
0.0001132857
0.0002962472
0.00019178327
5.24577e-05
0.00031327805
0.00045924872
0.00033107222
0.00026384086
0.00025632212
0.00029629125
0.00036358755
0.00036758726
0.00022672232
0.00023986303
0.00018347596
0.00032020223
0.00027894386
8.920112e-05
7.782615e-05
8.6559216e-05
0.0003250664
9.822127e-05
0.00026234591
0.00026219926
0.00017728024
0.00031459407
0.00037779173
0.00035127316
0.00010844342
0.00028790787
0.00024256852
0.00014531711
0.00033703528
0.00037079264
0.00038737018
0.0002086558
0.0002866835
0.00017647375
6.3556494e-05
0.0003213586
0.00011540912
0.00026935837
0.0002252336
0.00031918683
0.00033103433
0.0003953075
0.000123436
0.0003325909
0.00031154984
0.00026635992
0.00027848018
0.0002771475
0.00027771125
0.00027692935
0.000105296094
0.0002745265
0.00012853468
0.000161554
0.00010655537
0.00033172645
8.0659454e-05
0.00025736509
0.00022042962
6.5259905e-05
0.00032456475
8.4873456e-05
0.00036243818
0.00026311274
0.000269856
0.00028823494
0.00010567445
0.00023669144
0.00017511887
6.239716e-05
0.00024763396
0.00035208883
0.00035647966
0.00035000377
0.00020370782
0.0003694922
0.00024820332
0.00010288818
0.00028326493
0.00015641234
0.00022739432
0.00031240942
0.000379878
0.00034054424
0.0002858688
0.0003385297
0.0002416616
0.00023939417
0.00022796496
0.00021287239
0.00025221013
0.00033553885
0.0002601259
0.00028990465
0.00034051662
7.872171e-05
5.890892e-05
0.00025322876
0.00044538255
0.00020049569
0.00015812024
9.78287e-05
0.0002582298
0.00021287879
0.00015390775
0.00023433597
0.00026953165
0.00022819274
0.0004105205
0.00032361
0.0002722487
0.0005097984
0.0002569302
0.00031886715
0.00030099653
0.0002911489
0.00033725658
0.00028499673
0.00021789073
0.0002325426
0.00022015492
0.0003033207
4.785377e-05
0.00035445404
0.00021287907
0.00018192561
9.845514e-05
0.0003168443
0.00028578975
0.00030093233
0.00025021704
9.263946e-05
0.0002629966
0.00031374462
0.00022937397
0.00028606097
0.00022729236
0.0003873353
0.00018747826
0.0002470637
7.495096e-05
0.00024480646
0.00026312465
0.00030774748
0.00011138288
0.0002542013
0.00029942254
8.053773e-05
0.00040148926
0.00026590712
0.00034320218
0.00023798428
0.00033358674
0.00026469523
0.00031174472
0.00027151144
0.00027123012
0.00027854065
0.00028908974
6.524243e-05
0.0003212247
0.00023680055
0.00030318182
0.00027217573
7.27267e-05
0.00012690222
0.00020673263
5.502873e-05
9.376447e-05
0.0002523157
0.00035807435
0.00041556696
0.00030012816
0.00020458053
8.1492086e-05
0.0003144908
0.0002442396
0.0001415322
0.00025639508
0.00034318675
0.00018574536
0.00031639123
0.00023534238
0.00025494132
5.9103273e-05
0.00022922862
0.00030999628
0.00019571153
0.00026562417
0.00038375714
0.0003246115
0.0003749203
0.0003424032
0.00032316387
0.00018361765
0.00019001287
0.00039025492
0.0005251012
0.00017080332
0.00026237592
0.00015453924
0.000288781
0.00011367723
0.0002968168
0.00034841703
0.000395435
0.0001330073
0.000116360556
0.00050081464
6.4483465e-05
0.00032472744
7.730315e-05
0.00017549677
0.00021238717
0.00024469272
0.0002961498
0.00015131189
0.00017844369
0.0002841673
7.2023926e-05
0.00024551796
7.821534e-05
0.00019007479
0.00020209413
0.0002221675
0.00026058967
0.00017854385
0.000111248235
0.00022487767
0.00032355715
8.44365e-05
0.00028250873
7.8704245e-05
0.0002897682
8.26903e-05
0.00023339775
0.00036421817
0.0003089812
0.00024883382
0.00038182052
0.00051119487
0.00010348514
0.00023613605
0.00016896366
0.00025042088
0.00028707125
0.00028177214
9.7547265e-05
0.00029411862
9.7193995e-05
0.00034469474
0.00013034113
0.00047132326
0.00015822171
0.00018645563
0.00024078629
0.0003278315
0.00028249546
0.00015585157
0.0002881166
0.00020447747
6.887818e-05
0.00022987484
0.00022335703
0.00028896588
0.000121017845
0.00028877947
0.000303617
0.0001163976
0.00028758834
6.893634e-05
0.00019748375
8.938853e-05
0.00011334812
0.0003010017
9.1656315e-05
0.0003194642
0.0002854727
0.00051215815
0.0002711675
0.00013666697
0.0003790686
0.00012717096
0.00030828733
0.00028115048
0.00017288717
0.0001443345
0.00021186548
0.00048082886
0.0002570549
0.0003048179
0.00010923536
0.00052408024
0.00011388103
0.00031215735
0.00026102053
7.397512e-05
0.00032274114
0.00029588118
0.00033971775
0.00031094105
0.0004453513
0.00029830285
0.00027150445
0.0001353283
0.00030259136
0.000355773
0.00027074522
0.00022705641
0.00045257166
0.00039748123
0.00022039175
0.0002537089
0.00030215963
7.955298e-05
0.00020785321
0.00032144587
0.00026303987
0.00050884206
0.000102230544
0.0003282252
0.00031786092
0.00031760425
0.00039060536
0.00030059132
0.00012752632
0.0003048162
0.0003545365
0.0002578424
0.00013752193
0.00021108388
0.0002964048
0.00015865157
0.0002587484
0.00028500054
0.0003445173
0.000120804674
0.00021007194
6.801536e-05
0.00047371569
0.00032306428
0.00023092794
8.506109e-05
0.0002888207
9.6191325e-05
0.0002720039
0.0003185033
0.00016441186
0.00012842352
0.00035334405
0.00042091974
9.131549e-05
0.00044291257
0.0001316886
0.00018061131
0.00022865977
0.00024478248
0.00030358284
6.164137e-05
0.00032204573
0.00028144766
0.0002008825
0.00010354408
0.00016098404
0.00028858733
0.0002271411
0.0003168237
0.00023284684
0.0002508472
0.000494061
0.00014314098
7.813189e-05
0.00028227555
0.00028367637
0.0002465594
0.00020000846
0.00044389194
0.00020801004
0.00032296404
0.000261028
6.911866e-05
0.0005329106
0.0002162288
0.00029838402
0.00028067382
0.00036821072
0.000113918
0.00035565908
0.00022953188
0.00026255747
0.00036479585
0.00020761938
0.0003464756
0.00033893762
7.1328606e-05
0.000410801
8.3793995e-05
0.00028109644
0.00025714526
0.0002942501
7.4320254e-05
0.0003662901
0.00020048191
0.00018456562
0.00017653922
0.000324193
0.00030631296
0.00018498985
0.0005014951
0.0002726185
0.00030157247
0.00019138593
0.000282427
0.00023570305
0.00018048308
0.000307513
9.238145e-05
0.00022036383
0.00022733366
9.307482e-05
0.00029875364
0.00028995887
0.00028685087
0.00033252797
6.588397e-05
0.00035873335
0.00016199045
0.00021280877
0.00018649227
0.00023256592
0.0002724229
0.0003261286
0.00011007475
0.0003331358
0.00021538958
0.00037065067
0.00025497808
0.00022641079
0.00041372902
0.00029337953
0.00030125948
0.0003229168
0.00022074983
0.00016495511
0.00024246569
0.0003006257
0.00015006463
0.00024064533
0.00011876423
0.00032546502
0.00023103441
0.00017373465
0.0003041877
0.00019965874
0.0003945808
0.0002929348
0.00033096626
0.00022040243
0.0002805431
0.00020310642
0.00029657307
0.0001855977
0.00032013303
0.00017454862
0.00018775006
0.00016261621
7.797343e-05
0.00015356115
9.8596116e-05
0.00035375982
0.0003186996
0.00021938942
0.00012935474
0.00042237967
8.283628e-05
0.00029341783
0.0001527485
0.00014989877
0.0003703165
0.00034226134
0.0003933537
0.00015215654
0.00018749632
0.00026048135
0.00024731085
0.0002330259
0.00035824647
0.00021188267
0.00027646453
0.00042971794
0.00024350021
0.00024416373
0.0004120064
0.000695346
0.00033553698
0.00033709363
0.00029587798
0.00033183032
0.00041591874
0.000107316584
0.00016374374
0.0002768603
0.00034809107
0.00033929473
0.00029754968
0.00030207384
0.0001445868
0.0001695202
0.0002840138
0.0003448648
0.0002842338
0.00019697563
0.00042644443
0.00031143075
