0.00126940
0.00117933
0.00122409
0.00147436
0.00126538
0.00143053
0.00100925
0.00132943
0.00114052
0.00138526
0.00102490
0.00107423
0.00100880
0.00132462
0.00129602
0.00118744
0.00149482
0.00181947
0.00161308
0.00133064
0.00120677
0.00140517
0.00103872
0.00155593
0.00136151
0.00160767
0.00126797
0.00140370
0.00119831
0.00088629
0.00112428
0.00127255
0.00155550
0.00120381
0.00111995
0.00149887
0.00153363
0.00101946
0.00130894
0.00106988
0.00149885
0.00087523
0.00109231
0.00119223
0.00116375
0.00126660
0.00122928
0.00101198
0.00096397
0.00132872
0.00136247
0.00147242
0.00105242
0.00125116
0.00124269
0.00115176
0.00139781
0.00125349
0.00151931
0.00183625
0.00182868
0.00116034
0.00116451
0.00269933
0.00119164
0.00104736
0.00081700
0.00123157
0.00146226
0.00124114
0.00248964
0.00090611
0.00148283
0.00122813
0.00176068
0.00125057
0.00138613
0.00164255
0.00149547
0.00118402
0.00132892
0.00149594
0.00116961
0.00116557
0.00127624
0.00120413
0.00131258
0.00102205
0.00132047
0.00165318
0.00153895
0.00124936
0.00092745
0.00140998
0.00159775
0.00143029
0.00110553
0.00112637
0.00127301
0.00109931
0.00125566
0.00138286
0.00127306
0.00130780
0.00136304
0.00145211
0.00113072
0.00116594
0.00133726
0.00135137
0.00153880
0.00151292
0.00150576
0.00133930
0.00167248
0.00122500
0.00118883
0.00088672
0.00102183
0.00137567
0.00113636
0.00151368
0.00094916
0.00105354
0.00120237
0.00107960
0.00221587
0.00122802
0.00142917
0.00118402
0.00120974
0.00154559
0.00126805
0.00143662
0.00139279
0.00110105
0.00132790
0.00131376
0.00121415
0.00122159
0.00125087
0.00093946
0.00146711
0.00129981
0.00126476
0.00118717
0.00097383
0.00144271
0.00116138
0.00158308
0.00138016
0.00098349
0.00140327
0.00127089
0.00151715
0.00098213
0.00123578
0.00080479
0.00145008
0.00128858
0.00111658
0.00125652
0.00095231
0.00127677
0.00104093
0.00123310
0.00113912
0.00126094
0.00127554
0.00114201
0.00141238
0.00112771
0.00157409
0.00110344
0.00104491
0.00133337
0.00130568
0.00155004
0.00110354
0.00159063
0.00102600
0.00109601
0.00143112
0.00113749
0.00090611
0.00130823
0.00122265
0.00125205
0.00113906
0.00131935
0.00106115
0.00118929
