1995379834
1853796176
1924153406
1158773639
1989049708
1124328836
1586449623
2089735567
1792779408
1088745202
1611046552
1688582627
1585739702
2082176733
2037217368
1866533790
1174854934
1430016791
1267804478
2091637790
1896932956
1104395311
1632762842
1222884933
2140164961
1263551780
1993122650
1103240552
1883626495
1393162354
1767254120
2000319698
1222551588
1892275239
1760457541
1178041613
1205359905
1602488823
2057534295
1681751917
1178024547
1375773849
1717011308
1874072146
1829306189
1990974685
1932310667
1590738727
1515261876
2088618352
2141668992
1157250267
1654306203
1966703136
1953387574
1810454611
1098609003
1970359682
1194101292
1443206070
1437255934
1823947654
1830498492
2121544335
1873143788
1646346901
1284246422
1935905778
1149269349
1950955185
1956733530
1424314672
1165435971
1930501735
1383808239
1965770228
1089432369
1290969052
1175370309
1861172979
2088932356
1175737784
1838512404
1832170901
2006128760
1892771274
2063243240
1606557214
2075650924
1299321996
1209538652
1963872555
1457856147
1108174728
1255752893
1124138841
1737778762
1770542054
2001052373
1728017353
1973777313
1086857769
2001120634
2055729914
2142567769
1141289568
1777377316
1832751125
2102040858
2124230429
1209424883
1189085202
1183453620
2105246878
1314486310
1925584624
1868720437
1393835868
1606222733
1081207984
1786253599
1189677940
1491991497
1656058251
1890002128
1697028863
1741568418
1930328805
1123259404
1861159327
1901597498
1214758389
1993259174
1129117387
1094666896
1730747817
2087325933
2065106782
1908526051
1920228364
1966241233
1476746407
1153076071
2043178881
1988084944
1866119670
1530770912
1133896837
1825581381
1244226922
1084735971
1545959117
1102899244
1997714381
1192409542
1543808877
1942533979
1265058086
1139693384
2025528707
1755160440
1975135719
1496938188
2006954726
1636235082
1938313137
1790592761
1982084750
2005018372
1795129882
1110065575
1772644511
1237160708
1734493104
1642501497
2095922343
2052396472
1218254521
1734663758
1250156579
1612778122
1722822646
1124788464
1788019299
1424321499
2056405704
1921891672
1968093397
1790497195
2073894325
1668019958
1869441734
