0.00876941
0.00814717
0.00845638
0.01018529
0.00874159
0.00988253
0.00697222
0.00918409
0.00787901
0.00956976
0.00708032
0.00742108
0.00696910
0.00915087
0.00895328
0.00820315
0.01032664
0.01256944
0.01114364
0.00919245
0.00833675
0.00970732
0.00717576
0.01074881
0.00940572
0.01110626
0.00875949
0.00969717
0.00827827
0.00612275
0.00776683
0.00879112
0.01074588
0.00831628
0.00773696
0.01035465
0.01059477
0.00704271
0.00904257
0.00739106
0.01035450
0.00604633
0.00754602
0.00823628
0.00803954
0.00875005
0.00849223
0.00699107
0.00665936
0.00917918
0.00941233
0.01017190
0.00727044
0.00864338
0.00858486
0.00795669
0.00965646
0.00865945
0.01049581
0.01268537
0.01263307
0.00801599
0.00804478
0.01864777
0.00823220
0.00723546
0.00564408
0.00850803
0.01010175
0.00857417
0.01719913
0.00625966
0.01024385
0.00848428
0.01216328
0.00863928
0.00957580
0.01134725
0.01033117
0.00817959
0.00918056
0.01033440
0.00808000
0.00805213
0.00881665
0.00831846
0.00906766
0.00706059
0.00912219
0.01142067
0.01063150
0.00863094
0.00640707
0.00974054
0.01103771
0.00988086
0.00763729
0.00778128
0.00879434
0.00759439
0.00867447
0.00955317
0.00879464
0.00903464
0.00941628
0.01003161
0.00781132
0.00805468
0.00923817
0.00933569
0.01063050
0.01045172
0.01040222
0.00925226
0.01155396
0.00846267
0.00821276
0.00612571
0.00705912
0.00950351
0.00785033
0.01045693
0.00655709
0.00727814
0.00830629
0.00745820
0.01530789
0.00848352
0.00987313
0.00817953
0.00835725
0.01067738
0.00876009
0.00992462
0.00962181
0.00760639
0.00917350
0.00907585
0.00838770
0.00843913
0.00864135
0.00649009
0.01013521
0.00897948
0.00873735
0.00820133
0.00672752
0.00996663
0.00802317
0.01093640
0.00953452
0.00679427
0.00969417
0.00877967
0.01048094
0.00678482
0.00853716
0.00555975
0.01001758
0.00890191
0.00771368
0.00868044
0.00657883
0.00882028
0.00719102
0.00851861
0.00786940
0.00871098
0.00881177
0.00788934
0.00975716
0.00779052
0.01087429
0.00762285
0.00721856
0.00921128
0.00901999
0.01070811
0.00762360
0.01098852
0.00708793
0.00757156
0.00988657
0.00785809
0.00625969
0.00903761
0.00844644
0.00864949
0.00786898
0.00911447
0.00733071
0.00821593
