1829311756
1190884548
1326265159
1369040127
1918786611
1923726022
2092796911
1588810662
1130243713
2048624938
1514769388
1186082342
1387409082
1366828203
1652623863
1398086193
1259616371
1863937527
1640765950
1084225697
1272588562
2115298673
1300154467
1671508379
1941005646
1720852598
1343303633
1935800139
1407449454
1303655296
1986158849
1531475241
1505830218
1403998519
1300936125
2037299217
1132139648
1107010186
1616746608
1938876876
1907826773
1277777438
1514802650
2142257547
1434366750
1966085215
1224691241
1647252045
1906891279
1459670838
2085163276
1547615640
1158923896
1684921292
1524066125
1380291008
1257404446
1732053586
1442507632
1348866707
1376299565
1303547194
1552796201
1492816449
1673894930
1188231901
1144043297
1089788771
1142791813
1644083837
1153660180
1487644204
1552650680
1520432248
2025125315
1894754796
1230586936
1858973169
1231950679
2054138119
1120522885
1607441556
1221049049
1329425052
1270210327
1597625100
1646653329
1373522186
1536289920
1812472854
1170020940
1235326775
1962692488
2029898416
1205864933
1849040296
1478081371
1852104561
1366420743
1164503602
1654237071
1410750711
1184859963
1455878967
1636940817
1537121471
1592419592
2038629698
1776857538
1212330240
1134339100
1440279076
1164536864
1479985622
1475570088
1785347670
1218820493
2053398039
1975664679
1217036817
1346912563
1982616443
2059684562
2030073042
1148055529
1937197144
1106519571
1850017368
2029199913
2000394997
1118535479
1516299441
1659342793
1921963135
1832837531
1731421607
1476800783
1926104257
1392248707
1393313092
1573094354
2110192952
1525388290
1283348828
1660556857
1419365576
1925821530
1119412765
1196730349
1742880376
2021815743
1210147420
1084342114
1922603429
1643859319
1256306799
1822567880
1928665434
1200035763
1264988188
1128339462
2007263606
1172910579
2112188673
1778819997
1897457336
1146841465
1583771465
1496042866
1626064134
1374910875
1255957548
1610106676
1830592344
1662619102
1266443402
1709851182
1247741827
1555714944
1225202645
2022248150
1248968364
1931675647
1133353712
2014830717
2001742109
2053855392
1209798168
1226903166
1491352920
1744826205
1139648551
1087547742
1368981919
1561490064
1216816456
1687748565
1286708293
1577484942
1576803070
1787842322
1161011089
1147049352
1152953362
1323254946
1075910190
1378594645
2037656784
1470015329
1538801203
1483187092
2053730659
1188884668
1112390319
2105103861
1636591565
1636624827
1397878306
1889923486
1151797507
1147240609
1395849322
2002008205
1608252318
1797147375
1165185473
1169975205
1449609075
2087175628
1359119728
1431248435
1262643215
1233044168
2114566908
1477757066
1642129693
1994873500
1278018588
1861259934
1109479892
1271416075
1472310409
1557843714
1078945350
2085063489
1592702319
1153984485
1518644414
1460385972
2037349110
1697510970
1919984044
2031278790
1732569147
2000328473
1638038464
1531982487
2104737979
1153518817
1077706339
1833673239
1131865237
1857493009
1672764021
1295206741
1802652240
1313517487
1941421421
1211053810
1331703501
1879903301
1659159851
2040908147
1197333223
1637922047
1325890962
1220575065
1714649230
1268547225
1216192793
1326522940
1224242204
2006432055
1770429651
1178739750
1079386072
1381654752
1151298576
1368961130
1247209634
1494146930
1891428593
1651443061
1993642805
1227551776
1301900724
1562874596
1383176489
1194389534
1126634783
1247184688
2084747500
1453849983
2011421359
1709867813
1236411948
1296711847
1824921168
1714541128
1909132308
1560305104
1949462517
1923044151
1994324677
1556642123
1555615158
1640275335
1855513918
1314756498
1687565623
1788016948
2090584986
1147107561
2009076386
1585185101
1939758320
1978575107
1533046872
1418509079
1188917930
1313567380
1775610212
1175455124
1092807300
1319878850
1475166786
1978949305
1823823521
1290250699
1812630849
1823806890
1796764861
1180253172
1145881024
1892659288
1850799026
1125196200
1250934981
1179592089
1565751761
1766097272
1176195204
1970858316
1302175136
1142692027
1656166269
1368998550
1789139542
1196900817
1667325679
1540875922
1166848575
1342222617
1103507279
1802785289
1378860741
1916391745
1233040010
1221547980
2135638403
1538011230
1359884754
1751703129
1607104778
1355727001
1938228267
1114652137
1124056975
1920117092
1516116500
1846973893
1535790989
1134035584
1683041988
1239110330
1596086731
2077163758
1178806274
1664714610
1502030031
1407520136
1202472207
1254410863
1504757517
1912649767
1755253850
1961353692
1612576381
1236623994
1142267936
1471237709
1546750828
1774961602
1304320536
2135655034
1092990241
2016102990
1741466740
1190946914
1360225690
1495610460
1418667073
1691557067
1168702933
1117329730
1340201949
1273869150
1097305989
1269694765
1674876160
2098451456
1298732516
1260073724
1889266561
1537354305
1382918709
1456760411
2123896907
1538984144
2065272583
1613274884
2005197202
1918886397
1473940248
1470975770
1935617197
1243712964
1167813173
1786752991
1648782099
1496175914
1588328363
1445592685
1909722709
1659850039
1089880242
1267216744
1154949084
1664531669
1525263558
1235975384
1724320164
1200626164
1490987038
1125370826
1684621934
1399271153
1670967871
1545004571
1328884544
1548775654
1478197788
1190539454
1797297054
1722773480
1155913683
2103507284
2122034234
1986736777
1417394801
1649314291
2094210547
2078095095
1136330664
1607836542
1308287033
1608809457
1838259241
1609882157
1522215924
2065704989
1813811651
1341848420
1831956087
2054071595
1828421997
1437751162
2047119831
1766030748
1540630615
1177218012
1788599034
1842882663
2041689805
1107201443
1157518576
1795999835
1804182294
1100370254
1354629354
1839722771
1782329141
1637863838
1133270557
1498865981
1617366113
1461624982
1951383399
1200526378
1205731885
2126957014
1259425114
1083227836
1319138770
2080839212
1871271804
2076298945
1811741090
1599308990
1522037141
1119051040
1418292875
1103916817
1207810762
1109513154
1156637132
1109945560
1461288204
1945570859
1146043176
1543507780
1591139004
2105536268
1610231408
1485677586
1913298377
1197449640
1329117378
1506337464
1848503946
1396123734
1698209472
1761307540
1904999501
1280504924
1232724021
1113130399
1196992287
1352816573
1259703684
1370462079
1547249758
1226853273
1196892501
2019761813
2077375803
1445135332
1537005054
2010785223
1154516678
1477216558
1110028715
1361398176
1436379103
1156005153
1583322428
1378012559
1326032325
1227601669
1091194092
1719838106
1498055219
1973153396
1712761610
1653812980
1460136507
1513089655
1928099979
1385263682
1317874813
1286816394
1907344474
1823424377
1533795268
1299480911
1689577976
1379027051
1421461084
1595779057
1323778823
1517812863
1933405273
2123264929
1179059897
1185691513
1206571751
1151115635
1127749061
2042238628
1751994172
1757307781
1795746212
1256248590
1395525017
1359369193
1096274867
1653401363
1973053610
2120354501
1092973610
1793771279
1634920149
1339411976
1936182652
1075893559
1799924754
1944564683
1346787831
1162399778
1577850824
1382752398
1498071850
1497755860
1189275497
1263491397
1443056455
2088123596
1283598293
2107723246
1640400068
1352600370
1381904217
2083396230
1485532065
1203769426
1879105012
2009675103
1093223075
1987589116
1136546867
1750996311
1978134385
1941122063
1138771265
1834201274
1093293757
1651434745
1428920093
1322897379
1702575114
1308736071
1576653391
1578865316
2103790011
1358533484
1079822636
1510004602
1101788048
2144070327
2067451246
1715904871
1631153224
1434208756
1463945009
1587064406
1484721303
1112348742
1487211798
1578274915
1639518624
1296063238
2127622254
