1789713091
1513975071
1118444400
1949396332
1092361436
1728887298
1155455970
2144005770
2053203495
1176512814
1640032469
1663536128
1126777591
1913334961
1317164730
1741030000
1376945643
1287073069
1211249064
1280603024
1139274600
1654307885
1734534574
1458965915
1718662656
1148284913
1465692867
1658811507
1951216378
1340662716
1532879638
1808151916
1874120060
1163576115
1535670293
1177698574
2032131271
1917247749
1744310667
1438500548
1793634710
1126907945
1906639027
1736721529
1305856230
1973575768
1751873576
1230220300
2143603771
1844032054
2005813067
2107982528
1210403224
1935668386
1980501088
1379444565
1506557867
1385583725
1090045442
1633294961
1075235422
1569831383
1173641543
1710388004
1399923967
1201533324
1435116253
1263390458
1357464775
1091737385
1145592214
1274080931
1382440050
1813631410
1995834104
1968789684
1641527799
1165805177
1257673122
1827534390
1333688185
1768190856
1143061917
1351978526
1678542645
1549646579
1732291477
1184361841
1662307267
1346254494
1269872989
1662312560
1154159037
1553208042
1531095558
1362393296
2036920046
1417693418
1845179744
1485911502
2049867855
1562898226
1242171769
1846920197
1370503815
1810433669
1241049343
1095060422
1689020685
1265330010
1155279475
2078097393
1883874105
1783414863
1300259979
1876999079
1202333168
1717710176
1111839205
1606234751
1456810773
1643661303
1250227468
1167728471
1429707023
1524655982
1227405054
1199550379
1801893923
2051426257
1837476569
1791304125
1394436812
1741449484
1940893663
1489885578
1791477346
1886705171
1082937252
1710738188
1163208738
1724524148
1131048633
1120675567
1783249128
1677870113
1462872445
1483580449
1919869510
1449410938
1344564802
1665757529
2077893002
1122696494
2097836601
1967806618
1788527944
1307883766
1309470297
1696828015
1665452843
1419926808
1914300599
1673523805
1199897844
1112844084
1315258045
1574679808
1407326843
1976737427
1735883263
1592030301
1320656250
1173736194
1864084253
1696440286
2006536945
1332033319
1345323476
2128830887
2074362621
1786742022
1454279949
1116791054
1581631327
1625253239
1786621844
1541074873
1651505944
1592775232
1239826271
1175357522
2013751278
1385941629
1890452750
1232863699
1591622163
1410618855
1850920999
1097345391
1107650269
1329185820
1291342767
1445934945
1523030707
1831127345
1272648205
1718414228
1620888568
1463426611
1233909164
1567840456
1277316334
1847617875
1637419275
1548348622
2003772490
1272590718
2134582551
1624072391
1437498213
1742232983
1587279539
1436584389
1261964183
1137845237
1961938050
1255909423
1176175086
1755408489
1439437238
1704091706
1429966825
1972424628
1440210825
1102398530
1847598635
1105982801
1368851259
1261924954
1740052490
1309050491
1717265486
1510134039
1284414523
1876647199
1822024427
1359334588
1313834032
1202803472
1151391775
1597707052
1779447688
1679057277
1524751657
1463793053
1204325411
1573894993
1114865129
1119052719
1511389216
2021997450
1335158075
1085454801
2049542116
1884150253
1738458766
1917436818
2036559920
1213974513
1729988963
1792798315
2041547501
1742034645
1401495878
1510672473
1356908854
1114994489
1159761312
1793785474
1084971514
1770720744
1130305632
1164776906
1327209280
1783057837
1213443739
1145689322
1091441501
2147036723
1571767104
2082001643
1651205001
1868632379
1511945137
2002737903
1267642232
1192080046
1375541485
1219778664
1619464673
1492732843
1145602536
1724239228
1269891235
1487148375
1415231088
1776386441
1599862311
1784201608
1480653973
1758895886
1107892293
1271787131
1089958540
1387091365
1205383479
1427174358
1971412849
2094660264
1087235898
1164356837
1700801185
1987473310
1999774086
1370865169
1610505852
1313735053
1922769817
1847059616
1180788067
1446441975
1785457487
1259736332
1249108200
1338142448
1770457813
1838260506
1963153870
1164564152
1559667151
1216906808
1898461605
1998080300
1776867915
1559058247
1156360145
1949702889
1075521277
1482393461
1989006798
1485904192
1402174024
1526782292
1410888628
1126937244
1978279278
1812282721
2141385002
1749890748
1436802962
2063338836
1149575121
1871151711
1820140438
1840369624
1651757295
1811139827
1110727832
1557313291
1959672613
1886284985
1143934220
1830426100
1658440270
1880457061
1194564903
1378129854
1939098413
1074463765
1785264032
1297425434
2136076565
1126400505
1496254451
1666963816
1169952328
2106477695
1077291234
1184457282
1774981026
1705382352
1297057472
1914639204
2129336279
1861734603
1442670418
1957895726
1695919103
1843029924
1521168526
1302818376
1999243078
1114855859
1217179154
1166166268
1644719809
1286698616
1270995941
2074797018
1216019827
1448965722
2081067760
1140342521
1762186144
1380673485
2046568124
1829463385
1387783359
2022743959
2026729381
1393343276
2048237113
1793158791
1529110479
1879061002
1142066834
2084169651
1916897623
2027189276
1468908824
1905261951
1515122468
1319502420
1914591717
1192782169
1369618296
1162577669
2033739849
1890603748
1255671522
1656539520
1995919393
1880718237
1849065923
1274390880
1666173329
1908406767
1224570801
1862352631
2109103726
1966757469
1240079026
1517399250
1890043383
1602384596
1239191577
1199284349
1203005817
2100124086
1161466530
1122980303
1996734150
1478998229
1501265776
1285392676
2088131855
1704822748
1666357310
1842636230
1261825887
1857042673
1105757532
1758479267
1343228014
1345057388
1080873984
1658982505
1112203775
2056209242
1874361352
1249271947
1421509303
1128028499
1454504633
1748583405
1795526278
1108325140
2041678060
1845477588
1752416718
1620738857
2074022262
1633920123
1355574903
1277576223
1960111103
1125743354
1402519062
1111050238
1675212386
1313828079
1452413587
1518075992
1315670687
1741234391
1531402443
2115239575
1256613359
1351428892
1733682915
1185049665
1402729242
1088496281
1942879795
1332239862
1617433803
1630415123
1852747945
1737735648
1421669249
2142214497
1635547064
2018984859
1828299613
1102772369
1810608527
1278888624
1729614392
1240727639
1963962253
1084485654
1459556690
1476721096
1180614466
1915775314
1889027217
1910687409
1375759034
1818966397
2009281341
1110247995
1626808892
1673481202
1306464725
1721686708
1349673001
2077709138
1314137677
1542862637
1085230234
1501581719
1164592924
1667648804
1995303798
1165867956
1752962638
1132221353
1467186881
1139870667
1339477950
1680035518
1143993227
1566079593
1403115100
1120507755
1872029364
1237272377
1856602837
1302437957
1193092469
2105921541
2014421353
1445689149
1236272685
1933052882
1191057564
1174716687
1453281445
1449652699
1287684430
1561379475
1845466857
1633484790
2021646271
1563696492
2025920355
1610984519
1387705182
1453617009
1328374057
1087920828
1870285461
1470703285
1511885252
1086741266
1290648247
1101536841
1884876353
1856927114
1231864113
1845015705
1617847790
1194978832
1416873807
1622476240
1180887952
1801917783
1354576632
1784702498
1567925984
1592059571
1621446360
1808297943
1110799003
1456002916
1824363258
1377241469
1945598108
1358331814
1602885544
1088395693
1679063125
1686246931
1667098849
1125781133
1887466769
1696559763
1182533929
2127241022
1154074167
1408239439
1114338975
1455926540
1154586153
2132230504
1359187683
1298742397
1145155157
1123964596
1452730320
1217919290
1404488877
1251772419
1594283457
1848683750
2052210663
1149618806
1526982707
1490686768
1115047589
1225222982
1135319530
1386699776
1169637495
1110842659
1701168065
1885753158
1965010174
1183949915
1568737145
1250923684
1437195369
1130833745
1226472136
1806652872
1530407442
1752353383
1648471891
2141471671
1992855608
1932664100
