0.00030603327
0.0005177665
0.0003824984
0.00033333842
0.00037357825
0.00029563232
0.00039515604
0.0003666158
0.000351089
0.0004023573
0.0011217541
0.00028445755
0.00038534828
0.00032717208
0.00045045905
0.00029770867
0.00047090361
0.00044016796
0.0001035592
0.00043795526
0.00038962215
0.00014143978
7.4149495e-05
0.00012473846
0.0005877679
0.0003927036
0.0002506272
0.00028364966
8.341241e-05
0.00022924758
0.0005242317
0.00030918623
0.0003204665
0.00039793306
0.00013129652
0.00020138141
0.00034748574
0.0006556823
0.0011930786
0.00024597743
0.00030670385
0.00038539286
8.1506776e-05
0.00029697194
0.00022329582
0.000337473
0.00059912575
0.0002103624
0.00018327353
0.00031532158
0.00017149272
0.00036045598
0.00041394753
0.0001654955
0.0003386572
0.000117939555
6.4403735e-05
0.00011846444
0.0003727862
0.00027928644
0.0003677213
0.00013421722
0.00040137535
0.00029246902
0.000239381
0.0008218282
0.00024539873
0.00043206871
0.00011606033
0.00037336483
9.794568e-05
0.00021786238
0.00047278265
0.0003101232
8.531977e-05
0.0006733092
0.00014034711
0.00019934769
0.00043011343
0.00031250055
0.00045610993
7.5588265e-05
0.00039091738
0.00046236507
0.0001435118
0.00052996585
0.00059242884
0.0002025208
0.00014212371
0.00023020375
0.00021714284
0.00056849665
0.0003947125
0.00026559192
0.00013090539
5.8240854e-05
0.0003483046
0.0002424195
0.00031551783
0.000508169
0.00035051862
0.0002672489
0.0004248121
0.00031581544
0.00011717514
7.73941e-05
0.00021221412
0.00037450128
0.0005776306
0.00043273202
0.00019754784
0.00035534575
0.0003221344
0.0003049563
0.00044467777
0.0003209588
0.00020559382
7.343027e-05
0.00038023948
0.00013732963
0.0002491084
7.026476e-05
0.00042756708
0.00039935313
0.00048894755
0.00026070964
0.00041976201
0.00041023595
0.00030811614
0.0003507851
0.00031420062
0.00061261066
5.961068e-05
0.0002977804
0.000663769
0.00025476405
0.0006126699
0.000645237
0.00037035526
0.0002925289
0.00019890371
0.00014744312
0.00038680894
9.581536e-05
0.00015246398
0.0002869086
0.00025014492
0.0005073718
0.00032828946
0.00012392153
0.00011495741
0.0005696748
0.0003553108
0.00019197629
0.00035872107
0.0003364865
0.00061166123
0.00022364252
0.00022391381
0.00058030064
0.0002847853
0.0004856028
0.0001636686
0.0005723308
0.00020517739
0.00038058314
0.00022490349
0.0002692635
0.00012032343
0.00033801363
0.0005936572
0.00013611518
0.00045165312
0.00020070386
0.00015937521
0.00014504201
0.00034310922
0.00045554398
0.00023004455
0.00036402096
0.00035470712
0.00030552523
0.00012433782
0.00038193297
0.00027045218
0.00013895567
0.00030550468
0.0002635172
0.00014120022
0.00013617887
0.00021200498
0.0004019622
0.00034434284
0.00023699008
0.00016162966
0.000105407205
0.00027216057
6.0302445e-05
0.00015824978
9.382068e-05
0.0003788069
0.00011364254
0.00022081408
0.00049449736
0.00052086345
0.00031311493
0.00043523478
0.00029384147
0.00055433
0.00025023968
0.00021099318
0.000134047
0.00043683124
0.00031593474
0.00027999168
0.00026476098
0.00034263651
0.00021760756
0.00036500447
0.00013885471
0.00049161207
0.00059582875
0.000542836
0.00049129955
0.000107895234
0.00038913332
0.000335483
0.00021475513
0.0002011209
0.00030016733
0.0002461376
0.00058278476
0.0002445182
8.431904e-05
6.156747e-05
0.00037701085
0.00031593145
4.727958e-05
0.0004681354
5.394594e-05
7.438538e-05
0.00044768405
0.00014682252
0.0005164529
0.00010981469
0.00032089863
0.00031155837
0.00046488078
0.00044931998
0.00020567424
0.00039376612
0.00027320106
0.00030427793
0.0005742232
0.000521452
0.00025030234
0.00041186897
0.0005382586
9.531858e-05
0.00019135322
0.00012922054
0.0003457529
0.00045661262
0.00037121624
8.761573e-05
0.00032218162
0.000297269
0.00016393674
0.00034824302
0.00041516888
0.0002958207
0.00030656083
0.00069819175
0.00014894023
0.00047929958
0.00012915926
0.0001160128
0.00019065928
0.00039662843
0.00030672963
0.00037105096
0.00015139283
0.00019327742
0.00039834372
0.0004538942
0.00030489525
0.00041498736
0.00039181593
0.00037326364
0.00036713408
0.00013438272
0.00035601336
0.00028234898
0.00031952813
0.00025853614
0.0006849192
0.00021676139
0.00040768116
0.00011760585
0.00041715385
0.00027692152
0.00025525092
0.0007835725
0.00029483752
5.428649e-05
0.000254296
0.000120999226
0.00030375447
6.83924e-05
0.00030509083
0.00050637097
0.00015038183
0.00037888967
0.00021747015
0.00037275648
0.00011859334
0.00041223082
0.00012202035
0.00033710315
0.00035817793
0.00018591268
0.00019910003
0.00058165943
0.00033984942
8.54882e-05
0.00023441207
0.0001376948
0.00044928613
0.0003287854
0.00015791964
0.0004038194
0.00024733538
0.00015265279
0.00043081903
0.00021359215
0.0009152665
0.0006054814
0.00031433467
0.0003356909
0.00039827096
0.0002666964
0.0004161717
0.0003246288
0.00034166317
7.59592e-05
0.00013329614
0.00039546526
0.00033339084
0.00018390953
0.00025348293
8.502791e-05
0.00025408325
0.000959063
0.00026107323
0.00048251182
9.635072e-05
0.00033827728
0.00030989258
0.00036616766
0.00014961191
0.0004913743
8.8205525e-05
0.00039314484
0.00063991785
7.7809054e-05
7.867383e-05
7.0610855e-05
0.0006193943
0.0007597188
0.0005325878
0.00033509562
0.0006450933
0.0003912157
7.8248755e-05
0.00014179309
0.0006431002
0.00020426548
0.0004713086
0.00016578876
0.0001837287
0.0003052725
0.00044370838
0.00036525994
9.630483e-05
0.0002558531
0.00028504367
0.00040011367
0.00018009933
0.00036842437
0.00020253712
0.0006070283
0.00058322615
0.00044358254
0.00016369755
0.00018205369
0.00031834864
0.00012334523
0.00033479178
0.0005799898
0.00031515022
0.0005202266
5.569409e-05
0.000683724
0.00038127115
0.00010406621
0.00039881887
0.00014062002
0.00022001995
0.00010866743
0.0003547814
0.00041586836
0.00024776693
0.00035585367
0.00038998737
0.00030132628
0.00023608925
0.00034995438
0.0001564152
0.000118652504
0.0006917611
0.00034656204
0.00023825573
0.00035023977
0.00030662247
0.00026147134
0.00032131138
0.00039057707
0.00017819204
0.00016389064
0.00069328136
0.00050235423
0.00032579163
0.00025907945
0.00022562926
0.00016369349
0.00010198032
0.00046839772
0.0003975916
0.0003477608
0.00016164257
0.0004294289
7.081529e-05
8.5323416e-05
0.00016079738
0.0006323647
0.00043583076
0.0002849085
0.00032632938
0.00010469818
0.00015922716
0.0003606477
0.0003363071
0.0002120482
0.00051893754
8.079733e-05
0.00013700045
0.0008475858
0.00041014497
0.00041141768
0.00035911222
0.0003972116
0.00038404964
8.5358246e-05
0.00025290236
0.00051342003
0.00021979664
0.0003570616
0.00058303477
7.123499e-05
0.0006301658
0.00021576682
0.00031754634
0.0003781596
0.00015034621
0.00045937247
0.0004599981
0.00036964964
0.00014183945
0.00038036416
0.00035160297
0.00016025388
0.00021362015
0.000243072
0.00019288804
0.00024871406
0.00029900027
0.0003070273
0.0003790377
0.0006982364
7.889219e-05
0.00029965575
0.0005542788
0.00035464892
0.00027939334
0.0002317975
0.00021846006
0.0003351706
9.6248645e-05
0.0004796495
0.00037996966
0.00014322707
0.000112329486
0.000496713
0.00025958449
0.0004499481
0.00029774362
6.5465814e-05
9.0424226e-05
0.0002148755
0.00023108855
0.0005929047
0.00040527683
0.00047972138
0.0003722564
0.00016611206
0.000113903654
0.0005531485
0.000278794
0.00031681196
0.0005942907
0.0004861987
0.0003663095
0.00013983577
0.00034523776
0.0003126314
9.4284675e-05
0.0003096063
0.0008747379
0.0005915133
0.00042431822
0.00033582913
9.27212e-05
0.00012478897
0.00025251298
0.00080752006
0.00032758937
0.00016150778
8.167984e-05
0.0004704978
0.00031103546
0.0003435785
0.0003796953
0.00027817735
0.00057231623
0.00044679974
0.00029440105
0.0002307883
0.00035527936
0.000112355956
0.0010552916
0.00037113944
0.00012838202
0.0003982808
0.0002851608
0.0006823768
0.0007974337
0.0002997491
9.68025e-05
0.00025088267
0.000389826
0.00045808998
0.00057455775
9.780897e-05
0.0005355858
0.00023992667
0.00038320405
0.000320109
0.00042313655
0.00063494226
0.00022271131
0.0004080274
0.00036010356
0.00017222871
0.0004944133
0.000105698666
0.00033054376
0.00040733148
0.00010043576
0.0002485049
0.0002478844
0.00011009426
0.0001334946
0.00063113385
0.0002793189
0.00034569285
0.0005347708
0.0003464237
0.00027547145
0.00011864582
0.00024856228
5.6786568e-05
0.0003720596
0.0003198108
0.00025148396
0.0005170518
0.0003716562
0.00044139064
9.417904e-05
0.00016115289
0.00015876329
0.00042128697
0.00015774489
6.916126e-05
0.00020433626
0.0004845587
0.00055487297
0.00020192678
0.00030812022
0.0002316268
0.00061035296
0.0010724345
0.00054447073
0.00027726038
0.0006184224
0.00037988374
0.00012448513
0.0003119583
0.00047100478
0.00033268894
0.00011613446
6.852164e-05
9.30555e-05
0.0005742252
0.0001441705
0.00014253338
9.6251875e-05
0.00032274873
0.0005802089
0.00040441647
0.0003637491
0.00078936695
0.00048160582
0.00019054719
0.0004979144
0.00039485857
0.00036460228
0.00023241527
0.00044415877
0.00039163325
0.00019219313
0.00012420533
0.00041651796
0.00048032316
0.00021404772
6.815391e-05
0.0001580585
0.00035091923
0.00019657989
0.0002611075
0.0005098021
0.00038133672
0.00041901576
0.00038826955
0.00023711972
0.000400006
0.00037989867
0.0005817849
0.00032245571
0.00033600832
0.00080980145
0.00053649466
0.00021390259
0.0004915085
0.00038673545
0.00010486074
0.0003089299
0.00052338623
0.00014982246
0.00028188163
9.154562e-05
0.00034076977
0.00033047728
