0.00034489698
0.0002640073
0.0011452279
0.0007314183
0.00044554775
0.00022916221
0.00020975781
0.00040027135
0.00032313628
0.0002779471
0.00023798706
0.0008734595
0.00042856703
0.0007343336
0.0005578887
0.0004529378
0.0006055564
0.00023378608
0.0011191728
0.0004481576
0.0001762037
0.00054254953
0.00091690244
0.00066228514
0.00031676932
0.0004337273
0.0009495856
0.00078000536
0.00036845755
0.00088737643
0.00073779473
0.00050279894
0.00074412476
0.0008645016
0.00041698388
0.00031517324
0.00065015815
0.00049084413
0.0006473747
0.00055610226
0.00028650492
0.00055775093
0.00034905688
0.0007431717
0.00015045867
0.00027810608
0.00026276844
0.0006058402
