2100604967
1250308340
1476095338
1397535513
1303068488
1382719787
1148980830
1094923353
1253872831
1800671734
1977051262
1693718979
1097705359
1640337488
1359664932
1830291931
1767058290
1250865469
1741921220
1278921082
1269933146
1639310917
1202500293
2118750201
1346169320
1088637100
1244404834
1516259781
1097333921
1796807081
1530687712
1732340297
1462382038
1161288868
1322690728
1419351902
1370141764
1251846169
1253753670
1217498455
1738806118
1390382562
2118947919
1441571808
1340426018
1306651100
1383113237
1734246474
1250566410
1648545448
1752699207
2023277706
1358723732
1927646937
1308130590
1616845905
1617026852
1591917366
1813221953
1136038540
2064517459
1127869362
1283197776
1711285457
1292910216
1197655961
1900569707
1706341412
1141906078
1329931643
1138660341
1989921339
1103853033
1910491451
1258985301
1319582798
2132735749
1344371600
1223324425
1700482259
2005120667
1304861325
1326831270
1258469988
1077771177
1108485856
1380977069
1110472604
1725827694
1597526392
1787453721
1522053395
1534214496
1547397782
1561705946
1556555245
1170731350
1351292713
1181558959
1747709428
1095047865
1651865578
1884065189
1392867329
1701144867
2111369218
1726667387
1795778221
1420712039
1265978020
1422245785
1760178552
1135864903
1428436876
1209232432
1296928067
1484909885
1714563908
1132856562
1219267874
1093887928
1284892499
1395748082
1394011487
1228075608
1424456207
1670219590
1126158448
