-124
-114
-120
-127
-122
-121
-105
-108
-119
-127
-126
-111
-126
-126
-126
-117
-119
-126
-125
-124
-114
-121
-126
-125
-125
-122
-125
-118
-118
-122
-126
-125
-124
-125
-124
-127
-123
-119
-126
-109
-110
-115
-119
-120
-127
-120
-124
-127
-121
-102
-126
-118
-109
-115
-127
-127
-120
-123
-123
-124
-126
-120
-122
-119
-123
-123
-121
-123
-119
-113
-127
-120
-126
-125
-126
-116
-127
-121
-124
-127
-127
-126
-122
-105
-127
-124
-127
-113
-123
-114
-126
-110
-120
-124
-127
-126
-126
-126
-126
-125
-121
-121
-124
-118
-125
-127
-119
-126
-111
-117
-119
-126
-115
-125
-119
-117
-123
-116
-124
-126
-122
-127
-117
-101
-125
-122
-121
-118
-123
-121
-127
-118
-119
-126
-121
-115
-121
-117
-126
-126
-126
-125
-123
-124
-119
-112
-127
-123
-117
-121
-116
-125
-123
-125
-125
-126
-119
-120
-118
-123
-126
-126
-123
-121
-123
-124
-120
-122
-111
-123
-117
-117
-127
-126
-123
-123
-126
-118
-123
-124
-121
-122
-118
-116
-127
-121
-126
-127
-125
-121
-125
-126
-127
-124
-126
-111
-127
-127
-121
-114
-106
-116
-123
-119
-127
-124
-127
-124
-108
-124
-126
-115
-127
-112
-124
-127
-126
-126
-116
-120
-127
-127
-117
-126
-117
-127
-127
-127
-126
-124
-126
-113
-113
-124
-123
-113
-126
-127
-121
-123
-126
-122
-126
-126
-118
-120
-116
-126
-116
-127
-120
-117
-126
-125
-124
-115
-103
-117
-116
-126
-106
-124
-124
-125
-117
-112
-124
-120
-124
-118
-127
-121
-125
-117
-112
-124
-116
-127
-96
-106
-126
-124
-122
-125
-121
-122
-126
-127
-126
-127
-116
-126
-122
-125
-121
-122
-122
-124
-124
-124
-123
-114
-118
-126
-127
-126
-120
-116
-126
-126
-119
-126
-127
-113
-127
-111
-123
-126
-127
-126
-126
-118
-126
-127
-120
-126
-124
-125
-125
-106
-125
-107
-124
-124
-126
-127
-126
-126
-126
-124
-120
-126
-117
-126
-111
-127
-123
-125
-126
-127
-126
-126
-127
-126
-121
-123
-125
-117
-127
-118
-124
-125
-109
-112
-126
-126
-127
-115
-126
-120
-125
-114
-119
-124
-115
-119
-115
-123
-99
-127
-121
-127
-110
-114
-126
-126
-123
-116
-111
-122
-126
-127
-123
-126
-119
-111
-118
-127
-125
-126
-126
-125
-124
-126
-127
-115
-125
-127
-124
-124
-112
-126
-123
-120
-127
-126
-113
-126
-127
-125
-111
-118
-117
-124
-126
-112
-102
-122
-122
-123
-122
-125
-123
-126
-116
-121
-110
-109
-120
-117
-126
-126
-103
-111
-115
-120
-127
-118
-124
-120
-126
-121
-126
-120
-118
-121
-127
-127
-122
-125
-127
-125
-118
-122
-122
-125
-126
-114
-127
-126
-124
-127
-127
-127
-122
-121
-125
-122
-112
-122
-125
-125
-117
-125
-126
-125
-115
-122
-125
-125
-121
-126
-117
-118
-124
-123
-121
-126
-122
-122
-121
-122
-125
-126
-126
-116
-123
-127
-126
-127
-116
-121
-116
-119
-126
-113
-125
-123
-126
-122
-118
-120
-126
-107
-125
-127
-118
-125
-127
-98
-121
-127
-124
-117
-99
-125
-127
-124
-119
-126
-125
-111
-82
-114
-120
-123
-117
-124
-125
-123
-126
-122
-126
-122
-120
-110
-125
-125
-84
-127
-109
-119
-112
-127
-126
-118
-127
-126
-123
-125
-125
-127
-100
-120
-127
-127
