1637880615
1719333507
1206723475
1355653498
1170268093
1146029253
1859242459
1444342151
2083446653
1110902853
1906559888
1970565548
2116644522
1595815330
2083417081
1235554028
1861653992
1188236018
1378100648
1688883476
1126218613
2051664161
1179880017
1507163787
1194562597
1169409937
1361001316
1477296489
1443734484
1387377427
1682933789
1608411664
1899896425
1420431497
2133141986
1907890030
1580063824
1896105465
2015179207
1441441816
1523232173
1617954297
1090883182
2103537354
1711825805
2056723221
1793450328
1323898258
1164722552
1256198471
1953956756
1075662515
1132765529
1806487337
2025785548
1894301018
1342276126
1841723326
1854587834
1239422686
1252649301
1424185929
2112430862
1623765113
1790197454
1618803466
1090427722
1763207297
1612571980
1684291763
2032168371
2132383562
1286823033
1295914264
2008530820
2042667442
1749321410
1756544414
1078176389
2141571626
1162209547
1204249029
1124172955
1405864304
1533812421
1153717285
1695188021
1164793291
1706860678
1591758225
1942358317
2134399068
1117316987
1246563354
1846227484
1404267439
1358392638
1638335206
1144233504
1552511517
1184621907
1329959853
1636891417
1566640935
1725412497
1495451991
1599137784
1186562614
1627589415
1524863828
1742020129
1785390622
1832967818
1274843063
1970450160
1308344186
2022860860
2064470975
1196583901
1842528717
1510651494
1349863846
1470657379
1551319377
1641833930
1097513884
1930936149
1208749418
1648156450
1503292809
1512502907
1675155884
1802685939
1586334449
1216400340
1533647168
1291526074
1830508738
1236787337
1888687636
2133050372
1569730876
1208228147
2006405145
1601088929
1182332139
2063685878
1220044023
1867924327
1550672281
1659067204
1295993702
1088218550
1907631423
1553160353
1115856383
1213433325
1368299118
1121056342
1274699844
1171412107
1758245070
1193470768
1253836803
2002597949
1616436000
1506854735
1169023767
1102117774
1884378883
1415581178
1374752681
2060624350
1680154061
1632817496
1552208844
1227515196
1247848268
1727066186
1617660031
1332784229
1193505558
1537761097
1720476942
1280745203
1919020541
1562430174
1406484728
1544455871
1774589457
1300005000
1339708037
1936502564
1487831510
1769875979
2138889310
1696157505
1242989831
1101510831
1275866762
1505711880
2086674014
2016600962
1771007817
1454936895
2133699207
1740200607
1312296341
1958249854
1208496320
2006446893
1863616733
1378291994
2132590563
1626648342
1150403818
1132637385
1195976814
1354299584
1898003844
1768944184
1426233326
1834005143
1372746452
1253298426
1194604925
1578257928
1429418939
1823417357
1919301181
1239451678
1514187907
1618162748
1134993255
1351510578
1449515438
1758506576
1190881225
1951941249
1141838786
1434752841
1191252899
1978063973
1431115536
1158269569
1568068779
1990288053
1663197368
1214572121
1998514751
1712282714
1080543855
1446824134
1129951590
1961140911
2013495366
1754260444
1285392580
1883225591
1361573613
1859720243
2120901671
1441496321
2133388996
1744736076
1922264718
1811659464
1556334369
1321653137
1328286449
1498511490
1357994292
2071250405
1702174452
1211126741
1138784216
1396314423
1406570543
1134277739
1747283291
1730758575
1133977094
1286854923
2135756462
1079499573
1492586737
1652581750
1562325804
2075144576
1520626104
1609647292
1886110270
1135858948
1191768372
2120825132
2025494471
1162231581
1350945818
1599309415
1308975626
1243212487
1951509852
1594039295
2065074003
1609058760
1805740509
1906791243
1187131432
1244556545
1885847025
1374771816
1388353869
1273785444
1142176250
2106716589
1208515745
1258812946
1501027394
1581754913
1417995611
2064105679
1632927665
1459347119
1176501898
1218887252
1292501356
1276877704
1196249917
1323209414
1836217793
1184505360
1786964294
1756037059
1632416830
2054705395
1580222409
1250428533
1361063358
1632512503
1368171555
1442087173
1204302084
2058841937
1642338966
1464570852
1207152553
1655631102
1554776353
2049822025
1790824835
1927733141
1876975550
1899749727
1967324850
2069246495
1450969084
1494640512
1245998014
1953708586
1966788503
1713758974
1228035888
2062152795
1870948166
2093742202
1633913384
1871274033
1247647065
1447331780
1251864784
1162038496
1689934716
1626942609
1991205352
2040056445
1195304206
1499875262
1145785722
2055260297
1262101770
1090583117
1560746333
1542331935
1208740141
1128604054
1506832121
1836796468
1307694771
1544181609
1654723660
1196377915
1220144334
1677268802
1517953355
1445847402
1578852549
1768849671
1515003735
1471833285
2044405207
2021014086
1617751065
2073736737
1179297283
1171104215
1527078798
1690635157
2076829577
1223500419
1211898502
1470703186
1553711776
1726133232
1524666684
1253359599
1353260519
1193093295
1182887041
1731831849
1275318528
1462058427
1934724211
2092096051
1712910096
1594427785
1363041175
1243279748
1327666026
1140611855
1262175989
1184545369
1094099236
2105108706
1249503696
1425113665
1724509694
1490520205
1373257287
1801172570
1891286456
1665981735
1862669863
1793495555
1459695600
1384503185
2072981792
1305333393
1345691354
1401483072
1227443297
1090894489
1224924494
1449877255
1381772743
1425781634
2057990740
1848433756
1626181865
1551292704
1248160799
1846408392
1285229066
1698502357
1549743385
1834578600
1829664499
1251900154
1378382448
2027051907
1290783305
2069336950
1503663903
1081025118
1881675692
1914273433
1798493732
1268736241
1970905911
2131412918
1266946291
1589132732
2049689823
1618016050
1591820847
1265465972
1149821953
1327980296
1880551972
1676645480
1817566823
2055481214
1391807366
1161172222
1245440213
2000543014
1992576082
1351018878
2119534420
1203544820
1664805830
1712231689
1402229319
1865879829
1538656362
1131464959
1969097406
1874074636
1411308954
1317801294
1254772077
1561433438
1383158548
2087491582
1468128719
1111527915
1337471614
2033938027
1314756001
1719056346
1116377074
1887254864
1791657478
2012344394
1440563366
1410995844
1281113398
1714122531
1109314975
1892697195
1628958695
1341373903
1990147733
1424669511
1430486415
1529101262
2091470409
1662647684
1734735083
1137594974
1703442551
1403930555
2116039175
1276467181
2067421175
1125994217
1352845937
1163878892
1426405537
1379085208
1660122503
1313806231
1110855306
1763391685
1637761169
1566386967
1346406870
1767974700
1504669337
1975793339
1268025364
1267746463
1887527387
1805872132
1544661712
1157814398
1541447107
1549150214
2068934544
2031600712
1263399731
1209555389
1876694330
1810388466
1356148677
1664335584
2002995715
1950445275
1620697786
2034900553
1607963452
1222494985
1841595182
1490145052
1612635762
1710618588
2042208792
1179492107
1308129647
2047615173
1714331561
1771657232
1998658550
1662361246
1965416034
1260141348
2068546055
1879587127
2066643037
1246343596
1228583252
1098592377
1961653485
1380662359
1150428461
1379310184
1758638198
1756551952
1241889594
1675634827
2014921181
2146573862
1832752700
1383284372
1086279582
1709600398
1801198372
1189367856
1146353381
1460350813
1543250394
2146416727
1960675303
1635271938
1993067782
2085469117
1852657273
1419829049
1114521023
1471028474
2089683358
1299851924
1890697344
1256565796
1076697230
1257222749
2119441646
1498762558
1507650848
1814785934
1979851024
1510744847
2114458545
1825328493
1988695246
1972296935
1109932209
2069809515
1445911764
2114179064
1772233008
1167581718
1337177058
1208804503
1662796702
1306237066
1602955997
2026085902
1936524598
1083153692
1184882253
1960394083
1313925677
2055169263
1649016925
1424907243
1560749232
1131110680
1900069216
1768661225
1514228496
1099610567
1831972822
1853108385
2108352883
2000613754
2057807512
1455182745
1966332753
1497002759
1903682168
1558628776
1489397644
1284901460
1729692258
2051687934
1701549970
1100723271
2102288969
1080657503
1458402568
1125229994
1690663569
1700329997
1156987554
1431991667
1789645451
1167396170
1660656531
1241330343
1586169776
1418521521
1283270384
1924400830
1083569144
2049809269
1139607581
1892442647
1960466563
1440904889
1572791824
1255700392
1277917928
1845297428
2003945485
1828371757
1243997004
1169880763
1415490144
1358858536
1122706553
1243042016
2079575675
1851409468
1787843034
1396642030
1532449229
2068790745
1885706705
2133998982
1183041567
1972782836
1891592029
1217892835
1759144974
1476413981
1200250778
1423929642
1894733575
2130680297
2058553180
1858904415
1596853524
1243623011
1215196023
1285748888
2141971133
1781885520
1517646043
2073011944
1873265766
1716833259
1717682137
1527829104
1592759020
1602232943
1087863112
1139784431
1961876141
1223778450
1322122224
1756037059
1370984914
1746729548
1595033133
1330761764
1886721416
1751026125
1616453395
1804931060
1832473219
1700840252
1420417002
2037930770
1191916810
1191548615
1601587007
1970491909
1373953669
2110476238
1822743589
1458195567
1562285795
1903295418
1514757885
1626157512
2077480731
2029901216
1308395211
1256676255
1113072015
2075039046
1187474115
1374695857
1553327925
1178880381
1755998790
1592404741
1389618489
1117735628
1077620328
1559597680
1541014550
1115171598
1225958339
1276577929
1200833512
1331661958
1108576555
1082094914
1483772086
1231808874
1228950288
1577908867
1117408021
1185694601
1799931723
1220289873
1980859937
1660036688
1856147880
1565904835
1221498249
1722023941
1423539993
1894892450
1090525714
1686776935
1532473582
1244117030
2023251669
1331859392
1148394110
1414507324
1273796461
1219001480
1260939201
1297594046
1355919642
1826482944
1297299490
1311306563
1438293313
1073950552
2066494599
1128448658
1811257639
1523077936
1316745414
1239278887
2081503046
1655505278
1781084768
1521183036
1353195578
1587717935
1603075443
1830788219
1202624622
1556559925
2034538736
2060049154
1267164309
1350473833
1365746685
1564304200
1712254303
1176401007
1210018677
1457224343
1511220892
1717738961
1472411960
1706032094
2018760268
1337531917
1886271464
2010974824
1139868507
1699152932
1459791853
1721535720
2141274751
1076876689
1235405590
1265790100
2112071944
1981007215
1769203950
2143824865
1225609279
1412303371
1269288824
1126652329
1873278523
1382707437
1877427822
1747729184
2114452746
1411100214
2047418030
1659543248
1959039589
1315225667
1759141495
1258155993
1808644323
1382481881
1687206013
1406350206
1219102951
1382237190
1864960211
1372036734
1220470781
1477721508
1525034879
1080340913
1171800017
1639823642
1332683917
1435350650
1337015864
1603530034
1381299018
1263924191
1382117744
1863855045
1168345940
1916634520
1388958637
2011213136
2003540760
1411350123
1317927118
1339139219
1112798333
1222977408
1447487175
1223144980
1231761327
1114338955
1179581402
1258094531
1161956739
1522490564
1615639306
2048708742
1417131657
1623239203
1890491503
1675771668
1824769532
1731774446
1716601325
1993029513
1307396736
1670172202
1898821411
1221080478
1681800792
1586482887
1640836613
1703285416
1482696492
1209920105
1858913112
1979046213
1276971637
1358565429
1132208887
2107854225
1980136303
1104891704
1521083304
1382242989
1580711210
1432848083
1417611760
1846897773
1099296007
1610241623
1261469750
1205817918
1499014787
2015905160
1893017264
1143427534
1111653739
2053567759
1186968499
1274557204
1212039981
1426367848
1474149725
1502009634
1525989288
1090380175
1156310306
1328215129
1339163572
1328187297
1081330111
1362760535
1817609730
1349404617
2117999017
1187842890
1966819814
1583323366
2094548173
1335385368
1804409208
1688856223
2054621899
1237668686
1498664566
1091521290
1915034176
1464270498
1080119996
1316889213
1959991678
1135620636
1224570214
1914856167
1680499642
1719723736
1531534249
1597957240
1886919720
1165595783
2115216969
1364523233
1162994064
1835318469
1289222969
1142950909
2070286719
1140214378
1889576523
1837965995
1628227523
1898515259
1853949145
1088169844
2083593061
1775822766
1931329277
1640478275
1540165092
1693492004
1237176406
1997940135
1239052172
1100079654
2070270484
2136201195
1569006082
1500237079
1296240712
1412268001
1207266200
1587661111
1746040125
1822665891
1773682595
1252111794
1084306404
1362398718
1118944004
2046336058
1762783438
1547229221
2031934117
1917521088
1113207407
1827553900
1665842575
1658935581
1904785594
1563879761
1445797826
1184054828
1231696966
1349800934
1831922376
1659526433
1456727425
1621467227
1108711077
1271053262
1971540250
1169845393
1661291450
1398088138
1156109683
2109237711
1410863641
1997142282
1786634368
1170884457
1876362085
1114175731
1208061734
1853329302
1447459343
1493125693
1346269450
1403172711
1175735936
1383775493
1949467674
1777145080
1405488571
1145592637
1694763582
1616411647
1852915880
1446688163
1729975798
2107098120
1566244328
1726715386
1750360475
1200395736
1156523106
1104705577
1889923264
1581322356
2101988615
1375846250
1615027001
1788573916
1110232564
1355170496
2118620600
1091625081
1168077477
1569614909
2129346386
1343107610
1144664032
1711768401
2139890105
2050413457
1801526269
1852673509
2037252363
1880887117
1304955631
1355883693
1638368256
