605
1053
-705
-128
771
-2751
933
-1089
167
388
53
-1639
-2562
968
-514
-79
1882
1358
2446
1421
1221
-1181
-53
1871
1261
457
2051
-2931
-479
-1333
-614
23
-182
-1843
-1738
1587
779
-1336
-289
-1832
2637
2340
-479
-1730
-1868
1367
711
-2554
315
1529
465
-2527
-970
1522
-1358
344
67
-1003
962
-1215
1160
-264
1452
4037
-322
-763
-876
-937
-1884
-1338
3483
3671
-4256
-1368
-2945
-635
-330
-2577
-779
-443
-2311
2030
-156
426
1442
1294
179
1318
-1561
-1882
-388
243
-814
-2554
2006
-2309
-1183
-369
1549
686
-787
1549
-253
1730
-1054
-307
1143
1100
-921
1108
1027
-665
-16
895
-2614
-1293
-258
-236
-31
-676
702
1232
-1157
258
47
5041
-3579
501
2182
5
415
-1994
-61
786
2762
-2008
1740
-605
-322
-779
-455
506
-1776
258
-554
1890
-763
-907
2941
575
1207
-621
-176
0
-2818
-1851
-1880
-1073
-3101
-1987
-1465
-1123
1192
969
374
89
-2752
0
857
203
1812
-37
1737
-839
1313
86
-246
-855
-1120
-3284
506
112
1655
-2651
-1708
-3
-1950
-2567
1805
2857
870
561
