-119
-80
-113
-109
-117
-114
-104
-103
-120
-88
-121
-122
-29
-75
-98
-112
-103
-114
-88
-117
-100
-116
-116
-122
-121
-98
-85
-115
-85
-68
-103
-116
-118
-72
-86
-117
-120
-116
-115
-119
-120
-115
-81
-86
-91
-119
-118
-120
-94
-118
-121
-90
-108
-109
-55
-101
-118
-49
-122
-122
-118
-119
-116
-101
-112
-122
-90
-115
-86
-118
-115
-118
-115
-120
-97
-117
-121
-56
-91
-117
-110
-116
-90
-119
-121
-118
-77
-91
-121
-115
-102
-110
-94
-84
-106
-106
-115
-104
-116
-120
-105
-101
-111
-110
-122
-113
-122
-122
-122
-98
-113
-109
-120
-83
-114
-113
-95
-96
-120
-96
-76
-119
-99
-119
-112
-109
-109
-112
-117
-113
-95
-90
-115
-91
-118
-108
-103
-117
-91
-105
-84
-122
-117
-122
-109
-87
-93
-118
-75
-122
-112
-89
-104
-106
-120
-115
-94
-115
-112
-116
-118
-65
-98
-115
-104
-114
-75
-116
-116
-64
-117
-113
-118
-106
-89
-53
-110
-122
-121
-113
-112
-122
-114
-117
-120
-121
-82
-122
-87
-115
7
-106
-118
-117
-120
-119
-81
-78
-101
-81
-102
-93
-113
-99
-121
-119
-120
-92
-52
-117
-85
-120
-115
-115
-85
-107
-112
-105
-109
-105
-80
-113
-112
-115
-70
-117
-94
-122
-77
-118
-113
-119
-86
-103
-90
-122
-87
-112
-112
-114
-119
-73
-119
-122
-107
-120
-92
-97
-115
-116
-102
-110
-93
-113
-104
-113
-110
-111
-84
-119
-96
-103
-118
-103
-122
-100
-119
-115
-108
-114
-118
-118
-110
-120
-80
-108
-119
-120
-115
-93
-111
-113
-92
-117
-116
-34
-119
-90
-120
-121
-119
-86
-115
-112
-108
-118
-72
-80
-116
-120
-90
-115
-122
-112
-113
-101
-113
-118
-107
-113
-120
-113
-114
-100
-121
-119
-120
-86
-86
-115
-120
-116
-116
-95
-92
-110
-96
-117
-121
-120
-118
-113
-93
-109
-117
-115
-109
-111
-120
-66
-92
-101
-121
-117
-119
-119
-83
-104
-120
-80
-122
-67
-116
-121
-82
-103
-55
-111
-86
-107
-116
-28
-65
-122
-115
-86
-93
-122
-115
-97
-111
-108
-116
-116
-111
-118
-93
-91
-122
-119
-115
-119
-122
-101
-114
-91
-120
-122
-121
-122
-108
-114
-103
-113
-122
-114
-98
-94
-107
-118
-122
-115
-114
-120
-100
-116
-111
-112
-116
-108
-120
-118
-91
-115
-113
-108
-118
-116
-115
-65
-121
-116
-80
-122
-113
-109
-121
-113
-118
-117
-80
-83
-120
-56
-120
-120
-121
-115
-80
-120
-117
-111
-111
-122
-81
-70
-91
-109
-115
-106
-122
-110
-118
-85
-106
-111
-118
-118
-116
-121
-107
-105
-114
-74
-118
-114
-67
-119
-120
-82
-116
-120
-105
-112
-116
-99
-83
-112
-119
-105
-114
-107
-108
-110
-117
-120
-78
-108
-115
-109
-108
-96
-104
-108
-106
-97
-103
-121
-116
-115
-111
-70
-61
-90
-107
-116
-79
-86
-116
-110
-111
-99
-119
-98
-122
-119
-118
-96
-117
-92
-122
-109
-108
-102
-82
-90
-86
-87
-91
-88
-122
-29
-111
-89
-83
-76
-119
-122
-108
-98
-110
-81
-120
-120
-89
-117
-108
-101
-110
-77
-78
-94
-71
-122
-97
-122
-118
-98
-111
-109
-99
-111
-121
-95
-114
-103
-109
-109
-117
-122
-120
-122
-89
-117
-109
-104
-121
-118
-110
-119
-97
-119
-116
-110
-114
-70
-84
-113
-109
-115
-117
-109
-103
-112
-120
-122
-116
-63
-102
-107
-111
-121
-90
-116
-105
-122
-82
-116
-71
-122
-117
-119
-109
-108
-121
-114
-116
-98
-93
-119
-104
-112
-88
-93
-107
-122
-122
-106
-112
-110
-105
-91
-49
-110
-72
-86
-116
-106
-109
-105
-121
-48
-118
-120
-120
-118
-115
-117
-120
-94
-120
-98
-89
-117
-109
-110
-116
-119
-115
-110
-102
-112
-76
-110
-120
-115
-118
-110
-95
-122
-122
-122
