-8
-7
-2
-9
-5
0
-9
4
-7
-6
-9
-8
-8
-9
-7
17
-8
-9
34
-9
15
22
-2
-9
-9
-9
17
-5
-9
-9
11
-5
-4
1
7
-9
-6
0
11
-8
3
9
24
-8
-7
-8
0
3
-6
40
18
-7
-5
27
-7
-9
5
-9
7
-6
-6
-1
17
-2
-8
-4
-2
-1
20
-6
-3
0
-4
33
12
21
1
0
1
-5
-8
0
-8
-1
7
11
-7
-5
38
-9
-1
-3
4
-7
2
-7
-8
-8
6
-7
8
23
12
30
-8
0
-7
35
-9
0
-9
4
3
-6
116
-1
-9
1
9
14
16
-8
-9
19
-9
-1
0
-4
-9
59
9
-6
-5
138
2
-3
-7
20
-2
-4
-2
-5
1
-8
9
-9
-9
-1
15
-8
-9
58
-1
-7
-6
74
7
-9
0
0
-7
20
5
21
-5
26
0
-5
-9
-7
11
-4
-9
-7
5
26
66
4
-9
3
47
6
-2
30
48
-3
-2
-9
7
49
-6
-7
-8
6
2
36
-8
-4
2
48
10
-6
0
7
-7
37
-9
17
-5
2
-8
-8
35
3
-7
5
-6
-9
-6
-3
-9
-8
-7
-7
-2
-7
-8
-7
5
81
-8
36
0
10
-6
-8
4
-4
-1
-4
-6
-5
-7
-9
11
17
-6
-7
-1
-6
15
0
-6
-3
-1
-7
93
-8
64
22
19
-7
-7
26
-2
29
-1
5
-6
-8
-6
17
3
6
5
-4
7
-4
-1
-1
8
-5
-4
-8
-9
-5
-6
4
-1
16
-8
-8
-3
-5
-1
-9
-8
-4
-4
-8
16
26
-7
-5
-8
-8
-6
-7
10
-5
7
4
-8
18
0
-8
22
-9
-5
-7
12
-9
-6
-4
-6
7
-7
-2
-1
-7
42
10
16
68
-9
-2
-9
-6
-9
-5
-2
22
-9
-9
5
47
-8
-8
-8
3
12
-2
0
-9
-2
3
12
16
9
-5
-4
-1
109
0
-7
-7
-7
-5
-6
-5
-2
-2
-1
12
27
2
10
-1
9
-3
-6
-3
8
-3
