0.0009543661
0.0011398245
0.0026004408
0.0014749914
0.0012324464
0.0014324962
0.0010983978
0.001654172
0.0014609178
0.0011164935
0.0012582975
0.0010333459
0.0020041934
0.0013682237
0.0015391133
0.0011268831
0.001178911
0.00130817
0.0019550114
0.0018663576
0.001377513
0.0024221675
0.0016068572
0.0009171101
0.0008288644
0.0016199664
0.001794778
0.0015061527
0.0014405928
0.0012337067
0.0011324995
0.0014585238
0.002953187
0.0011469715
0.0011616836
0.0027488351
0.0015487802
0.0018233584
0.001302812
0.001123758
0.0013984723
0.0038538314
0.0010156921
0.0017413247
0.0013672999
0.0011076693
0.0027590015
0.0018734039
0.0017335875
0.0011037356
0.0014655464
0.0015950152
0.0014879856
0.0016329458
0.0027966953
0.0014630572
0.0011691635
0.0013745839
0.0010383597
0.0009858855
0.0031531688
0.0015450355
0.0008771404
0.0012423415
0.0017070809
0.0016236465
0.00092198484
0.0018159709
0.0012646484
0.0020893514
0.0015960176
0.0013402887
0.0016093722
0.0015858674
0.0027244296
0.0044557895
0.0021513593
0.0013389863
0.0013504005
0.0018225341
0.0026608417
0.0014418408
0.0014005682
0.00198116
0.00081290444
0.0011424131
0.001029407
0.001218102
0.0020560361
0.0012122315
0.001673201
0.00217941
0.00093316234
0.0015236429
0.0015328156
0.0015911857
0.0015726369
0.0007723712
0.0017628792
0.0013308831
0.0023216896
0.0015143639
0.004226666
0.0011611249
0.0010543051
0.0011217884
0.0009915914
0.0015575651
0.0017036432
0.0018130217
0.0017120232
0.0019481303
0.0015233378
0.0027088153
0.0020594676
0.0017409436
0.0022230586
0.0010805925
0.0014316888
0.001283383
0.0016248818
0.0017689525
0.0031531544
0.0015109692
0.0025895133
0.0032523053
0.0011773079
0.0014095589
0.0015027964
0.0017786609
0.0019194911
0.0012222267
0.0017399229
0.0010969442
0.0017116414
0.0015998061
0.0018626336
0.0015521711
0.0011062534
0.0018533642
0.0027472503
0.0012017725
0.0018984559
0.0022813838
0.0017220484
0.0013397139
0.0009181257
0.002707477
0.0013083154
0.0017822309
0.0012691801
0.0015167234
0.0011869667
0.0028363387
0.0011708064
0.0013026706
0.0017165742
0.0012654236
0.0014085621
0.0017921713
0.0014372757
0.0009157505
0.0015592721
0.0013878105
0.0018049625
0.0018172184
0.0010862217
0.0016023718
0.0021318542
0.0020552229
0.0013522988
0.0014515327
0.0016802677
0.0013819713
0.0010596807
0.0010983008
0.0015836434
0.0033153729
0.0017421432
0.0016151255
0.002566627
0.0014039909
0.003988354
0.0014981308
0.0018237801
0.0010291117
0.0007992138
0.0026533373
0.0018013212
0.0012572607
0.0012848927
0.0014982561
0.0010428814
0.0018698103
0.0018947156
0.0020487984
0.0012773224
0.0014807818
0.0017371356
0.001911027
0.0009575757
0.001101516
0.0010732202
0.00093843404
0.0013049878
0.0015867798
0.0014731471
0.0034523963
0.0021334914
0.0020054434
0.0020036777
0.0013823201
0.0013921052
0.0011618779
0.0014462783
0.0013259083
0.002705243
0.001416027
0.0012691435
0.0015920313
0.0012954865
0.0027106279
0.0008767995
0.00086255337
0.00091157854
0.0016226884
0.002297593
0.0012135083
0.0011026899
0.001053003
0.0014643179
0.0012727263
0.0017221796
0.0013347021
0.0017351423
0.0015211568
0.0011994315
0.0016976842
0.00082693
0.0014195503
0.0013195907
0.0015091964
0.001664677
0.0009490908
0.0006754801
0.0014627858
0.0013777621
0.0025361471
0.0013728052
0.0011162923
0.0008869373
0.0009812205
0.0021108233
0.0020092758
0.0019326966
0.00290807
0.0013481362
0.0027484556
0.0014135188
0.0015159011
0.0011786495
0.0012254111
0.0013371223
0.0011763038
0.0012563028
0.0013679566
0.0016589197
0.0015644862
0.0015041262
0.0015698277
0.0027965175
0.0013296973
0.0010042549
0.001767403
0.0014618345
0.0013607971
0.001744322
0.00131415
0.0013213607
0.0010526272
0.0014225206
0.0012003056
0.001678418
0.0021149514
0.0029994082
0.0017140403
0.0015656162
0.0013048705
0.001397422
0.0013563
0.0016713756
0.0016305248
0.0020112148
0.0015539993
0.002149986
0.0015024282
0.0014192095
0.004969963
0.0012809539
0.0011436564
0.0027713666
0.0017827787
0.0011504272
0.0018099198
0.0010323267
0.002937545
0.001647146
0.0011855243
0.0019090389
0.0021213773
0.0015325501
0.0009334486
0.0011550817
0.0014552018
0.0014870627
0.0012327775
0.0015621472
0.0016713701
0.0024619014
0.001628631
0.0023886594
0.004530401
0.0010861219
0.001717102
0.0012731408
0.0012230952
0.0014506045
0.0013144556
0.0015972273
0.0017597326
0.00231031
0.002676471
0.0018077934
0.0023252082
0.001320952
0.0013955245
0.0020296026
0.0014109159
0.0013936524
0.0017648352
0.000974335
0.0022436536
0.0013557064
0.0014590226
0.0009667992
0.0021713078
0.0013371757
0.0013875884
0.0016929941
0.0011187133
0.0010286025
0.0014858878
0.0018668185
0.0023333284
0.0013359374
0.0023069854
0.0012030363
0.0017045912
0.0018133505
0.001407905
0.0015948558
0.0016988562
0.0017790892
0.0011245022
0.0012505607
0.0017873469
0.0012225667
0.0025328975
0.002129776
0.0022081467
0.0019915143
0.001915423
0.0016724595
0.0012724897
0.0010731481
0.0017275651
0.0020097026
0.0016127556
0.0011162828
0.0016297423
0.0031379438
0.004632694
0.0013385084
0.001416627
0.0021895634
0.0030057535
0.0017404513
0.0015177537
0.0013583088
0.001228518
0.0016020985
0.00366601
0.001245917
0.0010681779
0.0016434055
0.0020324776
0.0013426705
0.0014585265
0.0016778716
0.0047834134
0.0018535745
0.0022495338
0.0018334937
0.0018861176
0.0018117843
0.0018464052
0.0016053431
0.0022690694
0.00070526777
0.0029233855
0.0011066697
0.0014808683
0.0017673891
0.0015965044
0.0012552291
0.0013607966
0.0010286301
0.0013746273
0.0021136336
0.00095884234
0.001209979
0.0010099646
0.0008865149
0.002267958
0.0015902822
0.001529558
0.0014262237
0.0012079169
0.0015425954
0.000880624
0.0012384679
0.0011545678
0.0012595194
0.0017995447
0.001188894
0.002478216
0.0018038912
0.0013121265
0.0011300067
0.0011136403
0.0014602767
0.0014203581
0.0015904598
0.0014984692
0.0018650624
0.003768884
0.002091846
0.0013830514
0.001867307
0.0026514146
0.0016983269
0.0013988533
0.0047655785
0.001369737
0.0010269211
0.0026548975
0.0013136094
0.00086799735
0.0010825599
0.0014862873
0.0017560039
0.00095949654
0.00096212514
0.0015614959
0.0009656601
0.0013552684
0.0022687172
0.0012887483
0.00205514
0.0012418292
0.0015313271
0.0016698448
0.0011827928
0.0017024628
0.001771913
0.0012294234
0.0019246342
0.0014014746
0.0019413128
0.0014204322
0.001483985
0.0015804921
0.001534852
0.0008915853
0.0010948585
0.0015204859
0.0016459479
0.0021127078
0.0017336291
0.0021193337
0.0017295196
0.0013292205
0.0010980538
0.0015740118
0.001878809
0.0035120433
0.0025417462
0.0012991746
0.0014298016
0.0012889814
0.0015529203
0.0012670743
0.0015688173
0.0010591606
0.0013518898
0.0011073755
0.0028779118
0.001453089
0.0010865104
0.0017814558
0.0016078074
0.0018105003
0.0013617252
0.0008566539
0.0019581274
0.0014179203
0.001597728
0.0013668938
0.0016843474
0.0016225395
0.0015726099
0.0011976704
0.001445081
0.0015236284
0.0030801347
0.0023492284
0.0016472394
0.0014885414
0.0011292923
0.0017852453
0.0021662142
0.0019288086
0.0014885472
0.0021313543
0.0009600823
0.002296872
0.0009667303
0.0017407131
0.0008276289
0.0014320095
0.0014334823
0.0012337378
0.0016229087
0.0023592177
0.002085953
0.0014022312
0.0013759632
0.002504515
0.0023598024
0.0018808254
0.0011125463
0.002003886
0.00085659
0.0019329952
0.0014501915
0.0014491499
0.0014460402
0.0011257565
0.0014889395
0.0014746913
0.0010511302
0.0020900352
0.0015155448
0.00089879666
0.0016251497
0.0013183038
0.0017666771
0.00089105393
0.0016264542
0.0013164404
0.0030542617
0.0010708903
0.0017441511
0.0018938917
0.00056074274
0.0009855708
0.0009347427
0.0012512059
0.0006493748
0.0016081568
0.0017255672
0.0019842272
0.002496075
0.0011515557
0.0020793213
0.0022140916
0.0013241256
0.0014821619
0.0012139642
0.0019177555
0.0020897447
0.0012150164
0.0009633061
0.0021739432
0.0024889319
0.0016538701
0.0019186345
0.0026624016
0.0013696639
0.0011550729
0.0013145836
0.0017421795
0.0015801766
0.0011286724
0.0032635857
0.0011690148
0.0020284653
0.0012282006
0.0012944723
0.000944691
0.0012702039
0.0018526497
0.000945206
0.0025556246
0.0013877907
0.001619941
0.001611803
0.00093449897
0.0016170462
0.0020403324
0.0015392125
0.002610865
0.0015297297
0.0019267356
0.0015988749
0.0015613496
0.0012195513
0.0015218834
0.0018150941
0.0012355599
0.0008681615
0.0011549608
0.0018249826
0.0007239681
0.0014998992
0.0017759654
0.0008296908
0.0015109659
0.0017941635
0.002565313
0.0015317294
0.0010929448
0.0012931228
0.0021227167
0.001188279
0.002174373
0.0021230911
0.0013108231
0.0015623145
0.001281135
0.0038773916
0.0014554391
0.0021089644
0.001507548
0.0012776043
0.0022932256
0.0014972299
0.0021077865
0.0013862672
0.0015741675
0.0020108754
0.002133288
0.0016954795
0.001427758
0.0030933532
0.001284203
0.0010599871
0.0011244132
0.0016167826
0.0014361865
0.0009275858
0.0017029712
0.0017026125
0.0013686379
0.001150818
0.0025271194
0.0016980827
0.0011137195
0.0017918233
0.00097277295
0.0024536056
0.0027087512
0.0015921665
0.0022313125
0.00072282285
0.0015740687
0.0021789384
0.0011002119
0.0017484884
0.0016906488
0.00079632003
0.0010967375
0.0014385798
0.0020773818
0.0008302979
0.0014052518
0.0013752034
0.0034630103
0.00093097496
0.00073949865
0.0016040801
0.0024765416
0.0012700816
0.0008869397
0.0013897177
0.0023015898
0.0012786798
0.0014066041
0.0007965376
0.0014524212
0.00096631097
0.0017546208
0.0014342896
0.0016014548
0.0014599282
0.0014195534
0.0012891103
0.0027916841
0.0018739072
0.0012186142
0.001213792
0.0014433886
0.0007095525
0.0018437292
0.0013081183
0.0014768825
0.0014771925
0.0029799826
0.0015293228
0.0015416451
0.0011336652
0.0012551723
0.0012813477
0.0031994358
0.0010676114
0.0020518273
0.0017736669
0.002099289
0.0015172645
0.0012464139
0.0015571885
0.0019831997
0.001470814
0.0011753183
0.0013150407
0.0019136121
0.0014694871
0.0014736784
0.0012394545
0.0017811396
0.0013919842
0.0020106875
0.0012372076
0.0013161842
0.0009352775
0.001362449
0.0012073077
0.0009519028
0.00095696765
0.00078962656
0.0009435458
0.0013098088
0.0020053128
0.0024624597
0.0018109462
0.0014007387
0.0019746702
0.0019496484
0.0012216128
0.0013717865
0.0016960988
0.0009630907
0.0022154571
0.0013052127
0.0007888425
0.0010850108
0.0012808886
0.0010705097
0.001221394
0.0013295885
0.00146876
0.0012809264
0.0017400477
0.0014770603
0.0013289247
0.0016335548
0.000661843
0.0013425531
0.001350886
0.0013611986
0.0015492621
0.0014515525
0.001964948
0.0010090256
0.001266898
0.0012540628
0.0012166079
0.0020597845
0.0015752758
0.0026678387
0.0015805059
0.0014813635
0.0014383415
0.0017354966
0.001244878
0.0017699468
0.0014579543
0.0012500621
0.0016361534
0.001638064
0.0012113081
0.0017523741
0.0010750372
0.0013880583
0.0011266435
0.0014933787
0.002333404
0.001402413
0.0013797405
0.0013108035
0.0020761443
0.002755181
0.0018450626
0.00089769217
0.0019764036
0.0016216905
0.0011042745
0.0013975081
0.002633488
0.0014204225
0.0009686085
0.0043679476
0.0017612497
0.001345311
0.0009327345
0.00126952
0.0012216286
0.0014390603
0.0008339985
0.0014559373
0.0015818151
0.0010866427
0.0015132326
0.0016619633
0.0016103738
0.0026816216
0.0010939274
0.0012520545
0.0008560367
0.00092074263
0.0007516248
0.0022175147
0.00078675966
0.0019494654
0.0018220686
0.001499927
0.0017439238
0.00115293
0.0013196145
0.0017810162
0.0015175934
0.0032396056
0.002863599
0.0013355786
0.000956165
0.0014492796
0.0010946448
0.002397861
0.0019657826
0.0024367885
0.0018701322
0.001757719
0.0016551104
0.0014590932
0.0014723629
0.0013759523
0.00091772294
0.0011441591
0.0013931433
0.002231033
0.0010277958
0.0012783739
0.0013060977
0.0018737498
0.0019221634
0.0010833802
0.0012747878
0.0011675393
0.0014184744
0.0024354795
0.0015181433
0.001617385
0.0014469438
0.001484645
0.0013668388
0.001419123
0.001585587
0.0016222029
0.0021597878
0.0016283274
0.0025611948
0.0027197257
0.001308324
0.0019613325
0.0008509309
0.0008983911
0.0017453753
0.0017236724
0.0022305355
0.0014356467
0.0022504285
0.0013359806
0.0019656585
0.0013406913
0.0019035122
0.0021792091
0.0018935603
0.0020293493
0.001039371
0.0011830516
0.0015728363
0.0016583933
0.001430889
0.001736101
0.0012880393
0.0010867319
0.0014412889
0.0011722465
0.0013277092
0.0025971136
0.0021800976
0.0021052444
0.0014013692
0.0014789267
0.001507029
0.0023115596
0.0016550809
0.0015992062
0.0023349004
0.0014013408
0.0015336794
0.000645807
0.0011101082
0.0011581646
0.002452427
0.0011534139
0.0011673135
0.0012171918
0.0018131533
0.0013682749
0.0015525991
0.0020499171
0.0014460619
0.0015323585
0.0018422281
0.0013843682
0.0020421003
0.0020431234
0.0015958754
0.0013506284
0.0010636923
0.0013535696
0.0013682474
0.0013918071
0.0025802974
0.0013307405
0.0015615727
0.0011468002
0.001988623
0.0019211024
0.0018421214
0.002458277
0.0012931061
0.0009813703
0.0031239286
0.0008259327
0.0018623562
0.0013471267
0.0014792643
0.0011970043
0.0012772343
0.0013898403
0.0012736087
0.0016718023
0.0023965647
0.00089041755
0.0011628501
0.000823126
0.0012957965
0.0013929721
0.0032498983
0.002015585
0.0013677963
0.0009202208
0.0016183766
0.0020790237
0.0021446855
0.001101825
0.0020870795
0.0021236262
0.0011949086
0.0023068273
0.0013829813
0.0011511592
0.0014146912
0.0011736893
0.001558555
0.0013889086
0.001328485
0.001129335
0.0007609504
0.0010373524
0.0018241213
0.001164496
0.0021902586
0.0012440654
0.0020735662
0.0012541012
0.001553902
0.0011806315
0.0013554282
0.0013894483
0.0021114515
0.0012411468
0.0016775376
0.0022569108
0.0015004869
0.0015654631
0.0013061147
0.0020620453
0.0022987183
0.002110609
0.00095649104
0.0037317828
0.0010511107
0.0012133876
0.0013254224
0.0019587858
0.0010102137
0.0012396112
0.00096652744
0.0017697935
0.0017594823
0.0013888746
0.0016240864
0.0014239892
0.0017534149
0.0012766493
0.0014652727
0.0010763329
0.0024432638
0.0019239194
0.0023847627
0.001960981
0.0018921178
0.0009418204
0.0012693634
0.0013771743
0.0016135339
0.0013193744
0.0012927856
0.0010530563
0.0032285484
0.0013706865
0.0014116536
0.0007954254
0.0010246512
0.0014959765
0.001805768
0.0019469768
0.0019394023
0.0009924031
0.0011741723
0.0011551143
0.0015816604
0.0007084187
0.0026160094
0.0017187994
0.0013342657
0.0011197486
0.0012180127
0.0018412718
0.0008092139
0.0010898683
0.00264968
0.0017973154
0.0019337211
0.0016813116
0.0016862992
0.0021995348
0.0027811667
0.0014419222
0.0011690245
0.001194979
0.0019292184
0.001308867
0.0011083194
0.0012851845
0.0009706175
0.0013945868
0.0015784639
0.0012906732
0.0013721344
0.0015162316
0.0024462126
0.0012402297
0.0010837427
0.0011649838
0.0015906622
0.0014478539
0.0015197576
0.0020596501
0.0018188972
0.0011299482
0.0021977217
0.0011178502
0.002156966
0.001105441
0.0020664823
0.0012187221
0.0011468501
0.0012272081
0.0013102244
0.0011330193
0.0010893065
0.0038291486
0.0012311403
0.0014207264
0.0014381455
0.0021290446
0.0014363047
0.001538277
0.0015443462
0.001360184
0.0013818957
0.0016402303
0.0011123784
0.0029211703
0.0012507393
0.0012701884
0.0011896327
0.0022929502
0.0020611603
0.0027534363
0.0012772428
0.0014806951
0.0008206857
0.0010884542
0.0010169798
0.0040796017
0.0012138197
0.0017552002
