-239
-12421
-894
-2179
-4614
-2873
2968
-2419
-15302
-17091
1422
244
-10272
-17785
-7837
-1141
-1030
-356
4304
-16029
527
-2963
-5068
1234
639
-5022
-11347
-12907
-3979
-8719
-3739
-24015
-11815
6151
1702
-6577
-7863
-10820
-5455
-882
-5270
-3840
1793
-12578
-131
1005
-7830
-8362
-1839
4347
-17765
-6187
-661
5058
-9570
-9680
-6959
-17777
-706
-4919
710
5118
-891
-4428
-14503
-2223
3581
-5170
-3988
-13992
-9837
2720
2782
-10363
-6065
-7739
3025
-18073
-7423
-8211
-10031
-968
-5525
-13258
4799
-786
-6533
-10929
-11446
-5114
-8276
-8662
-1782
4254
-4482
-5090
-5976
869
-5849
7509
-13037
-5911
-6550
-943
4324
-10462
2919
-7357
-6257
-3189
-3695
2344
-6724
-5900
1396
-4278
-11757
-9005
4052
-642
-1041
-162
-3001
-4715
-1743
-8453
-5722
-953
-806
-9877
-329
-9405
-17672
-797
-5797
-3353
-8706
107
8982
-2360
-857
-10336
-13068
-6083
-6471
4273
3762
-5148
1567
-274
361
-11505
3760
-11961
3273
-5639
-16595
-9169
-10180
-10870
-1502
-2549
-10573
-9413
-10979
-9193
5937
-11746
-6761
-9284
-1523
-5313
-17066
-9499
-11729
-1122
-3544
-3391
-10025
-429
-7270
-1033
-9978
1767
-1013
9442
10318
-1284
-7229
1073
7902
-7909
10018
3879
-8777
-5319
-9955
1248
-8242
-1005
4909
-6650
137
-4660
-156
-15777
-3455
-12223
3066
-4636
-4032
1486
-7095
-8926
-11718
-7183
-1895
-3680
-12669
-6244
7355
-6964
1393
6287
7002
-2435
-6340
-7410
-5151
-1354
-15026
-2054
-2772
-5326
-745
-8447
3513
-6852
1186
541
-10907
3042
-14120
7383
13351
-1636
-2345
1927
-7753
1129
7292
18630
1808
-6579
-6100
-5374
-14569
-8498
-8219
-3106
-695
-13697
-5555
-5804
1125
3858
-9556
392
6118
-12345
-1827
2017
101
-8830
1126
-4338
-7060
-8338
1344
8855
-9534
-8488
92
-346
-1819
-4656
-6432
-8075
-19320
-5594
-3146
-16369
-14488
-10061
-9881
-8263
-9284
-6133
-1853
2943
-4958
-14103
1792
-8346
-633
-6660
-6853
-198
-8628
-7879
4360
6228
-13746
-296
24
-3080
-20177
-4487
-16007
-8770
-8765
-3750
-1902
-6528
-6641
-6827
-12438
-3205
-14573
-5715
-2958
2994
-11414
-13533
-14439
-4896
-8347
6461
-5041
-6761
-3530
-11368
-849
889
-572
-11673
-722
446
-8295
-1905
-3001
-2075
-1248
-5646
-1898
-3066
5851
-1041
-13975
-10824
-24479
-12530
-2570
205
5961
-2893
-16916
-5230
-13570
-6484
-12073
-4056
-2927
-4465
6591
-7924
-12669
-6983
-10361
-7875
-4022
-4395
-4825
486
-6774
-6436
-1198
-19060
-2523
613
-10464
-4031
-8210
-4333
528
-2423
-8440
7656
-950
-1344
6566
-8195
-7310
-11412
-645
-11840
-12189
-3340
12628
-5119
-1800
2850
-5231
-15589
-1525
-4222
-6215
-1674
-4055
4774
-7913
735
12747
961
-10736
-5842
-1179
-6154
-8704
6613
-10671
1357
-4075
-3322
-7665
-7872
-14733
-2082
-9664
4768
-18094
-8235
-932
-9286
-2632
-10563
-7515
-10159
260
-9714
-3280
-11415
2063
-6400
11499
-14743
289
-4666
-1527
-4434
-4840
5463
-637
-11879
-2199
-7021
-9565
-188
-492
-19714
-5798
-8567
-11723
-7810
-12127
-5455
-10135
-5449
-1776
-2604
2355
4046
-10469
-1080
3890
-12192
-4701
-5105
-11506
-5687
-8712
4683
-10296
-3567
-3718
-6324
-9143
-4580
-4923
-9359
-10679
-2055
-3915
-1272
5700
2928
-12213
1456
-5146
-10991
-5734
-5268
-2398
2369
-2333
-16347
-16511
-3513
-11854
-1142
-2374
-3878
-8889
-3105
-5474
-8069
-2414
-3369
-13852
-8271
-7468
-13220
1768
-1568
13517
-6183
2141
-7957
4303
-6957
-4561
-18059
-8157
-7172
3777
-18667
-8374
-1110
-8966
-6468
-6656
-3278
1399
-7737
-9400
-5787
-6286
6281
-8367
-4084
-13731
-7948
-7701
-7027
-9537
-1200
-9148
-4371
-717
-3342
-7736
1941
-21458
5812
5695
4761
2485
-1916
2474
-4093
13752
-10579
2620
517
-2215
-8183
-7893
-8046
-13954
-2865
-6156
917
-368
-6774
-15078
-5324
-4503
-4991
4735
-5461
-1793
-14286
-19580
-4238
-7637
-24334
-3091
-873
-10852
-12179
-15523
-11058
4422
-9655
-973
-7831
-10891
2068
-13804
-8164
-6063
-9964
808
-9666
-5666
-939
-12918
-13947
7785
-9744
2281
4731
-5894
8376
-15775
-14090
5217
-6896
-4878
-8194
-17282
32
-9996
-1963
-3639
-7641
-13242
-11470
-10783
-14915
-1654
-4047
-7933
-12163
-9174
-9078
2640
-880
4593
-7450
-19141
1765
-2885
-12364
-4233
-11954
-6248
-4670
-1893
487
-13623
-743
-7058
-1589
-4293
-6587
-1316
-7315
-4087
4579
-4381
-1915
-13907
-14073
8201
-11817
-641
-6854
-8715
-13538
5635
-1208
-2010
-14745
-1109
-22088
-9989
-6262
7322
1184
-8137
-11323
3262
818
-2888
-11451
2562
-2017
6966
2455
-902
-1574
-5598
-17021
-5940
-17335
-12460
-442
833
-5788
-5992
4148
11983
-4325
-13601
-1039
-12186
7302
-9874
-1363
-13682
-4636
-5826
-1178
-5268
-9969
-3489
-4634
-3370
-3441
3944
-798
-6688
-4475
-1463
-8005
-9858
-3169
-2603
-4720
461
1577
-4434
4315
4321
-9154
886
3049
4294
14228
-664
-3773
-9021
-1045
-5039
-21379
-4389
-9255
-15285
-10651
2620
486
2895
2727
13757
3777
8107
-5753
28
-4603
-3910
2374
-1329
-20143
3740
-11353
2230
-5692
-1248
-2224
-12911
-7714
1228
-5307
-1175
-3665
-8930
-6717
-21676
-11697
-6481
-3963
1392
-13304
-2597
-5121
-4593
5089
1388
-7037
-672
-1587
6772
-13587
4256
-4305
-11958
-3643
-18363
-4848
-9781
-4147
-7366
4470
-6261
-5950
-1111
-9215
-3426
-10329
1868
-12285
-2090
4583
-12275
-3042
2290
9644
4152
-12720
-17372
-1833
-15324
-8402
-7929
-10434
-9035
-359
5639
-3474
5416
-7942
8250
-8018
2004
-4819
-2938
-3795
-10721
-13679
-550
-15185
-211
-15512
-7109
-8422
-8506
-12115
-1340
-3928
-6299
-14493
-1829
-971
-2836
-9786
7344
-15136
-4785
-4494
-17305
6812
-11342
-9305
-6890
10759
-15090
15943
-1205
-7243
-1925
-5758
-7559
4253
-14881
-7300
660
-14432
-10851
-4831
-8882
-11178
-5737
-6823
9633
11420
-628
-9693
-8134
-11429
-6342
4125
-12010
-3733
-8838
-7279
-10558
-5027
-1099
-14290
-13077
-3039
-3713
-8441
-4517
-165
-10984
-10738
-6402
-10495
-9487
-132
1364
-14161
-27613
-7703
-3374
-16644
-7220
-15429
-6210
10611
-5166
-6126
-658
-6708
-11091
-6615
3093
-11999
-18323
-10322
973
-14644
-4213
-5924
-10091
-10479
-9789
-2199
-7012
-16477
2565
-3127
2288
-6477
-9868
-1310
3276
-8819
7606
-7252
-13110
4864
-3042
11844
-10311
-4497
-8495
-3715
-13042
-2907
-10694
4148
-7036
1674
1824
-1635
-5492
-677
-9166
-11210
-10559
4435
-9932
-536
-7127
-3186
-12211
-12221
-13730
-8517
231
1094
-12032
1345
-18637
-5254
-1208
-8288
-4924
133
-8697
-1366
-1840
-12957
-6340
-1207
-2145
-6364
-5005
-6156
-7129
1471
-12311
296
-9626
-14990
1596
-6474
-9026
-3453
953
-9387
-4351
-1246
-4977
-4034
7153
-1228
2871
-2191
-2987
-9353
-9130
-1376
-9929
-6309
-556
12348
-149
-13924
-13999
-1916
-1452
11823
6040
-8220
1831
-4415
1374
-11207
-2678
2331
-7355
6703
1971
-12021
-8767
-559
-15044
-13756
-6891
-356
2654
6036
-4080
-5291
6378
-7303
-10790
-5255
7980
-5034
-10612
-8534
-6846
-8130
-88
-14977
-21077
-7452
-4617
-10725
-9829
-6055
-4363
-3652
-7937
-3104
-281
-1843
-990
-22
-4719
-22852
-12695
-1442
-2735
-6426
-9947
-10386
-15564
-2864
-13363
-7997
-8095
7633
-12090
-33
-9594
-4325
-10272
11968
-9026
-7438
6448
-10336
-4179
-10115
-14739
-7081
-14357
-9303
-9734
-91
-35
-4978
-4072
7053
-3123
-5305
-5845
-9536
-5619
-8158
6365
4204
-1375
1381
-12666
-6244
