1265264383
1466955033
1376191738
1114542397
1851005929
1192865410
2107524944
1916663256
1454760129
1206715496
1975158565
1753664518
1078299172
1736084738
1824545112
1084035124
1700912084
1538755677
1937533638
1916175336
1948620528
1123877871
1165518357
1894052008
1122776029
2117046171
1864608385
1287464389
1202224359
1432206504
2105661827
1289430827
2023614455
1368283497
1140825299
1237777859
1383352423
1410005247
1955076143
1347646527
1115548465
1266514828
1144230813
1084881958
1798579969
1335350303
1105767683
1339186405
