0.003034542
0.003518266
0.0033005842
0.0026730585
0.0022196765
0.0028609042
0.0025272872
0.002298411
0.0034890184
0.0028941215
0.002368557
0.0021029473
0.0025861347
0.0020818661
0.0021879454
0.0025998915
0.002039688
0.0036904688
0.0023234382
0.0045956518
0.0023367333
0.0026954482
0.0027953165
0.0022712962
0.0026928056
0.0025387048
0.0022359882
0.0030877853
0.0028833502
0.003434927
0.002525053
0.0030925015
0.002426664
0.0032816175
0.002736094
0.0029686198
0.003317758
0.0033816807
0.0023444747
0.0032321229
0.0026754714
0.003037541
0.0027442616
0.0026019225
0.0021568087
0.0032026323
0.0026520137
0.0032118326
