-445
1882
-58
-363
193
4095
5725
275
-37
103
-50
1939
-100
-6
-37
225
1359
-629
-235
-743
191
-33
-790
-77
-66
-23
-1824
1407
1868
111
-51
-81
-652
2129
1455
-943
220
142
-38
351
1417
1015
4855
96
-213
913
-121
-386
2415
283
-252
377
7352
996
-366
-192
178
-77
236
-242
30
116
640
-104
-3
2716
-13
345
679
3
-682
533
34
-48
727
1408
-173
72
-216
-745
-537
-183
180
3355
-640
143
277
-178
194
4621
-4669
432
47
-661
-226
-1194
-1616
-65
-312
-241
-105
-663
-142
150
48
-551
6
67
3735
1708
825
-846
2535
239
316
407
194
851
108
722
-34
-97
5
4111
-95
-35
-151
891
-31
-165
-1678
1135
431
-6522
230
1034
-292
1121
-189
-65
-45
-137
2489
1821
14
8421
-775
62
5586
856
5427
-205
-130
-74
244
-2005
-136
419
-35
-517
-173
108
-47
458
157
-679
340
3379
9241
196
1829
923
-774
-695
97
483
-57
3365
79
72
-35
197
80
128
-482
-214
-97
2974
-262
-41
-221
-291
63
-141
-63
5903
2037
-829
-49
1056
365
161
47
66
-724
49
2460
191
1540
2314
-68
2170
842
2800
-236
-1305
-5
-801
763
151
44
-250
729
-101
702
-486
-14
-156
-148
-46
-263
7843
1798
2646
-368
373
-550
-468
422
1130
-378
-24
182
-3035
572
3993
-43
-693
110
-413
682
992
99
-142
-54
1069
668
201
2218
-70
2725
-81
-188
-85
-28
151
166
-94
1356
-9
-1215
-70
56
-33
6587
401
154
-61
4921
224
-1141
-147
143
164
224
231
-307
-111
-7195
108
-56
-107
68
-183
-47
163
441
-88
472
-71
-603
6
-192
-369
-417
-365
-48
1246
-1006
-95
557
-3262
-209
1853
-679
9956
-34
-847
-1842
-344
29
1312
-49
-120
63
-47
73
-407
-199
-65
4264
218
-91
-268
-375
-2512
-1145
-249
73
5804
129
105
312
-129
248
410
-255
-115
-104
-846
-294
-342
-241
-211
-620
-776
-68
1052
-6
101
49
-115
1158
79
-1023
-112
-875
6467
-1072
-31
1736
4402
698
-38
5130
-34
117
-573
1414
-222
3339
-1860
4818
4453
-24
-7805
-571
855
4093
401
-915
-210
-749
124
-49
292
-641
-1173
-82
402
80
-397
-66
-5873
90
107
-85
-23
-148
2906
441
-37
386
-365
-3451
21
175
-322
-618
68
5507
988
20
3821
-20
1711
5255
546
2745
192
-261
-55
6106
-801
256
775
93
10764
-63
-119
-988
-218
9975
3794
-1419
-30
-173
18259
-80
-44
-1522
-58
-1897
-16
162
191
130
-612
3012
1260
-184
-101
80
361
-156
-266
495
102
-451
466
-207
-773
-1016
384
-184
120
-909
58
4614
53
-354
-18
111
2014
-209
-1069
2490
7
-1599
58
314
-664
9700
349
111
-445
3277
14
269
69
5248
7
-73
-65
-147
-76
-605
-997
-540
-166
1169
45
174
-3385
-290
2916
321
7233
-166
210
16
112
-373
4
-213
-383
201
-254
-971
2279
2919
-20
-30
-420
-278
1026
51
327
77
-6426
-65
2402
4351
1472
63
36
378
-115
4159
3
-239
5628
-297
188
-1153
84
-551
50
-407
-1128
470
231
372
-523
-39
31
95
-177
1121
170
692
-257
87
-55
-6
-964
