0.00013757386
0.00013370192
0.00014698312
0.00012995696
0.00015222513
0.00012220565
0.00011146148
0.00020322064
0.00013437195
0.00010729669
0.00014174829
0.0001337662
0.00014554047
0.00013484964
0.0001394269
0.00017374054
0.00015078938
0.0001310539
0.00014615279
0.00014932542
0.00014621853
0.00013469339
0.00015128736
0.00014689381
0.00011080277
0.0001475437
0.00013910413
0.0001348662
0.00014693178
0.00013227783
0.0001442234
0.00013491973
0.00014334489
0.00013821223
9.948237e-05
0.0003185841
0.00013616194
0.00013152862
0.00014291806
0.0001345679
0.0001380661
0.00015387262
0.00013889038
0.00023018944
0.00012333567
0.00013726231
0.00014108102
0.00013997221
0.00013413929
0.00012488486
0.00013383552
0.00023502449
0.00014228951
0.0001338004
0.00015124308
0.00013623989
0.00015842462
0.00014516056
0.00014104958
0.000120768156
0.00014337123
0.00013592777
0.00011197561
0.0001413602
0.00013977003
0.00012678767
0.00014404695
0.00012977513
0.00014728052
0.00014672067
0.00014226274
0.00014129655
0.0002498955
0.00013246477
0.00016072483
0.00014096855
0.00014203301
0.00014708716
0.00013511328
0.00014185807
0.00014154812
0.00011011762
0.0001334282
0.00015868241
0.00024348988
0.0001374687
0.00012994984
0.00012926935
0.00013730109
0.00011337278
0.00014221741
0.00013740004
0.00013086882
0.00014508696
0.00013819152
0.00013077092
0.00014806354
0.00022974345
0.0001449548
0.0001414383
0.00014176124
0.000101101155
0.00012450998
0.00014494237
0.00013962109
0.0001476935
0.00014093086
0.0001150224
0.00013785824
0.0001656107
0.00013077703
0.0001319403
0.00012894324
0.00014042517
0.00014534646
0.0001371685
0.000118598815
0.00013786525
0.00014968698
0.00012997715
0.00014381392
0.000112663154
0.00017208075
0.00016304135
0.00015338184
0.000133469
0.00014509767
0.00017319791
0.00013166395
0.00013967944
0.00012879304
0.00013604148
0.00014318505
0.00013475824
0.00010060939
0.00013976175
0.00013858752
0.00013488342
0.00013537981
0.00014362733
0.000111199406
0.00014184599
9.992725e-05
0.00011364233
0.00014139015
0.00013533278
9.563474e-05
0.00014153123
0.00012930938
0.00012386117
0.00013703211
0.00013384336
0.00013901264
0.00012505263
0.00011394338
0.00013129342
0.00013340692
0.00013786273
0.00013092523
0.0001365385
0.00012841292
0.0001424603
0.00022943444
0.00013610187
0.0001610222
0.00013307919
0.00012287684
0.00012466668
0.00013293177
0.00013191959
0.00013450506
0.00013432406
0.00013962628
0.000118491764
0.00013543136
0.00012725874
0.000116120624
0.00011829294
0.00013669033
0.00011968664
0.00014518437
0.00022732896
0.00013725634
0.0001489621
0.00013787138
0.00011954258
0.00014026427
0.00014827147
0.00011571452
0.00011083972
0.00012026676
0.00013541013
0.00012427237
0.00011105467
0.00014287839
0.000120452656
0.0001553106
0.00014010289
0.00014300873
0.000100620695
0.0001247591
0.00014929421
0.00014205673
0.00015155473
0.00014949415
0.00013636719
0.00014052058
0.00014223577
0.00012545972
0.00015901077
0.00013336937
0.0001435853
0.00013781997
0.00014471369
0.00012514085
0.00013500666
0.00015754857
0.00013599005
0.00013529256
8.200959e-05
0.00013819843
0.00018173608
0.00014141572
0.0001205238
0.00014198545
0.00013427963
0.0001449982
0.00013618833
0.00014036961
0.00013786898
0.00014081976
0.00013434784
0.00015337566
0.00011727614
0.00013360022
0.0001348611
0.00013094922
0.00013802883
0.00013606576
0.00012763843
0.00010262771
0.00014075603
0.00013296829
0.00012937468
0.00015345086
0.00013749143
0.00013297179
0.0001314878
0.00023361368
0.00014144805
0.00012416042
0.000114464296
0.0001411168
0.00013811805
0.00011772833
0.00013963586
0.00014414564
0.00014399401
0.00014764033
0.00014176226
0.00013407228
0.00021025389
0.00013608887
0.00019187057
0.00011365445
0.00013320231
0.0001270859
0.00013461303
0.00010681198
0.00014488034
0.00017282854
0.00013303572
0.0001246515
0.00014022784
0.00013869478
0.0001390159
0.00011118349
0.00010709681
0.0001456302
0.00014205872
0.00013693106
0.0001408555
0.00010130677
0.00014500358
0.00011780327
0.00015293784
0.0001163792
0.00013760514
0.00013977913
0.0001653039
0.0001492683
0.00013973654
0.0001426019
9.5731535e-05
0.00013940928
0.00013434373
0.00012187577
0.00013376241
0.0001386604
0.00013092691
0.00013910282
0.0001277066
0.00013233448
0.00027210842
0.00014645337
9.103345e-05
0.00013429494
0.00014549935
0.00010499768
0.00017627669
0.00012468787
0.00013202438
0.00013453176
0.00013442627
0.00010633079
0.00013305631
0.00016116312
0.00014345099
0.00013617176
0.000147625
0.0001271163
0.00014776851
0.00014712891
0.00014002727
0.00013361148
6.324553e-05
0.00013831747
0.00013710905
0.00013176538
0.00013279854
0.00015009893
0.00013363872
0.00013609393
0.00014754795
0.00013704585
0.00012902166
0.00011410335
0.00013560502
0.00014350997
0.00013689531
0.000103994345
0.00014158043
0.00013467128
0.0001605707
0.00017066675
0.00013066454
0.00014722919
0.00013550397
0.00013653064
0.00013714151
0.00014095896
0.00023137487
0.00013229545
0.00011384182
0.0001296502
0.0001265939
0.0001377669
0.00012689311
0.00013584943
0.0001482093
0.00012903177
0.00013778314
0.0001356954
0.00013157897
0.00011371501
0.00021512859
0.00014275934
0.00014258455
0.00012376634
0.00012755577
0.00012889523
0.0001344158
0.00014155751
0.00012944551
0.00014324168
0.00013266911
0.00012910065
0.0001388484
0.00013153501
0.00013335157
0.00011042282
0.00013541113
0.00014201246
0.00014018305
0.0001428932
0.0001487361
0.00014546479
0.0001437316
0.00020084664
0.00012779336
0.00013518825
0.0001503699
0.00015497758
0.00026100912
0.00010773417
0.00015173385
0.00014943178
0.00013869816
0.0001465678
0.00014500144
0.00012722891
0.00013662947
0.00013109215
0.00013861766
0.0001454179
0.0001440504
0.00010557445
0.000114425595
0.00014497423
0.00019610027
0.00015507053
0.00012419232
0.00013096354
0.0002089018
0.00012647717
0.00014244555
0.00010205106
0.00013772982
0.00013058941
0.00013650366
0.00011714554
0.000112626985
0.00013711845
0.00014324966
0.0001342366
0.00013657719
0.000111644076
0.00012666243
0.0002065638
0.00014255986
0.00014951799
0.00013851568
0.00014513057
0.00014282894
0.00013287766
0.00013085404
0.0001569949
0.000116170995
0.00012378582
0.00013622217
0.00013807166
0.00014130717
0.00012342179
0.00013393954
0.000114914874
0.0001701638
0.00013613587
0.00014403924
0.00013285555
0.00014152535
7.7567056e-05
0.00014708993
0.00014588452
0.00013822218
0.00013426454
0.00010597461
0.00013964793
0.00013761014
0.00012333933
0.00013378571
0.00012052931
0.000118156844
0.0001379769
0.00012468372
0.00011750663
0.00013753142
0.00014596162
0.00011062918
0.00013366577
0.00011317455
0.0001623652
0.00013903601
0.0001329688
0.00013683822
0.00016874577
0.00013886523
0.00012993271
0.00013337788
0.00014153887
0.00011898789
0.00014984242
0.00011583439
0.00014011606
0.00013396489
0.00015406523
0.00016143192
0.00013198885
0.00014496545
0.00014684042
0.000143311
0.0001464269
0.00015383813
0.00013272227
0.00013585403
0.00027575868
0.00013052451
0.0001331435
0.00014460411
0.00013122789
0.00013983714
0.00011505808
0.00013559911
0.00013584581
0.00013325295
7.727824e-05
0.00014892092
0.00013554438
0.000138957
0.00013560079
0.0001752709
0.00014072713
0.00013456278
0.00013359083
0.00013701485
0.000120014454
0.00013695656
0.00013449263
0.000110554334
0.00014466264
0.00013541947
0.00013124308
0.00011306598
0.00013720816
0.00011597242
0.00014095425
0.00014471837
0.0001403967
0.00015125077
0.00012581504
0.0003192424
0.00013684036
0.00013733807
0.00013605627
0.00012882371
0.00012897917
0.000108611355
0.00015137385
0.00015158324
0.00015115982
0.00014642526
9.993347e-05
0.00014787854
0.00015118542
0.00013665814
0.00013307361
0.0001319664
0.00012921977
0.0001483877
0.00013540196
0.00013533227
0.000102604914
0.00013945907
0.00014226329
0.000117344665
0.00013897828
0.00013475411
0.00013964082
0.00013044574
0.00013450034
0.00013590093
0.00013247656
0.00028353796
0.00014084652
0.0001336121
0.00012565317
0.00013322446
0.00013969971
0.00013703782
0.00011158975
0.0001372983
0.00012999598
0.00013346839
0.00015030982
0.0001328719
0.00014007055
0.00013645623
0.00014238771
0.00014008503
0.000121912686
0.00013335099
0.00015008371
0.00014943666
0.00010216053
0.00013880363
0.00012913118
0.00013419073
0.00013604863
0.00013904093
0.00014414216
0.00013401912
0.000110839115
0.0001297321
0.0001307945
0.00014924977
0.00013526678
0.00018467737
0.00014215468
0.00013513291
0.0001389991
0.00013358184
0.00013974564
0.00013866485
0.00014241628
0.00012759215
0.00013933027
0.00013266019
0.00013425012
0.00013755907
0.00013302614
0.00010299892
0.00013980744
0.00013591899
0.00014285067
0.00012938741
9.161366e-05
0.00012068607
0.00012634101
0.0001381194
9.720642e-05
0.00019946788
0.00013499065
0.000121451754
0.00013966722
0.00014316254
0.00014654732
0.00011121569
0.00014737989
0.0001239783
0.00013743623
0.0001168644
0.00012714764
0.00011881769
0.00014095841
0.00013899557
0.00013458406
0.00015027562
0.00014594544
0.000112780326
0.00014806965
0.00016955461
0.00013829434
0.0001560986
0.00014882957
0.00013343371
0.00014820661
0.000132207
0.00013446965
0.00010412208
0.00014941087
0.00013668262
0.00014380454
0.00014389111
0.00013755263
0.00012739946
0.0002399342
0.00013349083
0.00014087251
0.00014346161
0.00012591544
0.00014868776
0.00015582706
0.00012457765
0.0001411651
0.00017224083
0.00013667108
0.000100449244
0.00014738948
0.00013262151
0.00012279388
0.00014097328
0.00013610804
0.00013881014
