3.7394722e-05
5.521929e-05
0.000100634184
7.1224094e-05
6.411994e-05
4.6169556e-05
4.9022343e-05
5.7248697e-05
3.4318266e-05
4.7851292e-05
2.418872e-05
0.0001730671
0.00016343217
6.236758e-05
3.9443436e-05
4.5800898e-05
8.741907e-05
4.2363263e-05
5.099214e-05
4.0908933e-05
3.8024333e-05
3.0852625e-05
7.131205e-05
2.2160599e-05
4.0506577e-05
3.6410915e-05
6.4652086e-05
4.7095866e-05
3.8890637e-05
4.433115e-05
5.8114558e-05
0.000101042395
5.865338e-05
8.342205e-05
3.7684516e-05
5.0446877e-05
4.118889e-05
4.606112e-05
4.676134e-05
2.2662898e-05
0.00010090671
5.7671743e-05
6.775477e-05
5.9561786e-05
5.4529824e-05
3.2674277e-05
4.8083963e-05
4.9632028e-05
4.729821e-05
2.5787802e-05
6.5976055e-05
4.6808284e-05
3.674645e-05
5.885952e-05
5.0041133e-05
4.4969715e-05
3.7324662e-05
4.810842e-05
0.000114933624
5.952248e-05
4.2930318e-05
3.2151107e-05
0.00012645911
5.4223183e-05
5.5762855e-05
3.1451415e-05
4.965597e-05
4.9106155e-05
2.8787352e-05
4.4372453e-05
4.8535003e-05
4.8537306e-05
5.438127e-05
6.698315e-05
6.375417e-05
5.119668e-05
4.4669265e-05
9.6685646e-05
3.392006e-05
7.008737e-05
0.00012338787
7.737267e-05
4.086373e-05
9.369648e-05
6.182284e-05
3.9563995e-05
4.1529183e-05
4.7326204e-05
4.6657184e-05
3.953305e-05
3.511005e-05
6.502341e-05
7.065383e-05
3.693036e-05
7.317849e-05
6.390566e-05
5.2432628e-05
0.00012602698
3.5952038e-05
2.4335419e-05
5.9092046e-05
6.849286e-05
9.787725e-05
0.00018862389
6.537283e-05
3.7884503e-05
8.5783e-05
4.4079392e-05
9.560404e-05
7.4306095e-05
3.866739e-05
3.1928874e-05
0.00020200244
4.3302432e-05
6.846856e-05
4.9331957e-05
4.7166024e-05
2.6823978e-05
0.00013982138
4.6839887e-05
5.314603e-05
5.9959693e-05
5.3890213e-05
0.00012442135
4.940285e-05
0.00013245855
4.162034e-05
2.7502738e-05
3.4732515e-05
7.531248e-05
5.194336e-05
4.097384e-05
3.3983146e-05
3.6601145e-05
6.2499006e-05
4.9774506e-05
9.656473e-05
3.9986997e-05
6.0474857e-05
4.3889653e-05
8.824578e-05
5.11892e-05
5.4518598e-05
6.303335e-05
4.7023816e-05
3.08818e-05
3.7781043e-05
3.858509e-05
4.6120356e-05
9.282495e-05
6.956555e-05
8.864867e-05
4.858518e-05
3.1246393e-05
0.00015373285
3.8290305e-05
4.0505558e-05
4.0149793e-05
7.298651e-05
6.0472343e-05
4.738977e-05
0.000113355105
5.3610354e-05
3.8501537e-05
4.0787756e-05
5.9836482e-05
0.0001382193
5.5182987e-05
3.6453443e-05
5.1904146e-05
4.778654e-05
7.2409974e-05
0.00013433716
6.812338e-05
5.235094e-05
0.00012635352
4.611293e-05
6.8037596e-05
0.0002301678
3.2637025e-05
6.337197e-05
6.112714e-05
4.6653306e-05
0.000121594356
3.2164866e-05
3.541171e-05
5.657701e-05
5.6507593e-05
4.079495e-05
0.00016477691
9.579236e-05
5.3809545e-05
3.008584e-05
3.5722136e-05
2.4989899e-05
3.971963e-05
4.6443005e-05
5.553569e-05
4.6189638e-05
5.313313e-05
8.7045344e-05
4.8848244e-05
4.6096844e-05
6.13988e-05
6.797553e-05
4.8036818e-05
3.3153286e-05
4.2112246e-05
7.990615e-05
6.08819e-05
6.4174295e-05
6.603692e-05
3.8976796e-05
7.504811e-05
4.9836082e-05
5.0271286e-05
3.6440582e-05
4.983069e-05
6.0481132e-05
4.2922304e-05
5.1058738e-05
4.7197187e-05
5.922036e-05
3.3148797e-05
6.261716e-05
6.826078e-05
5.961309e-05
8.156622e-05
0.00023026248
0.000111706715
0.000107667125
4.3431755e-05
9.8596865e-05
6.1545186e-05
5.166192e-05
3.7691618e-05
8.560612e-05
4.7423597e-05
3.5924077e-05
3.4453416e-05
6.554479e-05
3.4546552e-05
0.00011385494
8.9179455e-05
2.9165985e-05
3.4248445e-05
7.54069e-05
4.6170775e-05
4.683055e-05
3.856122e-05
3.3536588e-05
3.618698e-05
3.8250386e-05
3.4807876e-05
5.513539e-05
4.900323e-05
6.6471424e-05
4.7464233e-05
5.0962954e-05
3.8389957e-05
5.0159673e-05
7.267058e-05
3.357101e-05
4.3513846e-05
3.9613427e-05
5.2277977e-05
3.8790047e-05
5.434749e-05
2.8973735e-05
3.670334e-05
7.254767e-05
4.956606e-05
7.5387965e-05
4.7913745e-05
4.0951385e-05
5.542453e-05
4.1661457e-05
5.4163964e-05
5.004476e-05
7.573819e-05
0.00023320103
3.658058e-05
4.103902e-05
7.738628e-05
3.5309735e-05
5.2152183e-05
4.8419257e-05
8.417349e-05
4.983346e-05
3.67961e-05
0.0001316117
5.6362085e-05
3.4920835e-05
4.0978262e-05
4.3164408e-05
3.4370045e-05
6.390213e-05
5.747288e-05
4.0159986e-05
4.931617e-05
0.00019840141
5.2176023e-05
0.00019203522
7.569134e-05
8.6039145e-05
9.228102e-05
5.0512703e-05
5.6408313e-05
5.59765e-05
4.5387198e-05
7.996313e-05
6.511076e-05
5.1015875e-05
0.00018725803
5.4299533e-05
4.9014903e-05
4.973181e-05
6.182229e-05
0.000112001995
3.995315e-05
4.2550484e-05
9.434886e-05
3.9500577e-05
9.5040195e-05
4.08051e-05
4.0241302e-05
6.753187e-05
6.7826244e-05
7.3778545e-05
4.1027208e-05
4.59402e-05
4.240682e-05
3.617355e-05
8.707184e-05
4.211136e-05
4.661094e-05
0.00024074764
3.7910693e-05
4.168087e-05
4.9196817e-05
0.00011814636
6.311403e-05
5.2999414e-05
5.5432396e-05
0.00021721688
3.463673e-05
4.7078778e-05
0.00016988596
5.4752578e-05
4.4856868e-05
4.8914353e-05
5.8960395e-05
4.3783144e-05
3.998136e-05
4.270267e-05
4.492595e-05
0.00013009532
6.681619e-05
5.046433e-05
6.0561433e-05
8.611534e-05
6.012175e-05
0.00011592689
7.375834e-05
3.310863e-05
6.0804217e-05
6.05336e-05
6.271876e-05
4.1367784e-05
4.5589575e-05
5.750747e-05
4.5806813e-05
5.508086e-05
0.00013980975
3.0819505e-05
5.550927e-05
2.838387e-05
5.2724543e-05
3.5594083e-05
3.5952708e-05
6.6869216e-05
4.838537e-05
5.249947e-05
4.803144e-05
5.4411317e-05
4.6635247e-05
3.9819028e-05
0.00011785069
4.0460407e-05
3.489799e-05
4.5245873e-05
0.00016893783
9.416865e-05
4.1484083e-05
6.565585e-05
5.940857e-05
2.4699511e-05
4.043182e-05
7.9930775e-05
6.4338645e-05
0.00014671021
3.941504e-05
4.6931476e-05
7.326919e-05
6.822182e-05
0.000119825476
5.3508193e-05
6.113453e-05
6.4751715e-05
8.555152e-05
8.0882026e-05
4.467586e-05
4.266478e-05
5.177211e-05
5.6408095e-05
4.3176926e-05
4.6504898e-05
3.878349e-05
5.4751294e-05
3.5560657e-05
3.284853e-05
6.178718e-05
3.7312588e-05
2.9030292e-05
5.345336e-05
9.0837675e-05
5.2715248e-05
4.0483967e-05
2.4745956e-05
6.440257e-05
3.59612e-05
5.8792037e-05
3.552117e-05
5.726591e-05
2.4630528e-05
3.4198645e-05
3.739269e-05
5.0540144e-05
2.843321e-05
3.6116307e-05
4.2534804e-05
4.9534377e-05
7.430473e-05
3.3812652e-05
4.074449e-05
8.748977e-05
4.3043514e-05
6.430688e-05
5.5241595e-05
5.7684432e-05
0.0001751821
4.4467844e-05
7.960089e-05
4.357613e-05
3.3785025e-05
5.6911314e-05
4.8254853e-05
2.5813399e-05
1.51615395e-05
2.0445614e-05
4.346502e-05
4.6941994e-05
4.795595e-05
0.00012895653
4.4953817e-05
5.232083e-05
9.789975e-05
3.7228987e-05
7.2874675e-05
4.9101367e-05
5.896044e-05
2.7894492e-05
5.5117045e-05
4.8478007e-05
5.426243e-05
4.480628e-05
4.6889505e-05
3.776015e-05
5.494966e-05
6.884602e-05
3.710634e-05
4.5279947e-05
6.523081e-05
3.1398627e-05
5.278902e-05
6.1488754e-05
5.745131e-05
5.7601625e-05
4.4010212e-05
5.43658e-05
8.041661e-05
3.1003496e-05
4.475399e-05
5.390012e-05
4.7546695e-05
8.368157e-05
3.604145e-05
0.00022301731
3.4279077e-05
4.6208075e-05
0.00015876314
3.908813e-05
0.00010338161
3.0278175e-05
6.50249e-05
4.1728996e-05
4.1026735e-05
3.406409e-05
3.4970148e-05
2.6189862e-05
7.651975e-05
7.006706e-05
5.8939928e-05
4.766099e-05
4.502826e-05
7.649093e-05
2.9706162e-05
3.479413e-05
8.272238e-05
3.6200632e-05
6.988547e-05
6.33614e-05
4.312349e-05
6.2475956e-05
2.9420733e-05
7.5422045e-05
4.1542287e-05
5.469914e-05
2.8738225e-05
4.208543e-05
9.8603225e-05
6.0829414e-05
7.072137e-05
8.837307e-05
0.0001271562
8.007985e-05
8.052762e-05
7.235728e-05
3.661737e-05
2.8284694e-05
0.00012921833
4.1540832e-05
6.688982e-05
5.6950306e-05
2.6939852e-05
6.0946742e-05
0.0001881098
5.0066177e-05
4.3931905e-05
0.00016041471
7.062685e-05
4.488273e-05
9.382273e-05
3.6024845e-05
5.395169e-05
6.75533e-05
4.376257e-05
7.002063e-05
0.00011687697
2.8522933e-05
2.3121704e-05
3.902527e-05
2.5832942e-05
3.298484e-05
8.929926e-05
6.239183e-05
4.1525433e-05
6.404839e-05
5.1664087e-05
7.0885886e-05
3.3724144e-05
3.3064618e-05
3.8489838e-05
4.3510274e-05
2.7413726e-05
8.5066036e-05
3.0058663e-05
4.758078e-05
4.1893156e-05
4.9470105e-05
3.473914e-05
2.8822318e-05
4.0089413e-05
7.722023e-05
4.5971625e-05
5.373087e-05
4.377574e-05
2.735831e-05
4.304529e-05
4.493191e-05
4.8184073e-05
8.9373396e-05
4.1374755e-05
5.6340057e-05
5.9060476e-05
0.0001374805
7.860152e-05
0.00014684467
3.5135316e-05
2.593323e-05
5.0595594e-05
7.523069e-05
4.1114523e-05
4.5385714e-05
4.393068e-05
7.5824064e-05
4.5625602e-05
4.340017e-05
6.160979e-05
5.6282523e-05
5.486646e-05
5.9415823e-05
4.2694297e-05
5.3208205e-05
5.7492132e-05
5.9677834e-05
4.1036536e-05
4.3614087e-05
8.7093154e-05
0.00018452492
8.747672e-05
3.445214e-05
4.234402e-05
4.4883385e-05
2.647091e-05
6.71253e-05
3.3947734e-05
6.0327486e-05
4.6845405e-05
5.1022118e-05
0.00017423386
2.410044e-05
8.560225e-05
3.8080565e-05
4.8521128e-05
3.698505e-05
5.487256e-05
0.00017371726
5.2984054e-05
3.6757025e-05
5.987907e-05
9.184887e-05
6.73086e-05
8.563097e-05
3.1962252e-05
3.62405e-05
3.3779754e-05
5.204139e-05
5.258477e-05
3.5165307e-05
3.7719146e-05
2.8712591e-05
2.8428933e-05
0.00021045451
4.5131226e-05
9.1916394e-05
5.5892237e-05
4.805042e-05
6.5167056e-05
9.939094e-05
9.766302e-05
6.484247e-05
4.936363e-05
3.9253504e-05
3.49331e-05
0.00013116775
5.6422938e-05
8.202446e-05
5.104111e-05
8.596911e-05
6.588927e-05
5.1564115e-05
