9.732004e-05
0.00018161644
0.00013801722
0.0001949544
0.00011669508
0.00011162557
0.00018312907
0.00012723925
0.00019693619
9.820457e-05
0.00012810469
9.647152e-05
0.00015560191
5.4702527e-05
8.021474e-05
3.0190598e-05
0.00014097312
0.00014702808
0.0001138672
3.0279842e-05
0.00013964354
0.000105764906
0.00016537638
0.00011922794
0.00013610002
0.000106326435
2.9770295e-05
0.0001574816
0.00013261885
7.385395e-05
0.00010339371
0.00015058406
0.00016395183
0.00012378085
0.00019006913
6.259719e-05
0.00011542022
0.00011607319
0.00012546196
3.5267836e-05
0.00020424403
0.000168435
0.00016788478
0.0001469059
0.00017656633
0.00018998823
8.824215e-05
0.00016580329
0.00012629844
0.00010588204
0.0002930273
0.00016116671
0.00013251526
0.00020072114
0.0001366319
0.0001949979
0.00012972066
0.00020340852
0.00011747869
0.00018547512
0.00014699459
6.0877304e-05
0.00014673763
0.00016554586
0.0001112766
0.00011937673
9.6505784e-05
0.00015873225
9.6947006e-05
0.0001286023
0.00012183696
0.00013262373
0.00016072053
0.00011227075
0.00010420525
0.00015632961
0.00018421565
0.00011044083
0.00014772343
0.00014312235
0.00013347194
9.702186e-05
0.0001505807
8.00565e-05
0.00014370368
0.00014497507
0.00021159
0.00014165325
0.00014866974
0.00015614876
8.568038e-05
0.00020113213
5.9668764e-05
0.00018403586
0.00014000693
0.000106202424
0.0001586172
0.00014904025
0.00011896482
0.0001271385
0.00016966168
4.7144942e-05
0.00013752161
6.625963e-05
0.00047401007
0.000114856455
0.00022668167
0.00015419637
0.00015836253
0.00012618567
0.0001236946
0.00014465614
0.00015377575
0.000125161
0.0001459865
0.00014490883
0.00010794984
0.00024149579
0.00016683115
0.00020019164
0.000129729
6.981684e-05
0.00015582019
0.00018473584
0.00017574776
5.416227e-05
0.00014591646
0.0001806319
0.000100482095
6.454588e-05
0.0001744625
0.00012491785
0.00013055227
0.00012970727
0.00011222602
0.00013960013
8.407027e-05
6.17974e-05
0.00010235038
0.00014991716
0.00015940843
0.00014304345
0.00017103877
0.0002313957
0.00014919435
7.218587e-05
9.192556e-05
0.00010195668
0.00021006062
0.00014726486
0.00014394792
0.00015486227
0.0001367799
0.00017308268
3.5743786e-05
0.00011906046
0.00010827851
0.0001012244
0.000119055134
0.00016410829
0.00012972893
0.00013975993
0.00015828741
0.00010872343
0.000101912476
0.000115497925
0.0001625896
0.00014758382
0.0001495911
0.00015605055
0.00015537873
5.0571623e-05
0.00013522351
0.000108507
0.00018362781
0.000111574096
0.00014897555
0.00020050244
9.2957795e-05
0.00013625628
0.00011392452
9.266244e-05
0.00014125228
8.768487e-05
0.00016529311
0.00011453427
0.00013377277
0.00015223441
0.00014553664
0.00015160159
2.6106181e-05
0.00013054565
0.00011998335
0.00014656964
0.00012522061
0.00011868159
0.00014827283
0.00014413708
0.000115511175
0.00012812385
0.00011152516
0.00015781212
0.000113857
6.321147e-05
0.00017298374
0.00016592571
0.0001481014
0.00012085266
5.125787e-05
0.00015218534
0.00019282487
0.00014789504
0.00012718108
0.00016574319
0.00012293074
2.8023042e-05
5.9859918e-05
0.00013968648
0.00011408106
9.9512734e-05
0.00014931864
0.00015337922
0.00015572456
4.9786184e-05
0.00016556954
1.9193558e-05
7.557288e-05
0.00012936183
0.00013648636
6.264918e-05
0.00014037667
0.00015029458
0.00010777476
9.41261e-05
0.00013405309
0.000108619846
0.00014608676
4.4793607e-05
9.3681796e-05
9.8459524e-05
2.6215375e-05
0.00016191501
6.433867e-05
0.00019529233
5.089423e-05
0.00013554124
0.00010127922
0.00011970437
5.995474e-05
5.3152547e-05
0.00013108792
0.00015156908
7.95263e-05
0.00015531079
0.00013682844
2.7555243e-05
0.00011834904
0.000111279376
0.0001161506
0.00016347309
0.0001213416
0.00015022735
0.000120078046
0.00015248683
4.07309e-05
0.00011894634
0.00010826015
0.00014016441
0.00012786662
0.000104846644
0.0001546603
8.138709e-05
0.000119679884
0.0001602408
0.0001469956
0.00010357881
0.0001243597
0.00012292012
0.00011682545
0.00017214828
0.000111459805
0.00013852086
6.5893015e-05
8.6087726e-05
0.00014450205
0.000105522544
0.00014772952
0.00016431142
4.9096725e-05
9.287921e-05
0.00014617843
0.00030455666
0.00010929503
0.0001119339
0.00015894005
7.1482e-05
7.647274e-05
0.00016060635
0.00012441799
0.00014118406
0.00013273396
0.00011568967
0.000116131305
0.00022132041
5.2712418e-05
9.22153e-05
0.00013056063
0.00013187084
4.6528818e-05
0.00013739521
4.9261856e-05
0.00012998849
0.00010116029
0.0001575022
0.00020538157
0.00011206624
6.872623e-05
0.00012132945
0.00020658622
0.00012870287
0.0001358507
0.00012573428
0.0001447601
0.00012659456
0.00016814751
0.00016533775
0.00013494804
8.8416404e-05
2.923505e-05
0.00012460712
0.00015246733
0.00015113677
0.00016791617
8.987313e-05
0.00018014695
0.00014763218
0.00016022446
5.9818194e-05
0.00011263622
5.354273e-05
0.00014859531
0.00015670259
0.0001339956
6.2691666e-05
8.99706e-05
0.00011109188
0.00015690221
0.000120134595
0.00013365735
3.427188e-05
0.00019662567
0.00013833868
0.00011497251
0.000109339955
0.00020034939
8.6766144e-05
0.00013966145
0.0001142557
0.00014542161
0.00013466614
0.00014150016
9.475367e-05
0.00010652461
0.00015000041
3.2090666e-05
0.00014088179
7.52203e-05
0.00013962094
0.00013878719
7.824885e-05
0.000105952386
0.00014825382
0.00014694528
0.00013417327
0.00016290924
0.00015935095
0.0001247133
0.00013189157
0.0001957217
0.00018136567
0.00013362899
0.00013736165
0.0001790021
0.00012806633
0.00013996694
0.00013726186
5.5047236e-05
0.00013506439
8.344289e-05
0.000120452045
0.00018488083
8.37e-05
0.00013930711
0.000102067155
0.000150841
0.00012713687
0.000119427656
0.00020015893
0.00014685416
0.000104050036
8.9124536e-05
0.00014266018
0.00016052386
0.00014874876
0.00014423973
0.00016341556
0.00015131992
0.00010682903
8.576978e-05
0.00015802974
0.00023623448
0.00020360894
0.00015104831
9.541643e-05
0.00023330281
7.335247e-05
0.0001205724
0.0001332958
0.00012060521
0.00011208756
0.00012881025
0.000141706
0.00011109486
0.00020356072
0.00012433123
0.0001257522
0.000159173
0.00013621818
0.00014201197
3.169733e-05
0.00014466494
0.000154942
3.3258024e-05
0.000121981124
0.00016154684
5.8082227e-05
7.82188e-05
0.00019283703
0.00012573623
0.00010801185
8.6946355e-05
3.5196554e-05
0.00015153825
5.0323382e-05
0.000101879574
0.00010776179
0.00012306204
0.00016582079
0.000121171586
0.00018248658
0.00011508737
0.000112556576
0.00015501646
0.00016612066
0.00017977887
0.00016095204
5.146301e-05
0.00018105198
0.00018840369
0.00017110497
0.00011841887
0.00010095688
0.000144264
0.00019308222
0.000109451044
0.00014858936
0.00010791825
0.00016045425
0.00012375055
0.00015636893
0.0001406177
0.00016215406
0.00012932926
0.00020230736
6.0854025e-05
0.00013908872
0.00016807209
0.00014483102
0.00012530263
0.00014639794
0.000121025965
0.00013673035
0.00012226215
0.00011889019
0.00018334674
0.00015464897
0.00011813595
0.00018334009
0.00012211685
0.0001275445
9.658773e-05
0.0001510982
9.61362e-05
0.00015326786
7.3913936e-05
0.0001216951
6.941731e-05
0.00014703319
0.00017398952
0.00017174322
0.00011812167
0.0001107214
3.9493447e-05
8.022121e-05
0.00011754219
0.00015058738
0.00014022083
0.00012348301
0.000151559
0.00013797193
0.0001837547
0.00017034561
0.00012910372
0.00015119277
0.00018883779
0.00011308244
0.00014409558
0.00015517596
0.0001450902
0.00018698914
0.0001460813
0.00011364275
0.00011552371
4.6249846e-05
0.000119190256
0.00014298153
0.00014511852
7.686941e-05
9.766933e-05
0.00019516418
0.00014446024
0.00015037438
0.00013361812
0.0001723768
8.3666615e-05
2.1755668e-05
0.00014499773
0.00017576673
4.488862e-05
0.00014254458
0.00014356045
0.00017381887
0.00014153357
0.00015081736
0.0001266553
0.00015374528
9.005605e-05
0.00014926316
0.00016044849
0.00014335045
4.8743714e-05
0.000117503856
0.0001596148
0.00013152904
0.00011396295
0.00013897219
0.00015810665
0.00017615156
0.000111744346
0.00019379806
0.00012665229
3.531141e-05
0.0001508304
0.00010865226
0.00011322193
0.00013026703
0.00014654906
6.8711815e-05
9.48475e-05
0.00013235312
9.281004e-05
0.00015556943
0.00011434336
5.9916456e-05
5.1250005e-05
5.4121512e-05
0.00013350687
8.230857e-05
0.00011493998
0.00018194638
0.00012692169
7.177755e-05
0.000102153565
0.00012936543
0.00010221686
9.25211e-05
0.0001476947
0.00012931995
0.00015252539
0.0001578011
0.00014755936
3.4029512e-05
0.00017608891
0.00012770071
0.00018504991
4.2340253e-05
0.00012853139
8.459256e-05
0.00016688656
0.00014191084
0.00015307867
0.00014035279
5.846134e-05
9.486616e-05
6.55484e-05
9.35219e-05
0.00014759829
0.00013873498
0.00015682745
0.00011366468
5.1961797e-05
0.0001280748
0.00014841996
0.00013857569
0.0001521325
0.00013173682
0.00015753997
0.00011533489
8.850806e-05
0.00013439552
0.0001363683
0.00011281024
0.00012943424
0.00014113274
0.000109452005
0.00011369328
0.00012039427
0.00012773313
0.00010701279
0.0001372367
6.2281695e-05
5.4983786e-05
0.00013156867
0.00015828604
0.000102023616
0.00021352372
0.00010268445
0.00013600988
0.00013660101
0.00015214326
0.00010152878
9.821239e-05
0.00011490319
0.00010360547
0.00015492899
0.00010145381
0.0001413859
0.00020335619
7.8585195e-05
0.00026085242
0.00016361607
0.00011634093
0.0001667829
0.00010301054
0.00018062742
0.0001447883
5.014422e-05
9.7872966e-05
0.00010995719
0.0001236963
0.00014176549
9.228302e-05
0.00016109837
0.00014465046
0.0001580347
5.898924e-05
0.00015450658
2.441288e-05
0.00016211574
0.00012160192
0.00010386404
0.00015788026
8.475988e-05
0.0001202705
0.00017663643
6.3656546e-05
0.0001330443
0.00012443516
0.0001249562
9.815212e-05
0.0001084098
0.00014114848
0.00019469405
7.681116e-05
0.00014702909
0.00013055331
0.00017899861
0.00011993248
0.00018630648
0.00014547353
0.00019226369
3.1183077e-05
3.9247487e-05
3.739998e-05
0.00011797999
8.7132474e-05
0.00013299
0.000119173004
0.00014909185
0.00011391578
0.00013332375
0.00013024741
0.00022088975
0.00011939641
4.121649e-05
0.00015917678
0.0001109461
0.0001298468
4.5885132e-05
0.0001661494
0.00012984117
0.00014166185
0.00016614867
0.00014343894
8.783613e-05
4.945739e-05
9.563851e-05
0.00012167885
0.00015102036
0.00013607282
9.449292e-05
0.00013497069
0.00011066128
0.00016564714
0.00014350869
0.00010046998
0.00013496961
0.00015780955
5.155878e-05
0.00015689667
0.00014452917
0.00011948271
7.685793e-05
0.00010062333
0.00014027634
0.00019682136
0.00012103615
0.00012147628
0.00011352896
0.00010264808
0.00035535888
0.00016596312
0.000111092995
0.00017339419
0.00012085619
9.935068e-05
0.00017251083
0.00016622804
0.00016882394
0.00016370327
9.5484254e-05
0.000120605844
0.00010216524
0.00010866699
0.0002482623
2.6240841e-05
0.00014432722
9.0074915e-05
0.00013342107
0.00012841994
0.00010391712
0.00016011781
0.00018009508
0.00014885617
0.00016190339
0.00016188298
0.0001243119
9.9487836e-05
4.8056354e-05
2.9172768e-05
0.00012906536
0.00011480673
0.00010352476
0.00022243566
0.00017492789
0.00012606663
0.00018045907
0.00011476188
0.00014430976
9.253524e-05
9.9905985e-05
0.00011671703
0.00019299143
0.00012475468
0.00015137707
0.00014819481
0.00018135247
0.00014918738
5.8224516e-05
0.00015449757
8.9011344e-05
0.00011919627
0.00014076306
0.00010142225
7.790805e-05
5.559806e-05
0.00012539794
0.00015318219
0.0001619387
0.00011351873
0.000164713
8.759698e-05
0.00015816708
0.00024751935
0.00012872095
0.00013560826
0.00013593258
0.00019297574
0.00010542074
0.00015982088
0.00012324877
0.00015196628
6.725022e-05
0.00014493012
0.00015524865
0.00016395465
0.00012316272
0.00016841765
0.0001264682
0.00012903313
0.00015240941
5.4705357e-05
0.00016113612
0.00010254034
0.00021321181
0.00012539768
0.00012805416
0.00014182887
0.00012431106
0.00013829934
0.000111229325
0.000116326424
0.00013279202
0.00010965833
9.532529e-05
0.0001327079
0.00014677343
8.441305e-05
9.8454904e-05
5.998949e-05
0.00022055159
4.3383552e-05
0.00011616357
0.00011368123
0.00015398691
0.00015528915
0.000116281044
0.00013302708
3.637455e-05
0.00016228827
0.00014994916
0.00013114129
0.00025492455
9.636845e-05
4.3688775e-05
0.00018255184
0.00014546854
0.00012540173
0.00013758618
0.00022095013
0.00018312498
0.00013669867
0.00010025259
0.00015524417
0.00016497834
7.528964e-05
0.00012406986
0.00015128941
0.000111409194
9.6704694e-05
0.00015390821
0.00020855857
0.00013128089
0.00015460448
9.4241324e-05
6.473802e-05
7.169502e-05
0.00015319881
7.296318e-05
3.4496214e-05
0.00010542973
0.00013272019
0.0001308256
0.00016899937
0.00012522058
0.00014473211
8.5036925e-05
0.00016320875
0.00015598997
0.0001631276
0.00013008359
5.334679e-05
2.0691865e-05
9.587871e-05
0.0001586635
0.00019525741
0.00011763452
0.00013480161
0.0001398076
0.0001421073
0.00014655548
3.1160045e-05
0.00014914447
0.00015551662
0.00015103082
0.00015294798
0.00014204513
3.6975118e-05
2.6734631e-05
0.00017382302
0.00015153532
9.6975346e-05
0.00019196855
2.2586386e-05
0.00013981175
0.00015411364
4.2484953e-05
0.00015763399
9.9956254e-05
0.00016585982
0.00011633473
0.00014262933
9.657877e-05
0.00012808973
0.000108790744
0.00016941933
0.00010710565
0.00013137008
0.00016311582
7.130921e-05
0.00014761326
0.00013993456
0.0001278119
8.310944e-05
0.00017444757
0.00021176027
8.735941e-05
0.00014052709
0.00010900238
0.00013761435
0.00013309225
0.00015619048
0.00015671283
0.00016633113
4.6012883e-05
0.00013833071
9.9495104e-05
0.00015789954
0.00015101561
0.000116705356
0.00013285883
0.0001519819
0.00010185899
8.555593e-05
8.394472e-05
0.00012129426
0.00012929071
0.00018596553
0.00013107467
0.0001698947
9.036966e-05
0.00012871421
0.00015456464
0.00012355279
0.00013216208
0.00011227291
0.00013228101
0.00014796239
0.00013811824
4.7345566e-05
8.384551e-05
0.00012913648
5.6790985e-05
0.00014758877
0.000113091715
0.00010620909
0.00012441701
0.0001381839
0.000158181
0.00021976874
0.00013789246
0.00014611737
7.747949e-05
0.00014969475
0.00016507466
0.0001109565
0.00012720484
0.000135552
0.00014340872
0.0001954677
2.8026483e-05
0.00017510136
0.00021859282
0.0001203853
0.00013755585
0.0001005897
0.00014231847
8.9558256e-05
0.00015185795
0.00014536391
0.00012429108
0.00013621224
0.00010777993
0.00014121931
0.0001098358
0.00020763541
0.00015527934
0.00012287099
0.00018871538
0.00013391254
9.507969e-05
0.00019615276
0.0001687666
9.5639574e-05
0.000106900705
9.9170946e-05
8.093292e-05
0.00010611024
0.0001628327
0.00014887136
0.000147215
0.000114391296
0.00015398844
0.00014447884
9.079227e-05
0.00013521832
0.00013686907
0.0001271256
0.00015010311
0.00012893022
0.000104651604
0.00019592799
0.00017273644
3.0197913e-05
0.00014183547
0.00012274904
0.00017205781
0.000105468156
0.00015330107
0.00011451116
0.000112082715
0.00024327793
0.000117349664
0.00020639114
0.0001506597
8.137986e-05
0.0001518529
9.1605536e-05
0.00012644345
3.9898372e-05
0.00013007896
5.186876e-05
7.467321e-05
0.00012312114
0.000112270376
0.00015341214
0.00011189718
8.752053e-05
4.189367e-05
0.00010117765
3.4271165e-05
0.00013410483
0.00015652756
0.0001630027
0.00015947924
0.00015432425
0.00018067147
0.0001341992
0.00012522939
0.00015751141
0.00025260687
0.00010328559
0.00020411285
0.00016649043
0.00018664992
0.00013837441
0.00015649521
0.00013715478
0.00012143432
0.00015658789
0.0001344611
0.00011664068
0.00012043827
0.00012782226
0.00016514276
0.00013703949
8.08101e-05
0.00017940966
0.00011182952
0.000113323076
0.00019964771
0.00011591433
0.00012446711
0.00012775786
2.1317685e-05
0.00015920514
0.0001432081
0.000117566764
0.00018375933
0.00011679131
0.00013790172
0.00020799869
9.910595e-05
0.00015943212
0.00015603086
0.00015796794
7.932138e-05
0.0001416521
0.00011609597
0.00015891691
4.6253994e-05
3.9296174e-05
0.00017629696
0.000109591216
0.0001765336
0.00015673618
0.00018322396
0.00012349342
0.00012264277
0.00015544971
0.00018816676
0.00014399302
0.0001478889
7.821501e-05
2.6513411e-05
3.6269572e-05
9.1595204e-05
0.00011891169
0.00017950016
0.0001435035
5.8180867e-05
0.00011441242
0.00012747053
0.0001942411
0.00018133847
0.00011817438
0.00017000816
0.00013020546
0.00011946065
0.00014508689
0.00013697734
0.000111083646
0.00018973569
0.000108073684
0.00014767807
0.00013759838
0.00014096477
0.00013748124
0.00018035155
0.00010140046
0.00012236513
0.00013316616
