-12143
-1941
-7624
3677
5494
-4812
-9571
-10899
5103
-5746
-3830
-4909
721
-2373
-8169
64427
-11360
-10465
-8646
-643
-8679
-6988
-12765
-2457
-11369
-6873
3986
-8703
-6998
-2921
-6055
-11793
-8590
-10371
-6088
8814
-5035
-11550
-8708
-1281
-8102
-13196
-11444
-5955
-7364
-5557
3312
3074
-8118
-5794
-6252
8916
-12109
-13375
-3892
-3898
-11684
-7451
-5871
-10586
-9431
8057
-12949
-8536
-10059
-11898
-5453
-1982
-5026
-6300
-9158
-5362
-7357
-8997
-4822
-7641
-7783
-9565
-11833
-8418
-14307
-9900
-8505
10058
-12271
-7244
-213
-8877
-5546
-8442
6073
-9531
-650
-8892
-8410
-7246
-2498
-8919
-1555
-4929
-4399
-447
-10087
-3948
-319
-4012
-1169
-6559
-12103
-5537
-4106
-4384
-9270
-142
-8005
-7011
-7911
-3001
-8822
-8823
-8423
268
-10792
-10204
-4666
4081
-6878
-13704
-10925
-4173
-6427
-11138
-13199
-6671
-10310
-14968
8218
-2654
-8559
484
-7075
-13191
-8751
-9687
-6097
629
3471
5535
3221
-8586
-8379
-7611
-7582
-9920
1049
-6041
-926
-5526
-6185
-5069
-14712
-816
-12547
-7647
-6134
-6630
-11780
-1030
-10526
-8675
-4980
-704
-5247
-11202
2195
-10710
-6432
-5607
14631
-9032
-6621
-9828
-3310
-11630
-5680
-12946
-7926
-5839
-10297
-5914
8646
-7372
-9573
-8927
-11606
-7025
-3291
-9861
5287
-11326
-8583
-6606
-4086
4986
-3152
-9469
-13123
-11815
10428
-10564
-8096
-14273
-12386
432
-3838
12783
2069
-9616
-6663
-1442
-7358
-9639
-8710
-1861
-10351
403
-1153
-5432
-6210
-2092
-5247
-4968
-8601
-6654
-5842
-12123
-7877
0
-6741
-5770
-2658
-6552
-8015
-5683
-1656
2262
-6854
-4095
20297
4335
-5819
-10452
-961
2371
-9587
3759
-9706
-5460
-7613
-8724
-9172
-9922
-7263
-12795
3194
-9473
-9049
-10006
1559
-10368
-2753
5784
-6254
-8214
-6183
-7605
-1542
-6470
-7908
-4926
-9123
-13297
-2111
-7243
-10823
-5619
-5849
-4571
6332
5987
-7534
-4316
-9119
-12746
-7605
-6094
-732
-2543
6468
-7790
-7963
-8303
-8460
-5658
-4297
-7651
-9437
2808
2686
-11291
2621
-11867
-8891
-9869
820
-6165
7761
-7265
-11836
-5505
-12681
-10857
-11859
-2342
-9820
-7232
-3721
-7625
2291
-8429
-1529
-11412
-9707
-8688
-6109
-4137
-11400
-2294
-7958
-1251
-3016
-6495
-5712
-1171
-11542
-9400
-13854
-6471
-3984
8251
-7205
-9982
-12543
-17137
-8520
-3112
-9499
-2221
-15318
-2901
-11874
735
-8422
-9495
11937
-7738
12669
-6328
1269
-6876
-5175
-9887
-5122
-9496
-9469
-856
-18557
-6620
-8211
-11398
-8686
-7019
-7720
-6404
-11457
-8910
17766
-6782
-1899
-4337
-9314
-5187
-4918
-6118
-6452
-4796
-1577
-3468
-8803
4406
-5462
-9557
-7571
-10153
-1075
-4902
4856
891
-4818
-4537
-2848
-8764
-1232
-6003
-10061
19840
-9026
-9753
-6077
-2898
-9707
-11028
-11500
-7314
-6932
-3977
-10209
-13331
2304
2864
-8414
-7515
7221
-5606
-8958
7191
-1232
-10184
-9535
-547
-5750
6699
-2
3798
-5806
-11710
-6712
2590
-3935
-9401
-2983
-4268
-8014
-7135
-10790
-7992
3393
-14873
-5547
-4054
-4562
-8575
-3273
-8266
-697
-344
-8011
-10999
-5058
-8666
-10750
-3680
-5041
-8793
790
-6755
-11166
-7193
-4688
-3312
-6085
-7114
-7504
-7911
-10375
-12001
-4531
-8789
-5175
-2919
14360
-5590
-1632
-11860
9057
-3107
2315
-10706
-9839
-10243
-11474
-9203
2611
-6977
-857
-8316
-9391
-6290
-10736
-10438
-9605
5260
-9565
-12947
-5600
-3873
-7382
-9494
-8832
-6449
-7121
-7601
-7567
4524
-6592
-5362
-11730
-2488
-11323
-7498
-10498
-1366
-7137
2632
-8430
6527
1269
1723
117
-7169
-4818
-7862
-6047
-4024
-6926
-13261
-9943
-8665
-9157
-9467
6128
2255
-7423
-5805
-3320
-2362
-10969
-10663
6591
-8499
-9718
-934
-10180
-3446
-5792
-6405
-2022
-8369
-2779
-10214
-4203
-9957
-5192
-2133
1665
-2358
-13929
-2868
-7793
-8025
-6719
958
-10903
-8931
-8132
-7652
-6848
-8581
-7245
-3658
-11686
2116
-9661
-4856
-7807
2815
-8873
869
-7767
-7573
-12421
-9754
-256
1484
-1778
7439
-6289
-7369
-10609
-8325
583
-11794
-7388
-5356
-7750
-5471
-7765
-3004
-8077
-10898
-13150
-6933
-9483
-9935
-9223
-12714
-4952
-7500
-3037
-5015
26699
149
-7157
-8882
-3317
-9220
-11258
-6193
-580
-6307
-5915
-6599
-7722
-6001
2631
-6141
-10770
-1325
-8750
-614
-5611
-8638
-6304
4543
-9600
-8893
14466
-8063
-3524
16738
-14530
-7968
-9444
-6469
-7954
826
-5796
5731
-8423
-2877
-8037
-12945
-5527
-10012
-9813
1319
-9683
4747
-6071
14018
-6282
-11113
-5045
-2899
-10961
-8903
2716
-7944
-10770
-9271
-9373
343
11439
2988
-6178
9798
-4685
-7113
-9022
-5942
-10852
-6616
-1222
-12639
26066
-4616
-6500
-11203
12709
-11259
-6876
-5119
-7819
-7248
2811
4525
-13781
-13865
-7386
-6511
1742
-6846
-9976
-1144
-11164
452
-9535
-10906
16489
-8676
-10803
-7052
-313
-824
-3396
-10439
-6658
-6151
-10727
-1229
-4260
-6187
-5893
2570
-9227
-4940
-5401
-7431
-1599
-9211
-833
-3255
-6477
-5959
-2866
788
-10272
-2876
-9246
4925
-8281
-11087
-6487
-3216
-12238
-5141
-12606
-8137
-1185
-3412
-6244
-8540
-11898
-1404
-9948
-1154
-13033
-5523
-12495
-8833
-1879
-6443
-5316
-12698
-8068
-9761
-10320
10998
-718
-13189
-2663
-6954
-9207
-5305
-6549
3165
-11283
-5206
-8892
-6765
-11319
-4465
-4866
-3458
-12152
-15615
-8698
-9527
-7784
-3129
-6573
-8935
3510
-8235
-5808
-10776
-12493
2337
-5144
-9205
-4010
978
-8407
-6550
-3432
-2900
-8166
-11273
-6561
10874
-3611
-4590
-11119
-4744
-8253
-5739
-10226
-8156
2755
11611
-361
-342
-8457
-8696
-7223
-2760
-3234
-9840
1252
-9674
-10661
-7554
-446
-11236
1587
-7474
-7051
-13350
-8492
-5144
-8766
-6744
-15733
10041
-10080
-6336
-3622
2630
-16765
-8015
-7381
-10121
-9360
-6108
-10079
4072
-5981
-3462
1434
-3721
-6319
-10533
-8846
-13296
-9383
-9252
-430
-7449
-11629
-8887
-4526
-8714
-3843
-2185
-12020
-5198
-3072
-12639
-3287
-4793
-9551
9484
-10905
-10273
-8095
-10391
-12759
1943
909
-5555
-8140
684
-8279
6227
-4873
-10535
630
-5731
-3790
-9019
-6544
-9242
4452
-12360
-11694
-10302
-3627
-4867
-10532
-2667
-1119
-8166
-9285
95
-8346
-11461
-1352
-13596
-1713
-7438
-5578
-5843
-11127
3404
1773
-7015
-5574
-5160
-12286
-7905
-11755
-10911
-6703
8648
-14795
-6627
-9231
-10495
-11111
-6025
-9167
54
-5130
-7371
-4903
-7106
-793
-5382
-9278
17597
-967
-2416
-1209
-7993
-1991
-6129
-6003
-6571
-8954
-6037
-11694
519
5736
-7545
-11002
-8323
-6134
-2638
-9199
-1125
-1343
-10948
-768
-3578
-7524
-6015
-8980
-7013
-11213
-6263
-8622
-7774
-5086
-11475
-8544
3158
-10025
-4404
-5704
403
440
-9923
-3858
-4127
-4091
-3430
-1851
6207
-4777
-11882
-8705
-8800
274
-9077
-5326
-1585
-5708
-5732
-8039
-9953
-7765
-8207
-8591
4180
-11285
-9095
-10298
-12935
-3835
-6820
-9467
1886
-4767
-6620
-10904
-6467
-8753
3627
-7741
-150
-4315
11057
-7031
-9788
-10213
-5772
-10755
-7797
12906
-8421
6208
-8159
-11604
-9092
-6488
-9528
-9800
-7900
-1815
-7551
70
-7208
-1854
3926
-3425
-6806
-10744
-8072
-4071
-5353
-9872
-3065
-10787
-5740
-5885
-9057
-132
6795
-10877
-11813
-7895
-15462
-9271
-7773
11402
191
-7544
-1414
-9713
-11030
-7281
-7372
-6815
-8377
-11778
-10418
-3039
-8221
3034
-8071
36876
1081
2193
-4219
-8350
-9706
-9221
-5953
-11438
-9424
-4570
-3440
-2633
-13538
5456
11520
-899
-6820
-5925
-13314
-533
-6733
-7709
-7086
-3684
-11878
-12032
-6045
-6342
-8666
-7139
-7269
-7629
-8938
-6733
-12083
-11002
-6578
-6570
-9392
-6052
-9115
