1838929515
1715884364
1303965487
1841899180
1102517184
2109242648
1730175332
1202136946
1860622816
1855643382
1210313373
1822896324
1470102956
2067284261
1515713176
1140944574
1331892309
1389098799
1075799798
1144317097
1319330760
1998501224
1562450585
1126447268
1285851951
2009111633
1125060691
1487861994
1252962434
1395521649
1953695727
1422695141
1548991619
1169462452
1795743913
1182817187
1090472453
1096641689
1185345358
1332820336
1929666297
1591348024
1586149630
1387944510
1668171497
1794979590
1667396543
1566483923
1193248357
2000714527
1384238391
1522678358
1251983765
1896382516
1290877258
1842310227
1225580839
1921772482
1109920512
1752340392
1388782258
1150318856
1386354474
1564051842
2102648340
1127853043
1823543703
1499677903
1831880821
1215014719
1151096842
1253008533
1518462975
2121433548
1969030419
1476978202
1740441197
2086855914
1395668315
1352197930
1261022414
1833295283
1422663337
1512723018
1357690336
1369702223
1999069750
1338318144
1404608885
1475269456
1618990153
1900265433
1127482621
1738742585
1322763859
2006768402
1498590931
1408109300
1123961305
1201184969
1602937509
1781672628
1299283005
1252021585
1119593533
1085146167
2141653575
1456823636
1496184771
1192182783
1168647596
1366688948
1452849607
1182501867
1379258052
1369076424
2039786988
1140807521
1576195014
1891379920
1225659737
1319237522
1472165204
1745355848
1660437785
2046867169
1378596332
1706582465
1898678744
1219639068
1648294929
1180204599
1233437784
1225454440
2120588381
1318920618
1588565968
1167704712
1933981297
1416394303
1506066325
1351452562
1615948106
1093095469
1409565383
1364001941
1736997150
1926542004
1984620488
1391335808
1359997873
1463114793
1292275389
1635258545
1350807174
1124864921
2045997392
1912705287
1124814615
1550469959
1225659013
1320430309
1495475143
2054404451
1925706881
1091206692
1536121581
1394349309
1413313756
1474341637
1467994338
1911171754
1277570975
2050315061
1734887265
2108269905
1407498113
1894316333
1756501939
1287328346
1076341361
1750921089
1334529869
1656866389
1561663959
1082102129
1263864683
1438287382
1375007925
1432308424
1973177480
1233375218
1133584269
1384767468
1183065145
1121285473
1400858747
1361784974
1091331825
1210494422
2107345208
1490984568
1075703437
1194424496
1634323759
1567640610
1399239350
1141797386
1937105907
1437823630
1821779765
1397289658
1201587285
1565916211
1161430791
2118059125
1131094643
1319736424
1077820290
1880362128
1410739532
1449103360
1471261724
1881488865
1564275551
1450702291
1428002065
1222190763
1289502155
1183799701
1326257127
1419960044
2036478706
1778577877
1266512920
2052447204
1380205234
1692812449
1770182399
1860460858
1981430778
1529748224
1215723579
1845091875
1923363378
1280572805
1913741093
1130948474
1132886313
2008708385
1238498423
1432001428
1502704434
1467352478
1292734118
2082701650
1118143536
2102700818
1097372988
1544468562
1146416803
1419324925
1134478928
1440672098
1539277225
1123786680
2045650585
1324251881
1208064150
1981149931
1461206767
1537865297
1130717163
1513930418
1388791894
1957193292
1174931424
1161330360
1103748923
1626430577
2106110166
1308723880
1245094133
1626687222
1365233137
1993921527
1395725724
1552389114
1855433199
1755016994
1381071391
1438702252
2065205410
2115068605
1501641212
1350701856
1445005284
1517384101
1175482035
1333885386
1254049994
1093018177
1097190717
2091001310
1992075298
1742471867
1233516773
1245895417
1758388540
1298088815
1861673733
1228111272
1911493679
1488056615
1940413556
2117569361
1298629700
1146301985
1951794939
1215964978
1283496551
1187918134
1367671145
1196045884
1588631928
1562085683
1274968340
1670689263
1104833045
1177268865
1440487882
1427917014
1586446130
1698215036
1702000687
1394806139
1513776106
1130306207
2128339375
2023454039
1403905635
1480501961
1265969864
1184602433
1700056831
2099158013
1482388046
1135013208
1262774092
1295181898
1857689072
1307002603
1086242594
2066054286
1892870248
1639506410
1319499957
1079470314
1373921044
1272305039
1336871834
1790436266
2012856297
1417180884
1212750703
1331029590
1421339626
1319117229
1311239972
1478566203
2002043757
1400679372
1388316425
1267648434
1539141552
1505523314
1178272143
1246091305
1849148647
1713514984
1262506183
1297771866
1691184438
1209950913
1322386199
1296828892
2080311280
1276067618
1576711108
1138012414
1746725703
1581569390
1316152270
1928629541
1425122563
1201169542
1128334121
1891070797
1387455470
1966097444
1684069965
1347831402
1516604758
1405355429
1362754775
1543925189
1429647429
2018608514
1620679491
1493040799
1115953577
1923666077
1427081257
1802959496
1102104576
1386045758
1139149466
1259358275
1139459538
2117972084
1216979431
1338816458
2099214201
1923210378
1174662294
1188087331
1503841984
1286968375
1341707315
1197886051
1366772144
1463868213
1256866839
1152458871
1526269614
1097503956
1477998446
1821894719
1187936592
2040958875
1642911596
1330126516
1431710084
1901790415
1925085198
2036233688
1162671262
1566649274
1144810525
1724105171
1087327802
2126834434
1464571735
1569482450
1698523163
1520650175
1944858421
1710551246
1780009032
1616573453
1118803310
1907650302
1362984140
1824211078
2068153223
1403849448
2039190097
1515947110
1169176266
1477349619
1328534534
1532006585
1221883043
1911368818
1149878946
1314088801
1587919358
1368341189
1183839964
1383145311
1143434743
1291807294
1155114074
1123256246
1732231790
1461099730
1116130283
1732168997
1153741188
1205020745
1825092164
1427552518
1816560244
1448051222
1396654991
1149756618
1311688025
1389146979
1643826250
1622603441
1115995423
2092157545
1492512129
1515835323
1110520570
1422726447
1324784849
1166648548
1431906108
1303537610
1736086114
1609399083
1219752167
1428446091
1784110410
2136771045
1361392882
1466078621
1370789919
1766644706
1380153615
2147358563
1091450262
1747845791
1126091232
1350867614
1371057466
1452500674
1845529704
1843881127
1364838150
1420714098
1262403444
1628589547
1580938569
1644353654
1369916297
1660617160
1696403208
1346739273
1356337083
1642214001
1337187380
1424899170
1196619884
1452561747
1701671343
1410215431
1515892596
1354353009
1842092470
1110158336
1508016153
1242666214
1076704500
1312987804
1493767347
1664252842
2111486804
1830974310
1196591293
1334467058
1425022448
2053059749
2139406795
1230742860
1384573073
1298357358
1792209206
1250451861
1753709931
1469796187
1080298516
1132162931
1936808701
2045326941
1261352437
1555277392
1085935281
1719001464
1199136655
1356286505
1930262329
1222224693
1931458374
1748250233
1395396968
1221794916
1441036412
1490880607
1394118089
1286022414
1663660972
1206496688
1748323159
1600096823
1214344856
1598434991
1576718618
1340751809
1446263760
1326031517
1104667559
1792561804
1238582343
1767161116
1394485978
1310746769
1481681674
1073886479
1963708249
1210030988
1402248960
1309241828
1437324502
1244629160
1488413420
1089666328
1672421036
1269748231
1288386727
2131627572
1222874786
1333400462
2068171409
1074156650
1137466462
1206802960
2022080745
1296591248
1176855872
2077913399
1243040617
1495462204
1927806904
2017339272
1940293671
1285000542
1290585372
1437426155
1918456599
1855791135
1085587706
1957696990
1463745252
1917039875
1335792281
1921278103
1484921645
1232246738
1545819598
1099171262
1575739270
1946455488
1706540211
1367937516
1895019492
1849377424
2077717240
1168663701
1339378561
1743751605
1522032607
1366635339
1493087622
1114642623
1459754394
1845193157
1531644578
1148876346
1962582959
1491628418
1601596697
1136297199
1668833805
1202834541
1256982154
1175644265
1180567059
1854652363
2048478242
1333549210
1839439411
1451399994
1389108209
1233447646
1691151413
1133103689
1760194985
1374411667
1816477818
1178451745
1483216835
1413396907
1114656828
1646428433
1256469092
1125928233
1408596893
1076258799
1259622293
1230557468
2086932459
1128038978
1557628314
1503877813
2096403463
1226772631
1734062727
1569754069
1226719475
1338399349
1569747102
1355189083
1659724628
1869063352
1807155923
1149603120
1426817148
1285595126
1785509219
1275182324
2091021668
1565008750
1355848043
1898449922
1275172190
1490960455
1948477699
1482335658
1365489374
1128854332
1452283705
1901347428
1325309402
1859538015
1143531013
1147689258
2145208233
1939606572
1678687989
1567994157
2099179095
1638201609
1141830728
1877299858
1629855804
1570496904
1595022657
1546643275
1804241135
1139465465
1930483008
2053337973
1172772137
1983355453
1363581394
1702027922
1260541743
1213291904
1963586012
1512768439
1701510742
1406370154
1529638382
1529445571
1174479797
1879891545
1816116172
1102479319
1219389707
1084676353
1956172053
2101537843
1652691858
1191058216
1704949496
1084252639
1363416405
1748517509
1887792735
1102724517
1823353334
1178663014
1430187228
1400121884
1713390304
1409499423
1100192547
1459669344
1681931036
1126148098
1329907783
1916443708
1472126615
2101127746
1184740413
1447241750
1529972024
2145014969
1556183179
1655205642
1494338271
1169262335
1216135712
1281206114
1284270193
1823205175
1991997939
1509963130
1164435516
1435754009
1270739567
1369277423
1466765358
1549018355
1163622470
1591184075
1194852146
1219085154
1439940709
2067391297
1522389322
1937570789
2014392453
1184738061
1209836095
1339977352
1174471789
1306630960
2101755129
1099034231
1254598615
2072070160
1801237315
1253803755
1386692775
1595043015
1860373546
1133542920
2083737638
1639524487
1097495496
1074042782
1454844719
1467147995
1098605450
1256819292
1374644651
1533274652
1416696639
1239002845
1204243981
1820948577
1651059359
1724721787
1374364482
1184776243
1299892971
2087502795
1730136743
1291508080
1894342164
1466723105
1558689907
1422649856
1172193070
1429359072
2105153891
1827302210
1454101252
1970429409
1240321716
1460679454
1780755078
1223269728
1354727096
1447398821
1378689797
1303659712
1992167859
1253919930
1236020242
1596680055
1183064828
1367406765
1606831644
1541971154
1473769265
1541204478
1229009730
2016049038
1563948487
1811694633
1499028489
1844761988
1111392835
1273584777
1320880715
1342607900
1384633649
1177581244
1409094031
1469297148
1426916042
1445028989
1342020554
1397341005
2020677485
1642253269
1431682398
1832416277
1813689383
1707141645
1320919938
1456042031
1605565297
1489301609
1888742676
1567018113
1099112677
1347540059
1824922697
1210172135
2055676408
1600647886
2023835319
1241164258
1541093234
1347436913
1394627442
1322080289
1207547242
1570410315
1648153872
2000678607
1650716696
1327678239
2059675500
1300159206
1257435139
1475663674
1480598728
1571470912
1738890591
1306927279
1880028893
1491810598
1426772361
1102614314
1255229707
1435901806
1924696228
1616638598
1586193603
1145969564
1221518729
1756973788
1238373336
1605139140
1707597190
1216072015
1460303015
1167307780
1248647027
2121474354
1249770643
1397925998
1304919997
1789254516
1584318964
1220061561
2146209929
1394396042
2136946303
2006894258
1175472806
1305540232
1494469873
2076341322
1302786859
1380494360
1464028633
1414293104
1559600037
2096599894
1201811809
1280674549
1354903530
1846748776
2118319343
1654330889
2065231332
1137381864
1299606469
1900712083
1344603148
1692265212
1434730553
1373375952
1174282914
1286912368
2036576514
1334218349
2075423501
1961707527
1467055299
1160866201
1782953905
1265185137
1796596544
1853221163
1594480822
1807176100
2019962807
1873903720
1529283613
2005026405
1538418306
1406513699
1390864682
1080751364
1454859015
1365013770
1715582887
1277521845
1293117886
1201063184
1418151138
1218112955
1977464531
1851097525
1631987359
1141220898
1340039647
1159714174
1625575820
1992893864
1448364868
1081883848
2117880609
1149226274
1108701621
1949951741
1423409791
1537728945
1434682915
1730950061
1194618303
1507814701
1228966074
1960192335
1411002012
1163229609
2121426581
1449414337
2114374630
1653760960
1583219840
1911821757
1295154773
1267001870
1478848362
1540024493
1506735283
1458031805
1706956280
1267893497
1183147934
1488143611
1193295541
1951652706
1928426868
1572975944
1763439796
1307340181
1478542633
1295817334
1147292778
1479418336
1270367788
1102003262
1137882304
1207645095
1560243435
1294728055
1526962821
1695034963
2113096158
2141318078
1886240925
1095140729
1175946149
1207036668
1611249655
1504145768
1353008217
1110752695
1736129997
1103426365
1302874262
1965139631
1872675555
1506290126
1474155521
1492456846
1498832465
1338307196
1096856939
1501422524
1748002573
1485056821
1665626588
2070801912
1667862420
1480819317
1731071755
1166746899
1158710081
1468665015
1777770621
1360423940
1397231570
1477926696
2003957140
1370677318
1730754897
1123459372
1695889991
1355798958
1099367783
1080950916
1204322019
1835160060
1713257978
1116493376
1606210957
1230161169
1128645913
1370758568
1294140844
2099002389
1792593562
2042127143
1395239760
1300008468
1331813502
1298901681
1703933776
1916031937
1156087088
1258133457
