0.00020324327
0.000379288
0.00028823531
0.00040714297
0.00024370613
0.00023311898
0.00038244695
0.0002657266
0.00041128174
0.00020509053
0.00026753396
0.00020147124
0.0003249592
0.000114240815
0.00016752056
6.305008e-05
0.0002944084
0.00030705362
0.00023780038
6.323645e-05
0.00029163173
0.00022087955
0.0003453722
0.00024899576
0.0002842314
0.00022205224
6.2172316e-05
0.00032888475
0.00027696133
0.00015423668
0.00021592753
0.00031447993
0.00034239716
0.00025850406
0.00039694057
0.00013072803
0.0002410437
0.00024240738
0.0002620149
7.3653384e-05
0.00042654347
0.00035175984
0.00035061076
0.00030679847
0.0003687413
0.00039677162
0.000184285
0.00034626375
0.00026376182
0.00022112417
0.0006119585
0.00033658074
0.000276745
0.00041918625
0.00028534222
0.00040723383
0.00027090876
0.00042479858
0.0002453426
0.00038734643
0.00030698365
0.00012713623
0.000306447
0.00034572615
0.00023239016
0.0002493065
0.00020154279
0.0003314966
0.00020246423
0.00026857317
0.00025444443
0.00027697152
0.00033564895
0.00023446635
0.00021762236
0.00032647894
0.00038471617
0.00023064474
0.00030850578
0.00029889686
0.00027874295
0.00020262056
0.0003144729
0.00016719008
0.00030011093
0.0003027661
0.00044188477
0.0002958288
0.00031048205
0.00032610123
0.000178935
0.00042004455
0.00012461231
0.0003843407
0.0002923906
0.00022179326
0.00033125633
0.0003112558
0.00024844625
0.00026551617
0.00035432164
9.8457545e-05
0.00028720027
0.00013837668
0.0009899231
0.00023986635
0.00047340224
0.00032202387
0.00033072446
0.00026352628
0.00025832394
0.00030210003
0.00032114543
0.00026138636
0.00030487837
0.00030262777
0.00022544256
0.00050434005
0.00034841034
0.00041808045
0.0002709262
0.00014580556
0.00032541505
0.00038580253
0.0003670318
0.00011311254
0.0003047321
0.00037723186
0.00020984691
0.00013479768
0.00036434768
0.00026087856
0.0002726455
0.00027088082
0.00023437294
0.00029154107
0.00017557244
0.00012905776
0.00021374864
0.00031308716
0.00033290873
0.0002987321
0.00035719757
0.00048324701
0.00031157766
0.00015075304
0.00019197744
0.00021292643
0.00043869083
0.0003075481
0.000300621
0.0003234145
0.00028565127
0.00036146605
7.464736e-05
0.00024864599
0.00022612895
0.00021139716
0.00024863487
0.00034272394
0.00027092604
0.00029187478
0.0003305676
0.00022705812
0.00021283413
0.000241206
0.0003395523
0.00030821422
0.00031240622
0.00032589614
0.0003244931
0.000105613835
0.00028240093
0.00022660615
0.0003834885
0.00023301147
0.0003111207
0.00041872953
0.00019413316
0.00028455775
0.00023792009
0.00019351635
0.00029499142
0.00018312118
0.00034519832
0.00023919348
0.00027937122
0.00031792652
0.0003039389
0.0003166049
5.4520176e-05
0.00027263167
0.00025057336
0.0003060962
0.00026151087
0.00024785477
0.0003096531
0.00030101603
0.00024123366
0.00026757398
0.00023290927
0.00032957498
0.00023777908
0.0001320109
0.00036125942
0.00034651943
0.00030929514
0.00025238883
0.00010704699
0.00031782401
0.00040269567
0.00030886417
0.0002656051
0.00034613826
0.0002567287
5.852335e-05
0.00012501152
0.0002917214
0.000238247
0.00020782251
0.0003118372
0.00032031734
0.00032521534
0.00010397352
0.0003457756
4.0083847e-05
0.0001578265
0.0002701594
0.00028503826
0.00013083662
0.00029316277
0.00031387535
0.00022507692
0.00019657305
0.0002799566
0.0002268418
0.00030508774
9.3547016e-05
0.00019564516
0.00020562297
5.474822e-05
0.0003381435
0.00013436493
0.0004078487
0.00010628756
0.00028306447
0.00021151164
0.00024999073
0.00012520954
0.000111003836
0.00027376413
0.00031653704
0.0001660828
0.00032435122
0.00028575267
5.75464e-05
0.00024716026
0.00023239596
0.00024256903
0.00034139736
0.00025340993
0.00031373496
0.00025077112
0.00031845365
8.506246e-05
0.00024840765
0.00022609062
0.00029271952
0.00026703678
0.00021896184
0.00032299274
0.00016996887
0.0002499396
0.00033464705
0.00030698578
0.00021631409
0.00025971295
0.0002567065
0.0002439784
0.00035951467
0.00023277277
0.00028928713
0.00013761104
0.0001797857
0.00030177823
0.00022037339
0.00030851847
0.00034314816
0.00010253365
0.00019396904
0.0003052792
0.00063603645
0.00022825187
0.00023376288
0.00033193058
0.00014928308
0.00015970574
0.00033541047
0.00025983466
0.00029484896
0.00027720173
0.00024160642
0.00024252874
0.0004622058
0.00011008467
0.00019258252
0.00027266296
0.0002753992
9.7170836e-05
0.0002869363
0.00010287851
0.0002714681
0.00021126325
0.00032892777
0.0004289191
0.00023403927
0.00014352793
0.00025338455
0.0004314349
0.00026878322
0.00028371075
0.0002625836
0.00030231714
0.0002643802
0.00035115946
0.00034529154
0.00028182563
0.00018464892
6.105451e-05
0.00026022963
0.00031841293
0.0003156342
0.0003506763
0.00018769114
0.00037621908
0.0003083152
0.00033461294
0.00012492438
0.0002352296
0.0001118187
0.0003103266
0.00032725785
0.00027983656
0.00013092534
0.0001878947
0.0002320044
0.00032767476
0.00025088922
0.00027913015
7.1573435e-05
0.00041063325
0.00028890665
0.00024010871
0.00022834569
0.00041840988
0.00018120251
0.00029166913
0.00023861173
0.00030369865
0.00028123692
0.0002955091
0.00019788367
0.00022246611
0.00031326103
6.701818e-05
0.0002942177
0.00015709015
0.00029158453
0.0002898433
0.00016341498
0.00022127108
0.00030961345
0.00030688068
0.0002802076
0.00034021985
0.0003327887
0.0002604514
0.0002754425
0.00040874543
0.00037876426
0.00027907093
0.00028686624
0.0003738282
0.00026745384
0.00029230712
0.0002866578
0.000114960705
0.00028206862
0.00017426221
0.00025155218
0.00038610533
0.00017479916
0.00029092914
0.00021315715
0.0003150165
0.00026551276
0.00024941284
0.00041801212
0.00030669037
0.0002172982
0.00018612779
0.00029793166
0.0003352382
0.00031064707
0.0003012304
0.00034127725
0.0003160167
0.00022310186
0.00017912171
0.0003300295
0.00049335236
0.00042521715
0.00031544946
0.00019926777
0.00048722985
0.00015318938
0.00025180352
0.0002783751
0.00025187206
0.00023408378
0.00026900746
0.00029593895
0.00023201061
0.00042511642
0.00025965346
0.000262621
0.00033241705
0.00028447818
0.00029657796
6.619674e-05
0.00030211842
0.00032358104
6.9456095e-05
0.0002547455
0.00033737457
0.00012129899
0.00016335223
0.00040272108
0.00026258768
0.00022557208
0.00018157886
7.350452e-05
0.00031647264
0.00010509541
0.00021276542
0.00022504984
0.0002570029
0.0003463003
0.00025305487
0.00038110517
0.00024034859
0.00023506327
0.00032373655
0.00034692656
0.00037545039
0.00033613242
0.000107475404
0.00037810914
0.00039346245
0.0003573358
0.0002473061
0.00021083847
0.0003012811
0.0004032331
0.00022857767
0.00031031418
0.00022537659
0.00033509283
0.0002584408
0.00032656104
0.00029366618
0.0003386427
0.00027009138
0.0004224989
0.00012708761
0.00029047302
0.00035100195
0.00030246525
0.00026168214
0.00030573763
0.00025275076
0.0002855478
0.00025533242
0.0002482904
0.00038290152
0.00032296908
0.00024671524
0.00038288764
0.00025502895
0.00026636405
0.00020171393
0.00031555363
0.00020077096
0.00032008477
0.00015436194
0.00025414818
0.00014497117
0.00030706427
0.0003633599
0.0003586687
0.00024668543
0.00023123069
8.247816e-05
0.00016753406
0.00024547524
0.00031448685
0.00029283733
0.00025788206
0.00031651597
0.00028814073
0.0003837535
0.00035574994
0.00026962036
0.00031575115
0.00039436904
0.00023616149
0.00030092936
0.00032406964
0.00030300653
0.00039050833
0.00030507633
0.00023733165
0.00024125984
9.658823e-05
0.00024891706
0.0002986028
0.00030306567
0.00016053415
0.00020397274
0.00040758107
0.00030169092
0.00031404203
0.00027904822
0.0003599919
0.00017472944
4.543456e-05
0.00030281342
0.00036707145
9.3745446e-05
0.00029769025
0.0002998118
0.00036300352
0.00029557885
0.00031496712
0.00026450708
0.0003210818
0.00018807314
0.00031172135
0.00033508078
0.00029937323
0.000101796424
0.00024539517
0.00033333973
0.0002746854
0.00023800036
0.00029022965
0.0003301901
0.0003678751
0.00023336701
0.00040472808
0.00026450076
7.3744384e-05
0.00031499437
0.0002269095
0.0002364528
0.0002720498
0.00030605323
0.00014349783
0.00019807962
0.00027640638
0.00019382458
0.00032489139
0.0002387948
0.00012512959
0.000107030566
0.000113027425
0.0002788159
0.0001718933
0.00024004078
0.00037997702
0.0002650634
0.00014990031
0.00021333761
0.0002701669
0.0002134698
0.00019322116
0.0003084458
0.0002700719
0.00031853418
0.000329552
0.00030816311
7.106727e-05
0.00036774427
0.0002666903
0.00038645844
8.842343e-05
0.0002684251
0.00017666319
0.00034852608
0.00029636675
0.00031968966
0.0002931129
0.00012209073
0.00019811859
0.00013689134
0.00019531124
0.00030824443
0.00028973428
0.00032751862
0.00023737745
0.00010851707
0.00026747154
0.0003099604
0.00028940162
0.00031771368
0.0002751193
0.00032900664
0.00024086551
0.00018484032
0.00028067175
0.0002847917
0.00023559302
0.0002703106
0.00029474177
0.00022857968
0.00023743717
0.0002514315
0.000266758
0.00022348562
0.00028660527
0.00013006917
0.000114828195
0.00027476816
0.00033056474
0.00021306623
0.00044592316
0.0002144463
0.0002840432
0.0002852777
0.00031773615
0.00021203281
0.00020510686
0.00023996395
0.00021636976
0.00032355386
0.00021187623
0.00029527047
0.0004246893
0.0001641174
0.00054476445
0.000341696
0.00024296653
0.0003483096
0.00021512732
0.00037722252
0.00030237602
0.00010472124
0.000204398
0.00022963471
0.0002583275
0.0002960632
0.00019272396
0.000336438
0.00030208818
0.00033003985
0.0001231932
0.0003226717
5.0983886e-05
0.00033856268
0.0002539536
0.00021690977
0.0003297173
0.00017701263
0.00025117304
0.0003688877
0.0001329404
0.00027784987
0.00025987052
0.00026095868
0.000204981
0.00022640314
0.00029477465
0.00040659925
0.0001604125
0.0003070557
0.00027264768
0.0003738209
0.00025046713
0.00038908265
0.0003038071
0.0004015237
6.5122775e-05
8.196449e-05
7.810615e-05
0.00024638954
0.00018196755
0.00027773646
0.00024888103
0.00031136358
0.00023790184
0.00027843346
0.00027200882
0.0004613064
0.0002493476
8.6076565e-05
0.00033242497
0.00023169996
0.0002711722
9.582656e-05
0.0003469866
0.00027116045
0.00029584675
0.00034698506
0.00029955804
0.00018343708
0.00010328687
0.00019973157
0.00025411425
0.00031539108
0.00028417463
0.00019733912
0.00028187293
0.00023110515
0.00034593767
0.0002997037
0.00020982162
0.00028187069
0.00032956965
0.00010767541
0.00032766318
0.00030183487
0.00024952783
0.00016051017
0.00021014186
0.00029295328
0.00041104195
0.00025277204
0.0002536912
0.00023709399
0.00021437036
0.00074213184
0.00034659758
0.00023200673
0.0003621166
0.0002523962
0.00020748406
0.0003602718
0.0003471508
0.0003525721
0.00034187807
0.00019940942
0.00025187337
0.000213362
0.00022694025
0.0005184713
5.48014e-05
0.00030141312
0.00018811255
0.0002786367
0.00026819235
0.00021702063
0.0003343902
0.00037611078
0.00031087137
0.00033811922
0.0003380766
0.00025961312
0.0002077705
0.00010036094
6.092444e-05
0.00026954024
0.0002397625
0.00021620122
0.00046453485
0.0003653196
0.0002632777
0.0003768709
0.00023966884
0.00030137665
0.0001932507
0.00020864376
0.00024375196
0.0004030435
0.0002605378
0.00031613602
0.00030949022
0.0003787367
0.00031156308
0.00012159614
0.0003226529
0.00018589139
0.00024892963
0.00029396973
0.00021181034
0.00016270326
0.00011611105
0.00026188118
0.00031990584
0.00033819297
0.00023707263
0.00034398682
0.00018293763
0.0003303163
0.00051691965
0.00026882096
0.00028320446
0.00028388176
0.00040301075
0.00022016079
0.0003337701
0.00025739288
0.00031736653
0.00014044544
0.0003026722
0.00032422144
0.00034240307
0.00025721316
0.0003517236
0.00026411633
0.00026947292
0.00031829198
0.00011424673
0.00033651685
0.00021414536
0.00044527178
0.00026188066
0.00026742846
0.00029619556
0.00025961135
0.0002888245
0.00023229144
0.00024293624
0.000277323
0.00022901058
0.00019907743
0.0002771473
0.00030652178
0.0001762883
0.00020561332
0.00012528211
0.0004606002
9.0602254e-05
0.00024259611
0.000237412
0.00032158644
0.00032430602
0.00024284146
0.00027781387
7.596465e-05
0.000338923
0.00031315399
0.00027387563
0.0005323847
0.00020125597
9.1239686e-05
0.00038124147
0.00030379667
0.0002618891
0.0002873351
0.00046143247
0.00038243842
0.00028548166
0.00020936762
0.0003242121
0.00034454092
0.00015723496
0.00025910765
0.00031595296
0.00023266708
0.00020195819
0.0003214221
0.00043555396
0.00027416716
0.00032287618
0.00019681368
0.00013519895
0.00014972796
0.00031994056
0.00015237638
7.204193e-05
0.00022017957
0.00027717298
0.00027321634
0.00035293846
0.0002615108
0.0003022587
0.00017759121
0.00034084532
0.00032576962
0.00034067585
0.0002716667
0.00011140949
4.3212913e-05
0.0002002332
0.00033135305
0.00040777578
0.00024566805
0.0002815198
0.00029197434
0.00029677703
0.00030606662
6.507467e-05
0.00031147347
0.00032478108
0.00031541294
0.00031941672
0.0002966472
7.721888e-05
5.5832632e-05
0.0003630122
0.00031646652
0.00020252341
0.00040090733
4.7169433e-05
0.00029198301
0.0003218511
8.8725625e-05
0.00032920297
0.00020874875
0.00034638183
0.00024295358
0.00029786726
0.0002016952
0.00026750274
0.0002271987
0.00035381553
0.00022367954
0.0002743534
0.00034065126
0.00014892223
0.0003082757
0.0002922395
0.00026692252
0.00017356583
0.0003643165
0.0004422404
0.0001824415
0.0002934769
0.00022764069
0.00028739395
0.00027795
0.00032618837
0.00032727924
0.0003473661
9.6093354e-05
0.00028889
0.00020778568
0.00032975757
0.00031538118
0.0002437276
0.0002774625
0.0003173992
0.00021272243
0.0001786751
0.00017531024
0.00025331107
0.00027001085
0.00038837062
0.00027373648
0.0003548083
0.00018872808
0.00026880688
0.00032279297
0.00025802778
0.00027600743
0.00023447086
0.0002762558
0.00030900483
0.0002884463
9.887653e-05
0.00017510305
0.00026968875
0.00011860235
0.00030822455
0.00023618086
0.00022180717
0.00025983262
0.0002885834
0.00033034539
0.00045896528
0.00028797478
0.00030515165
0.00016180825
0.0003126227
0.0003447421
0.00023172167
0.00026565473
0.00028308696
0.00029949492
0.00040821495
5.853054e-05
0.0003656819
0.00045650947
0.0002514128
0.00028727177
0.00021007164
0.00029721807
0.00018703355
0.0003171403
0.00030357816
0.0002595696
0.0002844658
0.00022508773
0.00029492256
0.0002293812
0.00043362603
0.00032428553
0.0002566039
0.0003941134
0.0002796631
0.00019856452
0.00040964564
0.00035245233
0.0001997338
0.00022325154
0.00020710871
0.0001690204
0.00022160073
0.00034005998
0.0003109031
0.00030744396
0.0002388949
0.0003215896
0.00030172974
0.00018961068
0.00028239007
0.0002858375
0.00026548925
0.0003134755
0.00026925802
0.00021855452
0.00040917622
0.00036074297
6.306535e-05
0.00029620933
0.00025634925
0.00035932573
0.00022025981
0.0003201541
0.00023914523
0.00023407367
0.0005080619
0.00024507317
0.00043102747
0.0003146379
0.0001699538
0.00031712977
0.0001913091
0.00026406464
8.33238e-05
0.00027165705
0.000108322776
0.00015594761
0.00025712632
0.00023446558
0.00032038608
0.00023368618
0.00018277796
8.7490786e-05
0.00021129951
7.1571936e-05
0.00028006468
0.00032689233
0.00034041502
0.0003330566
0.00032229093
0.00037731449
0.00028026177
0.00026152917
0.000328947
0.0005275445
0.00021570173
0.0004262695
0.00034769878
0.0003897999
0.00028898127
0.00032682475
0.0002864342
0.00025360356
0.00032701832
0.0002808087
0.00024359253
0.00025152342
0.00026694415
0.00034488432
0.00028619342
0.0001687639
0.00037467934
0.00023354488
0.00023666404
0.0004169445
0.0002420756
0.00025993725
0.00026680966
4.4519875e-05
0.0003324842
0.00029907597
0.00024552655
0.0003837632
0.0002439071
0.0002879941
0.00043438468
0.00020697297
0.0003329582
0.000325855
0.00032990042
0.00016565486
0.00029582638
0.00024245496
0.00033188224
9.6596894e-05
8.206617e-05
0.00036817876
0.00022887041
0.00036867298
0.000327328
0.0003826451
0.0002579038
0.0002561273
0.00032464135
0.00039296766
0.00030071518
0.00030885133
0.0001633443
5.5370638e-05
7.574541e-05
0.00019128753
0.0002483353
0.00037486834
0.00029969285
0.000121504985
0.00023893901
0.0002662096
0.00040565332
0.00037870745
0.0002467955
0.00035504522
0.00027192122
0.00024948176
0.0003029996
0.00028606362
0.0002319872
0.0003962442
0.0002257012
0.00030841105
0.00028736063
0.00029439098
0.00028711598
0.00037664638
0.00021176483
0.0002555475
0.00027810436
