0.00067203725
0.00048972014
0.00050325313
0.0005720125
0.0005747381
0.0005160589
0.000491396
0.00053796876
0.0005770307
0.00046353508
0.0005768632
0.00056842313
0.00056888023
0.0007345361
0.00045051836
0.00069379894
0.00068821316
0.0005529135
0.000762994
0.0005471722
0.00053401437
0.0006710448
0.0005730138
0.0006245095
0.0007044155
0.0003900839
0.0006507718
0.0005670065
0.00046805246
0.00038702672
0.00044392963
0.0005830716
0.00056565646
0.00047127597
0.00052716694
0.00048168542
0.00078481314
0.0004945007
0.0008275348
0.00051147846
0.0006066777
0.0005276728
0.00058011024
0.0010153818
0.00049867405
0.00066148007
0.0004723781
0.00046790036
0.00047556733
0.00064681686
0.00050630455
0.0006411249
0.0005241919
0.0005223485
0.0007271844
0.00051985093
0.000708034
0.0005525505
0.0005545963
0.0005636143
0.00051593897
0.0005547846
0.00061057234
0.0011590589
0.00067885645
0.00049414317
0.00039808138
0.0005891018
0.00072147127
0.0006541192
0.00088914635
0.00036124486
0.00065474544
0.0006689119
0.0008588872
0.00046177913
0.00067450333
0.00056861277
0.0005832322
0.000518078
0.0010172938
0.00063358276
0.0004000154
0.0005365459
0.0005466105
0.00055474846
0.00062117225
0.0004919283
0.00050705904
0.0007761665
0.0005893558
0.0005063023
0.0005891632
0.00054605387
0.0008621737
0.0005625296
0.0005928286
0.000678008
0.00064348336
0.00045736213
0.000524098
0.00066376186
0.00058144727
0.00044644243
0.00061237114
0.0006673695
0.0005394514
0.0007736802
0.00059497147
0.00061427854
0.00063089014
0.0006172924
0.00057700276
0.0006187799
0.00072751095
0.0004994134
0.0005724616
0.00040878414
0.00046020432
0.00055868964
0.0005344658
0.0009926064
0.0004871032
0.0005262819
0.0004715881
0.00046551684
0.0008787252
0.0005131613
0.00078472437
0.0005693579
0.0005615236
0.0007312336
0.00051466847
0.00054509187
0.0005206043
0.00058074953
0.0007163175
0.00052278844
0.000603484
0.00057861005
0.0005866812
0.00041539007
0.00053936674
0.00063164165
0.0004733116
0.00059542595
0.00053008774
0.00063953275
0.00051107066
0.0006194174
0.00070580817
0.0004809591
0.00052806764
0.000598696
0.00052640465
0.0006161032
0.00061747414
0.000401489
0.0006002154
0.00051530567
0.0008255732
0.0005456801
0.00051782007
0.00056152296
0.00050393294
0.0006465404
0.00064409064
0.00051289226
0.0005625342
0.00058853044
0.0006031744
0.0004914456
0.0007048197
0.0004914357
0.0004116939
0.00048863346
0.0006758821
0.00070678303
0.00056415645
0.00071522244
0.0005472795
0.0004635805
0.0005713995
0.000497243
0.0005455067
0.0005639905
0.00073458697
0.00080114213
0.0006409281
0.0008233841
0.0006444079
0.00071297
