-4806
-6842
-7071
718
5102
-3381
-8378
530
-7367
-1945
1556
-9248
-2360
-6230
-4938
-3755
-7835
-4914
-6468
-2950
-7930
2538
-4165
377
-8476
-3338
-4623
5990
-6268
-5323
-7019
-5084
-4346
1905
-9760
-2649
-3380
-7133
11221
-5820
-6751
-8077
-1330
-3194
-59
-2391
-9175
-3554
-9254
-5364
-4656
-5888
-10177
-5070
3568
457
-10183
-4364
-5266
-902
-6676
-6930
-6383
1843
-1908
-5729
-3417
-6358
-3112
-3622
4081
-6640
-5457
-5209
-6835
-2040
-8123
-1067
-5075
-4890
-3286
-8074
-4618
-1773
-3209
-6019
-7911
-5089
-5632
-7784
-4557
-5129
-3758
-404
-5891
875
726
-5763
-8520
-2969
-1364
-6571
-7875
-631
-4344
8019
-4397
-4839
-738
-6703
-7492
-7415
-5900
-8380
-4316
-5453
-2809
-2847
-7114
-1954
-5648
-2709
-1234
-7411
-8880
1843
-2751
-7295
-3650
-5173
-5449
-4937
-6512
-1667
-3648
-810
-6970
-2499
8347
-5463
-6649
-6266
4392
-7738
-4965
-5095
-1185
-1660
-5379
-4878
7456
-7508
-5069
3243
-7476
-6854
-5146
2753
-4060
-6124
-3061
-3379
-4769
-7074
-2303
-582
-6652
295
-8630
-5648
-6806
-8426
-7765
10017
-3678
-4683
-4516
943
-7087
-220
-481
-4509
-3132
-8056
-2486
-1763
883
-1206
-8872
-8057
8627
-6085
-5890
-6238
-7491
-3650
-1142
-4214
-5444
-1786
-5610
-2198
-7023
-3906
-7028
-3625
-7513
-4435
-6765
-1935
-4159
-421
-4501
-805
-4721
-5335
-4476
-6861
-3567
-6141
-7825
-5094
-4973
-5673
-6264
-7187
470
-3902
-5344
-4814
-6852
-7879
-7470
145
-3379
-5198
-3739
-6731
-5866
-8565
-981
5479
1907
-4674
2880
-6603
-2928
-4099
-9020
187
-3143
-5845
-3301
-5180
-6279
-6308
-4643
-1206
-4249
-6095
-8521
-14989
-4914
-3018
266
-3795
-8940
-5911
14587
-6104
-6154
-5286
6826
-5306
167
-2849
183
-6695
-2920
-7055
27455
-2737
4508
-5213
-2244
-4149
428
-726
-474
-3945
-6079
-2799
-3681
-3210
-6422
-7263
-6305
-5179
3190
-3853
-5340
-6585
-5585
-3353
-7631
1460
-21
-8680
-661
-4446
-2584
-1618
-4311
-3180
4110
-2677
-2336
-6673
-506
-5720
-13370
-4445
-390
3435
-1287
1645
-3489
-3210
-5603
-7150
-4138
-3421
-9066
-6260
-3146
-6509
-2106
-4488
-2833
-2838
712
-5295
-2590
-8948
-2660
2115
2858
179
-9999
-4993
-6912
-5781
258
2253
-1374
-4149
-4616
-4586
-4808
-6529
-9308
-6189
-6746
-4676
-1586
-3462
-6319
-9366
-6938
1480
-5061
-2816
-6432
-12192
-5738
-1528
8399
-5882
-6918
-7210
-3867
-2862
294
-6216
1606
-6185
-1985
-4618
-4556
2244
-721
-3870
-4145
-6547
-4645
-1052
4080
-4354
-1835
-2938
2310
-5125
-6599
-4495
1215
-3140
-5678
-55
2283
-3655
-4941
-6629
-4572
-6658
-5560
-4860
-1837
-11520
-5868
-4037
-3593
-9512
-2210
15732
-2519
-5127
-2349
-6082
13610
-6124
-5925
-2975
-2017
-4977
-5180
-6000
-5727
-4776
-3771
-7943
-8486
-2678
-4642
-4155
-6045
-3826
-8597
17108
-2173
-8664
-7115
-4636
-3932
-3583
-1167
2518
-6199
-8183
-6607
-8473
-2278
-7403
-8490
-5536
-140
2865
-10560
-2440
-2063
-6781
-7086
-4665
6430
-3077
-6929
-6784
-4250
-1714
-5930
-1738
-5930
-3083
-7530
-4995
-1689
-7632
1101
-2132
-1586
-7212
-7607
-1518
-3393
-7473
-6004
-7185
-5907
-3855
-7400
3143
-4560
-6399
-6716
-7161
-5911
-2787
-5620
-5023
-7448
-2062
-8739
3278
-7361
-2716
-2448
-7117
-3051
-2975
-1564
-6062
230
-97
-4897
-5925
-1265
-3813
-6834
-2657
-5329
-4085
-4193
-5562
-1980
-6443
-4646
-7402
-3433
-7021
-4292
-3594
-8084
-5352
-6791
-5589
-1523
-3508
-4274
-5656
-1119
-3396
-8023
-10247
-6318
-5453
-7876
-8878
4442
-6840
-7800
-5608
-3495
2237
-2181
3261
-2422
-2700
-1768
-7354
-6405
-6157
-1936
2392
2046
592
-7534
-3859
-7805
-2857
-7012
-5344
-5815
-8012
-6489
2748
2912
-6704
-2865
-2635
426
-4634
-6863
-4734
-3913
-5312
-5284
-4504
186
-1290
-6151
1811
-5653
-5103
-5497
-7674
1733
3264
-4521
-4197
-9262
-7005
-7829
-4895
-2654
-3836
-5479
-4472
-5893
-3961
-5171
-3940
-7580
-7677
-6279
3395
1819
2920
-5672
-6597
-3779
2150
-7164
-3125
-5391
-2228
-5790
-4140
-3214
-2229
-4521
-6256
-4610
1243
-4035
-4511
-5461
-5234
-1857
-7784
-6547
-6078
-3797
-6261
-4576
-3507
-3118
2685
-8126
-3787
-2914
-5132
-7633
-665
-6353
-5675
-602
-5602
-2159
1082
-2549
-3665
-5607
-8914
-5458
-5485
-6243
-4870
-4952
-5049
-6877
-3996
-6063
-8697
-6692
-11453
-3689
-7194
-6124
888
-7718
-5040
5122
-5379
-2226
6071
-3965
-1066
-4477
-5761
227
-8485
-6332
1480
-5694
-8174
-7364
-6802
-1310
1509
-4012
-1214
1350
174
-6643
134
-6052
-5090
-3873
-2546
-8044
-5182
-5840
2278
-7108
-4580
-6221
-5145
-5081
-5482
-3281
-3581
-7134
-3159
198
361
-4738
-7809
-100
-2272
-6425
-1837
-5262
-7841
-5350
-3426
10909
-1770
-5614
-2910
-7751
569
-807
-1926
-4522
-3342
-6505
-6089
-5277
-3461
-3605
-6492
-8212
-6828
-5975
-6204
-3497
6399
-1523
-2850
-6469
5067
-4738
-9402
-4595
-7024
8113
1543
-5337
-6087
-8299
-8625
-6824
-5675
292
-9654
-6811
-6050
4245
-6807
-2887
-7659
-5460
-24
-3787
-6491
-5799
-7400
-4191
7518
5206
-2931
-4671
-321
-6526
-2011
-9696
1069
-6573
-3600
-7274
223
-6518
-7727
-1664
-6471
-1847
-7268
1358
-5583
-1381
-1784
-5131
2807
-6801
1176
-3602
-4810
42
469
1064
-2334
-7242
-3548
-3530
6473
612
-5141
-6831
17742
316
-2530
-7443
-3973
-1479
-4960
4097
-2101
2543
-5767
837
-5171
-5808
113
-1707
-1361
2775
-2740
2811
-6482
-3346
-6364
-4961
-774
-8767
-8242
-6233
-2677
1910
-2104
-2620
-8446
-6831
-524
724
-2705
-4220
-9716
-6319
-6786
-1463
-4372
-7192
-8659
2146
1275
-3405
-2519
-5980
969
-4872
-5866
2703
-2817
-8046
-6407
-8079
-8394
5279
-3744
-3637
2943
-5060
-3904
-3413
-2398
-2563
65
28420
-2286
-3934
-7042
-8382
-2065
-3840
3482
-3165
-5154
-4659
-5285
-2128
-3531
-8359
-3459
-7055
-2237
-10376
-958
-5992
-7953
-6019
-3009
-2561
-2945
-6599
4374
-7247
-6736
21912
-2275
-3136
-6723
-5139
-2859
3475
-7690
-5455
1430
5617
-5077
-3059
-3591
3156
-4457
984
-6730
-7264
1470
-5081
-3749
-5778
-8449
-5619
1126
4330
-10119
-3210
-1726
-9574
-1758
-5580
3942
-5119
-6855
-8651
-5565
-5443
2202
-6537
-5716
-5625
-4936
-7844
-4019
3952
-2798
-4703
-3293
-3923
-3710
-2703
-4159
-345
-3711
-6991
-6572
-1422
-7339
-7246
-8877
-7540
-2363
-4465
-5284
-5214
-5760
-5005
-6752
-2090
-4690
5154
-4124
-7092
-8051
-5655
-3541
-5865
2752
-5272
-5067
330
-2108
-3453
-4770
-4639
-4970
3971
-8038
-423
-373
3906
-3140
8062
-4968
-3632
-4294
-10066
-6538
-4047
-4035
-4747
3860
-10394
-8617
232
-3707
-7487
2475
-6733
-3911
-5864
-4337
-4029
-7196
-8421
-8145
-4264
-4202
-2534
-821
-7499
-5808
-4491
-6246
-7426
-2799
2110
-5089
-3407
-2707
-7801
-5084
-4485
-6069
-8631
-7146
-4975
-6223
-5834
-4591
-6323
-3596
32216
-700
-10600
-2325
-5775
-5637
-6116
-6425
-9028
-7701
-5775
-1440
-2404
-4474
-3379
9802
-6710
-3924
-5234
-354
-6440
-7927
-1759
-4666
3690
-6777
-2439
-5352
-9304
-3754
125
-2975
-6211
-5899
-7989
-2094
-7063
-6278
-3885
-3687
-5132
6849
-4819
-8891
-4183
-4092
-5396
-5138
-8533
-5259
-1346
-3340
-6053
-5896
-2537
-3007
-6032
-8774
-5816
303
-4951
-4847
-4780
-5531
-5532
-4043
-4273
304
-4851
-5498
-1648
-3565
