1517948636
1571865563
1811842267
2146500959
1582970038
1529356003
1570060996
1295431498
1346961336
1285805438
1369049386
1325916407
2010593057
2044760713
1252487921
1532076144
1242985063
1664823755
1308814175
1328034345
1593646121
1989468890
1769486581
1137560024
1837582648
1931010385
1177788699
2057075220
2104418258
1117231299
1708215661
1234282757
2072209554
1222971242
1164610889
1568061148
1788684513
1257347471
1190082629
1408729662
1237043795
2013435122
1545228011
1089121465
1831914366
1664309479
1508925802
1520927193
1283612864
1767380401
1414154097
1130001803
1328319599
2115277354
1207205054
1843212079
1401669358
1769477890
1273257309
1689232948
1534539148
1523761846
1966026904
1790521797
1773896267
1537341849
1423934031
1386849929
1374923430
1830830859
1787440231
1250185437
1491144685
1491326675
1306900977
1086853999
1482719966
1095118966
1509671911
1670728726
1183782493
1090015058
1490730350
1339866781
1777333123
1434108107
1359059601
1433789624
1356034779
1750297595
1470275101
1379651088
1187080301
1576246621
1893255322
1516572206
1387976377
2014720556
1798878015
1256071495
1999222753
2080190033
1436797576
1185182183
2053151693
1351249354
1268315966
2101938896
1654023959
1082105637
1138224596
1783887330
1623243827
1264370457
1989633500
1183971896
1134842950
1425515711
2105913544
1426656729
1511533733
1560490658
1106165164
1607559177
1327502176
2077202529
1494272260
1226866141
1977375737
1297654745
1954721012
1772426031
1874774104
1161365991
1614128720
1120797491
1651309441
1791656169
1542850379
1684968445
1170918437
1415938727
2075374958
1155276473
1990328744
1491060336
1103463426
1501319272
1234547563
2009449994
1298964973
1580538219
1506823456
1359774271
1215726903
1774294754
1888096203
1215219784
1391216163
1587318891
1123287077
1117206249
2100313253
1310362882
1543411686
1257960411
1138604424
1399699671
1577944857
1557390177
1194008201
1715943603
1167115045
2102249711
1079130914
1532349130
1261046833
1532040359
1931059206
1995406068
1930018896
1551996925
1732022139
1836940570
1395548656
2122998650
1367790024
1287160141
2081788071
1982631985
2131155496
1868910540
1312119395
1468686264
1732881993
1764193526
1862084882
1430546005
1194210640
1408377439
1295980536
1189078616
1848629869
1076662798
1487980814
1535696524
1281744907
1280894767
1456059409
1564748515
1137390303
1138617204
1320065623
1748902251
1509946941
2062620812
1116689929
1584138662
1675793271
1800965791
1233522590
1749148654
1401755753
1275759164
2089311530
2088307005
1442524647
1179894751
1185331967
1279900466
2133386411
1743561654
1491846063
1199213839
1172559417
1136613777
1573258095
1182895035
1875373241
1767559835
1410277091
1823172697
2010375793
1548635728
1655806033
1417350430
1769293344
2025040837
1447947549
1108329366
1628283578
1932335183
1381424471
1088688472
1694081251
1885123525
1434528321
1950594535
1217007481
2010507174
2062029855
1139287143
1440189446
1335892645
2112431966
1634949229
1633360903
1181994030
1409522035
1077157648
1910002519
1574246006
1628629667
2120307648
1399262077
1106672283
1254847661
1755828107
1769943602
1830170122
1987029403
1526412974
1963191740
1569205488
1890681897
1444480532
1229640982
1146575701
1429061455
1410288848
1130360161
1266966247
1403539104
1909686592
2036664445
1301799114
1263326569
1638592102
1864420083
1878010056
1542429654
1100700343
1593336329
2076554317
1245408703
1697345575
1876961055
1340842423
1877357753
1683123237
1874633011
1211590202
1088989062
1424673239
1300197497
1543377946
1175146389
1284957854
1626893091
1808335376
1467403130
1716757447
1344558655
1656206821
1890909896
1378728867
1107239213
1907385130
1389747460
2089128006
1422736780
1986312177
1375517454
1757931730
1319942933
1107013259
1459052025
1452055622
1850603901
1512340421
1417239498
1587858216
1739350316
1380600658
1607037744
1318941986
1317631247
1757978250
1116891856
1277026962
2012560699
1181476942
1549682172
1091331421
1522688819
2082997591
1459039756
1285839178
1231513028
2017315451
1491155932
1349090009
1586734579
1687835303
1400882097
1711090954
1216774881
1115644507
1187903602
2097759254
1519604696
2021650501
1679301185
1781170256
1814615063
1794307809
1918024150
1171560004
1953248731
1692264416
1506749842
1168662473
1381236602
1297400674
1597193398
2102676059
1197004395
1331481425
1854088555
1320370304
1720191236
1835055232
1759804288
1544854317
1958771830
1404201375
1419090584
1122750308
1518890027
1448268333
1125295105
1332355081
1760672832
1234831795
1150924042
1862902305
1206084740
1410767340
1911363357
1806952300
1423629862
1613234105
1745647896
1738139263
1540805544
1446831069
1529571221
1707440924
1651014985
1688593937
1835598903
1756688982
1132969114
1112782760
2020664891
1365983668
2139586350
2037126834
1502486873
1782786698
1641727345
2077872724
1513565788
1205904795
1727934515
1192890443
1520867382
1882916381
2006129182
1986688938
1923354268
1572420735
1628156799
1329150824
1656898230
1562445009
1104054639
1129116007
1768722324
1228118091
1955428525
1119850988
2147407844
1560162973
1501779871
2023000092
1216784338
1254932522
2036506226
1123624986
1081508034
1273848266
1717261755
1135885560
1635740069
1344605686
1579333300
2116291081
1507375817
1086864479
1610927020
1262212134
1263796881
1792107055
1218983303
1775358835
1184651548
1834130967
1459733977
1303316892
1516591632
1903378277
1643086138
1225563581
1551548084
1241098191
1573502709
1117178133
1652117151
1229757537
1715664994
1541132206
1715592914
1205545670
2057263345
1795939587
1745695950
1378438501
1780682052
2001727164
2119615727
1922306290
1505877720
2061549319
1580256543
1218919657
1371582170
2042755753
2091023568
1432586239
1084213351
1682499307
1223076040
1791479291
1442535894
1746091626
1358316304
1988098851
2020431268
1257245230
1146005192
2075105295
1186918503
1806526719
1435813499
1248711112
1488056473
1779961247
1508309029
1463297102
1395179308
1166911072
2048504550
1874733208
1299183770
1543555847
1476814738
1709111810
2144680034
1972562963
1760698392
1180603925
1459613076
1444882342
1327866668
1280925440
2004473889
1560277484
1270932332
1375209707
1881198975
2138394212
1455723034
1143407741
1534592825
1464156444
1216720182
1657488421
1147233115
1927865174
1975046159
2009312479
1089829489
1125961721
1972731917
1093678252
1317976313
1266611596
1148041848
2119487669
1161205216
1231338195
1530059937
1195124170
1503368708
1373870340
1112624925
1228439641
1984867756
1341415744
1822413041
1242650221
1265123978
1636121686
1845709844
1322328744
1755791300
1409822626
1368831867
1977946246
1531558801
2084035345
1981229740
1925023876
1497759470
1545329741
1828149314
1344880716
1321951472
1344689013
1404132106
1114468727
1433846368
1721682176
1381824747
1671082483
1690301374
1117853951
1998038282
1839570228
1971206471
1304060701
1523572698
1529675252
1512410456
2022123880
1237479345
1741234120
1719790193
2142746643
1773120764
1886069005
1101380761
1453784530
1281902359
1589803110
1303405331
1684543119
1335497992
1676246202
1266067670
1558579760
1950862409
1096746654
1477528386
1530240905
1875617599
1496823191
1640721798
1407269139
1663209357
1453389110
1227819034
1160643653
2099830672
1498414073
1717804914
1237180288
1252904684
1695744725
1400013809
1245477205
1216665738
1903082287
1434280384
1232520109
2124315524
1209896568
1157271721
1808451931
1428586797
1697971550
1546839852
1370518856
1160247467
1361514425
1661221011
1826573258
1076343804
1885812123
1145261895
1589095852
1838461927
1783489610
1341584443
1645740333
1216079126
1206439008
1218416372
1140304193
1604903959
1276248902
1292052408
1384279060
1300492464
2122991493
1980080031
1358535101
2077835406
1982897814
1495899949
1316680399
1471277070
1150042718
1930607297
1150855540
1631781013
1643023259
1598929974
2024392625
2054508952
2118878819
1771348403
1941487352
1860994474
1496786384
1289989426
1589863177
1420907676
1854493432
1431490718
2050149364
1597007830
1221448351
2134798370
1140011781
1857170121
1111358022
1270653212
2138180527
1488351952
2052261679
1522093516
1099392160
1093649241
1271875512
1095456875
2079029589
1511372191
1652510782
1294298659
1768325115
1342129902
1462480702
2091796515
1200227055
1262624679
1594256504
1694260174
1736289710
1925563712
2102904570
1218279879
1279906089
1832991994
1803295880
1082280726
1280714822
1933485402
1445696186
1225253789
1258356597
1851110253
1721732531
1327505244
1119496976
1185185506
2118167728
1260231711
1192867183
1500396540
1352412866
1516460763
1919536561
1236686460
2032336808
1523793541
1463993879
1425386375
1201912510
1948546633
1588655702
1492144609
2143377219
1425908830
1708827578
1533993177
1913116802
1260166276
1571984163
1511355833
1493734468
1948400428
1587337806
1353320772
1769322994
1076407194
2050871191
1918336243
1457034028
1436619675
1522368035
1318024878
1081945629
1414831960
1106814399
1088581118
1803330642
1632640099
1991856491
1540352613
1587829077
1792825303
1112891648
1103756859
1951611841
1598559348
1225997086
1516102406
1422243720
1413765579
1924845464
1613186563
1902961641
1583540547
1473377115
1193588499
1851730861
1202465127
2071460633
1528681718
1667255063
1625521007
1655060691
1121440591
1940039098
1831892384
1599397219
1319364245
1430559296
1163257208
1388477618
1289041133
1508798128
1544006222
1252193976
2026846426
1178043153
1877545878
1942111538
1973426139
2056191851
1649936590
1340134655
1521968525
2073039245
1363528588
2129478732
1226985764
1509285437
1970217793
2032428826
1627695688
1079564419
1437943706
1628611774
1351813218
1146037909
1094472287
1214404406
1147759660
1213294061
1912119179
1182193145
1078752619
1545671740
1483044583
2093111344
1322840464
1248135491
2001548241
1128065856
2050029741
1727994837
1792888693
1143770188
1942610478
2049086050
1524931491
1210309113
1241233406
1791153907
1796786148
2134264668
1167612451
1307562481
1260172411
2006865578
1164015586
1375511320
1988694920
1692954803
2049155575
1216124624
1788610132
1271049654
1266713837
1423802139
1285013064
1506242723
1168320475
2098794963
1359383196
1483996454
1126209146
1562434785
1211459844
2109718470
1815082564
1142001405
2127458435
1419146050
1673284259
1326025294
1459696148
1187835356
1758252770
1569544675
1753309893
1651302284
1284409838
1449402960
1159353874
1198268103
2071634444
2126228467
2132980512
2139306208
2063217904
1169942540
1147574092
1693343577
1184664840
1388828818
1895095673
1806640208
1151459789
1463613029
1103330000
1742718670
2092150272
1105043061
2145195332
1448417861
1814079828
1964462605
1668900133
1851720636
1742979898
1153764318
1315294001
1661186505
1676651079
1829115243
1876727944
1196707894
1415654751
1123311615
1514701182
1082043270
1783161414
2028229757
1193990820
1225298775
1418592667
2011448820
1271593836
1215478456
1115595942
1198403574
1538984107
1100678361
1428157638
1108206931
1873346810
1605128891
2062845744
1920765507
1810988038
2053091626
1522086870
1425492195
1627778504
1405815772
1572658959
1169174193
1679148845
1721440119
1138574262
1586750427
2022417825
1132219938
1712606433
1113612452
1972810643
1482959722
1214801615
1922435626
1336386984
1750740558
1871594386
1711242528
1289621100
2103573742
2073787655
1531528128
1705404524
1184608095
1202309719
1762111884
1869318485
1554820331
1271643934
1769166053
1644854153
1511957014
1664234331
1202801502
1719975506
1085767425
1680860372
2044482616
1837374075
1935863545
1947753237
2110619220
1497168769
1991370587
1126333881
2138378875
1579569734
1190695313
1419777904
1407886167
2072194729
1077789502
1093896666
1100915561
1115643484
1352576452
1719002676
1516626394
1157435819
2120468167
1690582539
1227990800
1798119125
1960597101
1582997644
1232015291
1319932198
1659470377
1540673141
1746444360
1246561990
1684833230
1856827611
1122812675
1635806015
1845508428
1175944641
1617392788
1996428486
1153663099
1254348210
1781297547
1344491687
1445295398
1639604295
2083951762
2141721158
1963573358
1435996001
1090761934
1221712646
1295649784
1185659652
1650178136
1856841414
1233004224
1298609938
1776681332
1356818973
1515075387
1448637681
1209812218
1639868590
1132440780
1819809455
1783405260
1593916039
1424448307
1954849837
1169236561
1216203861
1510298653
1322866791
1689577503
1899168984
1577756988
1583275486
1332491062
2006441020
1324768232
1864466092
1266759335
1159813451
1532524985
1401251190
2016362558
1756840300
1244295291
1755267822
1429618672
1788024287
1341787904
2056089610
1846391797
1381917787
1735400207
2077259785
1419885003
1574426207
2030654931
1230760784
1776495252
1514062172
2112349150
2007129107
1724528331
1990451434
1547595418
1907020127
1192647364
1395035403
1424655347
1440436104
1871683337
1468318961
1086014083
1670850905
1115678247
1838879074
1802601659
1590814025
1546031631
1639344090
1176689984
1611571654
1668909335
1410750981
1246589084
