-777
-652
1531
-721
-275
-285
-124
-356
637
1466
113
461
-807
336
19
-384
-871
-1
1405
578
1084
-153
1074
279
1139
460
40
639
-265
-1562
-127
362
-450
-141
169
2769
-1492
-1888
-831
-24
1550
1187
-530
-1353
-181
2240
-300
-240
-260
587
10
-1146
771
-1151
-123
624
446
538
-899
-957
820
813
260
838
-696
-475
1292
-458
-1044
-376
61
1196
-982
-473
86
-150
-579
-1244
-633
195
-761
289
-44
899
1080
1101
272
91
-590
-774
118
-252
128
-785
1193
-1130
-9
-573
-148
516
128
634
115
518
246
884
390
296
98
215
1750
213
-671
1710
-449
72
-600
-642
-847
832
657
-15
-807
-1037
-284
2399
-663
-1045
-115
-178
-925
-360
-750
1451
1498
-533
400
796
-819
-985
-859
156
-285
135
-789
220
56
-743
2671
-30
256
280
-89
599
-1157
-2573
-768
172
-209
-1053
-168
-1451
-499
-249
-228
-148
-88
-230
591
-1139
1840
325
1807
-311
894
988
369
123
-1492
-1523
562
-1019
836
-731
-358
-447
325
-906
-607
38
-1042
38
