-5322
4211
2760
-570
-45
7303
23988
-824
4405
43148
22027
-11978
13047
3906
24485
-3392
15702
1127
10797
-1504
14290
22517
5718
-2447
4182
7868
18384
-915
9424
18122
12305
-3311
-7376
11827
7115
1947
2566
12821
-216
3395
733
45059
417
15137
27423
8959
7682
40157
20629
5986
31646
573
20127
-4874
4141
21698
15525
36155
-1435
7038
-62
-589
5427
-5845
9067
-2296
15245
16200
-1521
60288
29190
5304
-5472
8788
12291
-2442
23681
3450
15037
20267
-1581
14105
38161
142
21542
560
14519
1249
18790
30537
1176
22829
5993
17848
5554
19881
9823
-210
6759
-2493
28505
-236
9733
14847
8024
12581
-1158
-1089
-3624
12581
-21373
3545
19104
21921
5328
642
4247
13202
3360
-2188
10712
6300
14688
-1220
1678
7494
-9652
876
