2126014912
1260332193
1486039067
1393686902
1300411628
1369314086
1171713794
1113957524
1274798816
1799041677
1981899792
1688819788
1100593120
1659721209
1374852736
1825715375
1762888898
1251101110
1773139533
1284057455
1251762441
1659004767
1191760401
2132848669
1344541717
1088716712
1247105567
1523652287
1095826024
1770053321
1520483408
1716788593
1435144110
1168765359
1324316000
1424535253
1396704226
1232446055
1256061095
1206984799
1748229386
1410178852
1083067840
1459337815
1357492789
1369562086
1353414579
1714556599
1251128666
1613813792
1765644445
2045856043
1360248336
1949604778
1304613837
1643739035
1643435925
1586919651
1842055770
1136305012
2071758187
1124401048
1272346379
1698960202
1296209418
1211393675
1917585319
1739136081
1153003629
1330929314
1158376946
2019650789
1140631222
1891986286
1336881296
1362397663
2111410512
1354819908
1218310098
1701219751
2002869506
1336771074
1338369291
1248593562
1092023368
1116161962
1361929220
1090755817
1707722842
1598492950
1790058593
1589289422
1529383825
1510811437
1534288699
1567355266
1176067559
1345423492
1181578653
1703809965
1150661414
1659114989
1888045853
1402463320
1658233214
2137753543
1661870536
1792759030
1416902387
1258182867
1419106825
1761621346
1150551192
1412052624
1194226615
1308085827
1482319078
1726074787
1140961887
1218254987
1118035734
1319576459
1440600093
1392901571
1224413635
1419768156
1662476757
1128837479
