0.00038577
0.00045738
0.00053929
0.00101155
0.00094385
0.00049693
0.00021261
0.00040426
0.00046263
0.00016322
0.00017981
0.00030644
0.00039941
0.00060232
0.00024947
0.00033128
0.00015994
0.00090806
0.00032174
0.00046599
0.00045427
0.00030103
0.00086499
0.00038701
0.00048794
0.00019755
0.00022629
0.00027647
0.00019884
0.00032118
0.00055179
0.00124606
0.00026041
0.00042415
0.00024030
0.00051697
0.00050687
0.00022363
0.00045583
0.00043802
0.00063444
0.00025588
0.00039305
0.00026480
0.00024632
0.00024851
0.00024558
0.00031111
0.00022702
0.00029283
0.00032038
0.00074245
0.00024682
0.00035376
0.00094690
0.00029826
0.00059641
0.00028795
0.00066849
0.00041237
0.00075185
0.00040805
0.00023087
0.00030828
0.00023520
0.00043962
0.00034795
0.00031557
0.00041843
0.00024150
0.00042038
0.00036647
0.00020697
0.00068661
0.00024258
0.00024721
0.00019156
0.00049167
0.00044213
0.00030869
0.00072685
0.00024256
0.00024285
0.00045312
0.00039630
0.00040506
0.00049425
0.00039584
0.00030987
0.00029005
0.00032481
0.00028838
0.00055502
0.00027414
0.00027840
0.00028440
0.00042680
0.00024413
0.00042880
0.00030916
0.00020879
0.00060210
0.00034259
0.00025448
0.00030089
0.00019395
0.00030155
0.00032530
0.00025710
0.00022830
0.00025750
0.00127860
0.00041754
0.00025622
0.00086678
0.00047471
0.00107588
0.00031320
0.00082812
0.00044211
0.00020287
0.00023944
0.00026140
0.00050549
0.00088869
0.00051524
0.00030166
0.00020483
