-45
-21
-29
-21
-37
-30
-24
-35
-22
-18
-31
-42
-20
-48
-35
-43
-38
-54
-31
-16
-32
-35
-24
-39
-32
-27
-21
-39
-25
-26
-30
-16
-20
-38
-26
-36
-47
-46
-43
-26
19
-27
-23
-29
-32
-28
-38
-28
-27
-27
-40
-32
-35
-33
-21
-24
-36
-21
-16
-31
-40
-33
-15
-52
-43
-39
-49
-29
-31
-28
-32
-34
-15
-37
-34
-20
-40
-38
-28
-38
-29
-26
-21
-22
-30
-25
-30
-26
-47
-28
-14
-29
-24
-36
-25
-27
-31
-28
-35
-44
-20
6
-45
-32
-9
-9
-30
-39
-21
-17
-10
-44
-22
-31
-39
-40
-32
-31
-20
-32
-16
-29
-27
-34
-17
-46
-28
-29
-35
-45
-30
-14
-32
-40
-38
-26
-37
-30
-32
-28
59
-34
-5
-24
-26
-27
-28
-32
-41
-33
-22
-26
-31
-27
-29
-28
-35
-32
-39
-33
-30
-35
-38
-40
-41
-33
-37
-37
-50
-31
-35
-39
-32
-24
-42
-26
-23
-35
-33
-25
-40
-39
-27
-33
-51
-44
-54
-23
-45
1
-45
-35
-27
-24
-17
-36
-13
-45
-13
-32
-52
-31
-39
-45
-34
-25
-32
-27
-35
-22
-40
-39
-56
-35
-19
-36
-38
-51
-26
-38
-42
-36
-19
-21
-31
-41
-34
-32
-28
-43
-22
-48
-30
-36
-22
-19
-22
-36
-44
-26
-16
-32
-28
-24
-49
-13
-49
-37
-21
-26
-33
-12
-25
-26
-31
-33
-52
-33
-27
-32
-27
-48
-36
-27
-30
-41
-21
-20
-30
-38
-35
-31
-35
-18
-34
-31
-28
-25
-34
-40
-39
-33
-26
-24
-33
-30
-22
-58
-41
-14
-34
-40
-30
-36
-27
-35
-50
-29
-29
-31
-38
-35
-27
-22
-46
-63
-39
-30
-46
-19
-30
-44
-41
-37
-39
-36
-36
-26
-31
-33
-37
-37
-40
-43
-47
-32
75
-17
-43
-36
-33
-17
-37
-38
-30
-40
-32
-33
-49
-36
-29
-33
1
-19
-22
-46
-36
-22
-25
-28
-21
-16
-38
-31
-33
-31
-35
-30
-32
-23
-55
-35
-36
-33
-37
-30
-38
-21
-24
-44
-35
-38
-26
-33
-29
26
-42
-20
-37
-45
-25
-39
-33
-41
-31
-34
-28
-31
-31
-51
-13
-27
-29
-29
-16
-25
-40
-42
-25
-39
-43
-38
-31
-32
-33
-27
-13
-24
-45
-56
-33
-34
-15
-35
-36
-24
-40
-21
-32
-19
-21
-13
-35
-33
-34
-39
-29
-44
-31
-32
-21
-19
-26
-29
-30
-22
-28
-28
-36
-33
-46
-24
-28
-31
-26
-32
-38
-32
-57
-35
-32
-29
-36
-17
-21
-39
-23
-46
-34
-28
-28
-32
-26
-37
-29
-33
-41
-29
-29
-23
-26
-28
-34
-43
-30
-21
-34
-34
-33
-35
-46
-37
-59
-18
-46
-37
-38
-30
-41
-22
-35
-50
-30
-20
-46
-38
-44
-29
-18
-43
-38
-23
-18
-24
-34
-34
-25
-32
-39
-46
-42
-43
-32
-35
-40
-36
-49
-30
-31
-26
-45
-31
-38
-24
-34
-31
-14
-34
-38
-27
-19
-35
-12
-49
-20
-41
-13
-24
-41
-40
-42
-49
-39
-32
-57
-25
-34
-23
-33
-29
-44
-36
-40
-41
-30
-35
-23
-37
-24
-23
-13
-25
-36
-24
-25
-42
-22
-13
-21
-51
-29
-34
-17
-34
-22
-37
-36
-41
-19
-25
-37
-29
-36
-30
-45
-24
-23
-33
-28
-34
-34
-21
-43
-35
-14
-42
-45
-24
-40
-32
-44
-30
-23
-34
-24
-36
-30
-30
-15
-31
-27
-26
-22
-49
-47
-36
-42
-36
-25
-33
7
-21
-49
-56
-30
-30
-29
-32
-34
-20
-46
-27
-24
-27
-36
-14
-36
-36
-54
-36
-29
-31
-34
0
-65
-38
-26
-35
-34
-33
-14
-34
-49
-20
-38
-26
-28
-41
-22
-25
-22
-35
-36
-25
-55
-27
-37
-26
-35
-22
-17
-32
-39
-28
-40
-24
-49
-37
-26
-10
-47
-49
-49
-33
-14
-47
-33
-40
-31
-24
-38
-12
-32
-14
-41
-33
-33
-39
-45
-25
-33
-30
-20
-39
-49
-29
-28
-34
-31
-45
-19
-33
-31
-30
-20
-33
-24
-29
-37
-41
-35
-21
-23
-21
-39
-22
-26
-38
-33
-22
-25
-53
-28
-37
-28
-28
-28
-31
-21
-38
-55
-22
-44
-39
-34
-25
-43
-35
-29
-29
-29
-29
-43
-41
-33
-27
-44
-35
-26
-36
-37
-36
-36
-15
-39
-20
-33
-35
-33
-29
-48
-32
-28
-37
-33
-26
-17
-15
-30
-17
-34
-19
-27
-22
-40
-36
-34
-28
-17
-33
-41
-28
-26
-27
-18
-38
-26
-42
-40
-45
-47
-33
-33
-24
4
-30
-33
-34
-38
-13
-30
-23
-31
-33
-28
-27
-29
-30
-25
-39
-24
-26
-27
-56
-41
-29
-27
-30
-30
-32
-32
-34
-38
-41
-21
-16
-24
-26
-37
-28
-40
-26
-43
-41
-41
-28
-33
-38
-45
-53
-38
-31
-31
-19
-53
-49
-27
-43
-41
-48
-23
-36
-30
-35
-42
-18
-29
-23
-23
-26
-25
-36
-50
-30
-40
-19
-9
-42
-32
-24
-45
-37
-47
-34
-36
-35
-20
-40
-32
-31
-45
-26
-19
-31
-30
-27
-35
-33
-52
-26
-23
-36
-29
-38
-34
-24
-30
-38
-43
-27
-35
-17
-37
-26
-27
-39
-49
-24
-28
-30
-29
-39
-28
-21
-26
-45
-55
-28
-38
-25
-32
-43
-43
13
-37
51
-28
-26
-28
-35
-34
-28
-3
-40
-16
-37
-43
-29
-22
-32
-42
-26
-33
-50
-28
-25
-33
-36
-18
11
-39
-35
-41
-34
-19
-27
-33
-25
-23
-34
-39
-42
-33
-17
-31
-9
-36
-18
-43
-51
-26
-51
-14
-18
-44
-17
-40
-44
-27
-37
-4
-23
-30
-12
-29
-30
-30
-34
-27
-32
-24
-33
-51
-36
-41
-36
-39
-18
-34
-24
-32
-30
-48
-32
-16
-5
-28
-44
-38
-35
-24
-30
-21
-32
-39
-30
-26
-38
-30
-49
-22
-32
-41
-40
-25
-42
-24
-28
-38
-51
-33
-25
-36
-25
-27
-36
-24
-58
-35
-41
-42
-28
-66
-27
-30
-37
-4
-32
-12
-34
-32
-25
-7
-28
-32
-22
-21
-33
-17
-39
-33
0
-39
-29
-37
-38
-30
-36
-42
-37
-35
-38
4
-25
-27
-32
-28
-31
-47
-28
-42
-43
-42
-12
-56
-38
27
-22
-32
-42
-27
-49
-18
-32
-40
-32
-24
-38
-25
-41
-41
-41
-15
-25
-38
-34
-24
-31
-42
-25
-42
-15
-50
-19
-33
-36
-23
-24
-26
-40
-23
-15
-33
-35
-29
-21
-20
-20
-21
-30
-18
-39
-28
-27
-36
-33
-29
-35
-28
-43
-29
-35
