0.035528574
0.0076970174
0.032096203
0.050288513
0.039159052
0.023532165
0.017176356
0.047480233
0.011068796
0.016206585
0.010670982
0.013508674
0.012188582
0.0083616655
0.013091922
0.006444296
0.0060132127
0.009779828
0.014243929
0.03219113
0.026676599
0.042481642
0.01245589
0.016194347
0.015319089
0.028253475
0.016305836
0.05038922
0.0114044575
0.03972057
0.034028072
0.025203736
0.011823783
0.009649561
0.008804171
0.020201651
0.03698465
0.009039972
0.032806944
0.019608505
0.025783224
0.005008436
0.01605407
0.03858787
0.026036415
0.0054387776
0.044963453
0.017476866
0.04691474
0.0108859325
0.021326106
0.013438385
0.009170407
0.015834065
0.054745894
0.0096140625
0.023214962
0.007959763
0.043664504
0.04890926
0.02460352
0.0073154373
0.03529157
0.031027863
0.016034747
0.010043788
0.00868958
0.016471632
0.0033523773
0.020533325
0.02339134
0.028064689
0.01127421
0.027062446
0.046095997
0.013515931
0.014281631
0.021068491
0.039483204
0.014117501
0.023939094
0.0038222559
0.00702128
0.12826346
0.04328533
0.023596354
0.02171715
0.065494806
0.017298836
0.07530938
0.018292747
0.026245432
0.0048341933
0.017273312
0.022635749
0.011982557
0.013305041
0.016961562
0.03999604
0.021461109
0.0062428196
0.007421728
0.012521761
0.0070003048
0.010932917
0.013941498
0.009020272
0.14929335
0.013382241
0.009288072
0.020207662
0.021262174
0.038569614
0.05086347
0.024178632
0.0098308055
0.0067407726
0.008399882
0.02677588
0.0047292938
0.033009376
0.04984826
0.042937726
0.015806435
0.020209258
0.08537944
0.017650012
0.07316711
0.0061633266
0.013486221
0.003706807
0.012320297
0.0069336677
0.054725103
0.07995109
0.009306072
0.053509876
0.030943008
0.009472805
0.016922042
0.032970358
0.006386897
0.011700215
0.061384622
0.0043960544
0.0059635257
0.035259213
0.037963375
0.038695138
0.042641852
0.044524398
0.028511181
0.024598207
0.03369943
0.073180236
0.012652037
0.007969344
0.018333882
0.042846724
0.00829566
0.012497764
0.008983806
0.011156999
0.032869726
0.013364501
0.014422091
0.018344069
0.11768799
0.03800636
0.0231174
0.06894164
0.041801162
0.026058987
0.015632885
0.015605704
0.0326119
0.011605896
0.02118048
0.015220371
0.008099605
0.015519151
0.0043203877
0.0314066
0.00593876
0.045698233
0.007561035
0.00597312
0.027465705
0.023716893
0.013579818
0.008034433
0.011085875
0.043902006
0.009569533
0.017869823
0.0378094
0.055739906
0.047415607
0.020008644
0.03890225
0.005097143
0.022861995
0.05859934
0.012693801
0.023474814
0.030781914
0.017447297
0.025003536
0.0041415826
0.06097568
0.014722671
0.014215119
0.0379521
0.04767163
0.05775954
0.026466653
0.026551347
0.032308206
0.0060767564
0.0056569893
0.01536245
0.03181133
0.016187433
0.009765851
0.0323826
0.008755121
0.010185153
0.023758015
0.007264287
0.006921293
0.023251276
0.037983764
0.03387
0.057217784
0.0049207625
0.008493767
0.018000724
0.025792068
0.011197173
0.015842652
0.024247738
0.0038145164
0.023241367
0.044415187
0.060665347
0.014905744
0.013295623
0.023454573
0.026942106
0.014409418
0.04165473
0.09450585
0.069920495
0.028657764
0.04268349
0.016358541
0.0042293943
0.025066737
0.011197572
0.06281736
0.023084935
0.0064448114
0.011374075
0.0041529555
0.056370627
0.016394595
0.00883805
0.012055714
0.0074525266
0.02275357
0.018390011
0.06753361
0.008998491
0.016114214
0.012110766
0.028525617
0.007879063
0.0062688985
0.054835092
0.036930136
0.052017458
0.028072683
0.014631176
0.0551048
0.008959416
0.04785299
0.021521052
0.020516742
0.019514458
0.007575354
0.009313593
0.016082048
0.009120101
0.020605616
0.03250968
0.010093962
0.006010516
0.011671525
0.013278621
0.010696017
0.010917253
0.011150059
0.010483046
0.032496158
0.031876612
0.015735859
0.024148542
0.02595936
0.010112389
0.012687259
0.031947598
0.029948704
0.010804872
0.01672182
0.014806483
0.01331713
0.044407003
0.015874479
0.03563152
0.026634736
0.047932524
0.0061310953
0.010229367
0.07734511
0.036453623
0.010493717
0.017047
0.025418289
0.023268294
0.06532664
0.006573137
0.020725545
0.013036435
0.02070665
0.018374948
0.014606048
0.026734924
0.06834091
0.008604003
0.047430567
0.0097291395
0.0052217916
0.041725125
0.014630813
0.04574261
0.013045567
0.033799496
0.00768177
0.038583845
0.026306517
0.06209736
0.03300415
0.006985451
0.033879794
0.04554219
0.06415453
0.012838267
0.0077252067
0.023323687
0.010216465
0.07712994
0.03321026
0.01963669
0.009206642
0.044195525
0.036186803
0.02398131
0.05322443
0.020763377
0.0120891845
0.028049493
0.022932133
0.079601355
0.049775187
0.006727893
0.057563048
0.008833762
0.04639642
0.0134835215
0.015169563
0.01841905
0.032284558
0.020464387
0.01065759
0.03430353
0.025424372
0.022445066
0.020337252
0.008831682
0.030301265
0.03973351
0.015613662
0.07420189
0.0058627613
0.098197825
0.024449896
0.012066409
0.011129836
0.062615246
0.009311496
0.024849707
0.0080925375
0.097494625
0.012593445
0.026022803
0.0031663114
0.040803626
0.01921628
0.022272836
0.062133018
0.021722512
0.009308585
0.0138141615
0.0070083677
0.026587581
0.01752551
0.00942023
0.013360182
0.021557668
0.015151617
0.01237153
0.010254375
0.021567682
0.019291418
0.013583381
0.007172783
0.013193835
0.01084568
0.0077732527
0.023050997
0.04706367
0.017905174
0.011132976
0.048877344
0.011361773
0.09392085
0.012575261
0.09067967
0.01810715
0.06296144
0.016583243
0.02307008
0.04438935
0.00800994
0.045213263
0.03701607
0.010132589
0.032866355
0.007826677
0.020419914
0.02295771
0.03272111
0.004898491
0.0102536045
0.028840486
0.020244429
0.018074688
0.018284893
0.012215382
0.012450561
0.011217894
0.030068489
0.014234482
0.014283504
0.01584793
0.013615563
0.01829096
0.034638755
0.047123127
0.015449679
0.036097497
0.0074424315
0.009800798
0.006401275
0.008301145
0.009357548
0.050476454
0.015566081
0.012555986
0.08157336
0.03185793
0.16080901
0.00826077
0.029832851
0.035263963
0.0052917874
0.013920361
0.052680098
0.053171545
0.013675359
0.031097088
0.017948313
0.01046849
0.026101263
0.03741592
0.027198404
0.008083154
0.0122696385
0.004697289
0.047856707
0.03982223
0.017842758
0.010188331
0.036249567
0.019652003
0.035662014
0.037292846
0.0065099974
0.06917706
0.01038251
0.009985489
0.013628029
0.032037146
0.014634735
0.049321257
0.027575042
0.009591906
0.012363561
0.017844537
0.030993318
0.0048241513
0.013000511
0.02167852
0.025644993
0.024993487
0.019116594
0.02922181
0.01987192
0.024732737
0.04643117
0.0055637234
0.037666
0.011896434
0.009838462
0.014440011
0.01864496
0.046735547
0.009609334
0.010503943
0.07339728
0.028211271
0.02183661
0.0147007415
0.017545188
0.011411565
0.013147
0.003996982
0.027973425
0.040103592
0.009334405
0.020853573
0.027777402
0.014848231
0.033389248
0.089105085
0.082451664
0.041301053
0.068676546
0.018821893
0.0054105455
0.06630495
0.055581834
0.010086872
0.08832672
0.011212563
0.0445882
0.07322789
0.02431446
0.08376012
0.014070069
0.029228874
0.06484766
0.010911147
0.016782044
0.010651496
0.034918994
0.016901545
0.0411639
0.018720224
0.009544975
0.023511283
0.007780417
0.024721794
0.010791612
0.021652304
0.01478178
0.011165465
0.018869318
0.02992454
0.04076299
0.013040776
0.010530143
0.04906969
0.009241733
0.06397405
0.012347489
0.019584699
0.054922745
0.09922126
0.0439447
0.008269554
0.0061474764
0.01137717
0.012406546
0.053438086
0.013728468
0.022554055
0.028796066
0.009156887
0.030801997
0.022779632
0.013214875
0.06594053
0.01790396
0.01453299
0.039402217
0.006480466
0.007826102
0.017845733
0.02269463
0.054988004
0.04097875
0.00781355
0.025377208
0.009694592
0.05772566
0.018867731
0.00500511
0.02272884
0.019786343
0.00998346
0.013647012
0.040520407
0.014725458
0.041172497
0.025390923
0.016871173
0.011054489
0.02738886
0.009270689
0.015667174
0.012884565
0.01308938
0.00754383
0.012631388
0.031158948
0.017238311
0.02574964
0.020233339
0.03541035
0.038246155
0.019016888
0.037204597
0.01614224
0.01575536
0.009973842
0.015020363
0.02893345
0.0142057715
0.0066124857
0.010694495
0.024959933
0.022267742
0.003851428
0.07660961
0.052239843
0.017171156
0.005344987
0.017227864
0.072923675
0.029029993
0.018830752
