-1305
-1670
-1050
-1265
-1348
-1363
-1903
-306
-2634
-513
-1353
-2964
-2302
-1155
-2406
-1948
-3767
-2825
635
806
-1615
-3684
-2637
-3098
-3588
-2593
-3518
-1905
-2019
-3340
-4689
-4539
-4317
49
-354
-5030
-46
-3672
-2348
-3286
-1771
-2040
-4669
-2950
-467
-2012
-107
-3636
-2843
-2505
-1307
-1690
923
-1430
-256
-1018
-1838
-3206
-3253
934
2522
539
-2536
-2634
-96
-1144
-1283
-1732
-1547
-1680
-2446
-1076
-1891
1053
-2852
-468
-563
-999
865
85
-1476
-2617
-1332
-6333
-3041
-1604
-864
213
-1064
66
-2368
-3108
-3433
-3023
-4667
-3255
247
-3310
-4650
-2288
-2642
88
978
237
-2858
-2196
1241
-4550
-2711
-4456
-4481
-3382
1446
-2045
-1350
-5948
-3878
-3655
2225
-2232
-2132
833
-999
-3254
-911
-1963
-1190
-2687
-3830
-3914
-1973
-2702
-74
-4852
-1800
-4674
-3920
-2033
-3683
-3079
-3851
-1685
-1966
-2720
-2666
-1468
-2317
-3124
-1615
-877
-2069
5828
-3171
2471
139
3159
2248
1665
-2044
1730
-1293
1590
2250
3598
-406
-3691
-1848
-4236
1579
1379
1888
5521
2173
2686
4285
-5614
-357
741
4641
1463
1673
360
2431
1586
5272
2327
3128
1987
-1106
4487
-3113
3531
1789
-390
-2324
5010
856
3459
-287
3713
462
1257
352
3408
1525
879
342
621
3485
1617
-742
1909
1718
-650
1000
2995
621
3203
1858
1321
2298
-1857
1356
3492
720
1596
-663
2421
205
590
1526
1860
3962
-165
1502
2279
4944
3659
5175
2681
2795
2840
2440
1887
-1868
2761
1213
513
4249
4047
4567
4654
-1915
3925
3398
-1567
497
1661
4190
3430
-590
1694
-3892
3382
2900
4326
2335
2579
-8210
-1828
1942
-1863
-602
1732
-1670
-1824
-2197
-1968
-1293
-1104
-522
2711
1893
273
3059
2699
-2255
-2553
-366
-1046
-1640
-5457
-1611
-1549
-2344
-1881
-386
-266
-2072
-578
-4582
889
-1081
-2068
-4367
-2025
-548
-3166
-2194
-2698
-16
-4297
-2940
759
827
-1077
-3113
-4144
-1918
-2814
-5230
-3989
-3830
-1513
-2767
-3164
-3644
-1649
-2305
-3180
496
-2089
834
-918
1367
-3197
-1647
-738
-1690
-3782
470
-2075
-508
-1565
-2632
-101
-2072
27
-2101
-1917
-2377
-2630
-1485
-107
-1290
-51
4842
682
3933
4271
-2362
3869
1623
377
-1620
59
-1890
267
1001
1005
1234
2353
-2147
-86
-1920
881
-3562
-1327
-129
-1987
1253
1329
1736
-611
-3234
-111
-672
-1216
-1269
-2392
-2304
-1658
-6668
-3814
-751
-2257
-3480
-4368
804
1769
1384
3608
3300
-2846
-3565
-333
-3293
-2950
-2327
3053
-871
-2941
4964
1736
1111
-610
-71
71
2910
5593
1545
1882
849
371
117
-530
-1240
3313
3188
1408
-2054
355
2451
-348
-227
2420
-1349
-127
434
-368
2813
1870
-1286
-849
-1074
2852
311
3855
2295
-3219
-732
75
3
1617
1239
3193
2689
3667
121
2203
-996
1673
3528
7783
505
-707
-3652
-1917
-1024
3636
1044
271
-2775
1761
-530
1686
-3774
-358
1899
730
2052
1808
1543
198
-2587
-2949
1377
4113
4103
2598
1315
410
527
927
3373
-2387
-501
-1812
-1115
2914
-1824
3722
1389
-1861
1884
-98
1901
1206
4287
-3812
-1971
-2333
811
2377
3431
6012
487
-2415
378
2834
-1389
-269
1581
6648
-2491
-2097
177
196
52
2018
4215
-4655
657
-2038
333
-1725
-590
-13
-900
3283
-1309
740
3858
2803
-1452
2120
1583
-4570
-1971
-1870
-3817
-495
3971
2741
-2837
-4138
207
2438
4741
5309
-1011
-2249
-3059
-717
-1578
-3585
2138
920
1980
-3738
3144
-1803
2677
-2120
2346
-690
-3515
4312
2522
655
-997
-1971
2987
2780
-1591
938
-3576
6930
-524
1164
-3735
-650
-2213
4010
564
-2708
750
-1747
360
603
9448
1757
-630
-915
3780
2649
2722
-580
2690
-2235
3036
-301
-2496
3060
-916
666
1840
3387
3923
2063
5807
-494
6733
-1134
-237
-1786
2723
-2745
-2061
3082
29
2102
2670
1835
-2879
-4245
3286
2048
3152
1739
-4465
2744
1572
2855
2328
161
1363
-235
-857
1815
3936
836
1364
882
-2933
3429
-685
686
-698
2864
546
-2842
150
-2252
3357
-2219
2866
1294
-4182
-1243
-936
-590
926
3296
2794
-3005
3129
3904
4607
-2104
2145
4463
284
4975
-1329
-1556
-4401
-2381
-513
-2891
-1716
1177
1732
65
-2436
2243
4536
-1182
327
1336
5692
1140
2174
1592
1931
-2372
-2717
1156
914
-800
94
593
-4069
-250
1750
-2774
2092
-4587
-266
1855
3123
-2236
2354
561
-4417
783
-1003
-1394
3519
-5135
-1065
5929
-108
7561
-3882
448
169
3124
1157
-1477
-19
-1730
778
232
1984
-192
-1830
2422
-1117
4142
-425
-3471
-399
3098
1322
-2547
-83
-3770
-1621
563
1606
5662
572
1528
4100
1844
-3123
1302
-425
8016
537
-3560
3672
-91
1798
-220
2807
-802
38
-571
-2476
-2495
4747
3047
5589
1364
203
-2732
527
979
481
1436
4033
4540
-467
-42
5742
2805
-2050
4111
-775
-2077
-2749
-1789
1311
4972
1679
-1049
3663
-2921
-1998
-1905
-4249
8275
-1776
-944
-2844
-2155
2742
-1617
-3431
-2643
840
2519
809
497
-503
-296
3286
-3233
1653
5
-1479
-2679
4087
-3604
7464
7111
2390
-2279
1020
-1466
-9
-367
1680
6961
2005
-1504
2082
-1901
3221
5576
6908
607
-599
2509
-2650
-5108
1074
2601
193
1211
1867
968
-3019
-2004
-955
-1303
901
-400
-305
-2917
4720
-103
-3900
2296
4078
-108
176
2097
4167
581
2161
-586
817
1303
-3255
-3538
701
2240
-3143
-3761
2406
-2138
-1246
-3669
1358
2480
5286
6713
327
-3540
2861
4496
2202
2282
-852
4493
-916
623
5597
1682
1914
-2125
-2706
-239
1124
-992
2121
3618
724
410
554
139
-934
-1242
-3650
-1531
-1497
3574
882
-1039
1787
-3310
-750
-1887
-880
201
-1654
153
-2963
-1595
-810
-1488
-2961
-2996
-2054
-728
2084
1168
2621
-282
-680
-1158
-713
-1117
-2050
-2678
323
-1584
-1601
1563
-769
-1396
-4577
-3044
3958
482
3268
122
729
2944
-1056
-239
1443
2550
1589
3656
2697
1676
127
376
-1290
-411
2013
1453
-1747
2539
-3111
24
-1131
-3020
-1956
-5848
-3744
-602
114
-5033
732
2503
