207
-506
1705
5573
6097
-130
1667
670
10350
519
359
340
3692
-609
244
9668
1098
1283
480
-121
1099
291
1517
-350
1297
302
187
588
-609
-685
-1097
1413
-326
1227
265
2146
582
1080
48
-508
392
557
1114
279
-290
659
-178
6627
738
-129
305
592
2015
829
114
862
987
874
-104
2065
1374
2374
1207
1563
569
823
108
-592
-328
613
257
265
1424
186
561
1336
668
750
1626
1420
1062
1089
638
4537
1126
-947
4893
1099
267
874
1238
1458
-557
470
716
337
1555
701
-414
-181
-161
-395
598
-207
659
-2360
3200
670
690
139
-182
1048
1468
978
1127
668
-22
28
1103
427
840
471
990
1149
-677
-9
-25
399
1192
-318
1325
974
1361
517
861
1269
143
-63
89
-2340
592
2236
505
1358
447
-190
3561
6260
8085
1041
391
385
1442
361
-494
450
1012
234
298
800
679
-1374
1748
404
709
624
1629
-1149
616
525
624
-112
-134
-860
3293
1461
482
220
-1321
767
27
-851
-70
565
6
888
484
568
921
500
400
305
385
1135
1590
885
63
1201
-282
815
681
1149
142
2266
-1210
1104
1758
916
3247
208
966
1389
748
-2687
-719
2309
-1098
1054
-1694
-81
1114
335
1807
-779
238
-306
-651
274
574
-229
705
-391
543
200
433
1478
1422
-606
116
497
-202
1692
265
570
-628
-1236
1
-2234
-1279
1271
67
624
1485
4357
1854
-357
941
144
201
1951
1784
975
975
2137
-444
515
854
560
2454
784
-1257
-433
-112
1328
1043
35
-232
-58
1069
21
645
779
-518
465
583
-793
598
156
-395
4235
511
1793
674
1112
282
113
-67
-886
-859
1742
1226
911
1325
1229
42
611
485
-2303
-282
268
1023
620
827
182
1917
-273
2527
727
1419
-31
65
757
591
-2257
1014
433
-54
614
85
1010
-574
637
1755
705
194
295
629
-596
1052
-659
-628
415
384
-719
361
182
1276
23
-231
82
1383
884
-1563
1465
1756
-816
1111
178
646
-813
1119
-2477
1104
1410
2068
705
-2240
1537
-1929
462
342
769
-424
515
1051
-914
563
376
1615
834
65
493
1596
1015
1316
713
3188
951
-137
290
1065
-199
-233
19
-224
-113
-1652
-4719
1787
290
-1024
261
880
431
-539
283
6873
-4623
715
208
750
1322
-900
316
63
-257
479
305
163
538
692
1389
1053
1412
505
-318
1567
-333
1951
-477
293
1885
88
-177
978
-1054
-1244
883
925
-1177
-182
194
3122
-358
322
621
54
-1609
-1001
1099
27
-106
327
1118
708
1267
6
424
613
-26
88
218
796
754
-389
-2223
183
1063
182
1193
1325
-229
249
766
80
783
520
302
726
281
58
525
400
292
61
2284
-195
1031
1389
-101
-1863
605
-304
747
-2037
-1963
-382
1851
1575
1365
1233
981
79
-476
-20
556
789
9
893
321
1411
86
341
468
251
357
680
1053
642
711
148
290
351
412
163
-42
1311
43
1348
790
1129
-30
921
4678
200
410
-2230
4837
-587
966
-271
1911
-154
566
1108
1766
336
300
1114
301
-404
3818
613
306
-1371
-1557
1244
526
-580
1530
1490
-420
1409
-1116
-310
235
-346
-179
-17
803
-92
1945
255
-700
-864
10
885
-567
187
-31
666
-299
1592
1257
-1118
68
940
214
-591
-88
1202
23
940
222
785
-471
531
-953
1357
748
2017
1243
-647
2381
-317
-1212
34
105
1079
575
60
1363
551
-1085
1131
203
706
86
192
1697
1251
496
1045
1493
907
272
-136
308
696
180
-2770
-778
700
1319
733
671
879
179
-456
1812
266
597
-68
927
-1509
81
686
-1329
517
1463
-435
1316
10
-3585
1397
370
3369
359
-1231
-676
1456
697
1188
562
778
-310
717
-345
333
-862
1276
580
562
1166
640
-179
916
4401
166
551
521
1095
301
-178
1411
846
3448
-48
937
939
1603
-350
2788
109
671
-1219
51
288
1809
-309
275
-153
3874
1459
-2353
772
563
1114
1575
713
690
50
303
415
-338
639
763
807
1726
441
-1490
1319
263
-893
1390
-2279
467
1177
3735
1823
678
440
-206
-627
-420
706
-256
-8
328
-346
-154
407
-876
7487
609
-24
64
-170
-889
1481
45
301
-295
1164
1730
-12
31
-94
494
8353
340
809
80
20
2009
545
1609
703
44
-289
-7
357
-1127
220
511
-1708
53
-1
1457
522
-147
930
850
1052
715
1137
1324
-3323
-499
1687
-471
112
1005
254
-149
-745
1206
775
1828
-135
770
380
-367
1048
1414
809
663
983
228
-85
-633
586
-2401
837
743
731
646
-2035
5
1423
289
-79
818
146
972
-298
824
1460
-207
-1082
1092
376
552
429
476
-468
1498
553
3279
1974
-818
-438
894
1039
-18
-189
10
758
-454
-133
357
217
6510
1075
-99
1253
859
1716
300
366
1137
-466
930
-807
923
190
2802
-3772
2084
363
550
1083
1180
-132
129
1590
-266
25
-124
347
459
771
638
589
301
1314
79
1057
1354
410
79
1
60
156
1748
1138
-834
913
-248
-120
1223
785
821
1335
-880
1655
601
-515
-336
722
1382
56
1073
168
959
1135
-523
519
10
-207
848
792
-1424
606
1156
1600
-227
-1091
388
95
-1717
1088
2039
-536
541
586
685
1282
-7
1829
273
302
886
-2269
-599
1292
-364
-154
1416
289
981
1414
473
7921
688
1150
1506
692
1014
1098
357
-507
-344
332
429
378
-1044
1023
745
3646
-898
-720
-142
207
-191
482
714
-360
281
1470
1056
-424
2254
834
903
449
-198
-2175
976
-315
-429
1849
-2093
197
444
641
1452
410
1107
670
399
248
-34
1677
934
10264
968
-113
-1308
-734
-913
267
-1056
-650
319
147
-560
-1809
26
2171
753
1839
105
814
-67
-1848
339
244
188
1092
683
71
1293
221
1788
275
1569
-755
482
425
-1281
7104
210
1369
270
95
643
2626
979
-488
19
2488
393
691
1406
1262
675
1138
2376
924
1158
908
574
1853
397
1594
801
692
-107
492
-78
372
5985
6141
60
1231
395
1226
-46
438
1241
1
497
96
586
2180
-483
9131
383
916
1759
1056
1169
685
436
-2324
814
-3117
1231
-11
1396
1289
107
1384
784
585
-664
774
-452
940
12062
131
5382
-1293
459
1233
1004
198
1857
5
1249
-672
3362
1026
281
1231
-176
826
2202
1672
-758
224
966
955
-164
775
969
445
121
1141
1061
413
1040
215
637
815
1392
893
1031
800
66
812
