-125
-115
-121
-126
-128
-93
-126
-126
-125
-125
-128
-126
-126
-126
-113
-125
-119
-125
-113
-128
-128
-126
-126
-96
-123
-126
-120
-112
-123
-128
-125
-126
-124
-128
-124
-128
-124
-125
-125
-127
-125
-128
-128
-119
-127
-126
-126
-128
-128
-127
-124
-105
-127
-124
-125
-124
-128
-128
-128
-126
-127
-127
-124
-128
-124
-128
-128
-126
-122
-128
-128
-120
-127
-128
-126
-128
-122
-121
-128
-116
-123
-124
-128
-125
-126
-124
-128
-103
-125
-125
-119
-127
-128
-122
-113
-117
-124
-115
-127
-127
-111
-128
-115
-126
-128
-122
-128
-126
-127
-125
-128
-119
-128
-127
-115
-124
-124
-126
-124
-126
-124
-112
-124
-112
-123
-128
-117
-117
-120
-111
-126
-128
-126
-126
-128
-128
-128
-124
-128
-121
-125
-126
-113
-128
-128
-126
-121
-125
-127
-121
-128
-125
-128
-102
-124
-128
-127
-127
-127
-124
-128
-126
-121
-121
-126
-126
-115
-115
-127
-102
-124
-121
-126
-128
-128
-111
-128
-124
-124
-128
-128
-125
-126
-128
-127
-125
-126
-128
-128
-128
-124
-124
-125
-126
-128
-121
-117
-124
-128
-115
-127
-103
-123
-126
-127
-128
-119
-128
-126
-125
-126
-119
-125
-123
-128
-126
-128
-128
-128
-102
-117
-125
-126
-128
-123
-126
-128
-124
-125
-128
-126
-124
-123
-115
-128
-123
-124
-128
-127
-122
-120
-128
-128
-124
-128
-128
-128
-122
-126
-101
-103
-117
-124
-127
-128
-128
-128
-123
-125
-119
-128
-128
-128
-128
-128
-128
-124
-111
-108
-127
-125
-126
-123
-125
-122
-128
-125
-126
-125
-122
-126
-128
-125
-117
-127
-111
-127
-128
-121
-128
-82
-128
-128
-124
-118
-128
-128
-127
-125
-128
-123
-125
-125
-128
-128
-126
-127
-128
-126
-127
-125
-128
-118
-127
-128
-128
-124
-128
-127
-128
-117
-120
-127
-128
-112
-128
-128
-111
-117
-128
-121
-111
-126
-128
-119
-113
-124
-128
-125
-126
-128
-128
-104
-124
-127
-128
-126
-125
-127
-126
-125
-126
-111
-124
-112
-113
-117
-125
-126
-112
-122
-126
-126
-121
-118
-128
-128
-126
-123
-126
-128
-125
-126
-125
-127
-128
-127
-119
-108
-126
-125
-116
-128
-128
-126
-126
-124
-127
-113
-124
-128
-128
-127
-128
-124
-127
-127
-128
-128
-102
-122
-128
-125
-128
-128
-128
-127
-126
-122
-128
-126
-126
-125
-126
-116
-128
-126
-128
-128
-125
-126
-126
-123
-121
-128
-128
-115
-126
-124
-128
-127
-126
-128
-103
-128
-128
-112
-126
-125
-127
-128
-122
-126
-126
-128
-126
-125
-128
-122
-128
-107
-126
-126
-128
-114
-117
-125
-125
-119
-127
-124
-123
-124
-126
-128
-127
-124
-126
-125
-125
-128
-128
-124
-128
-127
-128
-102
-127
-128
-118
-125
-126
-121
-128
-128
-128
-125
-128
-126
-123
-126
-127
-126
-127
-105
-102
-128
-125
-126
-125
-128
-128
-128
-128
-126
-128
-114
-128
-124
-112
-128
-128
-126
-128
-128
-126
-128
-125
-128
-123
-127
-124
-127
-124
-116
-125
-125
-124
-128
-113
-127
-122
-111
-106
-114
-118
-124
-126
-127
-124
-123
-111
-122
-128
-127
-104
-124
-127
-120
-124
-102
-128
-120
-103
-128
-128
-125
-128
-123
-127
-128
-128
-127
-128
-128
-126
-126
-125
-124
-114
-127
-128
-127
-125
-128
-125
-113
-126
-127
-128
-123
-102
-127
-128
-125
-126
-125
-127
-126
-128
-128
-128
-107
-124
-127
-126
-127
-123
-128
-127
-126
-128
-128
-128
-128
-125
-123
-128
-125
-127
-126
-127
-127
-127
-126
-125
-128
-126
-126
-125
-124
-127
-115
-124
-125
-126
-118
-112
-128
-128
-119
-126
-126
-128
-128
-113
-124
-127
-128
-119
-128
-128
-128
-111
-126
-120
-126
-127
-125
-126
-124
-124
-125
-127
-128
-128
-128
-125
-125
-104
-119
-115
-116
-126
-125
-124
-128
-128
-125
-125
-127
-126
-126
-112
-124
-115
-126
-128
-124
-126
-127
-126
-116
-126
-121
-125
-128
-127
-118
-128
-127
-125
-126
-128
-125
-120
-126
-127
-118
-128
-120
-128
-128
-127
-126
-128
-127
-125
-127
-119
-128
-124
-125
-126
-128
-123
-127
-127
-125
-119
-128
-127
-126
-128
-127
-125
-126
-126
-126
-122
-124
-114
-126
-128
-110
-128
-128
-125
-125
-121
-124
-128
-128
-126
-121
-124
-125
-125
-121
-128
-128
-128
-128
-128
-117
-128
-128
-125
-124
-128
-121
-126
-128
-126
-127
-127
-128
-120
-118
-127
-128
-128
-124
-128
-127
-128
-125
-125
-126
-123
-128
-128
-126
-126
-128
-126
-116
-123
-128
-128
-102
-117
-124
-128
-128
-128
-115
-126
-105
-126
-122
-128
-127
-128
-125
-126
-127
-128
-126
-126
-117
-119
-127
-124
-128
-125
-125
-128
-125
-117
-124
-125
-127
-126
-124
-127
-127
-119
-115
-128
-126
-128
-126
-124
-121
-117
-126
-108
-125
-128
-125
-128
-111
-128
-124
-124
-115
-128
-114
-126
-128
-116
-125
-126
-119
-126
-124
-128
-125
-127
-124
-127
-125
-123
-125
-128
-128
-128
-128
-116
-124
-127
-125
-128
-126
-128
-128
-126
-126
-125
-117
-118
-125
-126
-115
-127
-125
-127
-111
-128
-128
-125
-124
-125
-125
-127
-121
-126
-128
-125
-125
-128
-126
-128
-127
-128
-123
-128
-126
-123
-127
-124
-128
-122
-115
-128
-110
-128
-128
-123
-123
-128
-128
-124
-123
-126
-128
-124
-127
-126
-126
-112
-124
-128
-127
-126
-128
-96
-128
-116
-126
-128
-126
-116
-125
-127
-112
-128
-127
-124
-127
-123
-128
-128
-128
-95
-119
-125
-127
-128
-104
-111
-102
-122
-128
-126
-128
-128
-125
-128
-127
-126
-127
-125
-128
-124
-128
-128
-126
-128
-124
-126
-127
-125
-127
-123
-125
-126
-128
-128
-122
-125
-127
-126
-126
-125
-125
-125
-128
-128
-126
-123
-127
-128
-125
-127
-126
-105
-120
-123
-128
-127
-128
-128
-111
-124
-127
-128
-124
-128
-126
-127
-85
-118
-126
-118
-126
-119
-128
-124
-128
-127
-126
-122
-123
-113
-127
-118
-128
-128
-128
-124
-125
-117
-128
-124
-121
-123
-128
-121
-117
-126
-128
-119
-122
-125
-123
-127
-126
-128
-116
-111
-120
-128
-128
-128
-126
-124
-128
-125
-118
-121
-125
-105
-128
-127
-127
-128
-111
-117
-124
-109
-125
-128
-124
-128
-125
-128
-126
-126
-127
-126
-128
-128
-126
-124
-119
-123
-128
-124
-114
-104
-128
-127
-119
-127
-126
-119
-119
-126
-119
-104
-128
-123
-125
-125
-126
-119
-128
-127
-126
-124
-111
-126
-128
-120
-126
-118
-126
-128
-128
-100
-126
-127
-128
-111
-124
-128
-128
-128
-116
-128
-105
-128
-124
-126
-123
-116
-126
-128
-115
-119
