1903601246
1857142675
2016296342
1842411528
1565454519
1096152602
1329367374
1841731469
1243297634
1507981070
1240074180
1168150449
1367765360
1173265196
2012595351
1451929504
2073052348
1567819123
1905655077
1184886016
1663692507
2041034306
1700610746
1791967524
1651757664
1512735633
1617874336
1948193881
1415868816
1123897194
1511334555
1445438060
1347012503
1947316826
1712113238
1822403096
1131433758
2007123671
1288041104
1395454689
1501576422
2018702880
2089425129
2002235827
1755607115
1696737140
1201024092
2079571749
1782104716
1961325329
1992661687
1689841951
1150672084
1532151126
1484170874
1291648798
1352130501
1134174149
1730197870
1183802212
2142482745
1703317980
1429399782
1771492933
2052172387
1344935918
1589346310
1278234859
1559459466
1895577069
1950724273
1607215091
1130737445
1207721959
1197251909
1123383574
1254456195
1512266223
1120072999
1085669874
1645083853
1721260878
1548718953
1420478395
1091901907
2005357858
1573149070
1510971770
1240160975
1583082744
1592296700
1326626983
1640028920
2036333706
1768132946
1898493651
1231262668
1398906997
1418471375
1575689214
1528607472
1832465500
1505152909
1812478523
1396291435
1097842835
1847379990
1554214689
1737270225
1355716740
1646057781
1706566140
1646261928
1464083773
1248751110
1557377679
1524670801
1836495143
1597991708
1348570918
1146569950
1838294764
1391586284
1795068749
1626069503
1117533505
1168457321
1258301845
1235383332
1940312737
1663129475
1364792214
1181293275
1337373998
1159167947
2078674214
1440852862
1211825069
2055036632
1867430682
1139661433
1662423410
1828771336
1435131523
1426608029
1494148434
2018029323
1628824848
2126936307
1812245119
1462948933
1962997845
1229988370
1711678286
1831421356
1364428129
1187880616
1398764288
2098723605
1613455252
1110908455
1215113051
1075809341
1478039289
1360464151
1162204158
1230538723
1078583053
1875233808
1485155204
1940886171
1384979438
1236740850
1286161027
1329080007
1150628849
1592776513
1516179814
1078157691
1474359753
1235214292
1592240787
1128242811
1829381179
1891687208
1409929026
1548741708
1568294384
1264451634
1780144507
1433520121
1768120594
2051649340
1326580822
2022848250
2134238491
1896743442
1278570013
1452047507
1982369128
1078008806
1675929021
1768969692
1896812358
1098708350
1665577948
2081225411
1205835868
1901389429
1945961909
1305130353
2146833563
1778723925
1600226606
1216400840
1400228106
1430900984
2049007772
1165512132
2070590872
1265099836
1609530283
1975138786
1162907623
1484422158
1222517471
1323019939
2127721041
1876250646
1346853866
1915649866
1260877748
1119162136
1860281609
2086832973
1385235598
1306064622
1227275285
1956436510
1125744601
1803550634
1831446712
1351105861
1133962524
2108255486
1734061074
1944788384
1334592647
1904022545
2082993825
1316025115
1841111224
1215728258
1722245209
1981381872
1765971841
1622539177
1165431513
1565672970
1921173558
1405429323
1115417910
1745919849
1977400666
1665692375
1812577347
1097309222
1561186271
1908005702
1220740606
1383149910
1671131548
1300914116
1416554076
1144864763
1118213564
1766697411
1304142122
1208226802
2000123483
1342536856
1583220577
1409849708
1289178220
2133930644
1448931653
1870557264
1882588329
1510476354
1833001226
1234415906
1119753124
1386590515
1890183081
1362793971
1156315080
1883514796
2027041732
1714318554
1360403687
1297488790
2017969509
1547781271
1937830456
2006183226
1545053395
1866494463
2140135696
1561565309
1241972949
1109100544
1651637386
1608827469
1784975788
1246052979
1129656567
1176852086
1324925535
1240120015
1088479994
2032089513
1547053914
1185962342
1667183824
1291503814
1990587701
1950594243
1397044961
1634416156
1094442214
1833475999
2025384494
1378846878
1097549129
1848627632
1937246619
1875294272
1294705163
1977663977
1682642492
1668960040
1540033571
1244102847
1792731453
1378944076
1822142385
1137383300
1384712875
1764082174
1280212622
1944880056
1106388597
1126235466
1304787723
1642004732
1490138620
1320266545
1743228219
1799033377
1319698962
1610576378
1765588251
2104564572
2016657177
1330916037
1414682938
1099152404
1395201130
1721806356
1221081610
1479178681
1984920975
1873467345
1139770984
1648686996
1783458333
2031487472
1570693445
1698273774
1397964276
2047604418
1221442120
1605862775
1594026105
1705855523
1477409292
1085251501
1254049688
1213891903
1217180373
1760803131
1116106421
1298037843
2135971471
1691336651
1086291744
1508171565
1557535666
1213117572
2000559735
1830672381
1181164220
1785739716
1659873514
1242618550
1804783323
1427405116
1131052118
2068579952
2035359778
1954786424
1697038160
1711929895
1930687885
2112427512
1261936195
1904649292
1223003135
1114370515
1132810130
1121423690
1517089214
1339071545
1156600497
1321981321
1521521139
1246522389
1376941607
1363818936
1119091269
1237444314
1227951443
1200569310
1138486608
1187095558
2135911982
1758677134
1795783267
1640407308
1192480768
1537669618
1478565912
1464422828
1784031767
1417787415
1112030617
1596833462
1149831438
1337536536
1228387045
1248716002
1489757306
1261986582
1689677788
1227155494
1073823777
1788564628
2100543706
2069635799
1092423329
1380165061
1191455153
1597858102
1274086239
1388524717
1856072524
1699727840
1086659080
2021940638
1240476624
1215270876
1204478350
1136382066
1711066493
1990933582
1592205679
1445433834
1283238430
1827800659
1324281884
1422605042
1323005636
1989719423
1593540441
1688458102
1436552106
1869942220
1663567028
1837970989
1121088537
1318047576
1687770892
1512935230
1690269751
1764788564
1487541588
1383821517
1479334067
1430137705
1231378070
1648962660
1570542610
1601137469
1847590640
2099553850
1386245284
1878474167
1983068042
1231024387
1359696972
1739646531
1993467875
2087829656
1688221447
1739231083
1329410285
1193139697
1970685244
1111226379
1361839873
1823436838
1127940165
1752214622
1387925602
2061411374
1282555770
1643529989
1479702053
1210934361
1578491370
1248315508
1158510644
1610332896
2087539038
2053102430
1670457340
1626858138
1839447484
1832971319
1080456629
1416216322
1087645361
1988391487
1462624507
1753659260
1700198875
1941281464
1317838552
2133786310
1234404203
1971893227
1396335645
1560036476
1362033781
1115333390
1327197167
1104790523
1188592208
1430134454
2065577549
1971280783
1882759319
1888552175
1732503309
1172271114
1323854247
1462825079
1208393566
1844435451
1417565063
1194392540
1193568147
1099146552
1161125881
1540004964
1263629192
1097020230
1588864547
1752916786
2129351622
1266189491
1553147139
1554270602
2012939932
1384846157
1293600555
2003620001
2076686699
1351116914
1531095929
1778612099
1513392937
1077116797
1388164533
1887784995
1426218750
2033114153
1287286277
1196328693
1167934274
1712139244
1791388238
1693820557
1987749787
1208812264
1448897520
1678146690
1600090724
1658852125
1624383009
2021311941
1922289219
1488696258
1496319942
1114635777
1395209582
1831967484
1872403696
2146604710
1243167604
1189464712
1602178363
1576634535
1893748841
1878177697
1309776340
1298712051
1960580580
1865368400
2002192917
1393047176
1466919087
1611325678
1734057173
1311591890
1376271950
2145502052
1080819251
1237876015
1756482220
1473391676
1108477536
1516968774
1752764650
1328904466
1838814236
1515651565
1559259870
1963999730
1573758913
1388542272
1528932223
1154088634
1296371178
2103753832
1366722191
1788530820
1176645987
1142578666
1277138053
1580401517
1666086367
1747169929
1205876827
1865957438
1162405705
1595604024
1233978353
1823369872
1809320734
1661127657
1392924297
1338663412
1743234720
1505148358
1926473598
1330247680
1528805443
1530266985
1370121511
1338735417
2073272100
1490351545
1842296451
1857794127
1768527589
1658448380
1239602169
1943733837
1108355957
1489365264
1112770815
1851166476
1781640507
1103074772
1426995520
2133725196
1898870414
1422964576
1600455135
1242093552
2059590948
1218285631
1471915831
2116890481
1776608330
1906254517
1347364561
2081051820
1658084295
1397886908
1430241079
1502758398
1581851356
1958163964
1923068102
2077497438
1184193278
2004790275
1642844729
1841895307
1676960162
1607260602
1855957448
1816742221
1814631827
1168744038
1491055010
1077893079
1284341738
1399687179
1526312110
1179981918
1219990980
1116586883
1563197191
1352707836
1818734937
1895781867
1921631265
1287684171
1848194631
1692674989
1576860138
1119207647
1500157140
1803701470
1982817083
1303850203
1470387974
1467869934
1594183442
2046561899
1843652018
1579389880
1973636935
1506796493
1548054498
1529896399
1808110151
1211379228
2080117551
1744079268
2062989944
1529887622
1801350519
1207397533
2014488594
1361936096
1182952463
1686558358
2128213206
1090900673
1352491986
1986493693
1198084104
1557070157
1429836359
1228410938
1233429300
1330276937
2131954181
1251189181
1291797683
1150377240
1147409296
1077104770
1982728662
1467614425
1483502842
1943246873
1432793576
1151431137
1312916575
1724828913
2084401404
2139544057
1973798173
1396675675
2058425876
1989527953
1502811711
2095983864
1713926512
1678903467
1939446409
1408703814
1581210306
1671743341
1267650058
1337459818
1693281581
1753029262
1281306828
2132275356
1483658879
1889468239
1167288998
1936844825
1860507537
1737049173
1501635260
1757790326
1082720459
1645653061
1292898391
1977650974
1524391561
1743115092
1329492204
2004411236
1334265621
1485311241
1477828965
1518635439
1781808247
1162259096
1780115250
1819178991
1654070906
1262251519
1127694733
1387192556
1768718734
1371311940
1548145519
1319163237
1127720089
2015305185
1534682331
1135401311
2087024768
1890700928
1552827265
1230390814
1263256329
1543853215
2091560229
1903352888
2112584849
1175275792
1390290531
1609447389
1798246693
1926571121
1457399559
1426942207
1944318974
1534350916
1173330211
1387315434
1779063304
1704513609
1532733663
1755800861
1182072157
1338929162
1143750890
1436924643
1317959155
1092519552
1287398754
1387407756
1401913951
1817472342
1218806078
2130640874
2132438545
1723944056
1236060791
1876705753
1209572292
1683197071
1740206962
1748988567
2136324504
1627086341
1265591026
1564455235
1405232002
2101647339
2140926931
2116694461
1575626475
1196797453
1084055871
1968222468
1158013927
2052447727
1473789895
1178993687
1608964001
1972207900
1888366231
1212552590
1119827892
1460007645
1186922942
1384641034
1994079018
1906734329
1300126132
1480244280
1753990187
1217887088
1921462876
1766242304
2090085034
1993371003
2042781915
1893060330
1517701495
1234938628
1083415796
1693115792
1168310387
1228960154
1105090406
2115065179
1615771093
1199875273
1493204413
1378514975
1907789526
1815692225
1179759566
2097666458
1114225531
1985264256
1253373692
1246369603
1330596162
2074590933
1660553573
1605441476
1837821779
1936837024
1805872165
1754853589
1221638466
1158876679
1522764230
1294181466
1369487613
1668485429
2112321537
1318347296
1597916941
1758707041
1201591025
1838101669
1388223697
1274615462
1213035002
1411133758
2107802980
1954690201
1101741310
1581677115
1301620832
1223905709
1396546294
1464948151
2123319511
1231382946
1128131635
1748560116
2046490383
1859442913
2104704680
1513632193
1532157628
1477674879
1534531983
1262566843
2084816851
1435507637
1722831646
1446234822
1856482120
1303542031
1792625478
1694630647
1632196537
1387038470
1816717515
2043235721
1485717261
1373815025
2125131810
1103130035
1127802658
1666489462
1134206006
1355425472
1152215221
1307722510
1178041864
1996034676
2040362049
1742738004
1580188267
1436674985
1838843493
1697396719
1625931671
1853594145
1520292351
1799011272
1149001193
1655747648
1908260237
1628584129
1723447340
1310567738
1284955157
1817782465
1611243109
2020701448
1890707429
2020408880
1697965277
2047802390
1225837798
1397713318
1875370990
1277411117
1214586265
1261490191
1219137330
1412827404
1736321002
2070510253
1742383671
1143346008
1215660317
1142748680
1760970871
2055100998
1952863274
1144832418
1675874408
1347449893
1209318083
1517099129
1219238104
1171211366
1614824472
1816082967
2069995983
1654306911
2078476567
1206618001
1182854615
1337471846
1727447076
1943338545
1293268327
1335335771
1738609538
1150563184
1895488648
1345512277
1724242476
1142980785
2109341890
2013805284
1346310664
1785664949
1750074971
1905171364
1093174905
1748315009
1985191439
1295486646
1424763547
2048078054
1178840251
1331698170
1199030400
1480931491
1174575253
2057021547
2008488990
1546332245
1240931080
1177367169
1784783343
1344558829
1127976249
2091213048
1712505930
2001244995
1340001913
1169137380
2001595102
1418397258
1783337404
1086242983
2076685398
1613256955
1467247089
1243769644
1618049227
1264175970
1366006048
1696995250
1129608130
1290955086
1218710831
1261637125
1120784266
2064903991
1418925831
1744945921
1603882412
1408988906
1379843886
1104778495
1349108594
1157210990
1653245863
1836688889
2065729685
2062896322
2068226919
2019010402
1419212548
1849619114
1533590563
1222077969
1337779043
