0.01463966
0.01428237
0.06202537
0.01416908
0.01203914
0.03371988
0.02044702
0.02832770
0.01912318
0.04638856
0.01907360
0.00898367
0.01051881
0.03609202
0.01547788
0.02233215
0.03188565
0.04822930
0.05862182
0.01822475
0.02558928
0.01569659
0.05231424
0.00689057
0.02540571
0.02326741
0.02488455
0.00749130
0.02177750
0.00864334
0.02324586
0.04446461
0.02071842
0.02995171
0.05266808
0.02803041
0.00870130
0.03087160
0.07924552
0.04292702
0.02309577
0.01552485
0.01606874
0.03079642
0.01350151
0.02609754
0.01847297
0.06397185
0.01370529
0.06033435
0.06129832
0.05198297
0.03539701
0.02356604
0.04565611
0.07946748
0.02079714
0.01744475
0.00665305
0.01820808
0.01647678
0.01309938
0.02198562
0.02724736
0.06312899
0.01034324
0.02444576
0.03932110
0.02398607
0.01457795
0.01500206
0.01236030
0.01739189
0.01857599
0.03682990
0.01727878
0.01929481
0.02326019
0.03445572
0.03339741
0.01265153
0.01323737
0.02382087
0.02184840
0.01679456
0.01542222
0.02419663
0.02324028
0.07629974
0.02434942
0.01224557
0.02040487
0.02522531
0.01566044
0.00679892
0.01460038
0.03787614
0.02151661
0.04363506
0.01211785
0.04702307
0.02818518
0.02315078
0.05575552
0.01073819
0.06754375
0.01420729
0.02390540
0.05344196
0.04170460
0.01265902
0.01312436
0.01266059
0.04503819
0.01920706
0.02395405
0.04690197
0.02824716
0.04915747
0.02074239
0.01763541
0.01413742
0.02140401
0.02760998
0.01250530
0.03437760
0.00898603
0.01935396
0.01900145
0.02984398
0.05116124
0.04198378
0.03633898
0.02057017
0.00891459
0.01598606
0.02216178
0.00931955
0.03160855
0.01436149
0.01752915
0.01278488
0.01406418
0.02207378
0.01097134
0.02298152
0.01551967
0.02505298
0.01635722
0.05574834
0.02250164
0.03019290
0.01891847
0.02632735
0.00352114
0.02098629
0.01827081
0.04302883
0.01614025
0.01240829
0.01708690
0.07475869
0.01654704
0.04546749
0.01046266
0.01787588
0.03785387
0.06635881
0.01442150
0.04568639
0.02985280
0.02130239
0.01902233
0.07912985
0.01022130
0.01769784
0.02449852
0.04664077
0.00829158
0.04535430
0.01899885
0.01224514
0.01735352
0.01406887
0.02909607
0.01084307
0.04764244
0.01206098
0.01944855
0.02738043
0.04409799
0.02719549
0.03155645
0.02040416
0.01555673
0.06565351
0.01458692
0.03933141
0.04466793
0.03049085
0.03316174
0.02577749
0.02720855
0.02917490
0.01689925
0.02561828
0.01600568
0.01854698
0.01462265
0.02993087
0.04014846
0.01651024
0.02735858
0.02461311
0.00935474
0.02153693
0.02200871
0.03151582
0.01792676
0.03184779
0.01945852
0.02475621
0.03037964
0.00894335
0.00570798
0.00940178
0.02034939
0.03272651
0.02885864
0.01035799
0.05892928
0.01939358
0.01721385
0.01430651
0.06419522
0.04261266
0.02008860
0.00943837
0.03009198
0.03463019
0.02774044
0.02816951
0.02078138
0.03488299
0.06485422
0.02667162
0.02991282
0.02052739
0.02928580
0.00400482
0.08096721
0.00707954
0.03739827
0.01324494
0.06095133
0.00679061
0.01247815
0.03585104
0.01204082
0.01477480
0.02161693
0.03431252
0.02685402
0.03041443
0.02562004
0.01393964
0.03375546
0.04802526
0.05869413
0.03755246
0.04254850
0.02570370
0.02000938
0.02178804
0.07043673
0.01719926
0.02717360
0.02005903
0.03716751
0.03076393
0.01032479
0.02435154
0.04336984
0.01982887
0.01641101
0.02228604
0.02877107
0.02895612
0.01161633
0.01409671
0.01898657
0.01722294
0.02132717
0.05814587
0.04192231
0.03557060
0.02897037
0.03117796
0.02636796
0.02092439
0.03991339
0.06207684
0.09522579
0.01490290
0.06171427
0.02376449
0.01435429
0.06583492
0.02401846
0.03820561
0.06823637
0.02540386
0.00618635
0.05490948
0.01916556
0.03475053
0.01810118
0.01018935
0.03814861
0.06696771
0.03125560
0.04759052
0.03648261
0.01282149
0.00496616
0.06123452
0.01500106
0.02148797
0.05027796
0.06733453
0.11280289
0.03115247
0.04241613
0.01688142
0.02843377
0.02979682
0.02884393
0.00995694
0.01520924
0.05176150
0.02567030
0.01184364
0.03827113
0.02757403
0.01060478
0.02802640
0.01749411
0.02129829
0.05426675
0.03938194
0.05982846
0.03403476
0.03464529
0.02006896
0.02525570
0.04583969
0.02030704
0.02681262
0.01383548
0.02029831
0.02477230
0.01357827
0.01618517
0.06203647
0.00511771
0.02175926
0.01690608
0.02145961
0.02648313
0.03756295
0.02275127
0.03053010
0.02881583
0.03506167
0.02535848
0.01371570
0.03124634
0.02415886
0.05224235
0.02150211
0.06298847
0.01878702
0.01234990
0.01225887
0.02623779
0.04544811
0.01669227
0.07715423
0.03734178
0.03744294
0.02708294
0.01716685
0.03993028
0.03285341
0.05202895
0.03341654
0.09278884
0.01197824
0.01865898
0.00769266
0.01407880
0.03633501
0.02746649
0.02553054
0.03822547
0.01387970
0.02195494
0.03479346
0.03181686
0.01565295
0.03006660
0.02610217
0.02633122
0.01484797
0.00406141
0.03881972
0.01464772
0.01881103
0.03428030
0.01742377
0.03449727
0.09333749
0.04119256
0.01778969
0.04066683
0.02340254
0.01917278
0.02117876
0.01048846
0.03442552
0.01903315
0.03777428
0.03693195
0.00437777
0.03651747
0.06570499
0.01352512
0.02762097
0.02523113
0.03668313
0.01182546
0.04548369
0.02252431
0.02744022
0.02180701
0.03420832
0.00614023
0.03537115
0.04114534
0.01889384
0.00960326
0.01145699
0.03882127
0.01299448
0.07549959
0.01651650
0.01375497
0.06461699
0.01591655
0.00840129
0.02122834
0.03665158
0.02457668
0.01959674
0.02135692
0.00713707
0.02614354
0.01671392
0.03109950
0.03815958
0.03738420
0.00926305
0.06991484
0.01315897
0.01531129
0.01224487
0.00555806
0.01973751
0.02811343
0.02036880
0.04376222
0.02034917
0.06120781
0.02451027
0.01298510
0.02209563
0.02876161
0.05117470
0.01413493
0.03448696
0.02027291
0.02595963
0.02327048
0.05199613
0.00339303
0.04575980
0.01064229
0.01137683
0.02199697
0.03787969
0.02536272
0.02415654
0.01231356
0.01420891
0.03229327
0.01066093
0.01444642
0.01525080
0.03786881
0.00261419
0.02675753
0.01533078
0.06422588
0.00649164
0.01337557
0.02044768
0.01835170
0.03031114
0.01709179
0.01047324
0.02804631
0.03469773
0.01347542
0.04269541
0.01585330
0.01972701
0.05055832
0.00568983
0.01862540
0.00606970
0.01920036
0.01781907
0.04953711
0.03210847
0.00394735
0.02569333
0.02502273
0.02829257
0.01409648
0.01661852
0.04356569
0.01672909
0.06116696
0.04499330
0.02697306
0.05230157
0.01492944
0.04053939
0.00820495
0.01898639
0.00758243
0.02147706
0.04798989
0.08379785
0.03430992
0.01020682
0.01699280
0.03656351
0.02199692
0.01588534
0.03032030
0.02895875
0.02904785
0.01332383
0.01803072
0.08144889
0.04499947
0.01858632
0.02836929
0.02180359
0.01837097
0.01835829
0.01690599
0.03571859
0.02368684
0.03887180
0.03374657
0.02443835
0.01348082
0.03275159
0.01947528
0.01194449
0.02390626
0.01548053
0.02130034
0.01989689
0.06163542
0.03194155
0.02078155
0.02354981
0.02735686
0.02327752
0.03313430
0.02135138
0.02903605
0.08774677
0.01563568
0.01979977
0.01840075
0.03592803
0.01316722
0.02755337
0.02605268
0.03057361
0.03718552
0.04457103
0.01290580
0.01230551
0.05102966
0.02498466
0.03108983
0.01478338
0.02289766
0.04602984
0.06857692
0.01072987
0.01408876
0.05759894
0.01650848
0.01912118
0.03659035
0.02464313
0.01212512
0.01456389
0.01444414
0.04029138
0.03995102
0.00753893
0.01434563
0.01539788
0.02142648
0.04512541
0.09913530
0.02667156
0.04034723
0.01058423
0.01650000
0.06649639
0.01903979
0.00337706
0.01133113
0.01704951
0.01166626
0.01347965
0.02043990
0.02828283
0.02331226
0.02398300
0.03020831
0.02420601
0.02135719
0.04703306
0.03550211
0.03987901
0.03235787
0.04204315
0.01375471
0.03619602
0.03514804
0.00982184
0.02430818
0.01281305
0.10749299
0.01854761
0.02870032
0.03575796
0.02454201
0.01897984
0.01402264
0.02782919
0.02554983
0.02142459
0.08236001
0.01340636
0.04630142
0.01481556
0.01023028
0.01175729
0.02353706
0.02107386
0.04118222
0.03188903
0.02292312
0.02833639
0.01428738
0.02720175
0.01275431
0.00953317
0.02989660
0.01704764
0.04581590
0.03423109
0.11389128
0.01370172
0.06786564
0.01097432
0.01640943
0.05841311
0.02188664
0.04923325
0.00955233
0.01583930
0.01873847
0.02263956
0.06511985
0.01366302
0.02932013
0.04144767
0.03200869
0.05100604
0.01075046
0.02199856
0.02311395
0.01216524
0.03011855
0.02957874
0.01597701
0.03642819
0.06167142
0.01263431
0.01416511
0.02579335
0.01236065
0.02854651
0.05588668
0.01395544
0.03595294
0.01146697
0.01657909
0.01975448
0.02152861
0.02347623
0.01814932
0.07505880
0.03434848
0.02404356
0.01040301
0.02797399
0.02915905
0.05911328
0.03961178
0.02842711
0.02603506
0.02425371
0.01721455
0.02307394
0.01387138
0.03049774
0.02005454
0.01130803
0.04515466
0.01226008
0.01573910
0.01417862
0.02429262
0.01517827
0.02317606
0.02381065
0.01176568
0.02781057
0.07452897
0.01599716
0.02682571
0.01586544
0.04706245
0.02770660
0.01857100
0.03098488
0.02094796
0.03639002
0.01297049
0.01636704
0.01677916
0.02080270
0.03055429
0.03685550
0.02394932
0.04398467
0.07557683
0.03794279
0.02046101
0.01639581
0.03848912
0.00993458
0.01769397
0.07059328
0.06626786
0.01524819
0.02257340
0.02281778
0.02988911
0.02203782
0.01771018
0.02019399
0.02652962
0.03206021
0.01645418
0.06071804
0.02148229
0.03166068
0.03060096
0.02311477
0.06447672
0.02636193
0.02582324
0.05966131
0.04333459
0.01216031
0.02571311
0.03899549
0.02057149
0.02604439
0.05392674
0.01970780
0.01639828
0.02282018
0.02906194
0.01795409
0.02979064
0.05723299
0.02671758
0.04619335
0.05407320
0.03330668
0.05062363
0.03977218
0.00760457
0.02344669
0.02681088
0.01022447
0.01541494
0.02052236
0.04569119
0.02273051
0.04671631
0.01370301
0.03575345
0.01368999
0.02798082
0.02544129
0.03882942
0.01734509
0.02133643
0.02720469
0.04218434
0.02381205
0.04058014
0.06938192
0.01549872
0.09441989
0.03492725
0.01605028
0.01454045
0.02388406
0.01892466
0.03886033
0.02374603
0.06434064
0.02927550
0.06498740
0.03615387
0.02138408
0.04950987
0.02765886
0.02963262
0.04483257
0.02194782
0.00747640
0.04719975
0.03609402
0.04267664
0.01368190
0.05243430
0.02357500
0.02700600
0.01818147
0.04118818
0.01759205
0.02210136
0.04054310
0.00840203
0.01980150
0.04267948
0.02156286
0.02795457
0.03749295
0.01638571
0.06559814
0.02651601
0.03802374
0.01443282
0.01860445
0.02588928
0.02676615
0.02690122
0.01642942
0.02502624
0.03893215
0.02406291
0.08645558
0.03232547
0.03292963
0.03255691
0.04846947
0.03681592
0.03334776
0.03027326
0.01781143
0.06313746
0.04533677
0.03626824
0.04949500
0.01516728
0.05808998
0.01865029
0.03444818
0.00280705
0.00912804
0.04259437
0.01533548
0.05865502
0.01999726
0.01138383
0.05395630
0.03746468
0.02955405
0.00679165
0.03214763
0.03066007
0.01571003
0.02911719
0.02334379
0.01899461
0.03332807
0.02604184
0.01796980
0.03780531
0.06798965
0.03253185
0.00621305
0.03691060
0.02296700
0.02120296
0.02934374
0.02792719
0.01814590
0.01613212
0.01713792
0.01526769
0.01927816
0.03834086
0.01023296
0.06381863
0.02554100
0.01234666
0.05653513
0.00744763
0.11110459
0.02699143
0.00939502
0.03564940
0.02342166
0.03981165
0.02106411
0.01283150
0.03248965
0.01013876
0.09831034
0.01352535
0.01848169
0.02827187
0.02135229
0.01960488
0.03731542
0.02170467
0.03242015
0.06013024
0.00847295
0.02432780
0.02002025
0.07529965
0.02148030
0.04506478
0.06531762
0.03787984
0.01735181
0.05378926
0.01573855
0.01430006
0.06474499
0.01164060
0.04713228
0.01136407
0.02360266
0.01941956
0.01603330
0.04415913
0.02649890
0.01112228
0.01427729
0.04009960
0.02757240
0.01303257
0.02510484
0.01066703
0.02794296
0.03142704
0.00571296
0.02113067
0.06537337
0.01696726
0.01734675
0.01281615
0.01744524
0.04169564
0.03544448
0.02011410
0.01811948
0.03070104
0.01569142
0.02680508
0.01215245
0.00552438
0.01414164
0.05221537
0.01250424
0.01425508
0.02338364
0.01383531
0.03534561
0.02546708
0.02935098
0.10019711
0.02650837
0.08063145
0.03952783
0.01397967
0.04956511
0.06216088
0.01454050
0.01553797
0.02611643
0.01574864
0.01885463
0.02149825
0.02884511
0.01964788
0.03736314
0.01940300
0.01875157
0.02173072
0.01335319
0.03184655
0.02679963
0.07034329
0.01869809
0.03515327
0.05417104
0.03160954
0.01501851
0.03521737
0.02577665
0.08290059
0.01860054
0.04666905
0.01875312
0.03602884
0.02483764
0.02793320
0.01591932
0.02544492
0.01598454
0.03711802
0.07277402
0.04114335
0.02656989
0.01494526
0.01989178
0.04107764
0.02674158
0.03539366
0.01457727
0.04139069
0.00663015
0.03516041
0.01622191
0.06194874
0.04141525
0.02746534
0.02691793
0.05860694
0.01681414
0.01344543
0.01526713
0.00996295
0.02191431
0.00787538
0.01813176
0.02048287
0.03688461
0.02277823
0.00903308
0.03163908
0.03089260
0.09513664
0.03817356
0.07243641
0.01372589
0.02068068
0.03469884
0.01608249
0.00658502
0.06156236
0.02061059
0.00899126
0.06157313
0.04363278
0.01371477
0.01670752
0.03194153
0.02481353
0.02256775
0.00956522
0.02488724
0.01944431
0.01050528
0.05220302
0.01737452
0.01985620
0.01874501
0.00970263
0.00430970
0.01588016
0.00545613
0.01341952
0.02466934
0.01083584
0.04244680
0.03398523
0.02075066
0.01779908
0.02542860
0.01412507
0.01588651
0.03172944
0.03181143
0.03105443
0.02182893
0.05689804
0.02358818
0.01879680
0.02057640
