0.00013508972
9.998249e-05
0.00011713495
0.00018474217
0.00013189873
0.00013520147
0.0001272141
0.00011241067
0.00015174565
0.00016220713
8.517491e-05
4.132856e-05
0.00011449906
0.0001414258
0.00012914414
0.0001297893
0.00014549743
0.00012527333
0.00013139886
6.915096e-05
0.00013170099
8.396617e-05
3.51975e-05
0.00017302412
2.2523715e-05
0.00012378873
0.00017174086
8.6579596e-05
0.0001678248
9.599489e-05
0.000119800716
0.00013442284
0.00011930885
0.00012917575
0.00010231097
0.000112171365
0.00012803574
0.00010794334
0.00011258695
0.00013058684
0.0001526789
0.00012544027
7.0030954e-05
0.0001165632
6.782921e-05
0.00012446567
0.00014292652
0.000122159
0.00015220942
0.0001373665
0.00012690709
8.696333e-05
0.00011894947
0.00015243968
4.283657e-05
0.00012110837
7.582224e-05
0.00015987454
0.00011639075
9.398347e-05
0.00010751285
0.00012928552
0.00013987356
9.7147444e-05
0.00011129605
9.7906086e-05
0.00014597696
7.8978665e-05
0.00010611458
0.00013638407
0.000119651224
0.0001112227
0.00013295654
0.0001173393
0.00011120273
0.00010894625
9.200517e-05
8.811374e-05
0.00011431971
0.000109118715
0.00013982311
0.0001323225
7.489506e-05
0.00016592574
0.00013528217
0.00010214824
0.00012081347
8.783305e-05
0.00016835096
0.00012613492
6.0269012e-05
0.00011346804
0.00011409323
0.000108219705
0.00011010799
0.00012716708
0.00021251723
8.946483e-05
0.000110750174
0.00010614388
4.688269e-05
0.00014635804
0.0001008415
0.00012389083
0.00021481936
2.1881304e-05
0.00013887964
0.00014562649
6.129305e-05
9.90582e-05
9.556674e-05
0.00010159646
2.5024963e-05
0.00011176202
0.00010850666
9.776446e-05
0.00014719222
0.00012605492
0.00013258914
8.274167e-05
5.8819896e-05
6.737245e-05
0.000108280496
0.00018585831
6.160803e-05
0.00016532118
0.00015291989
0.00011840643
4.6925405e-05
0.00012253069
0.000135227
0.00011059471
0.00013477738
0.0001296978
0.00010229611
0.00013522661
0.0001823798
0.00011000505
7.01123e-05
3.640176e-05
0.00018053512
0.00011522384
8.2285005e-05
0.00016376744
0.000115989715
0.000118538206
0.0001832063
0.00015742358
4.2700252e-05
0.00014356205
0.00012047009
0.0001241359
0.000121770405
3.935225e-05
0.00012964965
8.325162e-05
0.00012571023
0.00013012145
0.00012643909
0.00012047611
0.000101345286
5.5234956e-05
0.00013374178
0.00013379873
5.1535724e-05
0.00010211901
0.00016094033
0.00016653929
9.8126795e-05
9.1169444e-05
9.293653e-05
0.00011565595
0.00012785547
0.00013258735
0.00014262149
8.513468e-05
0.0001236391
0.00012700247
0.000102592305
0.00011729714
9.332869e-05
9.810803e-05
0.0001184716
6.729082e-05
0.00010586907
8.531507e-05
0.00014703484
6.9927715e-05
0.00014102062
6.891538e-05
0.00011618996
9.024025e-05
4.5992445e-05
8.100532e-05
0.00012320474
0.00010212377
4.770694e-05
0.00013935278
3.2560583e-05
0.0001461826
0.00012550034
0.00012921065
9.207637e-05
1.33394105e-05
0.00015314344
7.148361e-05
0.00013865429
0.00012214851
0.000108850785
0.00013306379
0.0001395831
8.291203e-05
9.800157e-05
0.00013097914
0.00012491141
0.00012504523
0.00010925535
5.1930423e-05
0.00022485155
0.00013622023
0.00010695281
0.00011494629
0.00014348919
0.00020199243
0.00010001512
5.6625588e-05
0.0001692052
0.00010676589
0.000116482646
9.821246e-05
7.549801e-05
0.00010601287
0.00013445287
0.00014787374
0.00013223063
0.00016450402
0.00012947625
0.0001230289
0.00010274902
8.590116e-05
9.087988e-05
0.00012516844
6.1977065e-05
6.288373e-05
0.00010450485
0.00015476692
0.00010351525
0.000110012814
0.00017014312
0.00010003427
0.00014661426
2.9369225e-05
0.00012155267
0.0001171399
0.00015804627
0.00012076013
0.0001369722
0.00017137363
8.019752e-05
0.00015412382
0.00013888703
9.52448e-05
0.00014974004
0.00012144211
0.00013812978
0.000110297166
0.00010964054
0.00010727209
0.00015073844
7.5568365e-05
0.000113830196
8.914402e-05
0.00012563431
0.0001342784
0.00011935413
3.0432371e-05
6.7944944e-05
0.00012111996
0.00011731485
0.00013175518
0.000110828885
0.0001003342
6.6098284e-05
0.0001568377
9.582792e-05
0.00011968314
0.0001867565
0.00030486422
0.00010122143
7.5274016e-05
0.000116995216
0.000113723254
0.00012476352
0.00018621876
7.083848e-05
0.00011087093
0.00011190681
0.00020971427
0.00016538988
0.0001097168
8.277722e-05
0.00011213364
0.00012641792
0.00015995369
0.00011433889
9.198394e-05
0.00013018926
0.00016478094
0.0001129905
9.776083e-05
8.9699024e-05
0.00010815066
0.0001079997
0.00011937531
0.000103271974
0.00013914722
0.00012359352
0.00016073053
0.00010856757
0.00014971821
0.0001468977
0.0001667655
0.00010405083
0.00019803275
0.00011683609
0.00014907066
0.00016451071
0.00014376066
0.000108328924
0.00011942854
0.0001351834
0.00010283874
0.00014114904
0.00011538507
6.06408e-05
0.00011021471
0.00012928067
9.971309e-05
0.00010075234
0.00011054652
0.00010022481
0.0001651043
0.00018315489
4.4781606e-05
8.5052976e-05
0.00010889181
0.00010602262
0.00017491609
0.00014056134
8.6236825e-05
0.00016232349
0.00012913944
0.00011267119
5.5718985e-05
0.000115863804
0.00011577277
0.000114982926
0.00013630182
8.441746e-05
0.00013158216
0.00014775616
3.1872172e-05
0.00014259384
0.000104658146
0.00011978
0.00018116605
0.00013726679
0.000106418156
0.00014944699
0.00010971874
0.00014382474
4.6414836e-05
0.00016016545
8.785185e-05
0.00014225945
0.00018254953
0.0001267885
0.00013035424
9.776249e-05
9.968784e-05
0.00010502097
0.00012514714
0.00014364113
0.00015196037
0.00010220475
0.00015241305
0.00012182094
0.00019029417
0.00013737056
0.00011765001
3.338231e-05
9.241197e-05
0.00010484888
3.7414397e-05
0.00010273987
0.00014200801
0.00013494217
0.0001065727
0.00011396936
0.00010675678
0.00010142403
0.00013985863
8.326755e-05
9.764573e-05
0.000106273525
0.00012801583
0.00017103477
0.00013869988
0.00014787144
6.107494e-05
0.00013958057
0.00012634031
0.0001238173
0.00011947572
0.00011077915
0.00012490417
0.00021502157
0.00013970012
0.00012042193
0.00014618135
0.00011172767
0.00013246755
0.000100818586
0.00013268586
0.00011932037
0.00013222871
0.00013331718
0.00010629361
0.00012402347
9.445361e-05
0.00012307685
0.00012194655
5.698641e-05
4.3272725e-05
0.00013912664
0.0001618066
0.00014234816
0.0001377758
0.00011501523
0.00013679228
0.00022250177
7.25129e-05
0.0001009493
9.717191e-05
0.00010387691
0.00014014574
2.2618411e-05
0.00014729062
0.00014726647
7.8379104e-05
0.000119141194
0.00011590687
0.000119645774
0.00011802133
6.411097e-05
9.395025e-05
7.186394e-05
0.00011147819
0.00011304142
7.802497e-05
0.0001138599
0.000119315424
8.097859e-05
0.00017905676
0.0001498177
0.00015825535
8.426607e-05
7.798802e-05
0.00012854006
0.00011120947
0.00010685219
0.00012555733
0.00013945022
9.714165e-05
0.00012805985
0.00012275841
0.00014448923
0.000104123144
0.00012806879
0.000109938606
0.00014786517
8.5539345e-05
0.00010088477
9.724272e-05
0.00010269538
0.0001120643
0.0001196155
0.00015284498
7.1084585e-05
0.00014327971
0.0001339261
0.00014047853
0.000106961415
0.00014829398
0.00012720174
0.00012923146
0.000102834776
0.00010563918
7.774627e-05
0.0001287171
0.00011522556
9.006469e-05
0.00015910126
0.00010518866
0.00014895038
7.009287e-05
0.0001160134
0.00010128781
0.00011006058
0.00014185271
9.6045194e-05
0.00012814155
8.16541e-05
0.00012472773
0.00014417003
0.00012270847
8.879682e-05
9.9531695e-05
0.0001125144
0.00012792341
0.00012251463
0.00014560639
8.913519e-05
0.00012480302
0.00011190515
0.00010018254
0.0001980957
0.0001660797
0.00018795856
0.00010982776
0.000112641326
0.00012276374
0.00015677104
0.00013299212
0.0001572767
0.00013994372
0.000113513575
7.1115224e-05
0.0001462525
9.240815e-05
4.0495375e-05
0.00012234873
0.00010365392
0.00016134734
0.0001287804
0.0001311846
0.00010147084
0.00016686687
9.307672e-05
0.0001294485
6.945633e-05
0.0001116558
9.997253e-05
0.00014490951
0.0001463052
0.00013639723
0.00012924727
0.00010745138
9.256995e-05
3.182211e-05
0.00010214058
0.00017852684
0.00010911666
9.925086e-05
0.00011095966
0.00011827139
0.00014229093
0.00014584223
6.735259e-05
0.000100258134
0.0001439629
0.00011642026
0.0001435068
0.00011741925
0.00011635917
0.00012147503
0.00013959811
0.00014092994
0.0001247694
0.00011749895
0.000113956776
0.00014623211
9.722603e-05
0.00013300407
0.00012182086
0.00017315145
2.3336625e-05
0.00010536833
0.00014540453
7.441203e-05
5.805e-05
0.000102384736
0.00013254039
9.3078255e-05
5.2830863e-05
0.00014100553
0.00011820942
0.00011365536
0.00014037367
8.527708e-05
0.00010825297
0.00012731868
0.00014362269
4.82309e-05
0.00016580043
0.00011796362
7.837651e-05
3.9015336e-05
9.6485695e-05
0.00014859716
9.104017e-05
0.00013898913
0.000156658
2.2624212e-05
0.00012642922
9.955277e-05
0.0001101431
0.00012080779
0.00016187267
0.000102038655
0.00011456243
0.00015696028
8.458898e-05
0.00010827012
9.124643e-05
0.00014343631
8.325738e-05
9.1496e-05
0.0001098066
2.8599143e-05
9.2553455e-05
0.00011292824
2.5638288e-05
0.00014202
0.00011879284
0.00012604213
0.0001648893
8.9268375e-05
0.0001463921
8.797312e-05
9.782614e-05
0.00018170346
8.929462e-05
5.3416592e-05
0.00010710526
0.00013097105
8.3105406e-05
9.4376686e-05
5.1718303e-05
9.0544e-05
0.00012938556
0.00010999833
9.836317e-05
2.7338887e-05
0.00011278221
0.00012976688
0.00012778654
0.00016003821
6.452087e-05
8.121809e-05
0.00013952151
9.385142e-05
0.000103400205
9.342426e-05
0.000111543755
0.00012619358
0.00014979986
0.00010925828
0.00010865132
4.707052e-05
6.4831205e-05
0.0001264482
0.000104423394
6.316413e-05
8.7530076e-05
0.00013586965
0.00010748244
0.00010752163
0.0001063878
0.00010338275
0.00010311291
0.000118505224
0.00012005386
0.000120320605
0.00015441272
0.00011999876
0.00012461907
8.8921755e-05
9.3409675e-05
0.00015235612
0.00010755618
0.00011744803
0.00016640202
2.9008423e-05
6.525841e-05
0.0001087618
0.00012562894
0.00016346041
4.0282233e-05
9.405632e-05
0.00012005408
0.0001306477
7.3115916e-05
8.816667e-05
0.00013096085
0.00010244759
9.8816745e-05
4.004638e-05
0.00010985035
0.0001122275
5.568314e-05
0.00013418289
0.00010811843
0.00011107214
2.363137e-05
0.000119724406
9.565316e-05
0.00016489433
9.066935e-05
0.00014179936
0.00012281806
0.00011740222
0.00015439195
2.8098108e-05
0.00012276167
0.00014884968
0.00012779239
0.00011161075
0.00013479732
0.0001081569
0.00010040354
0.0001324803
0.00014082763
8.562053e-05
0.00012156667
8.804586e-05
0.0001809904
0.0001387673
3.177588e-05
0.00010160551
0.00024876103
3.275453e-05
0.00013125567
0.00010667869
0.000102551654
0.0001122931
8.243921e-05
0.00010051299
0.00011343022
7.18744e-05
6.23362e-05
0.00013559868
0.00012669928
0.00019761328
9.618952e-05
0.00014571355
0.00010327186
0.00013019999
6.9721646e-05
6.535196e-05
2.8901593e-05
0.00010981019
0.00015384551
0.00012220097
0.000100566394
0.00012713045
8.127372e-05
0.00012933758
9.98986e-05
8.73279e-05
8.8524524e-05
0.000119244505
0.00013049501
0.00014549299
0.000114203445
0.0001346449
5.2238516e-05
0.00020369259
0.00014525047
9.824277e-05
7.832759e-05
0.000116250696
0.00011562877
0.00012591388
0.000130171
0.000111070294
0.00012095692
0.00014174082
0.00010451188
8.739861e-05
0.000121689336
0.00020909362
0.0001243494
0.00010317661
0.00013347136
0.000110291876
4.0732444e-05
0.0001679469
8.870533e-05
0.00011102435
0.000113393224
0.000110338464
9.558411e-05
0.00018413628
1.9001556e-05
0.00010813408
9.218046e-05
0.00010872198
0.00012025427
0.00016639032
7.949371e-05
0.00014528885
9.430295e-05
0.00011486486
0.00012332354
2.6952597e-05
0.00012613865
8.3207524e-05
0.00013744688
9.478853e-05
0.0001306303
0.00012403721
0.00018160646
0.00012211142
0.00012182524
0.000104028324
0.00013922049
0.00013828107
9.4652976e-05
0.00012738649
8.559509e-05
0.00012595985
0.00022010977
0.00013212342
0.00015478578
9.9631296e-05
0.0001124997
3.7122914e-05
9.371467e-05
0.00013669975
9.255511e-05
0.00013661875
0.00014997204
0.00014949829
0.00014017378
7.469051e-05
0.00011472274
9.504573e-05
9.6645e-05
8.892216e-05
8.371314e-05
0.00014899219
0.00013286111
0.00010976013
0.00013665324
0.00011713572
0.00011374811
8.3580926e-05
8.457301e-05
9.287142e-05
0.00012072182
0.0001402463
8.836282e-05
0.00015544222
9.9435405e-05
0.0001419093
0.000119206525
0.00011411047
0.00011688516
0.00012604342
0.00011343826
0.00013690337
8.492463e-05
0.00017379672
0.00010926182
0.00014002562
0.00011442416
0.00015318953
0.00012974818
0.00015238208
0.00014394242
0.00012785151
0.00012881201
8.809556e-05
0.00014416658
0.000118754026
0.0001583533
0.00012753044
0.000118374664
0.00013472211
8.62074e-05
0.000105111656
0.00012864618
8.978896e-05
3.8426722e-05
0.00013761065
0.00012339176
0.00013389274
9.402654e-05
0.00012287387
0.00017449664
8.766562e-05
7.5621596e-05
0.00013833214
0.00013545286
4.1001476e-05
8.965766e-05
0.000115331204
0.00015400216
0.00010601937
0.000105525956
3.0937827e-05
9.818912e-05
0.00016075718
0.00010628529
0.00014237623
0.000149138
0.00010218348
0.00013627292
9.53691e-05
0.00013370033
8.2400715e-05
0.000110764275
0.00016511687
0.00015302129
0.0001325228
0.00012280015
8.855978e-05
0.00012551156
0.00011822882
0.000119321405
0.00013754437
0.00013016294
8.202786e-05
0.00012330312
0.000107183325
8.050304e-05
9.680305e-05
9.0904985e-05
0.00010471402
0.00012332713
8.3793195e-05
2.9843344e-05
8.090197e-05
0.000102988066
0.00018614192
0.0001730372
0.000107783824
7.802145e-05
0.00011359608
8.1191545e-05
0.00014202775
6.0792394e-05
0.000121144396
6.160589e-05
0.00010615095
0.00011332699
5.7860252e-05
0.00010292232
0.0001250097
0.00015898388
0.00017345336
7.986028e-05
0.00014745723
4.310711e-05
6.720673e-05
0.000119060045
9.4972e-05
8.082878e-05
9.011223e-05
9.942409e-05
9.939236e-05
0.0001381697
5.052389e-05
9.38354e-05
6.636996e-05
2.8357019e-05
0.00012086864
0.000115882765
2.7498276e-05
0.00013606028
7.5059106e-05
4.040028e-05
0.000106574436
0.00012187499
0.00012418744
0.00017903894
0.00012494183
0.00011782071
9.108208e-05
2.3563312e-05
0.00010454474
0.00010800893
7.139351e-05
0.000118778495
8.138195e-05
0.00012278702
7.8274614e-05
0.00012120367
0.00012271541
6.713244e-05
9.778023e-05
8.988578e-05
8.1164515e-05
9.755253e-05
0.000106795786
0.0001386057
0.00012540673
0.00014322378
0.00012792874
0.00011064639
6.88921e-05
0.000127616
0.00016415195
0.00012740032
0.00016745235
0.00014444583
9.8131684e-05
9.971313e-05
7.534596e-05
5.104793e-05
0.00011310591
0.00010763663
0.000132385
0.00014783574
0.00013715522
0.000101458136
0.0001580132
5.731151e-05
0.00013803034
0.00014857396
0.0001850409
7.802625e-05
0.00021899566
0.00012533128
8.8320514e-05
0.00016307402
8.963648e-05
0.00011362089
0.00012038659
0.00010351024
0.0001654252
9.5868934e-05
0.00018954046
0.00011535984
9.369053e-06
0.000113467286
0.00010775903
9.923863e-05
0.00012481009
0.00013978063
9.648666e-05
8.3657476e-05
9.813736e-05
0.00011336072
8.8726585e-05
2.8625154e-05
0.000120176934
4.581025e-05
9.730739e-05
5.5890094e-05
0.0001301603
0.00011985565
0.00014334361
9.826168e-05
0.00013306987
0.000114119925
8.851285e-05
0.0001263766
9.543564e-05
0.00011594172
4.937257e-05
9.813968e-05
0.000121260404
9.955295e-05
3.1159983e-05
0.0001060275
0.00012966512
8.757895e-05
0.00011010011
9.5459865e-05
2.5447922e-05
0.00012803827
0.000102894
2.1652528e-05
0.00019430307
7.537828e-05
0.000115220966
0.00012582725
8.871512e-05
0.00012631329
0.00013566845
9.882426e-05
5.903491e-05
0.00010699444
9.848625e-05
0.00018016079
0.00014535886
0.00013682622
0.00016734733
0.0001625794
0.00013485474
5.8433754e-05
6.56541e-05
0.00012019032
0.00010646623
0.00018262259
0.0001268918
0.00012058484
0.00015054285
0.00014712366
0.00010193588
4.317491e-05
9.68124e-05
9.706109e-05
0.000117456795
8.888463e-05
0.00016304188
9.520329e-05
0.00012699215
0.00010580946
0.00017846028
8.485569e-05
9.088301e-05
8.597502e-05
0.00013466597
2.7630542e-05
0.00016094914
0.000107814194
0.00012910331
0.00014096298
0.00014378397
0.0001515063
0.00013991608
7.041094e-05
0.00013973453
0.00013531298
0.00016221628
0.000108848544
0.00010494663
0.00013884188
0.00011864871
5.5225213e-05
0.00010378026
0.00014098137
0.00011882266
0.00012783869
9.4298295e-05
9.913982e-05
9.3319955e-05
0.00016437007
0.0001319629
