0.00025950043
0.00019206123
0.00022501023
0.0003548802
0.0002533707
0.00025971507
0.00024437174
0.00021593513
0.0002914956
0.00031159158
0.00016361663
7.939004e-05
0.00021994681
0.0002716717
0.00024807928
0.00024931857
0.00027949308
0.00024064364
0.00025241048
0.00013283546
0.00025299084
0.00016129471
6.761259e-05
0.00033237046
4.32669e-05
0.00023779181
0.00032990536
0.00016631496
0.0003223828
0.00018440126
0.00023013103
0.00025821937
0.00022918617
0.00024814
0.00019653412
0.00021547543
0.00024595007
0.00020735362
0.00021627375
0.0002508506
0.00029328832
0.00024096432
0.00013452586
0.00022391192
0.00013029644
0.00023909217
0.0002745545
0.00023466117
0.00029238648
0.00026387398
0.00024378202
0.00016705209
0.00022849583
0.0002928288
8.228685e-05
0.00023264297
0.00014565063
0.00030711078
0.00022358066
0.00018053742
0.00020652667
0.00024835084
0.00026868994
0.00018661525
0.000213794
0.00018807256
0.00028041424
0.00015171396
0.00020384067
0.0002619868
0.00022984386
0.0002136531
0.0002554027
0.00022540278
0.00021361474
0.00020928016
0.0001767372
0.00016926197
0.00021960228
0.00020961145
0.00026859302
0.00025418474
0.00014386958
0.00031873482
0.0002598701
0.00019622152
0.00023207648
0.00016872278
0.00032339356
0.00024229872
0.00011577368
0.00021796628
0.00021916724
0.0002078845
0.0002115118
0.00024428143
0.0004082347
0.00017185735
0.00021274539
0.00020389695
9.005924e-05
0.0002811463
0.00019371134
0.00023798793
0.00041265695
4.203286e-05
0.00026678064
0.000279741
0.000117740805
0.00019028572
0.0001835788
0.00019516158
4.807167e-05
0.0002146891
0.00020843573
0.00018780051
0.0002827487
0.00024214503
0.00025469693
0.00015894251
0.000112990005
0.00012941902
0.00020800128
0.00035702428
0.000118345866
0.0003175735
0.00029375128
0.00022745268
9.014129e-05
0.00023537518
0.00025976414
0.00021244676
0.00025890043
0.00024914282
0.00019650557
0.0002597634
0.00035034222
0.00021131405
0.00013468212
6.992592e-05
0.0003467987
0.00022133908
0.00015806528
0.00031458886
0.00022281028
0.00022770581
0.0003519299
0.00030240262
8.202499e-05
0.00027577532
0.00023141685
0.0002384587
0.0002339147
7.559365e-05
0.00024905032
0.0001599221
0.00024148289
0.00024995662
0.000242883
0.00023142842
0.00019467909
0.000106103515
0.0002569111
0.0002570205
9.899748e-05
0.00019616538
0.00030915812
0.00031991344
0.00018849653
0.00017513182
0.0001785263
0.00022216914
0.0002456038
0.00025469347
0.00027396856
0.00016353934
0.00023750437
0.00024396522
0.00019707455
0.00022532178
0.00017927961
0.00018846049
0.00022757787
0.00012926222
0.00020336904
0.00016388587
0.00028244636
0.00013432755
0.00027089336
0.0001323829
0.00022319496
0.0001733469
8.834912e-05
0.00015560705
0.00023666996
0.00019617451
9.1642585e-05
0.00026768952
6.254721e-05
0.00028080927
0.00024107973
0.000248207
0.00017687397
2.5624322e-05
0.00029418067
0.00013731635
0.00026634778
0.00023464102
0.00020909678
0.0002556087
0.000268132
0.00015926975
0.00018825599
0.00025160422
0.00023994842
0.00024020547
0.00020987392
9.975568e-05
0.0004319283
0.00026167207
0.00020545085
0.00022080593
0.00027563536
0.0003880171
0.0001921239
0.000108774846
0.00032503452
0.0002050918
0.00022375719
0.0001886611
0.00014502779
0.00020364528
0.00025827705
0.00028405787
0.00025400825
0.00031600377
0.00024871723
0.0002363322
0.0001973756
0.00016501172
0.00017457559
0.00024044217
0.000119054755
0.00012079642
0.00020074844
0.00029729932
0.00019884748
0.00021132897
0.0003268362
0.00019216069
0.00028163847
5.641677e-05
0.00023349644
0.00022501973
0.00030359876
0.00023197402
0.00026311656
0.00032919995
0.00015405532
0.00029606392
0.00026679484
0.00018296037
0.00028764294
0.00023328407
0.0002653402
0.00021187519
0.00021061384
0.00020606419
0.00028956082
0.00014516295
0.00021866197
0.00017124109
0.00024133705
0.0002579419
0.00022927317
5.8459023e-05
0.00013051875
0.00023266523
0.0002253558
0.00025309494
0.0002128966
0.00019273684
0.00012697141
0.00030127718
0.00018408052
0.00022990517
0.00035874965
0.0005856285
0.00019444116
0.00014459752
0.0002247418
0.00021845654
0.00023966432
0.0003577167
0.00013607708
0.00021297736
0.00021496724
0.00040285036
0.00031770548
0.00021076034
0.00015901079
0.00021540296
0.00024284232
0.00030726282
0.00021963913
0.00017669643
0.0002500869
0.00031653573
0.00021704895
0.00018779353
0.00017230722
0.00020775187
0.00020746188
0.00022931385
0.00019838016
0.00026729467
0.0002374168
0.0003087551
0.00020855272
0.000287601
0.00028218294
0.00032034796
0.0001998763
0.00038041075
0.00022443614
0.0002863571
0.00031601664
0.00027615685
0.00020809431
0.0002294161
0.00025968038
0.00019754794
0.00027114004
0.00022164879
0.00011648786
0.00021171679
0.00024834153
0.00019154373
0.00019354007
0.00021235419
0.00019252671
0.00031715687
0.00035183114
8.602317e-05
0.0001633824
0.00020917557
0.000203664
0.00033600483
0.00027001114
0.00016565651
0.0003118151
0.00024807025
0.00021643557
0.00010703331
0.00022256841
0.00022239354
0.0002208763
0.0002618288
0.0001621616
0.00025276258
0.000283832
6.1224804e-05
0.00027391544
0.00020104293
0.00023009123
0.00034801068
0.00026368245
0.00020442382
0.00028708
0.00021076408
0.00027627996
8.9160516e-05
0.0003076696
0.0001687589
0.0002732731
0.00035066827
0.0002435542
0.0002504038
0.00018779672
0.00019149522
0.0002017399
0.00024040123
0.00027592722
0.00029190807
0.00019633007
0.00029277764
0.00023401178
0.00036554533
0.00026388178
0.00022599963
6.412571e-05
0.00017751864
0.0002014093
7.187114e-05
0.00019735801
0.0002727901
0.00025921696
0.00020472068
0.0002189293
0.00020507429
0.00019483035
0.00026866124
0.00015995269
0.00018757244
0.00020414598
0.00024591186
0.000328549
0.00026643535
0.00028405344
0.000117321826
0.00026812713
0.00024269325
0.00023784669
0.00022950672
0.00021280105
0.00023993448
0.0004130454
0.00026835676
0.00023132435
0.00028080688
0.00021462311
0.00025446338
0.00019366732
0.00025488273
0.00022920831
0.00025400458
0.00025609546
0.00020418457
0.00023824273
0.00018144053
0.00023642433
0.00023425306
0.00010946797
8.312468e-05
0.00026725515
0.0003108222
0.0002734435
0.00026466025
0.00022093835
0.00026277095
0.00042741446
0.00013929355
0.00019391841
0.00018666226
0.00019954222
0.00026921276
4.3448807e-05
0.00028293772
0.00028289133
0.00015056223
0.00022886411
0.00022265114
0.00022983339
0.00022671292
0.00012315389
0.00018047361
0.00013804695
0.00021414389
0.00021714676
0.00014988196
0.00021871901
0.0002291988
0.00015555572
0.00034395885
0.00028779212
0.0003040004
0.00016187079
0.00014981098
0.00024691888
0.00021362767
0.00020525757
0.00024118918
0.00026787672
0.00018660413
0.0002459964
0.00023581261
0.0002775564
0.00020001522
0.00024601357
0.00021118642
0.0002840414
0.00016431669
0.00019379446
0.00018679828
0.00019727256
0.00021526977
0.00022977524
0.00029360736
0.00013654983
0.00027523297
0.00025726517
0.00026985205
0.00020546738
0.00028486512
0.00024434802
0.000248247
0.00019754033
0.00020292743
0.0001493466
0.00024725895
0.00022134239
0.00017300966
0.00030562535
0.00020206202
0.000286126
0.00013464481
0.00022285579
0.00019456868
0.00021142073
0.00027249177
0.00018449788
0.00024615333
0.00015685333
0.00023959557
0.00027694323
0.00023571668
0.00017057413
0.00019119527
0.00021613439
0.00024573432
0.0002353443
0.0002797024
0.00017122412
0.0002397402
0.00021496405
0.00019244551
0.00038053168
0.00031903057
0.00036105874
0.00021097348
0.0002163782
0.00023582285
0.00030114912
0.00025547104
0.0003021205
0.0002688247
0.00021805376
0.0001366087
0.00028094352
0.0001775113
7.778954e-05
0.00023502563
0.00019911386
0.00030993996
0.00024738055
0.0002519989
0.00019492027
0.0003205427
0.0001787956
0.0002486639
0.00013342204
0.00021448506
0.0001920421
0.00027836373
0.00028104478
0.00026201206
0.00024827739
0.00020640859
0.00017782212
6.112864e-05
0.0001962068
0.00034294088
0.0002096075
0.0001906558
0.00021314781
0.00022719326
0.00027333357
0.00028015545
0.00012938086
0.00019259073
0.00027654532
0.00022363734
0.00027566918
0.00022555636
0.00022352
0.0002333473
0.0002681608
0.00027071917
0.0002396756
0.00022570946
0.00021890512
0.00028090438
0.00018676622
0.000255494
0.00023401162
0.00033261505
4.482846e-05
0.00020240716
0.00027931464
0.0001429417
0.000111511064
0.00019667583
0.00025460328
0.00017879855
0.00010148538
0.00027086437
0.00022707423
0.00021832611
0.0002696506
0.0001638129
0.0002079484
0.00024457264
0.0002758918
9.264908e-05
0.00031849413
0.00022660205
0.00015055726
7.494646e-05
0.00018534406
0.00028544752
0.00017488349
0.00026699097
0.00030093198
4.345995e-05
0.00024286404
0.00019123577
0.00021157923
0.00023206556
0.00031094908
0.00019601102
0.00022006854
0.00030151263
0.0001624911
0.00020798134
0.00017527971
0.0002755338
0.00015993314
0.00017575911
0.00021093283
5.4937485e-05
0.00017779044
0.00021692934
4.9249837e-05
0.00027281314
0.00022819496
0.00024212046
0.00031674386
0.00017147996
0.00028121172
0.00016899186
0.000187919
0.00034904302
0.00017153038
0.00010261053
0.00020574371
0.00025158867
0.00015964122
0.00018129277
9.93482e-05
0.00017393038
0.00024854302
0.00021130114
0.0001889506
5.25166e-05
0.00021664884
0.0002492755
0.00024547137
0.0003074252
0.00012394128
0.00015601578
0.00026801365
0.00018028377
0.00019862648
0.00017946321
0.00021426982
0.0002424114
0.00028775784
0.00020987955
0.00020871361
9.042005e-05
0.00012453742
0.0002429005
0.00020059198
0.000121335055
0.00016814079
0.0002609986
0.00020646825
0.00020654353
0.0002043655
0.00019859296
0.0001980746
0.00022764245
0.0002306173
0.0002311297
0.0002966189
0.00023051146
0.00023938682
0.00017081412
0.00017943518
0.0002926683
0.0002066099
0.00022561163
0.00031964976
5.572369e-05
0.00012535806
0.00020892583
0.00024132674
0.00031399907
7.73801e-05
0.00018067737
0.00023061772
0.00025096754
0.00014045193
0.00016936364
0.00025156906
0.00019679657
0.00018982189
7.692704e-05
0.00021101689
0.00021558326
0.00010696446
0.00025775845
0.00020768995
0.00021336388
4.539465e-05
0.00022998443
0.0001837448
0.00031675355
0.00017417117
0.0002723893
0.0002359272
0.00022552363
0.000296579
5.397502e-05
0.00023581886
0.0002859326
0.0002454826
0.00021439852
0.00025893873
0.00020776385
0.00019287004
0.00025448785
0.00027052264
0.00016447264
0.00023352333
0.00016913158
0.00034767328
0.00026656486
6.1039835e-05
0.00019517897
0.00047785716
6.2919775e-05
0.00025213542
0.00020492429
0.00019699647
0.00021570928
0.0001583615
0.0001930803
0.00021789363
0.00013806703
0.00011974463
0.0002604781
0.00024338282
0.00037960496
0.00018477513
0.00027990824
0.00019837993
0.0002501075
0.0001339317
0.00012553776
5.5518478e-05
0.00021093975
0.00029552932
0.00023474179
0.00019318287
0.00024421106
0.00015612264
0.00024845084
0.00019190008
0.00016775241
0.00017005106
0.00022906257
0.00025067423
0.00027948455
0.00021937896
0.00025864594
0.000100347504
0.000391283
0.00027901868
0.0001887193
0.00015046328
0.00022331162
0.00022211693
0.00024187409
0.00025005182
0.00021336033
0.00023235203
0.00027227684
0.00020076195
0.00016788824
0.00023375897
0.0004016581
0.00023886883
0.00019819697
0.00025639162
0.00021186503
7.8244935e-05
0.00032261736
0.00017039839
0.00021327207
0.00021782255
0.00021195452
0.00018361217
0.00035371634
3.6501013e-05
0.00020772002
0.00017707393
0.00020884933
0.00023100228
0.00031962726
0.00015270333
0.00027909243
0.00018115113
0.0002206495
0.0002368982
5.1774554e-05
0.00024230588
0.00015983738
0.0002640284
0.0001820839
0.0002509341
0.0002382691
0.0003488567
0.00023456977
0.00023402003
0.00019983307
0.00026743542
0.00026563084
0.0001818235
0.0002447029
0.00016442378
0.0002419624
0.00042281958
0.0002538023
0.00029733553
0.0001913866
0.00021610614
7.131121e-05
0.00018002107
0.00026259318
0.00017779361
0.0002624376
0.00028808857
0.00028717853
0.00026926663
0.00014347665
0.00022037649
0.00018257798
0.00018565009
0.0001708149
0.00016080865
0.00028620634
0.00025521938
0.00021084357
0.00026250386
0.00022501171
0.00021850428
0.00016055467
0.0001624604
0.00017840123
0.00023190043
0.00026940592
0.00016974045
0.0002985965
0.0001910103
0.00027260048
0.00022898961
0.00021920036
0.00022453039
0.00024212294
0.00021790908
0.00026298434
0.00016313585
0.00033385458
0.00020988635
0.00026898202
0.00021980294
0.0002942692
0.0002492396
0.00029271815
0.000276506
0.0002455962
0.00024744126
0.00016922706
0.0002769366
0.00022812039
0.00030418855
0.00024497943
0.00022739165
0.00025879426
0.0001656
0.0002019141
0.0002471227
0.00017247998
7.381576e-05
0.000264343
0.00023702923
0.00025720109
0.00018062015
0.0002360344
0.0003351991
0.00016840115
0.0001452652
0.00026572894
0.000260198
7.876173e-05
0.00017222777
0.00022154533
0.00029583025
0.00020365776
0.00020270994
5.9429978e-05
0.00018861626
0.00030880628
0.00020416858
0.00027349743
0.00028648644
0.00019628923
0.0002617733
0.00018319914
0.00025683147
0.00015828754
0.00021277249
0.00031718102
0.00029394604
0.0002545695
0.00023589279
0.00017011879
0.00024110128
0.0002271115
0.00022921029
0.00026421566
0.00025003633
0.00015757131
0.00023685898
0.00020589367
0.00015464221
0.00018595369
0.00017462381
0.00020115025
0.00023690508
0.00016096243
5.7327532e-05
0.00015540853
0.00019783479
0.00035756905
0.00033239558
0.0002070472
0.0001498752
0.00021821223
0.0001559648
0.00027282804
0.00011677907
0.00023271216
0.000118341755
0.00020391052
0.00021769533
0.000111146575
0.00019770849
0.0002401372
0.00030539988
0.000333195
0.0001534075
0.00028325777
8.2806546e-05
0.00012910068
0.00022870823
0.00018243633
0.00015526793
0.00017310097
0.00019098858
0.00019092762
0.0002654169
9.7053795e-05
0.00018025299
0.00012749329
5.4472377e-05
0.00023218244
0.00022260484
5.2822776e-05
0.0002613648
0.00014418468
7.760686e-05
0.00020472403
0.00023411559
0.0002385577
0.0003439246
0.00024000685
0.00022632754
0.000174964
4.5263914e-05
0.00020082509
0.0002074796
0.00013714326
0.0002281674
0.00015633054
0.00023586756
0.00015036152
0.00023282603
0.00023573001
0.00012895797
0.0001878308
0.00017266597
0.00015591287
0.00018739341
0.00020514922
0.00026625444
0.0002408999
0.00027512552
0.00024574454
0.00021254603
0.00013233819
0.0002451438
0.00031532746
0.00024472945
0.00032166738
0.00027747304
0.00018850593
0.0001915438
0.00014473572
9.806045e-05
0.00021727064
0.00020676444
0.0002543048
0.00028398487
0.00026346813
0.00019489587
0.00030353523
0.00011009247
0.0002651492
0.00028540296
0.00035545407
0.00014988442
0.00042067943
0.00024075495
0.00016965918
0.0003132568
0.00017218708
0.0002182599
0.00023125646
0.00019883785
0.00031777332
0.0001841593
0.00036409748
0.00022160033
1.799747e-05
0.00021796483
0.00020699955
0.0001906323
0.00023975378
0.00026851142
0.00018534593
0.00016070172
0.00018851683
0.00021776013
0.00017043922
5.4987453e-05
0.00023085372
8.799914e-05
0.00018692251
0.000107362
0.00025003127
0.00023023655
0.0002753557
0.00018875564
0.0002556204
0.00021921852
0.00017002864
0.00024276297
0.00018332696
0.0002227181
9.484217e-05
0.00018852128
0.00023293501
0.0001912361
5.9856728e-05
0.0002036734
0.00024908004
0.00016823466
0.00021149666
0.0001833735
4.888415e-05
0.00024595496
0.0001976541
4.1593394e-05
0.0003732462
0.00014479781
0.00022133355
0.00024170769
0.00017041719
0.00024264133
0.00026061214
0.00018983633
0.000113403024
0.00020553083
0.00018918703
0.0003460796
0.00027922692
0.00026283614
0.00032146563
0.00031230669
0.00025904903
0.00011224824
0.00012611816
0.00023087944
0.00020451615
0.00035080864
0.00024375263
0.00023163728
0.0002891851
0.000282617
0.0001958136
8.2936785e-05
0.00018597166
0.00018644938
0.00022562848
0.00017074282
0.00031319508
0.00018288064
0.00024394541
0.00020325453
0.00034281303
0.00016300342
0.0001745816
0.0001651536
0.00025868643
5.3076852e-05
0.00030917506
0.00020710554
0.00024800084
0.00027078265
0.0002762016
0.00029103583
0.0002687716
0.0001352558
0.00026842285
0.00025992928
0.00031160915
0.00020909247
0.00020159708
0.0002667081
0.00022791809
0.0001060848
0.00019935655
0.00027081798
0.00022825223
0.00024557157
0.00018114218
0.0001904425
0.00017926285
0.00031574647
0.00025349396
