0.00177983
0.00143003
0.00116445
0.00181399
0.00162774
0.00091742
0.00071814
0.00089449
0.00142382
0.00176646
0.00133368
0.00158567
0.00113370
0.00156930
0.00077246
0.00115321
0.00099945
0.00147951
0.00070515
0.00124983
0.00133003
0.00254862
0.00137358
0.00121590
0.00097486
0.00096821
0.00098370
0.00130580
0.00121718
0.00155821
0.00153648
0.00154276
0.00132164
0.00106931
0.00125711
0.00134546
0.00188324
0.00093690
0.00119652
0.00126618
0.00151789
0.00126406
0.00153808
0.00133029
0.00155692
0.00124092
0.00117771
0.00092979
0.00119569
0.00187952
0.00097062
0.00155313
0.00085774
0.00161196
0.00122676
0.00094196
0.00073913
0.00116888
0.00127171
0.00156521
0.00155855
0.00152479
0.00094703
0.00137241
0.00170962
0.00205263
0.00082494
0.00112370
0.00139537
0.00121590
0.00106843
0.00154832
0.00156616
0.00132236
0.00145619
0.00143574
0.00101488
0.00152882
0.00089144
0.00081097
0.00113671
0.00185101
0.00103324
0.00102846
0.00077839
0.00108518
0.00090259
0.00127827
0.00196223
0.00125013
0.00455532
0.00119852
0.00082209
0.00112335
0.00102227
0.00090613
0.00146090
0.00093304
0.00106155
0.00117545
0.00151917
0.00157788
0.00148151
0.00185089
0.00138139
0.00153172
0.00126255
0.00140283
0.00112083
0.00165848
0.00100858
0.00155239
