25513
110422
-114007
361733
15725
41627
-132063
-1194
-493212
-92219
37012
-59871
56493
-234296
-114380
69145
268004
-76296
-154369
201536
80826
260086
-40063
117110
18937
-12336
-49320
77328
-13355
-254005
88902
-150161
-110606
-144720
-398055
-66527
-23049
-35219
325455
-193244
107323
-316849
26513
-287693
167222
-54282
-121297
173228
-234731
108393
-214066
-503298
-73650
107541
-55420
50248
-34477
-215280
37473
-123447
-86771
90756
203374
335897
-413354
265125
-224478
76392
-62735
-28836
-84479
-147251
35873
92554
-41252
-110229
60988
-31323
144408
337096
-139657
92013
-37548
-20192
-16983
44039
-63839
-56077
427240
136461
-227911
-272781
174024
-176234
98177
-102848
135348
-4872
-239639
-85326
91032
-504297
-36832
-374655
-16087
37459
-468568
16633
53157
-270103
-127727
-13060
