0.01193765
0.00959150
0.00781017
0.01216681
0.01091755
0.00615331
0.00481669
0.00599950
0.00954985
0.01184797
0.00894525
0.01063541
0.00760394
0.01052557
0.00518102
0.00773478
0.00670351
0.00992339
0.00472960
0.00838283
0.00892078
0.01709412
0.00921290
0.00815527
0.00653860
0.00649394
0.00659790
0.00875827
0.00816386
0.01045119
0.01030550
0.01034763
0.00886447
0.00717209
0.00843168
0.00902424
0.01263126
0.00628396
0.00802527
0.00849251
0.01018077
0.00847830
0.01031623
0.00892250
0.01044260
0.00832310
0.00789913
0.00623630
0.00801973
0.01260630
0.00651014
0.01041715
0.00575306
0.01081171
0.00822815
0.00631794
0.00495748
0.00783990
0.00852964
0.01049817
0.01045349
0.01022705
0.00635193
0.00920499
0.01146677
0.01376739
0.00553302
0.00753690
0.00935901
0.00815527
0.00716615
0.01038488
0.01050452
0.00886934
0.00976698
0.00962980
0.00680700
0.01025413
0.00597905
0.00543933
0.00762413
0.01241509
0.00693012
0.00689808
0.00522080
0.00727849
0.00605382
0.00857360
0.01316109
0.00838490
0.03055342
0.00803868
0.00551391
0.00753450
0.00685655
0.00607761
0.00979857
0.00625805
0.00712002
0.00788395
0.01018936
0.01058317
0.00993677
0.01241430
0.00926528
0.01027355
0.00846815
0.00940906
0.00751760
0.01112377
0.00676473
0.01041221
