1825046557
1244877007
1274255755
1870748143
1940346545
1132947163
1524822048
1971486706
1637054137
1722867578
1263679117
1357261711
1132861690
1139459044
1964148888
1784870498
1141766172
1907359496
1187709816
1838932942
1784583317
1668460705
2086424028
2100179654
1845659456
1426330356
1991290141
1733788434
1311690697
1386081138
1200508862
1646607412
1153948178
1153901247
1840198652
1877242844
2117205003
1480069710
2090285222
1409353983
1473512309
1110696982
1784481276
1202274059
2090407426
2005161297
1082537577
1753261822
1387461321
2074913488
1194554398
1969079935
1088248572
1463539196
1515345800
1537351445
1490457003
1853601811
1726228203
2140497189
2100144872
2090751855
1950430864
1562015847
1306793914
2040442688
1750439179
1075910425
1165180374
1371545495
1818526898
2051225077
1383725904
1332125882
1240288791
1533922621
2057883721
1244876772
1424628611
1406205054
1280813416
1686379087
1840256793
1511849613
1967085087
1718496021
1973233573
1533688552
1275590064
1211054432
1591529138
1337782236
1355699749
1186002971
1122314874
1358736673
1493961453
1085387293
1547376401
1076175515
1794374063
1076059961
1321235624
1089422581
1411873540
1891791013
1628217386
1289208022
1316861970
1202825578
1718132039
1875238878
2121918902
1463031295
1246219659
1490666348
2018115683
1363195259
1682566376
2143083413
1601636253
1187961557
1424667998
1756245681
1460548992
1136129628
1440626455
1802876999
1133506460
1138665137
1094054697
1136495302
1534292337
1557774316
1953174826
1341803729
1611631926
1524136895
1592188807
1758951666
1842169388
1831710371
1354450302
1726730934
1701640367
1721229755
1657525255
1294686639
1141301606
1316280088
1415051723
1972473273
1959018835
1289507423
1148516845
1683397109
1145504315
1746977877
1200365177
2132192920
1632398220
1610706885
1904988728
1840946591
1521007293
1108002278
1618911087
1497067939
1196885685
1837949289
1090457466
1465434682
1524545302
1968949646
1084677567
1792546635
1524114898
1172926427
1134640143
1739348365
1396858004
2125893558
1409648308
1958027568
1575425634
1124611521
1986247793
1252400812
1992186182
2104601014
1423922269
1636039370
1549819975
1530174325
1777133822
1575734247
1729258500
1749150673
2085296268
1773398029
1140194715
1732030992
1828269467
1514354947
1703417597
1244562660
1223257990
1582871463
1317833003
2033047057
1225919793
1153166257
1504094278
1971592460
1431908054
1128443056
1653137271
1699563642
1289219020
2118070070
1832872207
2144328395
1256696020
1989808082
1957033951
1537406578
1731012605
1966342929
1613951509
1259497559
1090616708
1929489047
1357195956
1455682854
1320724386
1449426498
1804743166
1877169334
1544364623
1530345506
1108640703
1343744808
1753803847
1614876551
1983280103
1848778022
1738655747
1528056709
1654924860
1719936718
1800426873
1640658664
1320602369
1539875204
2042888847
1662795303
1669390141
1420315073
1087462279
1221706274
1713056903
1581787847
1753864009
1720249487
2078816983
1596500372
1085259448
1283873276
1846496369
1369528932
1094343100
1772377715
1275877010
1588928014
1464128880
2069830719
1462380603
1691667160
1912706885
1335648945
1180428399
1703247451
1564798163
1963269015
2101734847
1397001454
1385647571
1893786895
1505552836
1967365781
2062671131
1077488274
1133561828
1326556889
1800821293
1223732613
1951007152
1348888021
1099930950
1188463536
1153919789
1696078509
1806216999
1508224885
1934383621
1923475079
1200122789
1781382075
1085083850
1380925164
1181813823
1716593390
1201809917
1666998951
1262443840
1588005605
1307140881
1630493164
1282356577
1266783018
1664340626
1564445086
1080668318
1246163257
1901770236
1153468761
1641438385
1687764417
2033994049
1388073096
1555420092
1161540089
1227726070
1739874691
2038971910
1751570934
1925679837
1287426609
1143097214
2135444501
1679391244
1922421112
2095559194
1074539196
1418584045
1826457174
1397407549
1642810047
1907341259
1192693693
1521388007
1427641517
1979483678
1823520505
1325607585
2105887358
1863252210
2039846142
1203482568
1133044809
1517003261
1362061389
1353476801
1765617360
1736593405
1381161865
1639018458
1743684652
1136694965
1330203510
1122237133
1283182868
1901936246
1852907924
1485842183
1375131447
1728567386
1782388617
1589753459
2009290400
1427448434
1781870470
2043592934
1114145031
1622007280
1432076226
1652825715
1326105898
1998668287
1506958376
1376853403
1108653605
1590206086
1862756342
1230165366
1889890827
1264752542
1499146874
1713722495
1116104768
1769272686
1989838727
2100993912
2113187763
1395924268
1623424853
2133109642
1172156374
1831435787
1237914639
1203442241
1376107955
1248533837
1897273109
1241376317
2138726727
1938724702
1878096020
1469130524
1725260719
1994482217
1500826387
1798781981
1166762547
1729073971
1296484832
1528983113
1461197663
1453912674
1503176522
1526492820
1754647857
2126812160
1699056775
2023094343
1230710775
1616792765
1406299269
1874099743
1177558284
1900871751
1573717590
1334827612
1327980515
1632017195
1830335664
1334228082
1183780000
1344664538
1549817766
1813703569
1787170387
2052391849
1628740938
1248595034
1899524305
1778843887
1589606625
1536567668
1614509420
2061573734
1163909823
1936873679
1987665930
2130958842
1289632354
1291238685
1778953072
1759629807
1930219172
1268084214
1387548180
1808871169
1670165835
1720380528
1178339618
1616634191
1309304089
1629500581
1555128023
1900512845
1492017837
1673727721
2133825291
1780994038
1691655504
1167954417
1156907409
2061330641
1832477158
2117104419
1084128915
1722405880
1133298619
1764023267
1194381056
1912512016
1689128596
1157827891
1330380707
1939220665
1411620407
1674445720
2107886248
1577350168
1298593801
1783066289
1975656194
1917345299
1585660641
1828574603
1639746022
1096866107
1842928184
1419605299
1091106748
1629377530
1917428116
1095353920
1819008431
1324263899
1915163666
1086998137
1441585996
1427733640
1681342756
1095594475
1509829525
1268634605
1277807442
1381125673
1287548202
2097188274
1968185774
1531629312
1705232099
1769376090
1445564223
1864879223
2093554663
1727775783
1147786813
2101649210
1260734833
1302140882
2013464625
1092367899
1317653667
1293001556
1770746378
1987489767
2022797856
1573808680
1556102276
1105568058
1533492179
1170637277
1625178182
1361956528
1626091168
2026416239
1796010288
1967107366
1687476813
1691721551
1701132278
1745959819
1224693517
1193356747
1401475287
1793492122
1719657772
1722901701
1125177657
1390056570
1640539693
