0.00097073335
0.005297152
0.0054221633
0.0004975209
0.0020641217
0.009641745
0.0016220908
0.0020972483
0.0017414822
0.0018327697
0.0013442895
0.0028876835
0.0012051272
0.0012121454
0.0010447212
0.0018987278
0.0012145997
0.0010145152
0.0025269482
0.0039124778
0.0018984223
0.0017748922
0.004439035
0.0011170753
0.0019633945
0.0015173163
0.0010591575
0.0009221936
0.005581455
0.0058979983
0.0006385448
0.00087582244
0.0012275588
0.0049100355
0.0039151707
0.0019969926
0.001126131
0.0015744837
0.0011118125
0.001499257
0.003135016
0.0011815486
0.0037966275
0.0012789674
0.002223755
0.004266142
0.0011515929
0.0009325514
0.0029519356
0.0022072727
0.0025415106
0.002094688
0.0023153364
0.0015568987
0.00080600503
0.0032708389
0.0007927668
0.003943687
0.0018363447
0.00113852
0.0022341136
0.0011120607
0.0020748493
0.0016616572
0.0013901546
0.0010853015
0.0074484004
0.002289086
0.002479015
0.0014590367
0.0038690623
0.0043641464
0.0014719941
0.0014171025
0.0013194071
0.0016317719
0.0021891566
0.005297151
0.006062024
0.0014959072
0.0027250336
0.0017939536
0.0009788236
0.0032165817
0.0020925659
0.00091405964
0.0020991066
0.0016315229
0.0027139205
0.010306463
0.0033861063
0.0056924787
0.0028843603
0.0050466335
0.0011939076
0.0014454108
0.0015892616
0.0011546244
0.0016460839
0.00228965
0.0009544188
0.0045788083
0.0028110351
0.0023178342
0.00075096864
0.0010062344
0.0034641635
0.0013714469
0.0028017298
0.00063977705
0.00091386604
0.0019948608
0.0022572766
0.0007781792
0.0013257163
0.0015857563
0.0042937035
0.0014501538
0.0071595907
0.0011398956
0.00340761
0.0012637419
0.0015155479
0.001868277
0.0031074355
0.0012086036
0.0030650487
0.00095894147
0.0012058131
0.0024226017
0.0011638447
0.0012089926
0.0016321652
0.0016571451
0.0041555366
0.0014273977
0.0034288766
0.00081068097
0.0016937549
0.0009355778
0.0009798409
0.0019485556
0.005763404
0.003673759
0.0036203768
0.0018310274
0.0070530367
0.001377275
0.002428211
0.0014002459
0.0015053182
0.0010491489
0.0020839851
0.0013717654
0.004887124
0.0008953907
0.0012185763
0.000929209
0.005107747
0.004536412
0.00086826464
0.0034269085
0.0010132542
0.001958381
0.0032360654
0.001178682
0.0034443636
0.006370265
0.0025464706
0.0019551925
0.002320036
0.0015589151
0.0032435928
0.0010472747
0.0011538694
0.0019068936
0.00081066927
0.0049909907
0.0024140382
0.0009251509
0.0014859639
0.0022615048
0.0014995701
0.0010414653
0.0008379612
0.004785403
0.002112951
0.0026645835
0.0010596341
0.001119427
0.0007573773
0.0017404027
0.0032973667
0.0016277845
0.0009452488
0.0016762507
0.0018395683
0.0037214588
0.0011091589
0.003773047
0.002425856
0.0073700706
0.0009724476
0.001610956
0.003624158
0.0013239536
0.0013012899
0.0008419216
0.0056075915
0.0010813678
0.0013041215
0.002453454
0.0016000408
0.0020973608
0.0030464996
0.0012004267
0.00087929564
0.0018079792
0.0006857293
0.0045063645
0.0038995831
0.0022811156
0.0026737219
0.0010583692
0.0020818736
0.0016354781
0.0036828686
0.0010458882
0.0068676234
0.0013398412
0.0011601874
0.0020525716
0.0007218859
0.0015485412
0.0028099474
0.006167543
0.0038397363
0.0019969144
0.00082144
0.0016279666
0.0023587223
0.0014294626
0.0018656794
0.0017178899
0.001054897
0.000983356
0.001849565
0.0008127659
0.0035209858
0.00091482594
0.00095763826
0.00087265833
0.0028096878
0.0032762084
0.0010866026
0.0035377308
0.0071035237
0.0015109173
0.0023136635
0.0012996392
0.0018223332
0.00084134523
0.0018657434
0.0018299846
0.0011057126
0.003396683
0.0023089768
0.0027315437
0.0039285696
0.0014568915
0.0011641515
0.00094271905
0.002714531
0.0016902861
0.003115052
0.0022018657
0.0031113324
0.001799579
0.0020347189
0.0028417006
0.0012557282
0.003623796
0.003329234
0.0010442532
0.002235805
0.005944466
0.0029480767
0.004029184
0.0016015924
0.004185729
0.0010971247
0.0011462215
0.001205872
0.00070558913
0.0019156961
0.0013017948
0.0041509247
0.0014349339
0.0011700958
0.0012642759
0.0012275286
0.007217087
0.001921436
0.0032088698
0.0010288892
0.002046174
0.0012766789
0.0037900337
0.0011543016
0.0014690147
0.002514404
0.00091304764
0.0051138946
0.0008866686
0.0053719017
0.0033786097
0.0013905237
0.0017345027
0.0006820792
0.0006737957
0.00088525465
0.0016642414
0.0011496044
0.0013256563
0.0020230846
0.0012270488
0.00087307306
0.0035908546
0.0010818715
0.0014766186
0.0016546407
0.00247127
0.002612086
0.0037017234
0.0021690384
0.0037266081
0.0010242597
0.0027391037
0.0024320313
0.002271665
0.00357304
0.0040901056
0.0022292354
0.0011430843
0.0030181517
0.0019429673
0.005946194
0.00087380264
0.002029011
0.0050751036
0.0032368754
0.00075935555
0.0010528777
0.0019398433
0.0014101684
0.0011201112
0.003964219
0.0010849842
0.002560506
0.001205322
0.006455093
0.0014489476
0.0028796308
0.0018782465
0.0036947422
0.0014692665
0.0069742873
0.0037098294
0.001209205
0.0014150575
0.0023876498
0.0013650374
0.0005058153
0.0039422107
0.0015806244
0.0029257028
0.0018388331
0.0009480438
0.0033823284
0.004274927
0.0015185057
0.0018955364
0.0021739542
0.0047408664
0.0017254755
0.0015234287
0.0070330394
0.0014106985
0.0021261638
0.0008015438
0.0029293664
0.0047174995
0.0016916457
0.001981582
0.0013086379
0.0020104474
0.0013454314
0.0007973889
0.0036460825
0.0023746027
0.00376427
0.0010583855
0.0022350168
0.0022479885
0.0014849706
0.0017269835
0.0011345906
0.009975428
0.00097413175
0.005267526
0.0012802101
0.0007319451
0.0026563562
0.0020183006
0.001320564
0.0011375783
0.0020623964
0.0009989501
0.0015628467
0.003670631
0.0021217107
0.0031931289
0.0038270534
0.0012411906
0.000919686
0.0013791879
0.0016265173
0.0015544078
0.0015466581
0.003198129
0.0032477363
0.007466309
0.002262482
0.00180744
0.002152148
0.0026184362
0.0034398567
0.0059840297
0.003987298
0.0050107
0.0010110644
0.0008370527
0.0056799063
0.0028253854
0.0034722479
0.0009735466
0.0007096694
0.0012592936
0.002860882
0.001648681
0.00096470007
0.0009505872
0.0010916572
0.0017326387
0.0026564864
0.0010103477
0.0037846335
0.000845504
0.0065383427
0.0034349987
0.002193082
0.0024763118
0.0020604273
0.0021144596
0.0022668932
0.0013718983
0.0013736071
0.0018924329
0.007487508
0.0020533483
0.0026979512
0.0007380301
0.00096212974
0.0035534122
0.003660248
0.0050140247
0.00085987983
0.0013928249
0.0017334468
0.00165433
0.0010108735
0.001587194
0.0017804952
0.0022699425
0.00094730203
0.0017995666
0.004969834
0.0049228272
0.0010964117
0.00097468565
0.002252155
0.004613143
0.0073291142
0.002411184
0.00046913768
0.0012705709
0.0020345116
0.007187514
0.002463372
0.002830492
0.002062924
0.003003336
0.001781259
0.0011211744
0.0016779697
0.0013814314
0.003793617
0.00052542094
0.0010198266
0.0033736206
0.0009726099
0.0008721729
0.0023336709
0.001960489
0.0030203245
0.0011607087
0.0017333159
0.0020397413
0.0011652268
0.0019350434
0.005634956
0.0020373324
0.001156338
0.0030670902
0.0030376182
0.003577192
0.0023309654
0.0016061419
0.0013495611
0.0054372763
0.005876912
0.0013696812
0.0011154842
0.0020937368
0.0016293323
0.0036280185
0.0009411225
0.0015377771
0.0019838403
0.002227103
0.001837991
0.0012210044
0.0022357139
0.0013411574
0.0027704095
0.004283808
0.0023241006
0.0014017071
0.0055019297
0.0037674054
0.0021142722
0.0010759163
0.0016742023
0.0033107328
0.0011760925
0.001631314
0.0012453125
0.0069153947
0.0057953442
0.0017298199
0.0010778409
0.0019105782
0.0020925896
0.0071804854
0.00089981843
0.0018096479
0.001857335
0.005211268
0.005077925
0.00074543786
0.0038157988
0.00091467757
0.003665612
0.001196953
0.0059149144
0.0034903802
