-20728
-42778
-78799
5213
60001
-13773
206335
-98888
-33350
-19135
108385
-170294
-59379
-37969
-30445
54429
-41763
-168197
100959
89989
270363
-38954
204492
119576
-95100
-163137
-122975
109933
12907
-148444
-192048
-171685
-109544
-82720
-153989
42806
144296
149330
26267
120570
-68714
72066
85703
213287
-215265
84806
-74061
76419
134887
-37189
-21811
-54406
46768
28263
56770
-76503
51040
66463
70378
54341
-98777
110898
142363
103258
-4324
41447
109717
185396
145582
-4401
-125565
45168
113421
-55658
31978
-96664
197190
143534
-10401
-71300
176733
-47745
132611
-195
24559
84074
85289
-17614
53874
66324
231962
214712
-13724
9907
195755
20305
