0.0001535671
0.0001519501
0.00022854628
0.00024227359
0.0002062535
0.00013518141
0.00017127316
0.00016343866
0.00020668663
0.00019158133
0.00014374446
0.00014262978
0.00028200276
0.00013598899
0.00012872089
0.00010696903
0.0001251721
0.00021042099
0.0001820746
0.00020327487
0.00013237818
0.0001978729
0.00013644829
0.00022898517
0.00015527522
0.00019545414
0.00012150229
0.00014180786
0.00015641132
0.00015960162
0.0001668161
0.00014821657
0.00021428306
0.00017105887
0.00024560158
0.00016651077
0.00019170965
0.00020463915
0.00021927543
9.6869546e-05
0.00015699935
0.00022736033
0.00020722505
0.00031983104
0.000113354545
0.00014264691
0.00013238213
0.0003827824
0.0001787444
0.00014107533
0.00016965157
0.00018545419
0.00012378675
0.0001464887
0.00012474076
0.00015206743
0.00019765853
0.0002121304
0.00018384025
0.0002549951
0.00015055569
0.00017445309
0.00014318153
0.00010291841
0.00013806643
0.00021580824
0.00020374006
0.000116843206
0.0002206738
0.00017195956
0.00013795633
0.00015803888
0.0003582495
0.00023585228
0.00014421313
0.00019466289
0.0002726949
0.00018760173
0.00020785962
0.00019991897
0.00016151195
0.00015305063
0.00017782771
0.00029222126
0.00017301673
0.00015896157
0.00038380438
0.00025517106
0.00018479636
0.0002047384
0.00011189296
0.0002186246
0.00013033455
0.00015243632
0.00020819648
0.00013975661
0.00031222624
0.00014772356
0.00014631412
0.000109942055
0.0001713988
0.000114410104
0.00021184624
0.00014207466
0.00014548415
0.0001465702
0.00017715269
0.00014200283
0.0003811222
0.00017216206
0.0002029165
0.00013318693
0.00021344826
0.0001843214
0.00023957441
0.00014001451
0.00018431815
0.00020852174
0.00012229402
0.00022685675
0.00018369197
0.00016823274
0.0001972641
0.00021006183
0.00029298305
0.0001759973
0.00017587794
0.00012726044
0.00018552996
0.00016284101
0.00020209186
0.00017632
0.00019906108
0.00019239899
0.00029106758
0.00014878735
0.00040172588
0.0001110879
0.00014890489
0.00010786574
0.00020862679
0.00014619561
0.00017005054
0.00017237934
0.00017136711
0.00016915494
0.00023610042
0.00017113959
0.00020051439
0.00021688898
0.00023407603
0.00020035346
0.00014096283
0.00025723025
7.254019e-05
0.00014257623
0.00016404109
0.00017322901
0.00014190414
0.00033360624
0.00032118883
0.00021148812
0.00020135815
0.00016085652
0.00019492376
0.0001722235
0.00015180666
0.0001538176
0.00013145791
0.0001502869
0.00030604767
0.00017500704
0.00019099875
0.00014606632
0.00025057467
0.00019761783
0.00014746311
0.00018903668
0.00020451641
0.00015952573
0.00021103761
0.00018789642
0.00036045918
0.00018271539
0.00032560196
0.00015319853
0.00022421154
0.00017792874
0.00013908492
0.0001527855
0.00021607558
0.0001690019
0.00020410198
0.00020363492
0.00016070418
0.00021183386
0.00013242381
0.00013047886
0.00020166032
0.00017101057
0.00020545468
0.00019152697
0.00014445996
0.00021880893
0.00028314695
0.00020451157
0.0001386081
0.00020514666
0.00024946508
0.00014735073
0.00016611238
0.00015466263
0.00014164878
0.00019907758
0.00033219586
0.00017372679
0.00019347182
0.00017246003
0.00018665304
0.00019367994
0.00017793226
0.00018650059
0.00014918442
0.00012221148
0.00018394233
0.00016904107
0.0001456971
0.00013987753
0.00018923848
0.00012181684
0.00017593798
0.00022685075
0.00017531787
0.00015473473
0.0002504073
0.00014021936
0.00033459516
0.00013955883
0.00026117347
0.00020431055
0.00011528313
0.00018276508
0.00036897694
0.00037370253
0.00014087679
0.00015834691
0.00029396053
0.00012831899
0.00020998737
0.0001564086
0.00021404911
0.00020446733
0.00022769213
0.00018605437
0.00017284759
8.067193e-05
0.00027461085
0.00012352085
0.0001425292
0.00012000098
0.00031275785
0.00016426707
0.00029163485
0.00013895053
0.00012461336
0.00020010598
0.00014895377
0.00014087658
0.0003079985
0.00021174987
0.00011841697
0.00023488994
0.00021148364
0.00015792738
0.0002750714
0.0001573136
0.00015969526
0.0001559672
0.00025750048
0.00015825403
0.00017325673
0.000118224634
0.00014491462
0.00020903493
0.00021063582
0.00013702831
0.00019541603
0.00021853988
0.00016675799
0.00018534448
0.00023932137
0.0002535042
0.00023679096
0.00019104463
0.00015622693
0.00014578266
0.00023933194
0.00016398694
0.00019728696
0.00015530342
0.00018889048
0.00016609533
0.0001792333
0.00018070184
0.00023503705
0.00020996583
0.0001872008
0.0001559766
0.00013826627
0.0003722675
0.00014815036
0.00020634675
0.0001747514
0.00025556705
0.00028459282
0.00014562097
0.0001860024
0.00018625695
0.0002755045
0.00018964209
0.00020669412
0.00013270753
0.00017929764
0.00017754655
0.00028554816
0.00021939109
0.0002073844
0.00020014685
0.00015991551
0.00031123465
0.00044201832
0.00016229824
0.00012699726
0.00034404025
0.00015576663
0.00014684307
0.00013876228
0.00016405551
0.0002612181
0.00019999065
0.00012735311
0.00029591782
0.00016767805
0.00017151496
0.0001732171
0.00012621189
0.00018372186
0.00016505798
0.00022204449
0.00012913898
0.00020177221
0.0002910899
0.000109177425
0.00016667346
0.00021366164
0.00016360286
0.00025400828
0.00031426357
0.00015856141
0.00017744197
0.00029880516
0.0001332234
0.00020699171
0.00019405797
0.0002294828
0.00019958026
0.00012047341
0.0002593458
0.0003314898
0.00018150678
0.00021354237
0.00015429733
0.00014491416
0.00015540533
0.00013658043
0.00014739021
0.00023913078
0.00013150107
0.00022571314
0.00019678657
0.000164575
0.00016160315
0.0001778243
0.00013049506
0.0002136695
0.0002826128
0.00015225126
0.0003287522
0.00018777262
0.00015650723
0.0002513012
0.00034080836
0.00013591877
0.00019195036
0.00012900724
0.00022932797
0.00014118884
0.00014353766
0.00011750272
0.00014998054
0.00013818582
0.00014963455
0.00019798483
0.00019278673
0.00030267905
0.00016482067
0.00020930864
0.00012427877
0.00019544014
0.00019109526
0.00016556453
0.00016285607
0.00034236215
0.00016828833
0.0001711683
0.00048435683
0.00017150397
0.00020302877
0.00019773832
0.00025715513
0.00013430098
0.00016932486
0.00013014555
0.000155239
0.00015707932
0.00016891716
0.00018869007
0.00015439815
0.0001420618
0.00021544652
0.00014490697
0.0001812538
0.00015306525
0.00015847098
0.00019449739
0.00019105352
0.00016478417
0.00027684637
0.00018237089
0.00020802913
0.00017443417
0.00014558516
0.00038998257
0.0001314698
0.00017971036
0.00018877078
0.00032227984
0.00024400522
0.00015251324
0.00019621421
0.00018389108
0.0003310124
0.00026966512
0.00014162806
0.00021095606
0.00019013206
0.00010353299
0.00013903504
0.00032146418
0.00015851483
0.0001163804
0.0001954078
0.00011977744
0.00021128595
0.00012746901
0.00018738041
0.00011682568
0.00015911697
0.00013620543
0.00016463363
0.0001833428
0.00013766208
0.00017533031
0.00024130527
0.00016667576
0.00015254835
0.00022973692
0.00014690097
0.00021656066
0.00017389351
0.00018531464
0.00019378164
0.00025586013
0.000149884
0.00017819964
0.00020642545
0.0001791226
0.00023887462
0.00015822373
0.00015838278
0.0004177703
0.00014668884
0.00015164351
0.0001772541
0.0003587898
0.00015411682
0.00018451865
0.00012883708
0.00019226114
0.00016125607
0.00024488062
0.00016722604
0.0001405208
0.00021799815
0.00018927883
0.00015707785
0.00016388562
0.00018034324
0.00018098833
0.00012968386
0.00018545453
0.00016638842
0.00015928238
0.00017454865
0.00016477946
0.000113540416
0.00016191717
0.0002858016
0.00025769428
0.00029003216
0.00021787302
0.00014209439
0.00018736253
0.00010217492
0.00015902233
0.00015101857
0.00012789169
0.00015938334
0.00014214021
0.0001439181
0.00022191361
0.00028983413
0.000187637
0.00022413915
0.0001531014
0.00019197907
0.00020135498
0.0004805142
0.00013537967
0.00015186057
0.00025851707
0.00013449806
0.00017176529
0.00032935306
0.00021573712
0.00017924259
0.00015679984
0.0001763236
0.00014452313
0.00023571374
0.00014365328
0.00017853433
0.00016400515
0.00016741463
0.00028696537
0.00016365327
0.00017649331
0.00030597905
0.00021969361
0.00015377758
0.00029383553
0.00016402383
0.00020520267
0.0001306826
0.0001545653
0.00014224745
0.000119243836
0.00013650613
0.00025154324
0.00019842206
0.00016783862
0.00016123538
0.00016130351
0.00013586362
8.4719846e-05
0.00020252628
0.00020267663
0.00012675014
0.00017418977
0.00015987297
0.00018833912
0.00020566913
0.00013187308
0.00028245107
0.0001450404
0.00017437807
0.00019868005
0.0001994333
0.00022088445
0.0001531951
0.0001489741
0.0001178195
0.00024302198
0.00018326442
0.00022587413
0.00014507264
0.00015129165
0.000105768544
0.00015017582
0.00017130689
0.00027122517
0.000350161
0.00014975537
0.00014967282
0.00020951076
0.00027225626
0.00011062856
0.0001336581
0.00020761274
0.00013556726
0.00019170922
0.00011634859
0.00024273006
0.0001791196
0.00016157771
0.00018449528
0.00018831293
0.00022172193
0.0001878302
0.00014060235
0.0001449626
0.00013475117
0.00020160785
0.00029132163
0.00014064056
0.0002722468
0.0001465919
0.00018166758
0.00020602296
0.0002172039
0.00031257144
8.938395e-05
0.00016840058
0.000321974
0.00019788872
0.00019979183
0.00010559123
0.0001309968
0.0001675395
0.00016397279
0.00026033536
0.00016349657
0.00015850278
0.00018518655
0.00023051341
0.0001778735
0.0002607313
0.00014333033
0.00022391848
0.00034631966
0.00022492374
0.00018477943
0.0001557287
0.0002184652
0.00019017459
0.00017740365
0.0002447555
0.0001310562
0.00017086034
0.00029469025
0.00021881028
0.00017902565
0.00011291709
0.00016109292
0.00021018594
0.00018327471
0.00023155558
0.0001952013
0.0003458324
0.00016799552
0.00021711501
0.00016884273
0.00016177435
0.00012845673
0.00022030625
0.00023361642
0.00015652501
0.00020360923
0.00018617115
0.00015515041
0.00022988646
0.00013581736
0.00022390891
0.00014777062
0.00014321021
0.0002363704
0.00022451185
0.0001518577
0.00017344537
0.00021642583
0.00014103363
0.00014408494
0.00017272549
0.00013256715
0.0001423769
0.0002818335
0.00024445207
0.00023103955
0.00019238188
0.00019537061
0.0001465278
0.00014380086
0.00020629917
0.00019190667
0.00029697933
0.00018008485
0.00024382159
0.00022964906
0.00017089848
0.00017698099
0.00016513135
0.00014398564
0.00024933834
0.000326584
0.00015290594
0.0002064559
0.00024331702
0.00014302715
0.00020355043
0.00031037448
0.00025316363
0.00025494437
0.00015709428
0.00018694834
0.00024836403
0.00031508532
0.00019574977
0.00031695853
0.00021958146
0.00024093769
0.00027357222
0.00015621775
0.00016438226
0.0002507925
0.00013717668
0.0003385856
0.00016650993
0.0001644523
9.8671546e-05
0.00012404074
0.00029802957
0.00019671496
0.00018237045
0.00017262234
0.00022207237
0.00014727775
0.00019391533
0.00023713199
0.0003205017
0.0002978229
0.00021595677
0.0001558423
0.00012005996
0.00018258653
0.00017306753
0.00014543596
0.00019897053
0.00014894381
0.00013348591
0.00037126406
0.00014848716
0.00013732858
0.00015479885
0.00015948199
0.0003770162
0.00017166758
0.00020066598
0.00015246074
0.00013645727
0.00010087899
0.00022377078
0.00019357576
0.00012972744
0.00017871617
0.00032117826
0.00016123395
0.00020288685
0.00013308342
0.00016565905
0.00017251838
0.00019925402
0.00016597028
0.00017326258
0.0002866065
0.00030287716
0.00016572859
0.00016425112
0.00019637738
0.00012935202
0.00018855394
0.00017190764
0.00020058992
0.00015794236
0.00022577684
0.00015110758
8.5453095e-05
0.00030670603
0.00015479114
0.0001490696
0.00013606598
0.00029199937
0.00016081621
0.00020114073
0.00011518176
0.00018250933
0.00012926693
0.00033878145
0.00024529424
0.00012667991
0.00022819865
0.00016698512
0.00016706501
0.00011721977
0.00016674027
0.00025477467
0.00022126212
0.00015018221
0.00017088815
0.00026640226
0.00023202202
0.00013921113
0.00015198861
0.00014259682
0.00014885067
0.000112279195
0.00028994423
0.0003923564
0.0001463864
0.0002215162
0.00029650048
0.000226092
0.00025658653
0.00022374162
0.00023551368
0.00015655013
0.00017012689
9.587954e-05
0.00014675444
0.00016679226
0.0002999445
0.00020517805
0.00011919273
0.00017428157
0.00014344818
0.00016426969
0.0001996139
0.0001707836
0.00016175541
0.00011340331
0.00025447257
0.00031773496
0.00034668436
0.00018240069
0.00022020064
0.00012183159
0.0001637535
0.00016838877
0.00020957121
0.00014167435
0.00017476053
0.000143373
0.00028643277
0.00016413647
0.0002987891
0.00019755705
0.00014545952
0.00033926734
0.0002088136
0.00013250369
0.00013548511
0.00016208141
0.0001405566
0.0002999361
0.00012971234
0.00022869886
0.00017687726
0.0001617224
0.00019608565
0.0001475636
0.00043153626
0.00016039475
0.00014023102
0.0002218287
0.00024451685
0.0002266827
0.00016029658
0.00019139664
0.00023659464
0.00021970458
0.00016902243
0.00019048921
0.00038419146
0.00020515054
0.00018386832
0.00014109496
0.00019576473
0.00012976119
0.00015249106
0.00026730934
0.00017744197
0.00019426692
0.00022420318
0.00018316819
0.000243585
0.00014571546
0.00016781072
0.00018105906
0.00012614332
0.00010748468
0.00020038914
0.0001854152
0.00024837215
0.00025971932
0.0002794559
0.00014576032
0.00016565963
8.5018684e-05
0.00014394091
0.0002002884
0.00027486894
0.00014987668
0.00018632632
0.00026088892
0.00016608552
0.00022528636
0.00015020324
0.00021438088
0.00019621941
0.00027615723
0.0001307669
0.000120081044
0.00014843463
0.0001780355
0.00013413017
0.0001988508
0.00019132944
0.00019787718
0.00013951519
0.00014882928
0.0001319971
0.00023532826
0.00023445798
0.0001744991
0.00015633463
0.00011239938
0.00012595773
0.00014091106
0.00022581694
0.00016400719
0.00015615582
0.00013067863
0.00022596135
0.00016146926
0.00033375964
0.00018332653
0.00023486673
0.00016104801
0.0001468372
0.0001900322
0.00014117362
0.00020071545
0.00018382301
0.00023348669
0.00024604358
0.0002959204
0.00022889551
0.00022365214
0.00018446686
0.00015896164
0.00018183443
0.00015790241
0.0001906563
0.000105867344
0.00016249107
0.00024027312
0.00033896224
0.00013025661
0.00016376935
0.00027793142
0.00017182984
0.00023108812
0.00030403127
0.0002641915
0.00015376514
0.00019612192
0.00011672808
0.00017223695
0.00015621766
0.00016349247
0.00015875262
8.322371e-05
0.00020490003
0.00034897204
0.00021224686
0.0002042557
0.00033623684
0.00019153104
0.00017220042
0.00014968598
0.00020679628
0.00016828085
0.00016727898
0.00013531013
0.00021336999
0.0001596402
0.0002661632
0.00028314235
0.00016566784
0.00012686104
0.00019035139
0.00015605649
0.00018408782
0.0001614855
0.00019609575
0.0001849677
0.00018208961
0.00018894569
0.00013171052
0.00013087898
0.00023916147
0.00019650985
0.00019200743
0.00024060598
0.00015813712
0.00014959897
0.00026243902
0.00017674582
0.00016918099
0.0001960135
0.00020376836
0.00028113188
0.0001816665
0.00023093582
0.00016475051
0.000120276876
0.00014908215
0.00027784007
0.00013189323
0.00018815711
0.00011386814
0.00016189403
0.0002457259
0.0001649804
0.0002372731
0.00024861345
0.00015660026
0.00024571476
0.00014095673
0.0001707209
0.00013030277
0.00021400805
0.00018521812
0.00013968321
0.00020701467
0.00018824659
0.00016361388
0.00034311312
0.00020898652
0.00022515531
0.00015506442
0.00018749686
0.00013776898
0.00016121048
0.00018601278
0.00020059309
0.0002412175
0.00016510673
0.00019187239
0.00021798204
0.00018350391
0.00015468565
0.00032372714
0.00026321044
0.00019697279
0.00016436806
0.00027105107
0.0002356059
0.00013246242
0.0001630746
0.00017099852
0.00016273379
0.00018562621
0.00017344441
0.00021521354
0.00023432568
0.0002087407
0.00016136792
0.00022240324
0.0002369695
0.00014631177
0.00014701473
0.00019189254
0.00018397857
0.00014410357
0.00021994978
0.00020612276
0.0004056605
0.00016365801
0.00014252112
0.00020184604
0.00028270553
0.00013693396
0.00014336217
0.00014360147
0.00020171418
0.00019311316
0.00016416775
0.00019844466
0.00023180914
0.00018105729
0.00032889482
0.00020958256
0.0002541363
0.00017466299
0.00020413096
0.0003672046
0.00011318105
0.00015276908
0.00022835223
0.00017858928
0.0001537975
0.00020016634
0.00025230972
0.0001610316
0.00014277578
0.000143188
0.00014194788
0.00023602079
0.000113114635
0.00019070675
9.597982e-05
0.00014802498
0.00020424345
0.00016217006
0.00027854482
0.00026180546
0.00018980767
0.00021587183
0.0001519522
0.00014751834
0.00024917748
0.00012227077
0.00011094042
0.00018946549
0.00010791741
0.00025865185
0.00012326625
0.00013838908
0.00016492898
0.00021751264
0.00015573966
0.00027889755
