-39748
-22144
-93552
-56854
-47081
-81559
-11430
-92116
-22502
-112549
-98049
-139918
22297
-55225
-36626
126519
-97404
-84575
-37533
-47627
-114860
-81793
-60493
-68515
-37773
-46296
77401
-113937
-28291
-113608
-49028
-22211
-99344
-50097
-42826
-14090
-64350
-10849
-43010
-111649
-67923
-30238
-94291
-70727
-88584
-93774
-33832
-41989
-54371
-69678
69784
-25422
-56799
-40481
-134598
-54575
-84659
-82132
-51009
-24544
-99764
-59029
-40743
-6036
-57658
-100215
-48153
20186
-46378
-71386
-80479
-50860
-32171
-73159
-76847
-98498
-72037
-142244
-33474
-50935
-25295
-70852
-43475
-32577
-55973
-93342
-7701
-31995
-90709
-69127
114129
-53494
-56344
-34845
-92784
-72580
-31619
-128766
-74942
-64813
-20063
-98869
-43962
-139913
25472
-93487
-50466
-106607
-34087
-32476
-83844
-72734
-83473
19045
-117352
-58626
-51143
9451
-105197
-77315
-87806
41878
-39995
-45265
-91210
-41093
-92175
-48860
-88676
-110570
-54694
-66164
-85638
-72420
-32267
-72188
-14810
-28831
-84075
-31986
-50055
-40190
-58224
-121420
-61791
-106934
-50651
-32795
-46288
-81631
-79907
-75257
-88119
-33529
113760
-91360
-94752
-36162
7626
-80126
-23756
-32818
-59849
-125323
-79559
-137875
-102031
-31563
-32645
-101697
-45944
32090
-65135
-6415
-29506
-94351
-44574
-61360
-97083
-108315
-22969
8953
-64940
-29634
-35453
-40179
-74568
-93699
-38483
-76029
-11021
-37535
-65941
-83077
-87246
-88506
-150856
-67413
-73604
-108597
-143977
-69615
-61748
-41591
-57907
-76341
-69901
-64034
-49766
-109623
-88576
-16931
-106643
24254
-25313
-32737
-28645
-61881
-53166
-36275
-68928
-136358
-95054
-69514
-82516
28931
-26647
-42963
-62828
-117027
-57988
-69202
-56238
-62069
-66405
-5741
-43096
-72215
-49413
-73439
40423
-25859
-13713
-31881
-85438
34649
-57771
-33811
-78589
-49077
-71480
-76733
-80171
-60524
-131919
-2044
-44892
-116006
-86975
11527
-57646
-79245
-55975
-148705
-82684
-68100
-75328
-29439
-33096
-28169
35604
-83335
-48983
-135646
-67549
-22758
-97994
-24927
-71674
-81861
-98369
-142827
-84029
-68288
-62531
-41294
-56480
-79404
-45154
-32653
-56954
-37889
-52733
-94610
-109321
-66881
-82252
69453
-70631
-103689
-36963
-51120
-88538
-90056
-13729
-70492
-58441
14528
-60370
-44188
-3700
-61035
-90445
-80919
-20445
-20019
-41795
-72410
-72860
-62781
-64028
-115480
-100934
-42574
-74414
-100609
-17174
-37578
-38676
-58911
-37389
-64253
-35645
-63563
-39688
-77451
-49913
-27790
-77195
-58775
-83459
-57148
-76586
-58509
-24436
-94093
-54432
-58688
-77617
-37740
-50692
-69221
76385
-104699
-49076
7015
-54949
-44504
-20334
55974
-42133
-63685
-64139
-58745
-98644
-76276
-56934
-17848
-28393
-93988
-67223
-61765
-102138
-49450
-88888
-38307
-28233
-124815
-84352
-55852
-111072
-152848
-101750
-134421
-82875
-19875
-47537
-52288
-148169
-110588
-89634
-21084
-73477
-89892
-91992
-25879
-31945
-12774
-59490
-32128
-31376
-106333
-36995
-56002
-10686
-108918
-65228
29785
-96174
-39689
-12659
-66223
-49146
-97889
-29565
-21237
-94050
-73931
-104078
-83126
-79540
-114007
-10180
-129999
-95213
-36532
-19114
-52179
-49556
-44498
-105805
-55883
-20422
-39972
-98930
-25744
-33661
-27307
-72150
15096
-49914
-35315
-24093
-61729
-54174
-65899
-39250
-1260
-48839
-101475
-60245
-56157
-102905
-62233
-21622
-102856
64031
-91777
-75615
-46492
-92606
-54979
-41273
-61544
23688
-70846
-49247
-36590
-50005
-94427
-72407
-29764
-24899
-48213
-62352
-90315
-38381
-35019
-60134
-72374
-27078
-102132
-70163
-37034
-93512
-41695
-45061
-52331
-122119
35555
-15589
-52932
-79498
-82667
-40727
18728
-83175
-65781
-111358
-23295
-22370
-74421
37588
-63788
-51843
-85720
-74896
-54045
-83693
-111356
-118659
-6966
-54008
-73881
-109272
-44486
-68112
-54502
-133475
-32787
-90559
-62287
-86992
88268
-14517
-96916
-97504
-69458
-50228
-63818
-26040
-35621
-154416
-39943
-68128
-14286
49405
-33240
-72030
-83697
-63059
-53442
-51353
-57171
-101595
-56146
-62028
-68883
-40546
-81154
-106759
-85420
-89639
-88998
-49132
-26821
-60464
-46157
-65909
-136185
-25374
-40027
-81779
-84798
-76651
-85170
-26287
40502
-57761
-43851
-61329
-95850
-40316
-55190
-21710
-8966
-70345
-92472
-99802
-53879
-66535
-69219
-2222
-56270
-78876
-45313
-44118
-83124
-55357
-49046
-55032
30846
-105810
-116063
-73141
-15763
-66218
36083
-62175
-98367
-51332
-55576
-18522
-79089
13403
-61294
-46808
-99417
-12116
-43859
6590
-54710
-48175
-97354
-97449
-78920
-145581
-94953
-106766
-71661
-123143
-146314
-112393
-82116
-125031
-70416
-63645
-121512
-18857
-118966
-36849
58630
-122412
-36610
-47284
-53035
4336
-97650
-48856
-18580
-27408
-79830
-27450
-102380
-44621
-88792
-79237
52748
-81192
-18351
-55853
-76735
-104908
-12683
-49350
-55880
-54398
-66692
53780
-28256
-60428
-71047
-65185
-56652
-117032
-52725
-89213
-53513
-44344
-912
-74264
-82486
-86415
-120901
-30009
-33620
-79149
-28010
-47833
-71023
-77545
-57781
-41863
-50254
-77795
-18968
-37049
-52698
-56968
-74075
-55387
-43627
-63009
42139
-88379
-44836
-29342
-64137
-94574
-69353
-66657
-100157
-17862
-56573
-37071
-79476
-40057
-73988
-3080
-36568
-87839
-90292
-51960
-49967
55014
12437
-62132
-50619
-42470
-58867
-36676
-59756
-109356
-15999
-89245
-15301
-80743
-31173
-14441
-80086
-68067
-52749
-23725
-60328
-3244
-40710
-23037
-76793
-65478
-60619
43975
-63893
19594
-92411
-81742
-102868
-69689
-72053
-66377
-42306
-27422
-70238
-44351
-89421
11451
-18152
-86837
-110885
-87909
-51691
-82763
-88822
-50694
-69119
-46748
-104183
-60040
-63598
30375
-25397
-28727
-115179
63506
-56067
-52535
-98779
-16665
-122586
-92972
-60929
-77317
-99896
-77345
-36448
-58451
-68789
-74054
-64155
-79568
-76251
-37109
-61818
-80739
-25524
-91941
-47603
-89646
-31322
-110638
-27614
-48510
40771
-29094
16676
-77272
-69779
-53323
-44814
-65580
-85151
-59262
-46197
27393
-31562
-57865
-83805
-94476
-28511
-43643
-55768
-97217
18622
-60455
-106719
-134962
-43680
-80246
-78897
-62141
-23700
-73758
-62091
-55622
-58024
-44475
-50915
-5250
-74387
-84769
-6935
-88510
-9160
-78723
-124826
-57369
-72913
-100556
-13757
-11212
-30837
-74269
-71803
12492
-47923
-28751
-75318
-72420
-47495
-67061
-93218
-126897
-66918
-31152
-50748
-97209
-65638
-30320
-45500
-72541
-64944
-160556
-67897
-27696
-52930
-67669
-28469
-42589
-68567
-63276
-22294
-45530
-85253
-64679
-75529
-52883
-19843
-26662
-78733
-62804
-83997
-92772
-34378
41764
-46025
-69803
-65294
20736
-99187
-62769
-62909
-65581
11754
-51539
-44874
9099
-19016
-49336
-54432
48822
-110022
-62181
-47467
-29811
-4722
-124016
-81786
9309
-87780
-55922
-86062
-127717
-115785
-45484
-88133
-24213
-97733
-56973
-41063
-63398
-65545
30339
-119677
-65204
-72841
-57072
-81351
-72274
-102747
-114218
-56637
-28868
-94905
-89988
-71885
7873
-135122
-71170
-59651
-97211
-32716
-67813
-52215
-69412
-24142
-76545
-96332
-83189
-70011
-117860
-50604
-27212
-47941
-42953
-76959
-66318
-107405
-73631
-76514
-61179
-56075
-42275
-26729
-52395
-43031
-64109
-69874
-64216
-75431
-55934
-55074
-36449
-42579
-68662
-120945
-94341
-94735
-103699
-82195
-66789
-74677
-37017
-54738
-58887
-87672
-72887
-74484
-57451
-79227
-100950
-38943
-119723
-86303
-99775
-26253
-99377
-53172
-43710
-23343
97874
-80258
-119398
-61206
-85837
-59342
-82552
-85521
-34703
-24784
-73583
-56760
-106368
-52210
-71305
-49219
-70292
-22742
-59034
-84701
-85104
-51827
-66311
-99151
-70630
-126863
-35374
-71506
-46392
67290
-49036
-77653
2637
-39043
-116409
-59903
-40228
-57584
-98201
-29189
-89439
-42223
-92337
-56673
-63446
-94176
-38633
-78827
-12405
-82071
-54717
-44872
5618
-31080
-88273
-57548
-75819
-31968
-67102
-87458
-58318
-78682
-62160
-56810
-39477
-79326
-114748
-4064
-43620
-143214
-107488
-78377
-101106
-94473
-52103
-40618
-95719
-80636
-76604
-45193
-63165
-113808
-119394
-91503
-118026
-87933
19739
-7888
-41950
58730
-53365
-48029
-44769
-46283
-15495
-24587
-96706
-76037
-35002
-102425
-59551
-70431
-26110
33860
-22509
-48577
-65956
-34221
-64665
-56956
-28075
-95448
-90006
-55989
613
-61271
48456
-15500
-109540
-106595
13915
-97524
24514
-96602
-56693
-48153
-60305
-112830
-97231
-74367
-60711
-135767
-61917
-89022
-160185
-85571
-118092
-55282
-30413
-76660
-32717
-67134
-61802
-63866
