1893671398
1398154913
1274025837
1803393272
1623515467
1169009336
1241246120
1449538369
1737878472
1211590832
1224918750
1095513854
2069050025
1579148584
1997420273
1159680686
1106726089
2145268223
1291120924
2071620983
1925558421
1562374868
1805616079
1122205399
2051249710
1843841229
1636986217
1192469330
1969425395
1122464281
1471462929
1279194534
1485103291
2112247479
1908347284
1277310950
2085796961
1166268766
1183997666
1147647173
1277476099
1460250695
1715552200
1508099083
1380693822
1654625847
1217482611
1256680796
1197593392
1305886080
1670515797
1185184948
1860838119
1490325549
1267044972
1138630966
1890118476
1218107496
1455059680
1507108193
1086997555
1628130694
1600970485
1372927385
1411911324
1592690750
1257287828
1243370731
1457786860
1123508732
1228909092
1228962653
1376935581
1696011132
1614258232
1296298548
1131025214
1224039447
1717703592
1774612823
1562089206
1959070147
2069335687
1186198156
1565356465
2003526299
2103043806
1198298621
1181355292
2001955158
1777978279
1646395210
1788949486
1870157842
1852875290
1618087889
1327596393
1595498272
1820613335
1232345963
1496208402
1734236282
1239125972
1193989141
1655241806
1918470432
1086011129
1116090447
1210345524
1881432565
1958123891
1616882752
1278674540
1096415475
1733620323
1249083972
1194245791
1358358622
1770135963
1185988373
1345655589
1518177597
1364500356
1575171633
1250878286
1676925338
2107650106
1392745188
1758856777
1906910047
1315205803
2074906097
1720899436
1853482322
1582469405
1260287279
1222508477
2024933097
1531219853
1111287754
1117192924
1296111082
1380408160
1596002644
1190639308
1563856739
1913239246
1953946084
1167768492
1175164460
1761400954
1122290205
1230176717
1582317647
1946255527
1939020244
2051196149
2033181588
1848019036
1531157365
1199905469
1435076729
1357412367
1949714715
2065497104
1515062095
1749853960
1397235438
1846001548
1314214913
1209957202
1833423492
1700706702
1724880850
1325525344
1599635908
1167581026
1722711604
1456961118
1652733336
1604581431
1547734689
1181257096
1539383538
1628826995
1793243343
1432532552
1430773945
2065854181
2086073696
1212729016
1362456087
1523542686
1808972608
1265482757
2011399858
1175936640
1406162376
1169518172
1345334219
1101994811
1236836213
1167170387
1554617358
1721140463
1216295328
1678889265
2132556263
2023219125
1541530467
1624890216
1672051230
1973781741
1900214843
1261849494
1272865335
1845340954
1261715589
1531380538
1086792236
1292808115
1195031361
1499457807
1678657164
1585468857
1728362356
1509402416
2065256076
1457559223
1414205548
1363063119
1099691661
1248235913
1558322038
1308082106
1908704361
1083770467
1200762456
1819185025
1744716507
1659589224
1749429930
1441401465
1129012190
1476961923
1734343405
1909302466
1169045044
1185747345
1952732021
1698296428
1832504017
1937002756
1762677507
1396030301
1240764066
1683058145
1201789053
1290379988
1944072891
1270044423
1840020499
1700028254
1101771638
2006025842
1323677467
1964319186
1376078595
1467231560
1858659946
1836904998
1255011459
1908820412
1213170900
2073781302
1403350391
2109739009
1371427660
1267134241
1917693788
1476160730
1852446797
2078209064
1959418297
1788083573
1320490550
1225972129
2131270784
1261778078
1863355515
1666204086
1427087119
1768390747
2075138197
1092925042
1740502992
1617998619
1455215902
2033699350
1248682260
1255879604
1321097582
1215581173
1916506505
1089256071
1168277327
1278980288
1428256548
1417321049
1149200461
2024665289
1648600164
1291719029
1185343402
1374864531
1241058654
1259207120
1565338611
1417945935
2023219125
1077374316
1194455574
2000312601
1203208437
2066371944
2037823595
1709901448
1717355441
1868068939
2077619886
1163206827
2147482104
1831825570
1102329572
2132520556
1180185863
1523931008
1919791619
2110720973
1245664955
1495730811
1598046913
1341941983
1403546783
1374982813
1754000523
1192031910
1075376913
1386335647
1135774346
1238514477
1492878654
1108591819
2024647435
1081230753
1137524025
1647006705
1691788690
1277757297
1533415880
1090220180
1522283988
1467633273
1867560103
1676621822
1539557614
1532710652
1588039815
2094866730
1154324523
1456090742
1159823517
1394646626
1769988669
1560696603
1405492856
1437362025
1334987898
1802491651
1820649043
1693127731
1225115143
1329283585
1216152497
1377694370
1180801822
2016434652
1491990423
2048910853
1767230245
1145620758
2138751559
1192174741
2100758510
1662401210
1504224792
1250789017
2047464689
2023844010
1629050169
1857347686
1995974109
1188300450
1855178440
1727371466
1516990314
1354823555
1547922155
1639512540
1083083093
2047928889
1131194826
1080275571
1310867311
1428247621
1093237485
1177498855
1963997817
1386299939
1800795533
1663445662
1564445917
1889511444
1470088181
1353439879
1150003885
1334746871
2050107062
1253127875
1630674872
1821077536
1488611577
1798795899
1449975789
1247289657
1731826008
1893564274
1279676589
1439861568
1828933242
1076981531
1254208034
1881396858
1712276014
2063301077
1107618782
1089863102
1628246744
1398717310
1460572064
1108902030
1125927933
2015497323
1103342779
1710865557
1440995289
1221812176
1307189413
1535576199
2070728290
1100530794
1188568258
1214242132
1632589700
1138229254
1324766554
1239411634
1885280076
1845189196
1243245754
1492878654
1412580845
1395566101
1227462928
1373927202
1134497793
1187238144
1912168013
1391325805
1743181074
1879066927
1146486671
1651644249
1590030522
1336612601
1556893728
1454662431
1458474234
1114340767
1376542795
2036145331
1570016327
1133167680
1364750310
1203877957
2118817706
1825130366
1411699310
1735896692
1169991300
2009940304
1979423566
1308809652
1533290903
1646430918
2113149100
2077584178
1725005827
1770890290
1326257353
1937475883
1774095061
1492360891
1206779212
1140112837
1936752801
1504314062
1761981205
2094527507
1833200318
1769497687
1604313623
1091889517
1581889154
1489870276
1909686325
2103704399
1384978752
1455305171
2131199369
1248316255
1540200353
1790663458
1118804236
1609794763
2027620105
2038957317
1832084451
1854303600
1432327232
1635901594
2103632984
1693645494
1441977252
1364232548
1543173024
1190733040
1267678784
1112358987
2030847193
1788271038
1136426012
1187796078
1824291234
1366053643
1710445991
1108065129
1772916705
1479662322
1444396452
1170875066
1976245576
1308171376
1670355112
1130529769
1579755616
2102847413
1621703299
1308135668
1794832338
1707794691
1674390088
1949125538
1101682369
1388228157
1076936896
1522167938
1204743870
2121469006
1252583332
1759196001
1459554394
2030128575
1955213709
1164001324
1360465380
1108404353
1385425099
1089907737
1137675783
1220017861
1131467098
2095223808
1426524722
1495413904
1740502992
1990189453
1859052731
1779245904
1313259731
1281078118
1904838997
2082029793
1149164753
1112323279
1919863034
1155235071
1098888237
1559955667
1425069631
1389219048
1504403331
1081016507
1347226730
1455697956
1511044973
2078084087
1104306888
1102597380
1168040764
1107453634
1744662945
2144304114
1136443866
1340486892
1699608688
1719114048
1527488393
1186122277
1291879714
1102898664
1220437427
1083725832
1928397187
1228552014
1872925193
1389370806
1099629173
1341558125
1861373735
1516133328
1162805114
1704250696
1084087373
1618561017
1835217806
1710597749
1317687492
1331443904
1780763483
1910096964
1454001838
1439647321
1332175913
1142719503
1163662100
1415187511
1216634552
1650028474
1258287645
1236412183
1641806764
1249887396
1987797034
1769015633
1660584578
1428631480
2076861096
1292361768
1088367840
1668310843
1305600418
