0.00106065
0.00156622
0.00285434
0.00202017
0.00181867
0.00130953
0.00139045
0.00162378
0.00097339
0.00135723
0.00068608
0.00490880
0.00463552
0.00176897
0.00111876
0.00129908
0.00247952
0.00120157
0.00144632
0.00116032
0.00107851
0.00087509
0.00202266
0.00062855
0.00114891
0.00103274
0.00183376
0.00133581
0.00110308
0.00125739
0.00164834
0.00286592
0.00166362
0.00236615
0.00106887
0.00143085
0.00116826
0.00130646
0.00132632
0.00064280
0.00286207
0.00163578
0.00192177
0.00168938
0.00154666
0.00092676
0.00136383
0.00140774
0.00134155
0.00073143
0.00187132
0.00132765
0.00104226
0.00166947
0.00141935
0.00127550
0.00105866
0.00136453
0.00325993
0.00168827
0.00121766
0.00091192
0.00358683
0.00153796
0.00158163
0.00089207
0.00140842
0.00139283
0.00081651
0.00125856
0.00137663
0.00137669
0.00154245
0.00189988
0.00180830
0.00145212
0.00126698
0.00274235
0.00096209
0.00198793
0.00349972
0.00219456
0.00115904
0.00265757
0.00175352
0.00112218
0.00117792
0.00134234
0.00132336
0.00112130
0.00099585
0.00184430
0.00200399
0.00104748
0.00207560
0.00181259
0.00148718
0.00357457
0.00101973
0.00069024
0.00167606
0.00194270
0.00277615
0.00535005
0.00185421
0.00107454
0.00243311
0.00125025
0.00271167
0.00210759
0.00109675
0.00090562
0.00572951
0.00122821
0.00194201
0.00139923
0.00133780
0.00076082
0.00396583
0.00132855
0.00150741
0.00170067
0.00152852
0.00352903
0.00140124
0.00375700
0.00118050
0.00078008
0.00098514
0.00213613
0.00147330
0.00116216
0.00096388
0.00103814
0.00177269
0.00141178
0.00273892
0.00113417
0.00171528
0.00124487
0.00250297
0.00145191
0.00154634
0.00178785
0.00133376
0.00087592
0.00107161
0.00109441
0.00130814
0.00263285
0.00197313
0.00251439
0.00137805
0.00088626
0.00436041
0.00108605
0.00114888
0.00113879
0.00207016
0.00171521
0.00134414
0.00321516
0.00152058
0.00109204
0.00115689
0.00169718
0.00392039
0.00156519
0.00103395
0.00147219
0.00135540
0.00205381
0.00381028
0.00193222
0.00148486
0.00358384
0.00130793
0.00192979
0.00652838
0.00092570
0.00179746
0.00173378
0.00132325
0.00344885
0.00091231
0.00100440
0.00160473
0.00160276
0.00115709
0.00467366
0.00271701
0.00152623
0.00085334
0.00101321
0.00070880
0.00112659
0.00131729
0.00157519
0.00131010
0.00150705
0.00246892
0.00138551
0.00130747
0.00174149
0.00192803
0.00136250
0.00094035
0.00119445
0.00226642
0.00172683
0.00182021
0.00187304
0.00110552
0.00212863
0.00141353
0.00142587
0.00103358
0.00141338
0.00171546
0.00121743
0.00144821
0.00133868
0.00167970
0.00094022
0.00177605
0.00193612
0.00169084
0.00231351
0.00653106
0.00316840
0.00305382
0.00123188
0.00279656
0.00174564
0.00146532
0.00106907
0.00242809
0.00134510
0.00101893
0.00097722
0.00185908
0.00097986
0.00322933
0.00252945
0.00082725
0.00097141
0.00213881
0.00130957
0.00132828
0.00109373
0.00095122
0.00102639
0.00108492
0.00098728
0.00156384
0.00138991
0.00188537
0.00134625
0.00144549
0.00108888
0.00142271
0.00206120
0.00095219
0.00123421
0.00112358
0.00148279
0.00110022
0.00154149
0.00082180
0.00104104
0.00205771
0.00140587
0.00213827
0.00135900
0.00116153
0.00157204
0.00118167
0.00153628
0.00141945
0.00214821
0.00661441
0.00103756
0.00116401
0.00219495
0.00100151
0.00147922
0.00137334
0.00238746
0.00141345
0.00104367
0.00373298
0.00159863
0.00099048
0.00116229
0.00122430
0.00097486
0.00181249
0.00163014
0.00113908
0.00139878
0.00562737
0.00147990
0.00544680
0.00214688
0.00244038
0.00261742
0.00143272
0.00159994
0.00158769
0.00128734
0.00226804
0.00184677
0.00144699
0.00531131
0.00154013
0.00139024
0.00141057
0.00175350
0.00317678
0.00113321
0.00120688
0.00267607
0.00112038
0.00269568
0.00115738
0.00114139
0.00191544
0.00192379
0.00209262
0.00116368
0.00130303
0.00120281
0.00102601
0.00246967
0.00119443
0.00132205
0.00682846
0.00107528
0.00118222
0.00139540
0.00335105
0.00179014
0.00150325
0.00157226
0.00616105
0.00098242
0.00133532
0.00481857
0.00155298
0.00127230
0.00138739
0.00167233
0.00124185
0.00113401
0.00121120
0.00127426
0.00368997
0.00189515
0.00143135
0.00171774
0.00244254
0.00170527
0.00328810
0.00209205
0.00093908
0.00172462
0.00171695
0.00177893
0.00117334
0.00129308
0.00163112
0.00129924
0.00156229
0.00396550
0.00087415
0.00157444
0.00080507
0.00149546
0.00100958
0.00101975
0.00189665
0.00137238
0.00148907
0.00136234
0.00154330
0.00132274
0.00112941
0.00334267
0.00114760
0.00098983
0.00128333
0.00479168
0.00267096
0.00117664
0.00186223
0.00168504
0.00070057
0.00114679
0.00226712
0.00182487
0.00416122
0.00111795
0.00133114
0.00207818
0.00193501
0.00339868
0.00151768
0.00173399
0.00183659
0.00242655
0.00229410
0.00126717
0.00121013
0.00146844
0.00159993
0.00122465
0.00131904
0.00110004
0.00155294
0.00100863
0.00093170
0.00175250
0.00105832
0.00082340
0.00151613
0.00257648
0.00149519
0.00114827
0.00070188
0.00182669
0.00101999
0.00166755
0.00100751
0.00162427
0.00069861
0.00097000
0.00106059
0.00143350
0.00080647
0.00102439
0.00120644
0.00140497
0.00210755
0.00095905
0.00115566
0.00248152
0.00122087
0.00182397
0.00156685
0.00163614
0.00496879
0.00126127
0.00225777
0.00123597
0.00095826
0.00161421
0.00136868
0.00073216
0.00043004
0.00057991
0.00123282
0.00133144
0.00136020
0.00365767
0.00127505
0.00148401
0.00277679
0.00105595
0.00206699
0.00139269
0.00167233
0.00079119
0.00156332
0.00137501
0.00153908
0.00127087
0.00132995
0.00107101
0.00155857
0.00195272
0.00105247
0.00128430
0.00185018
0.00089058
0.00149728
0.00174404
0.00162952
0.00163379
0.00124829
0.00154201
0.00228090
0.00087937
0.00126938
0.00152880
0.00134859
0.00237351
0.00102226
0.00632557
0.00097228
0.00131063
0.00450309
0.00110868
0.00293227
0.00085880
0.00184434
0.00118358
0.00116366
0.00096618
0.00099188
0.00074284
0.00217037
0.00198735
0.00167175
0.00135184
0.00127716
0.00216956
0.00084257
0.00098689
0.00234630
0.00102678
0.00198220
0.00179716
0.00122314
0.00177204
0.00083448
0.00213924
0.00117829
0.00155146
0.00081512
0.00119369
0.00279674
0.00172534
0.00200591
0.00250658
0.00360660
0.00227135
0.00228405
0.00205231
0.00103860
0.00080225
0.00366509
0.00117825
0.00189723
0.00161531
0.00076411
0.00172867
0.00533546
0.00142006
0.00124607
0.00454993
0.00200323
0.00127303
0.00266115
0.00102179
0.00153026
0.00191605
0.00124126
0.00198603
0.00331505
0.00080901
0.00065581
0.00110690
0.00073271
0.00093557
0.00253285
0.00176965
0.00117781
0.00181664
0.00146538
0.00201058
0.00095654
0.00093783
0.00109171
0.00123411
0.00077755
0.00241278
0.00085257
0.00134956
0.00118824
0.00140315
0.00098533
0.00081750
0.00113708
0.00219024
0.00130392
0.00152400
0.00124164
0.00077598
0.00122092
0.00127443
0.00136667
0.00253495
0.00117354
0.00159800
0.00167517
0.00389944
0.00222942
0.00416504
0.00099656
0.00073556
0.00143507
0.00213381
0.00116615
0.00128730
0.00124603
0.00215064
0.00129410
0.00123098
0.00174747
0.00159637
0.00155621
0.00168524
0.00121096
0.00150917
0.00163068
0.00169268
0.00116394
0.00123705
0.00247027
0.00523378
0.00248115
0.00097719
0.00120103
0.00127305
0.00075081
0.00190391
0.00096288
0.00171110
0.00132870
0.00144717
0.00494189
0.00068357
0.00242799
0.00108010
0.00137623
0.00104903
0.00155638
0.00492724
0.00150282
0.00104256
0.00169838
0.00260516
0.00190911
0.00242880
0.00090656
0.00102791
0.00095811
0.00147608
0.00149149
0.00099741
0.00106985
0.00081439
0.00080635
0.00596924
0.00128008
0.00260708
0.00158530
0.00136288
0.00184837
0.00281908
0.00277007
0.00183916
0.00140013
0.00111337
0.00099083
0.00372039
0.00160036
0.00232651
0.00144771
0.00243839
0.00186885
0.00146254
