1161944000
1336235049
1266498514
2052935510
1705842907
1098613968
1956921435
1773326677
1325024322
1111181614
1843922516
1605772283
1990255231
1632545243
1692804330
2013278768
1559009997
1414901283
1788773969
1773122633
1786119661
2072806469
1077255477
1752372000
2090436599
1957466528
1709958447
1187067163
1113392062
1316348149
1957807770
1186929811
1860612249
1268482737
2107709007
1145280413
1270525259
1300481486
1821484967
1250628039
2057111659
1178655604
2106259403
2003628042
1658612539
1232760942
2041529518
1239727787
