-20496
-41790
-73764
4935
59009
-16102
198632
-97615
-31412
-18918
105574
-165455
-58749
-36099
-30021
53467
-38974
-165113
97147
86796
259181
-39938
200071
115545
-90928
-157962
-118660
105912
10890
-142106
-185448
-166657
-104549
-81640
-147261
41949
139965
145820
26840
116938
-67348
70014
82475
206463
-208572
82225
-72252
73037
132222
-36843
-22348
-51948
44965
29001
56531
-74251
46900
64745
65469
52444
-95839
106700
136881
99043
-4118
42434
106963
177954
139529
-6060
-120907
46530
109981
-53145
31761
-93111
191327
137693
-11170
-68096
173237
-48702
130969
806
23093
82634
84130
-17565
51827
64920
224816
208308
-13691
9407
190073
19442
