1346440922
1320333566
1182987998
1397149741
1513438168
1118654804
1100330031
1185284592
1196566510
1157588821
1384096319
1745947104
1471128967
2146187682
1668095574
1249531757
1754043207
1827838469
1531689837
1766347480
1645295995
1206189830
1230388530
1828711112
2049507541
2025809247
1850661490
1300455286
1210715392
1447012062
2111406405
1807289913
1616327811
2041709184
1357709183
1578722440
1493711134
2100635264
1086688420
2127562826
1801441328
1667463275
1164555505
1994300619
1156851212
2096155857
1077927592
1455187037
1814435522
1193570867
1636723806
1599509587
1438509982
1530880220
1481317470
1632599584
2025832471
1938914773
1077037276
1637573736
1557773458
1409254714
1772122743
1829729597
1119714515
1265030025
2014603865
1747865545
1228549655
1569458651
1146190200
1307175491
1483860835
2060349230
1471081351
1721027007
1167688373
1139437313
1193680559
2084644477
1798617379
1389885384
1263740012
1160906055
1723650998
1537805422
1416276463
1799839693
1296032843
1170770704
1222124967
2009954297
1384259031
1412157170
1654998115
1725075387
