0.0025959448
0.00052447605
0.0010204073
0.0029232781
0.0017373428
0.0013986354
0.0015021401
0.000812763
0.0012320756
0.0012571597
0.00043158917
0.002368802
0.000973574
0.0009423893
0.00042642135
0.0011263664
0.0008183883
0.00054094737
0.00024403633
0.0019200039
0.0012001243
0.004568647
0.000929473
0.0032914295
0.0027323258
0.0008489689
0.00032604556
0.0014060962
0.002008998
0.00033622258
0.0010651205
0.0008912932
0.0031230424
0.00084272673
0.0025765945
0.0011534698
0.0005269356
0.0012937275
0.0033823668
0.00051502406
0.0042548818
0.002085672
0.0016894981
0.00075445534
0.0034166067
0.0006071236
0.001782522
0.0005097986
0.0018192021
0.0010553722
0.0012105582
0.0023517844
0.005710526
0.0010403355
0.001988995
0.00064789393
0.0032098442
0.00026516532
0.0023235437
0.00060428
0.0003856317
0.0006787917
0.004716672
0.0016559721
0.0017222147
0.001223668
0.0004744974
0.001498145
0.0022035518
0.0008646004
0.0017482183
0.0036053094
0.0032509011
0.0013338106
0.0011839718
0.0022993805
0.0017180996
0.00066710124
0.0013551145
0.0013364009
0.002360113
0.0027422328
0.00092293404
0.0009289046
0.0033638244
0.0011606038
0.0009866456
0.0006557732
0.00083897804
0.0018504326
0.00070905033
0.00032758195
0.0032162608
0.0033735717
0.000829205
0.0011320612
0.0014610202
0.0028687601
0.0010144637
0.0012811988
0.00084033323
0.0008265357
0.0017822853
0.0009922618
0.003248077
0.0012074198
0.0026226342
0.0005488388
0.0018694713
0.0016966744
0.00080154504
0.0013450466
0.00047747346
0.0020471793
0.0035865689
0.00045956334
0.00079372
0.0010220206
0.003542446
0.0007817843
0.0008471335
0.0064802994
0.0017738254
0.0024036285
0.0013393795
0.001786242
0.0018316834
0.0012697447
0.0012268885
0.0009773215
0.00091845606
0.001969287
0.00095650664
0.0008999613
0.0005119526
0.0033920556
0.0014336893
0.0013475759
0.0014261417
0.0046890615
0.00041038782
0.0015909171
0.002954788
0.0013742929
0.00026153598
0.0044305203
0.0010013803
0.00068506994
0.0013783055
0.0040567447
0.0015947797
0.0012070215
0.003002466
0.00049315003
0.0047528245
0.00063015
0.0009900082
0.00051104446
0.0005719953
0.0011377229
0.0007861832
0.0005306613
0.0012924982
0.0008486287
0.0026611218
0.0016163297
0.0032560288
0.0008070261
0.000177125
0.0009918362
0.0018409569
0.00053285516
0.0027789795
0.0005743146
0.0009402691
0.000629228
0.00034900228
0.0009320184
0.0004627156
0.0005471693
0.0018211248
0.0014135975
0.0028197393
0.0029284894
0.0010317356
0.0044027623
0.0028696053
0.0011923995
0.0012322498
0.0006770851
0.0021736561
0.0016470868
0.0010399709
0.0034091594
0.0015680821
0.00027647257
0.00043416972
0.0029865345
0.0008017981
0.005101135
0.00084400846
0.0005669123
0.0037704255
0.0031052486
0.002224553
0.0011177867
0.0020572292
0.002369232
0.00066631014
0.0017509924
0.0014418532
0.00127955
0.001391997
0.00051194296
0.00083893404
0.002090199
0.0020212152
0.0017935887
0.0007526608
0.0017808081
0.0032204646
0.004445469
0.0033485217
0.0012620827
0.0025095046
0.001665424
0.001384401
0.000828323
0.0041137347
0.001954697
0.0004064409
0.0013696731
0.0003693864
0.001803653
0.0014714686
0.0012681368
0.003052356
0.0005364651
0.0040863003
0.00093866384
0.0010413162
0.0007351092
0.0012115852
0.00048438416
0.002334621
0.000999864
0.00084968016
0.0007584473
0.00063444016
0.005403312
0.0013326727
0.0047378573
0.00037036533
0.000950433
0.0008618807
0.0042860615
0.0014231893
0.0024003382
0.00074210024
0.0014619377
0.002913598
0.00085456605
0.00069564313
0.00090522046
0.00058731344
0.00033946274
0.0008501772
0.0007573068
0.0020132803
0.0017442736
0.0012730801
0.0013405058
0.00056296564
0.0010087253
0.0015106964
0.00053842633
0.0013203907
0.0004129291
0.0020970916
0.0015914594
0.0023299693
0.0013863391
0.0021571245
0.0011419446
0.0014076352
0.0011645854
0.0014150636
0.0005084717
0.00069759396
0.0008055445
0.0008880623
0.00035166947
0.00062968425
0.00072580064
0.0012320307
0.0015224232
0.00079530734
0.001708167
0.00086994556
0.0036745586
0.0005904743
0.0017023359
0.0019310545
0.0009014526
0.002537194
0.0006122193
0.00082509697
0.0027475837
0.0013437482
0.0005995092
0.0011476262
0.0009998006
0.0017521353
0.0012461747
0.0035171176
0.0013889003
0.0008628058
0.0024898874
0.0015178422
0.0015535009
0.0010077398
0.00059754855
0.0027574499
0.0036819177
0.00096460915
0.00080989196
0.00078415865
0.002468891
0.0005584406
0.002435113
0.00092142104
0.00031455842
0.0013262562
0.0016572174
0.0015466821
0.00043276188
0.00025417775
0.007418356
0.0016967696
0.0006818262
0.0014330588
0.00088025077
0.0024419061
0.0010491845
0.002871095
0.0011759149
0.0026198565
0.0023803422
0.0020564715
0.0014480754
0.0025045022
0.0005088808
0.00073959416
0.0008915231
0.0016120014
0.00018190876
0.0028052514
0.00027988566
0.0005385226
0.00076257973
0.00043922348
0.0009323193
0.00069180294
0.002718968
0.00079514505
0.0009697754
0.0024733476
0.0028656907
0.00021944054
0.0011632335
0.00064532156
0.0017782234
0.0012950603
0.0005349013
0.00037918214
0.0012530363
0.0008007741
0.0008201264
0.0027609053
0.0010489721
0.00043235222
0.0038050916
0.0011815049
0.0011411315
0.0010471456
0.00070298056
0.0004450102
0.0013653411
0.0022862444
0.0037021479
0.0014781941
0.0026589604
0.0021517712
0.0010646998
0.0020031354
0.0013718716
0.0010263141
0.00078239874
0.0011911885
0.0009738219
0.0032457353
0.00027520902
0.0020627028
0.0007515856
0.0006269209
0.0014569911
0.0018529509
0.00068764394
0.002922318
0.0076207104
0.0024322448
0.0011590848
0.00097216334
0.0005694435
0.0051210388
0.00243247
0.0011630388
0.0013607139
0.00092092785
0.0026257876
0.0028797889
0.0016505116
0.0008648869
0.00380789
0.008177924
0.0007041905
0.0006790278
0.00034552638
0.0017184708
0.0028587538
0.0019036185
0.0017555247
0.0017813193
0.004457902
0.00057629397
0.00022479577
0.00092977064
0.0027180251
0.00072292937
0.0033567655
0.0012439223
0.0013292847
0.0008593108
0.0013817624
0.0015287022
0.002709275
0.0016193681
0.0005568055
0.0033104795
0.0018315874
0.00037656276
0.0010221982
0.0014133664
0.005158848
0.0026798628
0.0024808215
0.0008345114
0.0023035726
0.0007171359
0.004824713
0.0006354178
0.004208855
0.0021280763
0.0029173424
0.00070725265
0.00038287282
0.0011001097
0.0007789612
0.0014829949
0.0012416639
0.0016702245
0.0016510787
0.0018554657
0.0017507795
0.0008184724
0.0008713176
0.0009179223
0.0016385003
0.00029870335
0.0007727781
0.00056284067
0.0013348246
0.00062280655
0.0031743753
0.0036983702
0.0003948385
0.0011405011
0.00051582826
0.0012571802
0.0016314653
0.0007751626
0.0011098216
0.00023775769
0.0017028261
0.0015706444
0.00081372773
0.0012434386
0.0033023586
0.001173041
0.0015759418
0.0008701794
0.0030539173
0.0010156215
0.0025135914
0.003255855
0.0013285693
0.0013517234
0.0017473344
0.0008363398
0.0016803211
0.0010618329
0.0011604534
0.0013003536
0.0031019596
0.00081922696
0.001128258
0.0018912621
0.00043499266
0.0021741623
0.0003945108
0.0011765739
0.0007133079
0.00043165364
0.0007390568
0.0006319187
0.0008940834
0.00068427884
0.0008828505
0.0006908578
0.0011444704
0.0016692758
0.00073257816
0.009019833
0.0007383687
0.005413296
0.0017582815
0.0016879605
0.0023031372
0.0029777545
0.0009918832
0.00041832885
0.0012483988
0.0017618866
0.0062640826
0.0055215554
0.0016138963
0.00087915227
0.0014953637
0.001042086
0.0007215113
0.0014981361
0.0007735698
0.003587976
0.0015971711
0.0007851581
0.00079962896
0.00060554704
0.0034695254
0.0018623545
0.0015135626
0.00045348055
0.0016593367
0.00278974
0.0009927502
0.0019168381
0.0041267187
0.00088941964
0.00064573233
0.0013774744
0.002019543
0.0013301203
0.00078583433
0.0006422757
0.0012882325
0.0023057724
0.0015630736
0.0017098235
0.0006321546
0.0022927125
0.0028439048
0.0008905651
0.0012405245
0.00049928774
0.0022669663
0.0024076118
0.0021802494
0.0008231132
0.001104752
0.000468508
0.002459552
0.0060005067
0.002292055
0.003087854
0.00075548416
0.0026805997
0.0023060092
0.00018038065
0.0005765576
0.001189131
0.0017356268
0.0012971237
0.0008478383
0.001599078
0.0006170003
0.0009487302
0.00058530783
0.0019776085
0.0018349289
0.0010284298
0.00083113456
0.0011479899
0.0006602809
0.0034751326
0.00017710734
0.00057031086
0.0031488582
0.0012405517
0.0030703465
0.0008575613
0.0018708676
0.0016427435
0.0010541781
0.003048328
0.0010547257
0.0011321912
0.0013525569
0.0007952211
0.0008292639
0.00074050314
0.0010294054
0.0020404647
0.0021696927
0.0010717439
0.0043433732
0.00096902426
0.00051616045
0.002438857
0.0008703596
0.0016627042
0.0023589686
0.00059286715
0.0018187035
0.0012349184
0.0013874318
0.0010820718
0.0015978068
0.0008548497
0.0016857228
0.0009655003
0.0014822742
0.00010736545
0.0020384903
0.0004001048
0.0021167311
0.0012311124
0.0011587109
0.0019609293
0.00076993386
0.0006100681
0.0007978011
0.0012713097
0.00020157233
0.001550156
0.0012813411
0.0012627016
0.00097244524
0.002187128
0.0019077926
0.0018962614
0.0011266113
0.00045025104
0.003637471
0.0024353184
0.00058082904
0.00073532434
0.00090455264
0.0027044613
0.0015599726
0.002944969
0.0027003353
0.0008449194
0.0016612025
0.0008260436
0.0006077942
0.004367008
0.00066792546
0.00034673588
0.00091129146
0.00091809966
0.0010507526
0.0034979058
0.0010176064
0.0009802111
0.00057405885
0.0014810301
0.001156329
0.00026712441
0.00077485637
0.0028377813
0.0021632107
0.0005442148
0.00080426375
0.003251673
0.0029448266
0.0013932795
0.0021079113
0.0008727669
0.0024994446
0.0025714592
0.0004781443
0.0007981059
0.0009945388
0.0012396693
0.0017070483
0.0002312201
0.0020173765
0.0009848912
0.00035614596
0.001887936
0.0024026204
0.0008226771
0.0011317786
0.0034694495
0.0011453399
0.0005379017
0.00044786144
0.0011889333
0.0009579632
0.0007644927
0.0017470161
0.0042291386
0.0005700303
0.0013764414
0.00072945276
0.00080435915
0.00074872305
0.0009655439
0.0008093558
0.0012112012
0.0005900383
0.0019770495
0.002233826
0.0015763191
0.0006673507
0.0007680239
0.0017476185
0.0041397135
0.0013894674
0.0008648446
0.0010064525
0.0018343505
0.0034170998
0.0018766818
0.0012156102
0.0026419547
0.0002803279
0.0034751191
0.0035381755
0.0019005951
0.0022191294
0.0009105708
0.0008644417
0.00067613216
0.0011555862
0.0008561936
0.0025895084
0.0012351391
0.0020160328
0.0009944321
0.00081246457
0.0009783473
0.0019862354
0.0011900698
0.0026042245
0.0027714742
0.0015417732
0.0007769447
0.0030374222
0.0014720368
0.0011769928
0.002501427
0.0012355328
0.0005289702
0.0004648036
0.000543234
0.0014766674
0.00056733104
0.0013777001
0.0014464338
0.0020417469
0.0048614917
0.0020020935
0.00073874387
0.0007261852
0.00085410726
0.0020528398
0.0012783344
0.00073617476
0.0005371275
0.0006324035
0.003236841
0.00347474
0.0028988498
0.00062607235
0.0012989973
0.001985224
0.0006747427
0.00052895537
0.0025506613
0.002786603
0.0018276438
0.0010379704
0.0030893881
0.0027779313
0.0015050514
0.0009392258
0.0024053818
0.0014764897
0.0009380927
0.0010328226
0.0008127662
0.008304845
0.0011544831
0.002908914
0.0005786234
0.0020262059
0.004540293
0.0009444174
0.0014263077
0.0011012481
0.0022930144
0.0011330296
0.0007418148
0.0035805185
0.003364435
0.001953256
0.0011627042
0.004222421
0.003272602
0.00086988223
0.00049266557
0.0014729449
0.000717791
0.0011463313
0.0007655156
0.0028660314
0.0005607484
0.0015783322
0.0023093226
0.00092804985
0.002579759
0.00090200757
0.0027073536
0.0007572136
0.0008965995
0.0024708179
0.0014132564
0.00047182263
0.001837197
0.00035696343
0.0020410945
0.00096798426
0.0063175457
0.000871806
0.0025768762
0.0003956155
0.00089430687
0.0011874206
0.0012404987
0.0018509496
0.0010733749
0.0015688689
0.002209643
0.0015018426
0.0019701228
0.0005613255
0.0029616815
0.0013425031
0.001105836
0.0012496333
0.00045763195
0.0026525895
0.0011506445
0.00096348434
0.0023558761
0.0005280429
0.0008141491
0.0011169177
0.0035031943
0.0008281209
0.0022968529
0.0008793205
0.0009990779
0.002599471
0.0021869547
0.0020600508
0.0007222233
0.0015054365
0.0011404605
0.0015595512
0.001049867
0.0007746468
0.0006200216
0.00067763275
0.0019727692
0.004557831
0.0016185024
0.0017103653
0.003132927
0.00067180034
0.00020996852
0.0011492234
0.00085760106
0.0015209004
0.00048000185
0.0006161416
0.0016483599
0.0019743326
0.0018894696
0.0005999768
0.0015199172
0.00198695
0.0025969131
0.0018799071
0.001459174
0.0014060361
0.0019469858
0.00080358924
0.000557222
0.00015822973
0.0015246363
0.0015053602
0.00080777047
0.0005528813
0.0009650542
0.0009925382
0.0010189196
0.001184077
0.0008313741
0.0015776914
0.0007891765
0.002723752
0.0007471182
0.00051468954
0.00041608931
0.0009334889
0.0013694931
0.00063785416
0.0009143099
0.0017079411
0.0016381998
0.00067341165
0.0010070513
0.0019221309
0.0013864422
0.0012586254
0.0014905294
0.0015592914
0.0013901133
0.0012703775
0.00065335317
0.0008464827
0.0066649136
0.0032811065
0.0007166285
0.0012196854
0.00070618384
0.0006637469
0.00072490127
0.0012594337
0.00073912984
0.0033371157
0.0015216955
0.001419565
0.0005222193
0.0017162912
0.002156445
0.0012820523
0.0005007659
0.00097103004
0.0009354241
0.0010736627
0.0012833922
0.0006953496
0.00068007025
0.00090316747
0.0011834543
0.0007984157
0.0018122651
0.0017547898
0.00097146234
0.0006806165
0.0011133638
0.0009560585
0.00070688466
0.00101735
0.00084824365
0.001938539
0.0007013202
0.0006949143
0.0005014338
0.00057006197
0.0017885879
0.00092151284
0.00162201
0.00029180557
0.0013580833
0.0016216165
0.00076156843
0.0006625239
0.0010862406
0.0005390571
0.0012682809
0.0031567488
0.00048481612
0.00083558075
0.0005686753
0.0014303767
0.00072988414
0.00063022296
0.0012581385
0.00056212285
0.0015366368
0.0027457504
0.0010151688
0.004541357
0.0011993663
0.0013532817
0.0052182497
0.0011542229
0.00027203094
0.0010670107
0.0026144856
0.0024487798
0.0012947927
0.0009474626
0.001548863
0.0020815479
0.0015812992
0.0030056988
0.0025444885
0.00066435133
0.0005565507
0.00085259165
0.00073362776
0.004033217
0.0014037343
0.000703211
0.0010172848
0.0015414845
0.0013051541
0.0013944313
0.00096226594
0.0019178506
0.00024277973
0.0029433
0.0011350827
0.0009972885
0.0009931774
0.0012211665
0.00088016863
0.0018253375
0.00048730976
0.0004136019
0.00094912486
0.0030221434
0.002514974
0.0009821616
0.0016795128
0.00090313586
0.0019300291
0.00089249783
0.0008476631
0.0020870634
0.0026549234
0.0017615807
0.0006396586
0.000757567
0.0010012063
0.000668064
0.0010784488
0.0013534748
0.0018677354
0.0022291718
0.00086012244
0.0014381933
0.00057287246
0.0010109623
0.004057825
0.0004146788
0.00064056204
0.0015578725
0.00068409916
0.0005065132
0.0016068118
0.00060196064
0.0007856735
0.0009694509
0.0020181024
0.00084430707
0.0013500544
0.0012027073
0.0027718393
0.001375383
0.0008176703
0.0006726315
0.001034698
0.0009814765
0.0014213165
0.00090377964
0.0009773509
0.0021445395
0.00054503296
0.0010205018
0.0015238826
0.0006294888
0.0015981923
0.0011770517
0.001627362
0.0025387616
0.00038029542
0.00084912154
0.00079720095
0.0012399608
0.0010349116
0.0017747201
0.003940743
0.0012844099
0.00045857223
0.0011674621
0.001005274
0.00052221597
0.001723272
0.0009811486
0.0005484121
0.0007918129
0.0006066027
0.0013772765
0.00076460105
0.00043937634
0.00091338984
0.00129321
0.00082602864
0.00056416105
0.00082801335
0.0011223538
0.0017687889
0.0018090353
0.0019188927
0.0025957725
0.0010088006
0.0035822317
