0.00449659
0.00281606
0.00196579
0.00069697
0.00660812
0.00093008
0.00043141
0.00083192
0.00538239
0.00389832
0.00057210
0.00040808
0.00533961
0.00114582
0.00404181
0.00024666
0.00285545
0.00065134
0.00318137
0.00205873
0.00068639
0.00019869
0.00888680
0.00103038
0.00053962
0.00169170
0.00012830
0.00140601
0.00055902
0.01272152
0.00036821
0.00813419
0.00785058
0.00695034
0.00040634
0.00102308
0.00615309
0.00282381
0.00301836
0.00040816
0.00091506
0.00080166
0.00037205
0.00316657
0.00065742
0.00457564
0.00278561
0.00518844
0.00092219
0.00039903
0.00342900
0.01006741
0.00557856
0.00031636
0.00617896
0.00081544
0.00050285
0.00073376
0.00572866
0.00636338
0.00121243
0.00267841
0.00059131
0.00083693
0.00041780
0.00043101
0.01206444
0.01006489
0.00047237
0.00433659
0.00222239
0.01064242
0.00596502
0.00044878
0.00037868
0.00130153
0.00454838
0.00073358
0.00913689
0.00170551
0.00350941
0.00372008
0.00390474
0.00022058
0.00192089
0.00398510
0.00159128
0.00103742
0.00076667
0.00295774
0.00036552
0.00117686
0.00188355
0.00079703
0.00033800
0.00464924
0.00101707
0.00108916
0.00313630
0.00350573
0.00135115
0.00033578
0.00216999
0.00068436
0.00310632
0.00151289
0.00165943
0.00588804
0.00120736
0.00091167
0.00064373
0.00318152
0.01391964
0.00338881
0.00513524
0.00164979
0.00061593
0.00237565
0.00391187
0.00727291
0.00084872
0.00161470
0.00101502
0.00761253
0.00107632
0.01290197
0.00027962
0.00150345
0.00078635
0.00900095
0.00063678
0.00468678
0.00086586
0.00064524
0.00088065
0.00419367
0.00740877
0.00549351
0.00219087
0.00537030
0.00263114
0.00921145
0.00506095
0.00159377
0.00052874
0.00112624
0.00082498
0.00234247
0.00025209
0.00100467
0.00065195
0.00663428
0.00083613
0.00134449
0.00055567
0.00083760
0.00095828
0.00041868
0.00525325
0.00076829
0.00169135
0.00363055
0.00047237
0.00014395
0.00264356
0.00013072
0.01176665
0.00428613
0.00214259
0.00049329
0.00119475
0.00456936
0.00305298
0.00097687
0.00024420
0.00054273
0.00068595
0.00085272
0.00534157
0.00064893
0.00073553
0.00079041
0.00286157
0.00020701
0.00412505
0.00247705
0.00513128
0.00269271
0.00081361
0.00055619
0.00623620
0.00383232
0.00196083
0.00410563
0.00283130
0.00042673
0.00408407
0.00495114
0.00289651
0.00042061
0.00055341
0.00057138
0.00185363
0.00295845
0.00856718
0.00473680
0.00216562
0.00158530
0.00381271
0.00413641
0.00448320
0.00610287
0.00106883
0.00075193
0.00132127
0.00282635
0.00222637
0.00287311
0.00084062
0.00123525
0.00094238
0.00172371
0.00841047
0.00081422
0.00417132
0.00275740
0.00341603
0.00526074
0.00049471
0.00379816
0.00254640
0.00208321
0.00376156
0.00261538
0.00356989
0.00570708
0.01350260
0.00200225
0.00599822
0.00812762
0.00249556
0.00456226
0.00115700
0.00102076
0.00018892
0.00017077
0.00102680
0.00187213
0.00302589
0.01283843
0.00617979
0.00519362
0.00108754
0.00430329
0.00204064
0.00595392
0.00204825
0.00258546
0.00622220
0.00126293
0.00074037
0.00634256
0.00072186
0.00058848
0.00082159
0.00648107
0.00108550
0.00474381
0.00084467
0.00772437
0.00141030
0.00017204
0.00410742
0.00107517
0.00938268
0.00091835
0.00235259
0.00665569
0.00088531
0.00247342
0.00183306
0.00379523
0.00286673
0.00261651
0.00069690
0.00843178
0.00178958
0.00337589
0.01524401
0.00959719
0.00182122
0.00271849
0.00109612
0.00217903
0.00369999
0.00276793
0.00127808
0.00407000
0.00686985
0.00068695
0.00036328
0.00040730
0.00377330
0.00241515
0.00106867
0.00197891
0.00680831
0.00342949
0.00030211
0.00155373
0.00195640
0.00303980
0.00250164
0.00102085
0.00032899
0.00573859
0.00014167
0.00456367
0.00075460
0.00116631
0.00178356
0.00079966
0.00156015
0.00215728
0.00307169
0.00072399
0.00270674
0.00419664
0.00138503
0.00094289
0.00076374
0.00030368
0.00157230
0.00098965
0.00183703
0.00079071
0.00208377
0.00110816
0.00234849
0.00148411
0.00186516
0.00193354
0.00055167
0.00370629
0.00052545
0.00138785
0.00177879
0.00331560
0.00113714
0.00331275
0.00487355
0.00327041
0.00023315
0.00347508
0.00061613
0.00124485
0.00078388
0.00056014
0.00158952
0.00085779
0.00342297
0.00341541
0.00158780
0.00036292
0.00407124
0.00424954
0.00277485
0.00347851
0.01214592
0.00046903
0.00376621
0.00043041
0.00043879
0.00323892
0.00052452
0.00052907
0.00094360
0.00511917
0.00058206
0.00529550
0.00250327
0.00373781
0.00070756
0.00305156
