0.05720701
0.03582678
0.02500941
0.00886701
0.08407066
0.01183282
0.00548852
0.01058389
0.06847650
0.04959570
0.00727846
0.00519178
0.06793225
0.01457749
0.05142125
0.00313807
0.03632799
0.00828656
0.04047442
0.02619182
0.00873253
0.00252777
0.11306066
0.01310877
0.00686521
0.02152239
0.00163224
0.01788764
0.00711208
0.16184716
0.00468455
0.10348574
0.09987752
0.08842448
0.00516962
0.01301593
0.07828154
0.03592537
0.03840050
0.00519275
0.01164163
0.01019894
0.00473329
0.04028610
0.00836385
0.05821275
0.03543942
0.06600897
0.01173238
0.00507661
0.04362481
0.12808077
0.07097217
0.00402488
0.07861068
0.01037431
0.00639743
0.00933510
0.07288183
0.08095688
0.01542495
0.03407560
0.00752279
0.01064772
0.00531538
0.00548349
0.15348765
0.12804867
0.00600961
0.05517152
0.02827394
0.13539621
0.07588888
0.00570946
0.00481769
0.01655850
0.05786592
0.00933278
0.11624239
0.02169805
0.04464787
0.04732805
0.04967735
0.00280631
0.02443820
0.05069976
0.02024478
0.01319839
0.00975377
0.03762930
0.00465026
0.01497233
0.02396314
0.01014006
0.00430014
0.05914908
0.01293949
0.01385662
0.03990098
0.04460099
0.01718974
0.00427186
0.02760724
0.00870665
0.03951965
0.01924744
0.02111173
0.07490949
0.01536041
0.01159853
0.00818970
0.04047625
0.17709012
0.04311348
0.06533211
0.02098916
0.00783611
0.03022372
0.04976807
0.09252834
0.01079767
0.02054276
0.01291340
0.09684906
0.01369326
0.16414291
0.00355745
0.01912742
0.01000418
0.11451294
0.00810136
0.05962668
0.01101576
0.00820899
0.01120392
0.05335319
0.09425679
0.06989013
0.02787292
0.06832262
0.03347424
0.11719103
0.06438696
0.02027642
0.00672683
0.01432840
0.01049562
0.02980169
0.00320720
0.01278174
0.00829430
0.08440347
0.01063745
0.01710504
0.00706935
0.01065627
0.01219152
0.00532655
0.06683358
0.00977446
0.02151793
0.04618906
0.00600962
0.00183138
0.03363216
0.00166301
0.14969908
0.05452945
0.02725867
0.00627573
0.01520002
0.05813290
0.03884093
0.01242802
0.00310674
0.00690483
0.00872691
0.01084857
0.06795719
0.00825586
0.00935767
0.01005589
0.03640581
0.00263359
0.05248023
0.03151375
0.06528174
0.03425753
0.01035106
0.00707607
0.07933892
0.04875604
0.02494634
0.05223310
0.03602075
0.00542897
0.05195887
0.06299001
0.03685035
0.00535112
0.00704071
0.00726929
0.02358250
0.03763830
0.10899440
0.06026310
0.02755174
0.02016875
0.04850649
0.05262469
0.05703669
0.07764264
0.01359804
0.00956624
0.01680961
0.03595770
0.02832453
0.03655265
0.01069467
0.01571526
0.01198926
0.02192957
0.10700066
0.01035879
0.05306883
0.03508054
0.04345980
0.06692886
0.00629388
0.04832138
0.03239612
0.02650329
0.04785577
0.03327370
0.04541723
0.07260731
0.17178431
0.02547324
0.07631127
0.10340222
0.03174937
0.05804257
0.01471975
0.01298637
0.00240345
0.00217259
0.01306325
0.02381786
0.03849629
0.16333459
0.07862128
0.06607486
0.01383608
0.05474787
0.02596170
0.07574765
0.02605850
0.03289300
0.07916081
0.01606737
0.00941924
0.08069202
0.00918377
0.00748682
0.01045253
0.08245426
0.01381006
0.06035232
0.01074621
0.09827190
0.01794230
0.00218878
0.05225595
0.01367862
0.11936947
0.01168355
0.02993036
0.08467577
0.01126314
0.03146758
0.02332081
0.04828418
0.03647143
0.03328807
0.00886613
0.10727176
0.02276759
0.04294915
0.19393915
0.12209852
0.02317009
0.03458556
0.01394515
0.02772237
0.04707244
0.03521451
0.01626017
0.05177990
0.08740037
0.00873959
0.00462173
0.00518186
0.04800510
0.03072632
0.01359593
0.02517626
0.08661743
0.04363112
0.00384355
0.01976711
0.02488991
0.03867330
0.03182669
0.01298763
0.00418546
0.07300818
0.00180235
0.05806047
0.00960030
0.01483813
0.02269102
0.01017349
0.01984868
0.02744559
0.03907896
0.00921081
0.03443598
0.05339095
0.01762085
0.01199570
0.00971648
0.00386355
0.02000325
0.01259068
0.02337131
0.01005965
0.02651038
0.01409833
0.02987825
0.01888127
0.02372916
0.02459908
0.00701851
0.04715263
0.00668496
0.01765670
0.02263035
0.04218215
0.01446701
0.04214588
0.06200286
0.04160715
0.00296626
0.04421105
0.00783855
0.01583733
0.00997281
0.00712631
0.02022243
0.01091313
0.04354813
0.04345197
0.02020051
0.00461723
0.05179555
0.05406393
0.03530252
0.04425470
0.15452428
0.00596720
0.04791495
0.00547584
0.00558242
0.04120656
0.00667313
0.00673098
0.01200474
0.06512770
0.00740521
0.06737107
0.03184736
0.04755361
0.00900174
0.03882290
