1772667189
1833583973
2115845550
1252428016
1846558356
1786523164
1830470327
1512985980
1572008719
1501781765
1598792033
1548545626
1173939165
1194017740
1460743788
1790854943
1450753705
1946721028
1528666688
1551059060
1860638385
1161942013
2067993296
1328537430
2144326794
1127448999
1375366334
1202781177
1229171485
1303997138
1994963482
1441306284
1210083872
1427873464
1360141168
1830907546
2088952328
1469101694
1390334760
1645066174
1444854082
1175857867
1804295823
1271642253
2140612373
1942111942
1761939590
1776005917
1498775447
2064291412
1651116899
1319978675
1550792380
1235573843
1409544161
1076521773
1635831644
2066411064
1487548725
1972264013
1791962499
1779280647
1148519879
2092441440
2071180206
1795054128
1661863095
1618177311
1606643133
2137951480
2088977999
1460229603
1742027548
1741649915
1526608945
1269087328
1731855368
1279412579
1763118905
1950875319
1382338499
1272818584
1740974498
1564937959
2075167218
1674850881
1587116784
1674272476
1583318305
2044281433
1716937568
1611080641
1386224349
1840382680
1106473460
1770921559
1620742833
1177315982
2100236243
1466271849
1166752647
1214306161
1678006538
1384316513
1198953535
1578161530
1481888320
1226299290
1930811430
1263650141
1330032887
2085609003
1895340738
1478635262
1162193769
1382458258
1325181419
1663782143
1229615057
1665982999
1764822836
1822843329
1292399499
1877076269
1551261861
1213935304
1744051262
1433719297
1154709347
1514687553
1141850722
2069650093
1097719754
1355959922
1885023367
1308284978
1926993729
2092546692
1801193328
1967627106
1367106527
1652900081
1211852249
1349219304
1161534620
1742055547
1289355749
1753836645
1440808087
1173171243
1516551628
1844717444
1759912951
1588790894
1419348529
2072064066
1102451285
1418875167
1624432090
1854071196
1311592005
1304394144
1226890464
1530084948
1800992258
1468927429
1329648120
1634953157
1843053155
1818730142
1394608869
2004626539
1363375749
1229640179
1260545916
1789714552
1473192702
1789317785
1127528042
1164704575
1127168856
1812922487
2022386721
2144959973
1630053033
1238864990
1598351387
1503934801
1216863176
1157642173
1244473396
1091655299
1532222426
1714775827
2024883379
2057088835
1087448950
1670381224
1393973959
1644573111
1513234572
1390897135
1079467883
1257558523
1737437267
1793326587
1496501291
1495907455
1700264107
1827691335
1328394239
1329847041
1539782966
2040050427
1762957387
1202420231
1304037555
1849847593
1958697106
2102429983
1440997336
2040882885
1636729832
1489706286
1220047967
1219362730
1685445946
1377606282
1383971685
1494698647
1245764291
2036173264
1743922620
1401156656
1368941446
1326996003
1836985088
1381495027
1095133666
2064881249
1646780224
2130178588
1173886450
1809512178
1932754430
1654745769
2066567180
1182257478
1691873736
1294714251
1900697866
1128526735
1612972179
1270628307
1980830798
1100774175
1675219320
1137148802
1421312125
1173790452
1204632835
1330404998
1681947341
1561862091
1233414670
1909506197
1906702024
1380362635
1646112180
1257028028
1115229852
1838285654
1901847451
1237294877
1634416513
1292721103
1465155577
2049942853
2065509891
2137074784
1159908747
1782919368
1146720399
1832997002
1103888207
1686269688
1435711967
1338951437
1669093732
1645719592
1320268698
1479421064
1639117179
1114754819
1189212928
1519754300
1474847768
1913677980
1088711070
1096687570
1800869754
1285063073
1859828374
1213295916
1453635996
1982482401
1095909289
1565777492
1096177850
1965377308
1094894089
1414920036
1272887000
1659203026
1518960050
1800247464
1372433865
1499851482
1901242450
2111175808
1713364099
2004104283
1571551775
1934061026
1104593265
1612023783
1294683983
1112650510
1622881440
1220205307
1663203028
1159829436
1606298036
2052259336
1541119651
1292460512
1703084041
1695133540
1080491292
1765235483
1655128148
1856079208
2030260865
1612229002
1876816276
1540203254
1539181786
2052975737
1303943080
1491232698
1175286925
1379734053
1808253653
1274790299
1778241178
1214340310
1704294461
1501937702
1437190858
1177936027
1741757226
1575319687
1853335810
1971914588
1636300350
1998191168
1420673722
1302199389
1387498737
1223968025
1774233541
1180637994
1961978821
2079991523
2120439663
2093915436
1120019322
1368007461
1140556245
1977094766
1759565824
1365028845
1613242262
1511629738
1864281345
1227862441
1397834286
1554551098
1082969383
1541926080
2009161956
2145838759
2055139626
1803638047
1142673568
1640376792
1657516361
1312305361
1773754149
1691230886
1315304993
1556034466
2055922474
1441914509
1345216651
1087829329
1408413322
1647292212
1116064489
2110772116
1662847281
1883951571
2039196238
2029865949
1796766685
1693580538
1783477253
1994095920
1927640519
1971616804
2143693137
2049465132
1323094542
1299504646
1179977323
1595276563
1248955440
1190352871
1755381027
2082441077
1916649254
1213297289
1767669933
1408337294
2019604338
1393408002
1775454348
1099428237
1171643637
1159359626
1122238345
1838622542
1901144184
1551581376
1934913842
1825390852
1289188350
1318516918
2065429416
1433903532
1141722397
1307986418
1252928661
1821914903
1754681819
1181272904
1420966760
1465539150
1188853891
1311883640
1263525189
1487586396
2005212794
1326455239
1910252628
1575226435
1843223629
1235290268
1760400312
1269901040
1880945254
1474362824
1476844975
2091971362
1422878715
2073596389
1382798280
2141612350
1705251668
1521660285
1771260297
1112198878
1918797502
1431889728
1811886451
1448685813
1837799994
1303963348
1928528021
1436146226
2004742238
1800152158
2005172318
1410068507
1201060770
2097865194
2037113899
1609875177
2080105610
1168822300
1237619855
1122423714
1756990064
1203693037
1844890216
1423137903
1601881513
1193142656
1221278834
1673849322
1266630072
1964165396
1428472853
2091965690
1684773723
2039377010
1585407928
1161643632
1179960547
1468363263
1338546598
1211563390
1385826985
2108744581
1676684909
1457020245
1737313091
2077432239
1759548666
1708489228
1629464450
1362459830
1195982321
1094626692
1517304924
1804730941
1724744042
1995215894
1251957579
1151722760
2055677286
1378698346
1704399831
1686892300
1550118246
1495685370
1170593065
1821989439
1484255817
1607857791
1098851907
1248148832
1700035754
1335387866
1792154853
1709957194
1420185883
1935238133
1339720720
1125524656
1153447884
1173247779
1273079831
1314885301
1151961948
1277235271
1539794607
1478450908
1339762928
1238477178
1356136187
1438183193
1786866559
1396160654
1757930698
1604383245
1299595420
1433615539
1158861324
1566545683
2128938497
1450380161
1477666628
1911351408
1077695596
1544183579
2051575889
1646360980
1598084408
1155707472
1787130254
1216949025
1156872341
1123398795
1749258095
1804784050
2134876925
1570449472
1544120058
1569725191
1639623824
1301435108
1674038452
2010613862
1613509002
1951498469
1974649211
1304479097
1166813302
2145267548
1150836601
1522941031
1778103241
1786025384
1766296592
1180578055
1445121956
2030760376
2008307349
1251094465
2070292227
1101302894
1286029737
1698753933
1497223304
1856603435
1521197609
1966961032
1558726284
1957898677
1478360546
1820209958
1139829336
1281399876
1725715900
1786945064
1095356825
1749656432
1915678172
1643495465
1940299208
1697739778
1433829355
1354786099
1226607127
1748797300
2005790811
1444546268
1463067208
1980475224
1634522511
1453919900
1420910940
1111351092
1674889477
1439277615
1240278927
1412712028
1351228152
2110816055
1667885312
1982044142
1806473682
1601003981
1355052481
1590080655
1940114317
2134032229
1257465809
1099850690
1337781721
1855871810
1074313114
2081340446
1567162862
1921742269
1419884099
1408929131
1423108202
1330535263
1874463256
1491381590
1509047983
1617364793
1517654647
1239399246
1156179939
1586462948
1214110345
1157932614
1746781705
1537806116
1716870763
1343333352
1127207453
1343773843
1905713331
1918808248
1867431182
1181947874
1199738801
1236830769
2068942527
1133702644
1086622850
1750533140
1506534908
1855197916
1658992535
1085715904
1674434550
1197320648
1870004495
1426166041
1246469528
1333335735
1084382096
1297794417
1484850161
1248592285
1738446318
1199857234
1777023088
1284583264
1277086036
1486369827
1278781071
1214140673
1764605718
1930019568
1511582909
2065003754
1566965016
1707952703
1221557813
1401314444
1474173873
1861549767
1973952153
2029081967
1124457875
1228147987
1422586782
1494665573
2142526239
2105737607
1263879688
1494881329
1130110877
1688296268
1431235415
1469556668
1080463680
2010303302
1550361285
1307141542
1383968342
1236441733
1472683401
1393142933
1751540161
1578774889
1770945797
1120675665
1444230783
1186065150
1779601057
1709962865
1664396588
1403335948
1138688766
1855798260
1740209967
1251276700
1665176271
1995750628
1791017447
1117194642
1471271971
1834402462
1765711412
1744195378
1137387268
1854841267
1580514861
2066581269
1257460495
1197016775
1120008576
1701511541
1678181639
1777731668
1538700125
1264435735
1652896021
1292171206
1270260912
2106395741
1906540237
1163079957
1798976067
1854428381
2096861994
1300400804
1287765219
1139813397
1867077518
1431116612
1770647655
1660886610
1651070929
1124296774
1884231147
1110876999
1850553487
1719771734
1393878498
1080876805
1403347709
1208541520
1786632021
1947352536
1898304489
1933608022
1310769338
1133073554
2139123095
1868254207
1540141524
1671126281
1358285913
1621075751
1505556721
1761985648
1803242952
1462193616
1184160001
1376414668
1096548080
1134156006
1153348781
1200708151
1926774480
1564240304
1776225315
1212041140
1592890261
1238030263
1433880249
1762219135
1150785438
1186541557
1900246295
1260980293
1679497608
1899818245
1578653519
1338378319
1276841176
1418095782
1341087673
1416890437
1116556269
1380543586
1261092649
1804547339
1732546934
1222343108
1546732296
1456612016
1168776092
1317240530
1196992716
2019644696
2092425560
1335213452
1133302683
1196229569
1782354581
1414897290
1449479884
2091872379
2099099912
1246414843
1362580066
1527355973
1471350178
1171834528
1359068656
1609939653
1160962454
1976966589
1197394557
1420372266
2088541591
1484268055
1479758340
1661202549
1499643964
1761267814
1363211574
1225131460
1587784947
1732968417
1314948762
1825750366
1415000511
1231731545
2119569224
1333212992
1242341923
1657023507
1954084558
1549032301
1704848239
1388420656
2054171649
1833205952
2047419867
1929448597
1500206279
1693395312
1354252679
1399378369
1210306971
1241468213
1245757187
1248684987
1204949724
1366117595
1340854067
1977928955
1384318065
1621656573
1106460386
2108701359
1344678634
1708849817
1288306998
2035760856
1222042339
1290398471
1251882954
1690522436
2118434922
1147134210
1951391247
1077553157
2035174362
1346855061
1536425432
1940268940
1957196007
2136111225
1095800874
1397107020
1653165866
1313422649
1769335208
1264105235
2080325306
1184377369
1394611854
1431841371
1656563816
1174654074
1484921264
1419578136
1303394346
1399780987
1796798804
1285410707
1667437711
1294408825
1094012617
1876030383
1204688834
1121856384
2115050703
1198799420
1777193442
1664594135
1899778126
1641888279
1836379371
1365158513
1959178886
2011002510
1329718447
1853604401
1180800318
1322427423
2000160495
1301759817
1151783505
1732112705
1419432945
1122719289
1560281322
2043645089
1092965716
1998211406
1507155550
1228002975
1211218711
1788532072
1992686998
1382837204
1403648478
2062554259
1091633986
1816142829
1484520258
2066031670
1920884021
1766298264
1945052232
1405838278
2008474091
1268194513
1962538688
1193984099
2145185281
1131161241
1137913083
1233224405
1749111800
1163212013
1316815047
1249490652
1844798099
1390364700
1659725951
1643818741
1209889847
1258741361
1279006570
1285655806
1302628692
1581203489
2007541098
1771987802
1351409581
1238746784
1976173474
1433732431
2099650287
1144747102
1847233684
1438793328
1541585371
1936085098
1799542382
2038704906
1456390170
1967752775
1084603046
1312137306
1910262777
1077908098
1374476862
1888020193
1166333612
1349285810
1464656932
2078761641
1570047362
1688261642
1914652226
1216978696
1250031953
1146677355
1676774089
1273994899
1426980351
1511981586
1384479972
1927196709
1084027552
1439804528
1516507301
2075009968
1584132316
1768414752
1692038270
1412897516
1914967144
1322784281
2124777759
2082747518
1861206372
1663992000
1141740963
1365439402
1420225703
1762803301
1544765953
1972934146
1110291568
1842575882
1848966002
1554561008
1171674920
1547302372
1088962049
1478988268
1354920783
1789927442
1636538434
1177012825
2052945887
1452034272
2052041789
1669815983
2087735043
1566823766
1201066710
1078142541
1614152569
2026393314
1212990849
1658202703
1838283446
1185363674
1437233096
2072314747
1769478846
1233359626
1170763658
2013355111
1162140934
1808021348
1113413656
1392221044
1628160361
1663291957
1682521149
1092089438
1714563474
1268428000
1952898555
1303551835
2146920644
2104314118
1857936538
1805260457
1914574497
1374315911
1882004333
1948347498
1648292785
1455924569
