0.05938574
0.015356625
0.035441242
0.02097866
0.007732644
0.029924963
0.0038326369
0.012671554
0.013165881
0.025155433
0.053560786
0.025938746
0.019663941
0.04000053
0.0061170077
0.0074993805
0.024300693
0.01630417
0.051211532
0.0129904235
0.015583211
0.019462984
0.017319849
0.044507045
0.017959157
0.07554085
0.0921517
0.010073528
0.041178208
0.021842463
0.03341642
0.04828489
0.040538758
0.04783488
0.045565795
0.0076671047
0.06998154
0.024608029
0.011644326
0.027555503
0.024201872
0.07878432
0.030222662
0.021300506
0.004482012
0.008132784
0.059026357
0.05949759
0.025105076
0.03457769
0.027656855
0.02211016
0.01298819
0.010348173
0.047220834
0.036064323
0.027400821
0.06922639
0.012458512
0.033036195
0.030016074
0.014901824
0.009619079
0.017524607
0.03469308
0.06013572
0.013918429
0.013552552
0.013455951
0.07162305
0.0174956
0.024459418
0.007294911
0.058346637
0.025571298
0.04251542
0.014504628
0.021430662
0.11813173
0.032677926
0.046309423
0.02132021
0.05832401
0.026213324
0.034759864
0.056108817
0.026584828
0.05608944
0.026521202
0.06848503
0.057518754
0.026986232
0.023219801
0.030827131
0.004633466
0.05932726
0.054296155
0.009860252
0.01758989
0.012280314
0.019543564
0.020340104
0.028107267
0.023187844
0.040165883
0.026434824
0.012411105
0.0051352484
0.008085462
0.08466654
0.011139286
0.008733692
0.0634954
0.0015479825
0.019467201
0.046313435
0.044394616
0.0069672507
0.041193068
0.013952934
0.014780737
0.06106668
0.021648198
0.031441763
0.025984244
0.010166946
0.029213542
0.00600384
0.019341834
0.02537161
0.019126447
0.0693349
0.004596809
0.02271286
0.03157488
0.010957143
0.01613895
0.035050977
0.0075426735
0.06591705
0.02289957
0.027686724
0.040598
0.022599952
0.01945616
0.029180113
0.021597214
0.029377451
0.0241341
0.019651078
0.012701417
0.03089974
0.058958463
0.02661287
0.011887322
0.06941577
0.018466491
0.023766715
0.027209874
0.031056419
0.01098484
0.021849113
0.010275448
0.0064073806
0.015083663
0.02460511
0.022272127
0.013693053
0.061743725
0.12185777
0.04672049
0.03357828
0.022837078
0.0051492387
0.021114638
0.02997842
0.04935311
0.014985887
0.037773073
0.019509258
0.07552208
0.0075917905
0.03387577
0.01796446
0.027304027
0.010375737
0.006693253
0.0062978743
0.020382935
0.01939096
0.020845417
0.018285654
0.012832663
0.028723167
0.016958795
0.008614261
0.036430392
0.01398977
0.02334961
0.027547244
0.012673636
0.011649036
0.03616302
0.0052661495
0.05820551
0.060077846
0.050133966
0.012528518
0.02848009
0.015307273
0.022251124
0.044550918
0.006447992
0.008542911
0.029530227
0.010070505
0.04368628
0.061971344
0.016404472
0.017608263
0.02413727
0.017092794
0.027415866
0.012476582
0.040872563
0.040849607
0.003528985
0.023075445
0.023182068
0.025036788
0.02086704
0.0341067
0.0073028468
0.0117349615
0.0057325764
0.022227703
0.01538511
0.023140583
0.036687836
0.03458757
0.027584214
0.017840663
0.039326116
0.030310038
0.016187197
0.05543528
0.017307905
0.009901638
0.0035424435
0.043373942
0.015918717
0.018903265
0.027017916
0.010641761
0.016589846
0.073753595
0.02806058
0.009523844
0.023807535
0.0393229
0.010089036
0.04456961
0.028173277
0.013080901
0.020660179
0.031984977
0.015969003
0.04624323
0.013786512
0.002631964
0.018680537
0.06158401
0.06371338
0.020725174
0.027377117
0.021653585
0.012270965
0.034337346
0.01729905
0.01789842
0.009714463
0.014932299
0.019208016
0.061406836
0.01849056
0.014122839
0.024048738
0.0056069903
0.0069894935
0.013783224
0.022115018
0.09912353
0.05491171
0.01867258
0.07967913
0.02545648
0.024704278
0.032054856
0.018236337
0.036739893
0.030165274
0.04305062
0.015576427
0.010161591
0.048697945
0.066414714
0.03671382
0.052454773
0.036722817
0.13168336
0.03667981
0.023700465
0.010660678
0.0034740376
0.025443176
0.0075387126
0.09195522
0.0251231
0.015923278
0.017681511
0.05739904
0.008392383
0.006581027
0.03239628
0.01850237
0.013501015
0.010843232
0.009318666
0.01359195
0.020438917
0.0069648256
0.038855195
0.053812243
0.034376148
0.025814358
0.02164922
0.0142636625
0.028394151
0.07239461
0.014784193
0.05544809
0.015545027
0.034007665
0.10802187
0.007859352
0.025799008
0.051563796
0.017194074
0.043683115
0.012489366
0.039373033
0.023111086
0.0075722393
0.021353237
0.059572473
0.010170338
0.0142738
0.05031609
0.02407351
0.009865445
0.014587558
0.026387222
0.031044101
0.016515171
0.027408672
0.06694097
0.047593683
0.010906175
0.046482295
0.010250972
0.029719107
0.019776149
0.016431957
0.034840673
0.0044397744
0.008768476
0.07504305
0.022914661
0.019104764
0.016558556
0.029473417
0.022864768
0.05404488
0.0063300976
0.031227443
0.020567177
0.011707136
0.02603934
0.036280323
0.025827866
0.03365425
0.004492955
0.017212197
0.015105822
0.009570115
0.013738477
0.055528097
0.021981629
0.059422154
0.05665756
0.011015937
0.026064187
0.034437507
0.048305266
0.022532906
0.07288627
0.04718295
0.013796395
0.07477807
0.07071252
0.055706687
0.031556927
0.017078668
0.0680021
0.0075241365
0.0070920344
0.0074684857
0.066803776
0.016144367
0.033025354
0.0718154
0.017164672
0.044324704
0.010883606
0.039530165
0.053443015
0.020920493
0.019938877
0.02940332
0.034881704
0.016052313
0.04064641
0.029609164
0.047180403
0.016914582
0.04668026
0.014869778
0.14732683
0.01962549
0.019419728
0.018797932
0.015398824
0.015922455
0.006497399
0.12964226
0.015288006
0.04318882
0.0883427
0.034596752
0.024018446
0.07649719
0.04381857
0.010493523
0.061035577
0.014695804
0.009893392
0.0476035
0.04909671
0.039827537
0.021974565
0.042329084
0.04983531
0.0671762
0.04443729
0.01599874
0.006596415
0.015437359
0.041383192
0.05897479
0.02127134
0.03150657
0.024696155
0.012368866
0.03504134
0.011916888
0.034733552
0.023162413
0.017936423
0.0071409084
0.025488406
0.014834652
0.018629767
0.06428122
0.011992357
0.030349808
0.024266055
0.06156774
0.021841897
0.0161518
0.024056012
0.033580218
0.030153254
0.016793711
0.0118096
0.040236477
0.035140064
0.017061228
0.01348302
0.034842584
0.039156463
0.08292247
0.018801037
0.014715136
0.02016233
0.015451317
0.047676235
0.026832143
0.039971214
0.020456899
0.028037632
0.02121655
0.01645027
0.02392748
0.07008249
0.01411031
0.034160364
0.013278102
0.009728993
0.039529603
0.02459566
0.02242118
0.081176646
0.04642629
0.017661149
0.0070212823
0.006101415
0.029100675
0.008699451
0.0073682824
0.028617864
0.054588336
0.022821736
0.08013269
0.018335426
0.050830904
0.0037787438
0.057780277
0.016710324
0.01048539
0.07716723
0.0344334
0.09237495
0.05709873
0.028256107
0.006491272
0.012526658
0.039215785
0.030519037
0.049723733
0.013466124
0.0368124
0.010453491
0.05695253
0.04473654
0.030019296
0.028642453
0.02378867
0.032415997
0.022440847
0.018852979
0.077282816
0.07860944
0.021324586
0.022024844
0.019295814
0.085576765
0.025792163
0.006191158
0.011220777
0.010372489
0.045431625
0.012045066
0.05986143
0.046772476
0.007361507
0.013437024
0.08707493
0.012006811
0.077645525
0.052480508
0.017830277
0.012147218
0.04950299
0.06403177
0.072207294
0.05173136
0.01718235
0.055154383
0.01338427
0.019358553
0.007483783
0.020384373
0.03875613
0.01881737
0.058601517
0.03023084
0.07152005
0.013152822
0.025864616
0.026293512
0.054928683
0.021799548
0.0140204
0.06735714
0.027026908
0.032688364
0.016538074
0.010925268
0.07817832
0.004491759
0.019276964
0.025509859
0.014891963
0.05983325
0.05917232
0.019775145
0.024206359
0.008504008
0.06727987
0.041912645
0.034678206
0.07378902
0.021541502
0.014227397
0.025079077
0.12439534
0.012740328
0.016473684
0.026109276
0.016397785
0.0061907796
0.03048923
0.004773147
0.02146395
0.11562567
0.02993203
0.018347656
0.0073268577
0.03208836
0.027529193
0.008125193
0.056875613
0.048034407
0.022693198
0.02054615
0.00732326
0.033597782
0.012098358
0.098027796
0.033173736
0.054757785
0.024353728
0.04760163
0.074462265
0.028055055
0.048216928
0.041550316
0.04732696
0.022633601
0.008839249
0.055875465
0.008300004
0.015129571
0.013408722
0.01134883
0.013317237
0.06499535
0.008936469
0.021063045
0.009211465
0.011204184
0.03108658
0.0044987914
0.017431634
0.026250592
0.016094968
0.023783615
0.04720023
0.02383762
0.0111434935
0.015698997
0.012490613
0.025277145
0.027091494
0.012710655
0.020760423
0.019366467
0.026573876
0.020336824
0.0775833
0.029259278
0.05151771
0.014379129
0.02250136
0.037762333
0.0056271846
0.06384289
0.06428158
0.007820051
0.01979809
0.020096095
0.0414348
0.017327799
0.037979927
0.036402717
0.0036652645
0.0504701
0.007768823
0.05557755
0.0045465417
0.0070118587
0.010027795
0.007830827
0.02388884
0.020878853
0.005583474
0.03632765
0.021738565
0.012435911
0.02091441
0.029119657
0.0050245197
0.059531666
0.0107586365
0.042783383
0.024897277
0.042840168
0.020337332
0.0073894593
0.008082146
0.025319606
0.034589622
0.026247278
0.028608877
0.010230786
0.046945132
0.02469299
0.015590844
0.004133059
0.016993959
0.03767022
0.04114392
0.011914443
0.012518117
0.0089720385
0.03527193
0.08468192
0.006259962
0.0189298
0.014139812
0.011986877
0.02461565
0.01809819
0.016836684
0.025969159
0.021895133
0.046364024
0.041421767
0.012334012
0.04667138
0.029338984
0.013222549
0.029664036
0.037543513
0.048382863
0.004966764
0.05961803
0.028642548
0.05575859
0.023506427
0.019073483
0.031085348
0.0072872997
0.0838375
0.027892355
0.06685921
0.015000122
0.037426896
0.024644382
0.01536348
0.014788179
0.029215956
0.0047629206
0.015534659
0.0066185608
0.017308023
0.010531478
0.005012625
0.07504233
0.05700197
0.0281102
0.059555404
0.02577383
0.010589897
0.027686656
0.021644374
0.010638684
0.017641477
0.015967648
0.07792818
0.015066777
0.031062402
0.008780815
0.021782223
0.005392643
0.019092321
0.03127428
0.011985882
0.059318084
0.055641003
0.05531217
0.037664823
0.03156161
0.03721525
0.015498748
0.0072017126
0.046696022
0.009052555
0.011753312
0.010121772
0.0037408483
0.016309459
0.007949336
0.008097173
0.01097795
0.018979426
0.0716623
0.03129399
0.025797974
0.01399601
0.091007285
0.027153654
0.05043733
0.2361116
0.030205026
0.048984632
0.009917572
0.04611097
0.01836761
0.037995115
0.019319044
0.020112332
0.064548455
0.013100819
0.02975247
0.010151082
0.013340768
0.005184373
0.012009028
0.029517861
0.019276107
0.009937518
0.03182987
0.021121914
0.028132243
0.01591135
0.05288613
0.089673445
0.010693795
0.02375366
0.011231872
0.02373347
0.07481102
0.023124646
0.010561898
0.030226875
0.02902084
0.020474726
0.012954186
0.012199411
0.07830983
0.08825718
0.020050097
0.01691492
0.008762237
0.044730697
0.018983264
0.010018657
0.0074637844
0.011850042
0.048558712
0.070079364
0.017580373
0.020877937
0.02282375
0.025583811
0.006161423
0.07851475
0.045529865
0.00337089
0.019446576
0.06622993
0.010028414
0.023791792
0.06996778
0.099448286
0.024786532
0.0034782242
0.012559812
0.014750963
0.011417164
0.020521432
0.02659602
0.0580558
0.022025907
0.015291017
0.023701813
0.020631986
0.07100723
0.01116592
0.041619428
0.027755793
0.065463364
0.012973449
0.014278438
0.011628295
0.03440818
0.030706918
0.06859017
0.008079755
0.025129043
0.028365035
0.022684263
0.011720068
0.010136558
0.041590158
0.020866921
0.0052289907
0.01009169
0.022883005
0.022459831
0.033131085
0.011593935
0.027163383
0.03706729
0.017660787
0.011261947
0.007155976
0.021579647
0.017049896
0.020469688
0.02161468
0.010484765
0.0070792283
0.07096923
0.07685979
0.004085821
0.0045123594
0.034089968
0.011280175
0.012867864
0.06500053
0.0163919
0.0715614
0.073420376
0.04680418
0.055382352
0.011000172
0.014818529
0.021174258
0.008711566
0.03967757
0.023360295
0.011991952
0.055496186
0.009837958
0.024873013
0.02377849
0.021832366
0.04689376
0.030097084
0.021531133
0.05586047
0.021681855
0.01832514
0.015712122
0.02017901
0.018791534
0.070855856
0.08032144
0.059537373
0.027882604
0.007955507
0.027502272
0.015380037
0.02286694
0.016408507
0.00842127
0.04454661
0.0310486
0.039557736
0.044302355
0.008375868
0.021804987
0.03858565
0.058027133
0.023776058
0.037611976
0.052270647
0.017115928
0.009153802
0.016735412
0.012622723
0.041139062
0.010144194
0.029958613
0.008344572
0.023163065
0.011755831
0.004318574
0.018285297
0.030421104
0.012433148
0.03460684
0.06435112
0.007396547
0.032580387
0.011774171
0.067285456
0.021242755
0.008218323
0.039999403
0.017966347
0.009473697
0.01906049
0.020656992
0.014649154
0.019484257
0.011028584
0.020929458
0.061802182
0.046578307
0.01390053
0.027534608
0.020266129
0.021084411
0.0053559653
0.043070477
0.021819541
0.013242889
0.0336271
0.014840745
0.02263664
0.020749494
0.01655084
0.02401558
0.07033993
0.07669985
0.015470944
0.048200704
0.025822159
0.016215092
0.06028608
0.017074553
0.024395106
0.06592126
0.018167526
0.010989407
0.03199765
0.036110766
0.011511513
0.015812539
0.03907309
0.011300533
0.049067155
0.017410036
0.052597817
0.028279044
0.06414235
0.08153948
0.020938525
0.07682918
0.056173246
0.085359655
0.02390248
0.025326284
0.023190582
0.0322813
0.072631545
0.04823458
0.050804183
0.06951446
0.026534837
0.01481082
0.014171152
0.023666587
0.03207645
0.0110785775
0.03559086
0.034886837
0.003896992
0.027872518
0.038249217
0.022871645
0.023789337
0.014763823
0.05175087
0.01652371
0.0046494547
0.061727736
0.06194181
0.013019753
0.019626014
0.051835842
0.018240541
0.024773633
0.022695454
0.029981986
0.02741266
0.019715426
0.008596912
0.024322143
0.008593126
0.013985036
0.06994076
0.013122456
0.010059169
0.07223724
0.013518844
0.067885764
0.010159036
0.05555109
0.030791968
0.019855306
0.048148435
0.0043390105
0.014819732
0.020659257
0.01961075
0.033724487
0.019466316
0.030285066
0.018650115
0.023320248
0.006818081
0.027860792
0.056365777
0.018292926
0.05743922
0.042493332
0.008177954
0.010917502
0.0089904405
0.017624043
0.031121165
0.03023882
0.032069873
0.02302033
0.06304862
0.032635584
0.013804775
0.024387307
