-472
131
496
437
-463
-839
-736
-832
22
347
333
-629
-1118
850
763
577
946
1678
1594
-88
311
-193
432
989
-1229
529
535
-1702
53
-313
113
-348
-149
-316
-834
1437
-152
-1329
-548
323
984
33
739
22
-712
413
-373
-1136
794
1075
182
-931
-496
988
245
209
256
-579
962
-1297
964
-324
-138
1635
-643
356
461
-349
-757
-250
1151
1454
-1782
-377
-883
-58
137
-1463
-36
-201
-1470
162
-1002
390
363
210
-822
754
-1115
87
884
-24
791
-239
512
-747
194
20
372
48
549
530
-248
-340
-1333
-43
41
1669
-869
-407
1360
274
-576
839
-1504
-232
-10
-895
-74
706
-72
960
655
266
109
2244
-1749
-1145
399
-105
923
-368
-235
81
1210
-76
819
1726
-713
7
-432
-447
-993
-106
30
900
3
-552
1562
-86
338
744
-966
-50
-1294
-1586
-1192
-708
-1387
-1561
80
-1738
48
236
478
314
-730
-169
1283
-45
465
-399
1781
-1173
1384
-1197
-350
456
-396
-1452
983
603
370
-2244
-533
81
-907
-1565
-331
2126
-54
151
