0.0010146749
0.00064387755
0.0008629605
0.000775559
0.00073128263
0.0009549844
0.0005670133
0.001094743
0.0007689222
0.0006037183
0.0009053385
0.00084073615
0.00071705965
0.0009878946
0.00076827395
0.0008616988
0.00074065087
0.00085481186
0.001178078
0.00089134625
0.00082946
0.0011672466
0.0005846907
0.00090775907
0.0007820032
0.0005598746
0.0010712421
0.0010615372
0.00065115315
0.0007010062
0.000728899
0.0007497874
0.00090840424
0.0007542385
0.00075102696
0.0007351778
0.0012313451
0.00066698866
0.00094461814
0.0008197442
0.0010192437
0.00072211353
0.000829866
0.0016039067
0.0008090078
0.00082472793
0.0006140574
0.0006901126
0.0007234988
0.0009592151
0.0007650089
0.00089678314
0.0006472186
0.00084149785
0.0010269451
0.0009618555
0.00082310254
0.00088409736
0.0009951824
0.000837459
0.00070853514
0.00071068626
0.00088671624
0.0022409288
0.0008602371
0.0006884377
0.0007464972
0.0011047582
0.0008142939
0.0009210213
0.0018571011
0.000830368
0.00090968976
0.000920467
0.0014589631
0.00087749463
0.0007733631
0.001668747
0.0007603636
0.0008324186
0.0009365756
0.0011035736
0.00074155576
0.0008967721
0.0008262637
0.00076978916
0.0008438585
0.00091190345
0.0009258081
0.00093193445
0.000801248
0.0007660355
0.00063187815
0.00089858705
0.001126989
0.0009662743
0.0008114354
0.001181756
0.0008279286
0.00054392725
0.0008414079
0.0010566853
0.00086236326
0.0009381137
0.00076864066
0.00094804505
0.0006243027
0.0009323164
0.0008897754
0.001011817
0.0007638599
0.00075485435
0.0009218087
0.0010265626
0.0010376585
0.0009165047
0.000965721
0.000532308
0.00066373247
0.0010415863
0.0006898628
0.001031103
0.00088189717
0.0008051729
0.0007951571
0.00073724514
0.0014577649
0.0007242419
0.0010930654
0.0005889977
0.0008425618
0.00088418013
0.00086424453
0.00078337314
0.0009157726
0.0006688856
0.0010393772
0.0007117901
0.00092124945
0.00079914
0.0008926131
0.00065764465
0.0011409203
0.0008176044
0.0008007885
0.00086021906
0.0011447999
0.00082829216
0.00073371496
0.00092942605
0.0013158354
0.0007035883
0.0007233241
0.0008723603
0.0009769783
0.00083446474
0.00096541544
0.00063408207
0.0010691737
0.00085109676
0.00087179005
0.0006742003
0.0007598968
0.0008016254
0.0009258315
0.00077662827
0.00085809635
0.00085939636
0.0008326644
0.00081767753
0.000678202
0.0008842836
0.0009770063
0.0008255987
0.0006718226
0.0008111391
0.0007928069
0.0009680455
0.0007003499
0.0010549601
0.0007896267
0.0007692671
0.00089490536
0.0007695312
0.0006476597
0.0008391536
0.0008816033
0.00082720944
0.0010264047
0.0009899274
0.0008569108
0.000956831
