0.00009245
0.00021261
0.00011434
0.00007983
0.00005803
0.00008796
0.00009910
0.00010208
0.00016441
0.00020186
0.00022904
0.00016817
0.00012183
0.00014836
0.00037824
0.00014238
0.00014211
0.00016645
0.00009911
0.00009490
0.00030845
0.00013505
0.00016803
0.00021182
0.00018487
0.00014137
0.00012309
0.00010825
0.00017330
0.00017841
0.00019219
0.00017205
0.00020069
0.00017838
0.00012970
0.00017481
0.00012793
0.00020177
0.00015595
0.00011972
0.00010747
0.00032785
0.00017319
0.00010166
0.00011105
0.00028381
0.00003428
0.00015097
0.00016498
0.00019344
0.00008362
0.00018671
0.00059561
0.00014665
0.00004412
0.00014041
0.00013767
0.00015851
0.00006164
0.00015306
0.00006747
0.00018378
0.00006623
0.00013131
0.00013337
0.00013370
0.00017557
0.00018378
0.00025041
0.00011332
0.00015900
0.00011851
0.00014664
0.00008436
0.00003885
0.00020640
0.00019351
0.00014052
0.00011139
0.00011896
0.00016024
0.00044517
0.00023083
0.00006105
0.00018516
0.00011852
0.00004892
0.00004394
0.00010180
0.00002526
0.00022263
0.00008107
0.00045831
0.00014571
0.00023023
0.00031109
0.00013790
0.00018550
0.00008108
0.00018340
0.00017291
0.00025497
0.00016828
0.00014434
0.00015108
0.00014631
0.00023186
0.00006659
0.00021688
0.00009952
0.00011723
0.00015210
0.00022013
0.00021010
0.00009254
0.00033105
0.00016035
0.00016643
0.00021310
0.00059381
0.00018624
0.00006447
0.00005078
0.00017078
0.00005928
0.00003264
0.00009814
0.00017595
0.00021896
0.00021674
0.00022127
0.00017574
0.00020163
0.00008478
0.00005742
0.00023213
0.00014620
0.00013671
0.00011256
0.00014651
0.00009205
0.00029258
0.00011584
0.00020682
0.00013345
0.00021218
0.00004552
0.00005917
0.00007080
0.00013665
0.00009739
0.00016785
0.00010527
0.00014043
0.00003464
0.00021699
0.00042240
0.00019244
0.00014069
0.00026500
0.00018238
0.00013772
0.00016322
0.00014321
0.00021690
0.00025218
0.00014029
0.00003533
0.00009775
0.00017116
0.00011450
0.00017071
0.00023615
0.00026644
0.00014024
0.00011738
0.00038125
0.00022349
0.00020388
0.00023608
0.00019981
0.00018796
0.00014763
0.00017145
0.00004755
0.00019497
0.00039119
0.00011263
0.00012199
0.00017135
0.00041054
0.00024566
0.00021472
0.00011528
0.00012962
0.00007453
0.00009885
0.00004758
0.00017492
0.00005782
0.00020593
0.00013832
0.00004129
0.00019249
0.00015544
0.00013975
0.00020290
0.00017718
0.00020433
0.00016049
0.00016506
0.00014300
0.00008187
0.00005889
0.00005203
0.00005625
0.00011986
0.00007847
0.00016073
0.00019674
0.00020412
0.00004755
0.00009867
0.00021596
0.00016207
0.00029396
0.00015178
0.00014514
0.00021198
0.00011871
0.00016571
0.00009149
0.00008212
0.00004492
0.00016414
0.00017916
0.00029178
0.00008732
0.00017105
0.00016737
0.00014380
0.00026094
0.00017092
0.00009827
0.00007577
0.00017402
0.00009319
0.00016313
0.00021330
0.00011929
0.00012420
0.00004606
0.00017014
0.00010093
0.00013527
0.00024906
0.00022396
0.00010195
0.00016252
0.00012041
0.00014366
0.00026926
0.00011899
0.00025708
0.00006412
0.00010404
0.00013391
0.00012138
0.00027226
0.00017622
0.00013282
0.00002319
0.00014591
0.00011064
0.00014122
0.00012934
0.00023892
0.00021066
0.00007371
0.00012665
0.00011980
0.00019023
0.00014799
0.00013937
0.00017747
0.00008894
0.00021467
0.00022170
0.00018347
0.00020240
0.00018403
0.00009855
0.00011423
0.00017366
0.00007248
0.00016653
0.00025288
0.00022306
0.00020480
0.00019315
0.00015321
0.00020936
0.00016068
0.00018891
0.00017228
0.00017348
0.00012943
0.00009456
0.00020344
0.00022394
0.00007303
0.00009919
0.00022188
0.00013179
0.00015308
0.00014993
0.00007715
0.00017393
0.00010984
0.00013167
0.00002966
0.00022413
0.00031849
0.00015208
0.00015066
0.00012128
0.00020939
0.00012852
0.00010547
0.00014901
0.00013497
0.00022334
0.00019874
0.00012583
0.00008924
0.00018490
0.00007373
0.00010420
0.00014253
0.00011776
0.00020357
0.00020130
0.00008232
0.00014887
0.00008631
0.00016778
0.00019519
0.00019193
0.00013724
0.00012530
0.00024408
0.00022836
0.00030083
0.00006449
0.00008414
0.00004138
0.00019366
0.00015914
0.00010864
0.00020668
0.00004858
0.00012115
0.00010929
0.00020382
0.00005354
0.00013783
0.00021519
0.00006865
0.00016502
0.00012532
0.00014761
0.00011026
0.00002710
0.00024109
0.00018083
0.00024853
0.00026197
0.00012377
0.00015688
0.00013814
0.00019587
0.00022169
0.00017904
0.00018305
0.00013515
0.00016093
0.00007752
0.00014803
0.00025590
0.00006551
0.00007510
0.00015019
0.00002493
0.00030695
0.00002868
0.00008041
0.00024292
0.00016838
0.00011970
0.00016248
0.00011662
0.00019159
0.00004936
0.00012975
0.00011201
0.00029179
0.00013008
0.00005474
0.00006503
0.00009387
0.00016990
0.00018999
0.00013061
0.00023811
0.00006030
0.00031610
0.00009721
0.00022191
0.00018844
0.00013904
0.00021810
0.00011267
0.00016949
0.00021189
0.00018220
0.00020164
0.00017472
0.00021963
0.00017237
0.00014075
0.00016599
0.00018033
0.00011452
0.00016438
0.00012877
0.00004188
0.00018741
0.00003396
0.00019993
0.00003465
0.00017322
0.00019227
0.00013399
0.00016205
0.00012793
0.00014966
0.00025776
0.00009372
0.00016926
0.00009632
0.00012567
0.00018146
0.00032727
0.00017694
0.00014166
0.00009901
0.00010550
0.00023677
0.00015837
0.00020649
0.00011954
0.00005123
0.00022609
0.00017255
0.00014587
0.00023084
0.00018762
0.00005323
0.00020701
0.00012303
0.00018649
0.00022004
0.00021387
0.00017750
0.00023420
0.00011250
0.00010191
0.00014755
0.00013196
0.00013062
0.00009800
0.00003332
0.00039547
0.00023283
0.00020959
0.00028493
0.00019183
0.00005877
0.00021253
0.00015942
0.00012686
0.00010726
0.00014444
0.00007094
0.00012622
0.00021808
0.00021750
0.00014815
0.00021979
0.00005536
0.00005629
0.00022013
0.00016581
0.00022451
0.00016404
0.00005321
0.00022948
0.00027228
0.00008255
0.00020082
0.00012718
0.00014816
0.00020962
0.00012687
0.00013293
0.00006598
0.00016012
0.00012981
0.00012766
0.00023282
0.00025181
0.00014771
0.00010920
0.00019220
0.00010926
0.00013682
0.00012803
0.00016139
0.00021347
0.00007849
0.00043995
0.00011177
0.00027874
0.00022872
0.00024231
0.00013656
0.00010557
0.00017705
0.00011510
0.00004319
0.00024386
0.00028485
0.00010785
0.00024685
0.00025115
0.00016796
0.00028026
0.00018479
0.00012117
0.00018403
0.00012140
0.00006644
0.00014897
0.00019371
0.00002711
0.00002905
0.00019234
0.00009694
0.00022572
0.00020601
0.00008398
0.00003664
0.00011661
0.00012746
0.00016284
0.00015066
0.00015071
0.00011490
0.00009931
0.00025174
0.00010976
0.00010390
0.00019047
0.00018048
0.00017634
0.00018338
0.00029230
0.00020586
0.00009567
0.00014902
0.00016684
0.00022078
0.00011002
0.00016836
0.00011015
0.00016951
0.00021741
0.00015849
0.00012384
0.00014549
0.00031891
0.00019559
0.00013077
0.00024169
0.00025265
0.00017301
0.00015916
0.00004846
0.00012121
0.00014144
0.00009818
0.00030110
0.00020580
0.00011537
0.00017594
0.00012628
0.00012775
0.00006087
0.00023732
0.00017307
0.00012886
0.00018292
0.00018101
0.00011292
0.00012586
0.00013671
0.00027743
0.00028850
0.00015253
0.00005976
0.00011134
0.00015078
0.00019132
0.00007020
0.00022568
0.00008271
0.00011389
0.00021833
0.00014933
0.00027534
0.00018706
0.00031896
0.00010296
0.00010069
0.00013482
0.00013989
0.00017251
0.00015276
0.00011819
0.00003445
0.00015015
0.00014766
0.00017672
0.00021038
0.00015564
0.00015604
0.00010628
0.00012884
0.00017886
0.00007555
0.00004797
0.00020472
0.00009105
0.00027915
0.00017293
0.00018964
0.00023126
0.00011220
0.00021604
0.00017437
0.00020690
0.00005616
0.00015152
0.00041400
0.00009648
0.00006667
0.00021313
0.00028737
0.00017886
0.00016290
0.00009052
0.00018982
