1636953298
1815287196
1406507145
1690113036
1946026107
1116747295
1575904708
2035913201
1984717493
1179399843
1527229505
1303330118
1159235804
1517147486
1585332051
1306341630
2110153524
1235505625
1224637994
1220939071
1342872583
1526182022
2145636994
1141232199
1383397062
1944651287
1429028019
1272822189
1243623614
1571027368
1805728918
1924487248
1611944653
1885206654
1248991962
1400942394
1470141708
1435836656
1324050631
1458095659
1778363438
1737773490
1822095833
1654760501
2007434770
1797545461
1672305833
1490829488
1302151700
1211020721
1914208826
1185521069
1625889264
1921148398
2044031190
1501893522
1220382596
2093131933
2052738389
1410828011
1938104521
1094619227
1120380750
1151183283
1187976106
1249908509
1924094442
1963309569
1691291454
1512826620
1311480841
1351383378
1124930752
1999905989
1958137624
1329124375
1265588013
2138697422
1224245188
1583138884
1095404839
1740654067
1213770363
1149284720
2081609625
1289450974
2008809591
1449061122
1576592118
2085013943
1160217819
1607100047
1299009252
1435542051
1402137179
1131804856
1107058082
2083573655
1641732437
1658492157
1400385919
1684417350
1769001563
1712502975
1648802944
1946746252
1156748033
1659245036
2069367173
2032901688
1428275141
1949234023
1526574828
1122901255
1739737520
1271250966
1128727876
1934831138
1752831051
1340908553
1288534427
1649784959
1132099460
1333379772
1343003518
1131575719
1984717493
1452498174
1445133063
1179858116
1198647334
1225816412
1845958794
1465166166
1367619357
1816203743
1908840478
1638917328
1527884182
1078514183
1758657673
1245063903
1479372648
2067141273
2035913201
1257830096
1699736781
1511942807
1718591467
1708902253
2057386592
1618098613
1086239367
1928022502
1965077196
1237731525
1956042659
2139483034
1468897822
1244736565
1377635908
1316685520
1365327989
1358912159
1661045396
2123247055
1236029366
1298289108
1948448411
1534823753
1946746252
1959970718
1571289238
1403102827
1973326120
1447751769
1803503018
1145160258
1094291889
2034341977
1833356270
1082965984
1507720143
1145356661
1448406446
1785630348
1252985489
1227158499
1098547286
1092556996
1650243233
1923177895
1425918306
1449224792
1199629349
1227976844
1289058168
2029039097
1449126590
2114343454
1733452625
1180643728
1429486293
2143411094
1860852686
1368012163
1304246665
1096812393
1132590468
1163851274
1418815065
1295932272
1460779833
2041347016
1423266865
1765662712
1074717059
1225423606
1749754071
1650046830
1242608866
1444543854
1770376383
1075502671
1323494156
2056470045
1947761000
1202706329
1845533254
1186012076
1585823058
1141690472
2014832615
2095554236
1593450040
1142868890
1419993483
1966386549
1758461270
1907465657
1316750987
1627591423
2039710325
1504053954
1406114339
2013785133
1157402710
1493382726
1605954363
1444609322
1707069159
1394526564
1418160388
1412857508
1120348016
1618884225
1505428775
1664907988
1687036056
1793028193
1303002779
1951590858
1367684825
1400909661
1419993483
1436294929
1929069984
1828773534
2063344149
1194408303
2090644162
1118187583
1675972022
1108432902
2122003170
2015094486
1316358181
1968088708
1308632998
1660914461
1697576349
1795254093
1802455535
1340974020
1863602327
1315114296
1370368999
1814076045
1116059885
1135569246
2041019678
1401138797
1092917068
1808347625
1371023675
1651552586
1335933011
1572664059
1335998479
1181036534
1770245448
1695481384
1767364871
1380843824
1698100090
1959054171
1438455362
1143523567
1738166296
1364476909
1524610799
1837284329
1769263433
1330024555
2140006775
1799116685
1948579346
1206372517
1514987053
1777446890
1830213822
1532794256
1896925365
1449257525
1747724574
2049923279
1630242863
1110626069
1514365110
1229646270
1688410877
1375279073
1874731829
1615021633
1308567530
2017451321
1459699617
1277110321
1730964854
1301889829
1488079846
1199891219
2014832615
1170430774
1275833702
1077924974
1328076892
2037811763
1533252529
1256062469
1394722967
1556951821
1383757134
1805663451
1524348928
1117532907
1854698726
1320482644
1317143793
1539504691
1488407184
1903734001
1806907336
1591191406
1968481514
1734369172
1900133280
1860067074
1553678438
1557999304
1315638037
2014636212
1106370671
1515969068
1479307180
1980494829
2106487335
1705628871
1923701636
1834992961
1171740127
1761996523
2098107475
1778363438
1836760588
1802455535
1868577869
1421302836
1542025195
1630439266
1109283982
2000364263
1435443850
1460321559
2068385159
2136275119
1298878317
1519242451
2082133367
2137911810
1952834744
1497899995
1398781962
1727691471
1268959598
1401269733
1091738650
1716561969
1184178982
1774697249
1551845344
1714401537
2092346321
2103083017
2040757807
1939937615
1545233111
1440550327
1220022524
1684613753
1388961813
1641405099
2043900255
1559635995
2098107475
1213639427
1197141578
1279958164
1625954732
1190136539
1716431034
1446180545
1890771405
1748510186
1579341760
1318387679
2075193795
1283820756
1401760740
1489061861
1405656066
1417538445
1488079846
1581076653
1634334592
1663074893
1213508492
1865304486
1115045136
1634007254
1099332898
1204539423
1740326729
1298878317
1206437985
1081787566
1262216429
1588114426
1269156001
1791391501
1136125721
1402775489
1569914417
1707920239
1094193687
1304295766
1661372734
1629489985
1445263998
1312691993
2062427602
1656593595
1310793431
1466279116
1097450703
2137911810
1979283677
1640095746
1932867108
1268697727
1184506320
1186699487
1132983274
1819608062
1277208522
1283820756
1656331725
1123032190
1220120725
1283984425
1573482405
1874208088
1158253790
1601404360
1307520048
1939544809
2060725443
1075731808
1492269776
1245784047
2103344887
1411613623
1251545201
1766055518
1109971392
1631323080
1738559102
2081151352
1358388417
2121413961
1278976149
1502679134
1925731134
1339075458
1167288326
1279630826
1959839783
1398749228
1076746556
1745564141
1310040553
1321530126
1178679699
1091705916
1145192992
1304574003
1458619400
1656724531
1917154871
1852210955
2093393804
1897776444
1637477040
1151837959
1473284155
1924225378
1240088361
1173344084
1143621768
1298092705
1714728875
1626740344
1493971935
1876303053
1309254941
1617771275
1404412180
1541108648
1263263912
1782095094
1244572895
1371481949
1995977930
2032901688
2009333332
1827595116
1197174312
1214032233
2082002431
1232886919
1712372039
1259073981
1173147681
1679900081
1654891436
1561927363
1802521003
1842587209
1300711411
1563171249
1105879664
1394133758
1764222424
1186175745
1443267235
1765466309
1438193491
1202935465
1928939049
1130364568
2028777226
1173278617
1620193578
1261168946
1356882661
1288796298
1353740214
1446049610
1211086189
2037418957
1131281115
1952311003
1743534644
1509160432
1795123158
1783208044
1711848298
1733190754
1730506580
1410238802
1966648419
1284606368
1488145314
1765662712
1980854901
1310662495
1550863329
1185226464
1806121724
1102589914
1326374733
1872244058
1874535426
1210104174
1874731829
1494266540
1115307006
1616069116
1558653980
1354133020
1093178938
1345884095
1229351665
1481009339
1558850383
1523825187
2129597418
1475248185
1283820756
1083260588
1402611820
1664973456
1242772535
1528276987
1441859680
1391449584
1806187192
1313510338
1443169033
1284737303
1166797319
1711062686
1090298361
1255178656
1424641686
1720228158
1086992245
1477997827
1094357356
1606969111
1926582213
1995323253
1359108562
1852734696
1920951995
1375082670
1870149093
1600029540
1124145140
1326833007
1420124418
1073898713
2000888004
1100969590
1425165428
1514659715
1644154741
2006125417
1956566400
1509487770
1393184477
1395770449
1824878208
1388961813
1354591293
2061380119
1543203613
1968743384
1620946456
1281496654
1113048372
1447620834
1279499890
1230399148
1167615664
1710408010
1149022850
1808478560
1609391415
1710277074
1188041573
1076942959
1184506320
1482711498
1899347668
1367193817
1833618140
2094703157
1133703418
1415999956
1088956274
1337766105
1238844475
2118795255
1111313479
1645758698
1534692818
1344672943
1633025239
1368863242
1606510838
2131888786
1802455535
1992835482
1918987965
1711455492
1133048742
1915059906
1971493026
1125389026
1409911463
1297912669
1371023675
1648606541
1928284372
1969005255
2127436985
2040365001
1390009296
1809067769
1340843085
1134685433
1263460314
1464380554
1842259871
1513874103
1618491419
1142836156
1545985989
1117729310
1172656674
1401924409
1346047764
1660128849
1509455036
1544709369
1246242321
1211609930
1380516485
1292986228
2108975106
1447751769
1277535861
1129578956
1916500194
1319566097
1870541899
2115129066
1621568399
1829428210
1300056735
1310138754
2086061426
1542025195
1790671357
1800622441
1762651200
1692862677
1802979277
1088530735
1078677852
1955649853
1396130522
2087108909
1138286154
1126305573
1124439745
1152001628
1787267039
1454298535
1680554758
1110593335
1331644879
1412333767
1220611733
1818364176
1994079368
1495739562
1879969241
1712241104
1570994634
1572271253
1273214995
1823536121
1893717449
1308567530
1250792323
1328207827
1830213822
1938890133
1768019548
1234458142
1521730222
1246569659
1816760219
1101296928
1086108431
1731488595
1932474302
1791195098
1925272860
1890836873
1412595637
1253509231
1908251269
2025372908
1733976366
1159988682
1750997957
1360188778
1639850242
1419011468
1558392110
1650112297
1581633128
1619146096
1278059602
1664318779
1173311351
1518915112
1851425343
1843700159
1895419609
1179727181
1637477040
2064064293
1887563490
1169416025
1249188365
1614530626
1732339675
1486770493
1201855249
1254753116
1089971023
1264409596
1405656066
1876041182
1584120899
1902621051
1880100177
2083442720
1419731612
1925862069
1103653763
1748379251
1262347364
1967695902
1400844193
1272920391
1502286328
1508964029
1943865675
2023343410
1864093335
1444609322
1816596549
1347880858
1158319257
1150790477
2088680132
1097761674
1193540857
1131281115
1142967092
2134769363
1129546222
1343101719
2075259263
1330990203
1394984838
1288534427
1269843411
1157795516
1246045918
1960298057
1923472500
1415148876
1569783482
1837578933
1320679047
1079037924
1634269124
1331350275
1120282548
1383462530
1313019331
1498030930
1260154198
1183229701
1175766388
1460321559
1151052347
1096845127
1577410464
2091560709
1119922476
1411417220
1855877144
1486639558
2131365045
1815090793
1949364958
1561730960
1696463399
1317831204
1930772143
1740326729
1603695728
1236454906
1074127850
2108058559
1089676419
1768477821
1372267561
1988383682
1413119379
1181756678
1212330074
1287094139
1412661105
1538097136
1365884464
2088811068
1691880663
1104046569
1636560492
1385524761
1253411029
1483366175
1174751639
1554856856
1606248967
2095554236
1174096963
1642321646
1813585037
1639310134
1587721620
1435476584
1493448194
2103344887
2025634778
1772340413
2066159258
1079168860
1218287631
2042656369
1288403492
1576984924
1820786479
1520158998
1244409226
1752700116
1369583387
1121133628
1919380771
1466180915
1112491897
1723108735
1377439505
1102213475
1432006798
1824649071
2046388026
1167975737
2016011033
1639572005
1602386375
1791456969
1096714192
1076419218
1217927559
2060659975
2138697422
2089465744
1769525304
1824321733
1333576175
1834403752
1263394847
1311971848
1398160019
2078467178
2091167903
1090691167
1436229462
1384902818
1896728962
1607165514
1180054519
1107418154
1080674616
1091149441
1293346300
1538424474
1384804617
1724549023
1663598635
1159890481
1359632303
1106763477
1490894955
1151707024
1543465484
1438389894
2134769363
1252920022
2061707458
1373642381
1328076892
1606314435
2080431207
1241135843
1549292105
1105355923
1578621616
1664515182
1635316607
2014177939
1077466701
1253312828
1333248837
1457440982
1815745470
1199956687
1574726290
2132412527
1443038098
2027729744
1361203527
1121493700
1468177678
1433021546
2130972239
1140708457
1852472825
1828249792
1133801620
1135012771
1817447629
1918333288
1131542985
1591911550
1270007080
1624383508
1339500998
1260514270
1827791519
1637018766
2052476518
2118533384
1340908553
1150201268
1992311741
1086042964
1265358877
1094717428
1754795081
1549750379
1491156826
2095750639
1734631043
1328338763
1946353446
1860067074
1441139536
1387226920
1861376427
1159955949
1376261088
1853258437
1418946000
1270858160
1570045353
2027009599
1288207089
1383429796
1245522176
1447882705
1522106661
1887170684
1787987183
1601731699
1191707762
1889789390
1141886875
2027991614
1815090793
1286046656
1497114383
1215407054
1073800512
1699016637
1475771926
1524676266
1770965592
1518718710
1880754853
1114292258
1636691428
1461172639
1269712476
1168139406
1766317389
1181494808
1323788760
1530764758
1595479537
1150921412
2027271470
1088858073
1902882921
1877874276
1889003778
1683828141
1298714648
1677215907
2107272947
1757020981
2111266474
1660390720
1502941004
1313870410
2020135495
1895026803
1472891350
1548048220
1161919978
1738035361
1345687692
1492204308
1256422541
1967826837
1570830965
2065766452
1146142273
1100544050
1919249836
1599636734
1392562534
1442056083
