1637880731
1719333333
1206723475
1355653440
1170268267
1146029311
1859242459
1444341977
2083446305
1110903085
1906560352
1970565548
2116644986
1595815504
2083417371
1235554955
1861654224
1188236482
1378100416
1688883360
1126218497
2051664335
1179879959
1507163439
1194562481
1169410401
1361001838
1477296373
1443734368
1387377485
1682933326
1608411664
1899896193
1420431266
2133142218
1907890494
1580063824
1896105696
2015179207
1441441932
1523231825
1617954297
1090883269
2103537180
1711825805
2056723916
1793450212
1323898258
1164722668
1256198761
1953956292
1075662457
1132765645
1806487917
2025785548
1894301250
1342275547
1841723326
1854587834
1239422686
1252649475
1424186103
2112430862
1623765113
1790197918
1618803350
1090427490
1763206950
1612571922
1684291937
2032168603
2132383388
1286822453
1295914438
2008530472
2042667442
1749321352
1756544414
1078176331
2141571162
1162209663
1204249145
1124173042
1405864536
1533812189
1153717053
1695187557
1164793176
1706860446
1591758515
1942358086
2134398952
1117316929
1246563585
1846227310
1404267613
1358392406
1638335553
1144233562
1552511633
1184621907
1329959737
1636890837
1566640761
1725413424
1495452107
1599138016
1186562730
1627589415
1524863596
1742020129
1785390854
1832967818
1274843063
1970449986
1308344186
2022861092
2064471555
1196583901
1842528717
1510651320
1349863614
1470657959
1551319029
1641833756
1097513768
1930935917
1208749824
1648156682
1503292867
1512503023
1675155768
1802685823
1586334449
1216400340
1533646704
1291525900
1830508564
1236787221
1888687636
2133054269
1569730586
1208228263
2006404971
1601089045
1182332023
2063685878
1220044023
1867924211
1550672629
1659067378
1295993934
1088218840
1907631423
1553160179
1115856267
1213433441
1368299118
1121056168
1274699902
1171412339
1758245395
1193471000
1253836803
2002597485
1616435710
1506854909
1169024231
1102117774
1884378883
1415580714
1374752739
2060624002
1680153945
1632817148
1552209018
1227515370
1247848500
1727066302
1617659915
1332784518
1193505906
1537760981
1720476884
1280744739
1919020889
1562430058
1406484438
1544455639
1774589515
1300004826
1339707806
1936502564
1487831626
1769876211
2138889020
1696157505
1242989831
1101510831
1275866675
1505711706
2086673898
2016600614
1771007817
1454936895
2133699207
1740200375
1312296341
1958250085
1208496233
2006446429
1863617023
1378291878
2132590737
1626648342
1150403818
1132637617
1195976872
1354300163
1898003960
1768943836
1426233326
1834005259
1372746597
1253298542
1194604809
1578257638
1429418707
1823417357
1919301181
1239451330
1514187907
1618163096
1134993081
1351510578
1449515322
1758506634
1190881457
1951941597
1141838902
1434752145
1191253073
1978063741
1431115652
1158269801
1568068895
1990287937
1663197832
1214572034
1998514925
1712282714
1080543855
1446823989
1129951706
1961140447
2013495135
1754260792
1285392812
1883225301
1361573729
1859720069
2120902018
1441495857
2133389112
1744735554
1922264718
1811659812
1556334195
1321653311
1328286507
1498512070
1357994408
2071250637
1702174278
1211126973
1138784216
1396314191
1406570543
1134277652
1747283001
1730758807
1133977094
1286855213
2135756462
1079499689
1492586911
1652581518
1562327334
2075144808
1520626104
1609647408
1886110270
1135859122
1191768604
2120824668
2025494471
1162231813
1350945702
1599309531
1308975626
1243212313
1951509562
1594039411
2065073539
1609058702
1805740393
1906791069
1187131664
1244556719
1885846793
1374771758
1388354043
1273785386
1142176134
2106716125
1208515687
1258812830
1501027278
1581755029
1417995727
2064105795
1632928013
1459346887
1176501724
1218887832
1292501588
1276878631
1196249917
1323209356
1836217561
1184505505
1786963831
1756037638
1632416656
2054705279
1580222641
1250428591
1361063532
1632512677
1368171555
1442087347
1204301504
2058841590
1642338966
1464570678
1207152785
1655630870
1554776237
2049822025
1790825299
1927733025
1876976130
1899749495
1967324850
2069246322
1450969374
1494640570
1245997551
1953708354
1966788503
1713758974
1228035888
2062153375
1870948456
2093742434
1633913500
1871274207
1247647297
1447331780
1251864610
1162038206
1689934774
1626942609
1991205120
2040056677
1195305319
1499875958
1145785549
2055260297
1262101770
1090583349
1560746101
1542331819
1208740315
1128604054
1506832005
1836796700
1307695119
1544181609
1654723660
1196377915
1220144798
1677268686
1517953471
1445847402
1578852549
1768849497
1515003619
1471833169
2044404859
2021014260
1617751297
2073736853
1179297283
1171103983
1527078798
1690635273
2076829809
1223500419
1211898444
1470702954
1553712008
1726133405
1524667032
1253359367
1353259940
1193093527
1182887186
1731831907
1275318528
1462057731
1934724443
2092096051
1712909980
1594427669
1363040827
1243279690
1327666142
1140611565
1262175989
1184545369
1094099236
2105108706
1249503696
1425113665
1724509868
1490520495
1373257113
1801172686
1891286630
1665983452
1862669863
1793495787
1459695890
1384503417
2072982372
1305333480
1345691470
1401483072
1227443355
1090894257
1224924610
1449877255
1381772743
1425781866
2057990740
1848433582
1626181343
1551292820
1248160625
1846408392
1285229066
1698502473
1549743849
1834578600
1829663803
1251900212
1378382448
2027052487
1290783131
2069336950
1503663323
1081025118
1881675692
1914273722
1798493558
1268736357
1970905795
2131412686
1266946117
1589132500
2049689823
1618016340
1591820963
1265465798
1149822417
1327980006
1880552204
1676645480
1817566823
2055481214
1391807540
1161171932
1245440271
2000543014
1992576314
1351019341
2119533840
1203544646
1664805598
1712231805
1402229493
1865879829
1538656652
1131464843
1969097174
1874074926
1411308375
1317801178
1254772077
1561433438
1383158490
2087491582
1468128487
1111527625
1337471730
2033937853
1314756349
1719056636
1116377538
1887255096
1791657420
2012344394
1440563540
1410995960
1281113340
1714122299
1109314888
1892697427
1628958927
1341373323
1990147965
1424669743
1430486067
1529101726
2091470641
1662647800
1734734503
1137595090
1703442783
1403930613
2116039349
1276467297
2067421291
1125994333
1352845995
1163879124
1426404470
1379085208
1660122387
1313805941
1110855248
1763391627
1637761053
1566386851
1346407218
1767974932
1504669337
1975793107
1268025364
1267746579
1887527966
1805872306
1544661770
1157814688
1541446179
1549150272
2068933617
2031600712
1263399615
1209555534
1876694330
1810388930
1356148967
1664335758
2002995947
1950445275
1620697555
2034899857
1607963684
1222495101
1841595182
1490145168
1612635849
1710618588
2042207865
1179492107
1308129647
2047615521
1714331561
1771657058
1998658318
1662361130
1965416207
1260141058
2068546519
1879587127
2066642573
1246343828
1228583136
1098592029
1961653601
1380662359
1150428577
1379310184
1758637850
1756551952
1241889681
1675634827
2014921007
2146574094
1832753047
1383284546
1086279582
1709600282
1801198488
1189368088
1146353033
1460350697
1543250278
2146417423
1960675303
1635271706
1993067898
2085468769
1852657273
1419829281
1114520849
1471027894
2089683706
1299852040
1890697576
1256565738
1076697114
1257222749
2119441414
1498762269
1507650558
1814786398
1979851198
1510744268
2114458835
1825328377
1988695246
1972296587
1109932441
2069809225
1445911590
2114178716
1772232834
1167581718
1337177174
1208804271
1662796847
1306236834
1602955765
2026085670
1936524250
1083153924
1184882543
1960393851
1313925677
2055168799
1649016751
1424907823
1560749000
1131111144
1900069448
1768661921
1514228380
1099610393
1831972648
1853107921
2108353231
2000614101
2057807744
1455182977
1966332753
1497002933
1903682342
1558628602
1489397876
1284901807
1729692374
2051688862
1701550260
1100723271
2102288389
1080657329
1458402626
1125230284
1690663569
1700330577
1156987554
1431991551
1789645915
1167396055
1660656299
1241330343
1586170008
1418521695
1283270268
1924400714
1083569144
2049809095
1139607697
1892442473
1960466678
1440905469
1572791940
1255700334
1277917870
1845297602
2003945949
1828371757
1243996830
1169880647
1415490376
1358858420
1122706495
1243042132
2079575211
1851409468
1787843092
1396641740
1532449171
2068790745
1885706357
2133998982
1183041567
1972782604
1891591682
1217892545
1759144510
1476413981
1200250778
1423929178
1894733575
2130680297
2058552948
1858906270
1596853524
1243622779
1215196023
1285748830
2141971133
1781885462
1517645811
2073011480
1873265303
1716833723
1717681905
1527829104
1592758904
1602232827
1087863112
1139784605
1961875909
1223778450
1322122050
1756037059
1370984914
1746729606
1595033828
1330761938
1886721590
1751026357
1616453047
1804930828
1832473799
1700839904
1420417118
2037930770
1191916694
1191548905
1601586891
1970491677
1373953843
2110476238
1822743125
1458195915
1562285563
1903295882
1514757885
1626157570
2077480441
2029901564
1308395153
1256676660
1113072015
2075038699
1187474115
1374695741
1553327345
1178880149
1755998790
1592404451
1389619417
1117735628
1077620443
1559597564
1541015014
1115171366
1225958455
1276577987
1200833280
1331662045
1108576381
1082094740
1483772086
1231808700
1228950230
1577908809
1117407963
1185694833
1799931955
1220290105
1980860169
1660036514
1856147532
1565904951
1221498365
1722024405
1423539703
1894892624
1090525946
1686775358
1532473698
1244116914
2023251205
1331859392
1148394052
1414507788
1273796229
1219001306
1260939085
1297593901
1355919642
1826483118
1297299374
1311306331
1438293429
1073950784
2066494135
1128448658
1811257407
1523078284
1316745240
1239278829
2081502698
1655505695
1781084826
1521183036
1353195288
1587717170
1603075211
1830788219
1202624332
1556559809
2034538562
2060049734
1267164309
1350473833
1365746801
1564304316
1712254071
1176401007
1210018967
1457224575
1511221124
1717739309
1472411670
1706032268
2018760500
1337531685
1886271464
2010974824
1139868333
1699152468
1459791679
1721535720
2141274403
1076876689
1235405880
1265790042
2112071712
1981007505
1769204066
2143824517
1225609134
1412303661
1269288534
1126652445
1873278697
1382707379
1877427938
1747729358
2114452746
1411100504
2047417450
1659542900
1959039937
1315225783
1759141495
1258155761
1808644207
1382482055
1687205897
1406350554
1219102719
1382237422
1864960211
1372036618
1220470694
1477721508
1525034879
1080340797
1171799843
1639823700
1332683627
1435350418
1337015632
1603530614
1381299133
1263924191
1382117860
1863854582
1168346027
1916634520
1388958405
2011213252
2003540528
1411349891
1317927350
1339139277
1112798333
1222977176
1447486943
1223144980
1231761095
1114338723
1179581228
1258094995
1161955718
1522490680
1615639306
2048708278
1417131599
1623239377
1890491503
1675771958
1824769532
1731774446
1716600745
1993029687
1307396388
1670172144
1898820948
1221080594
1681800328
1586482887
1640836961
1703285648
1482696666
1209920105
1858912822
1979046561
1276971637
1358565429
1132208887
2107853877
1980135955
1104891646
1521083304
1382242699
1580711326
1432848373
1417611876
1846897773
1099296007
1610241449
1261470040
1205817918
1499014555
2015905160
1893017264
1143427418
1111653797
2053567585
1186968499
1274557378
1212039692
1426367732
1474149725
1502009460
1525989404
1090380291
1156310074
1328215361
1339163051
1328187297
1081330227
1362760071
1817609382
1349404501
2117999133
1187843006
1966819814
1583323482
2094548347
1335385542
1804408628
1688855933
2054622363
1237668512
1498665401
1091521116
1915034176
1464270208
1080119938
1316889039
1959991910
1135620868
1224569925
1914858486
1680500106
1719723649
1531533785
1597957008
1886919951
1165595841
2115216795
1364523001
1162994064
1835318469
1289223143
1142950909
2070286719
1140214378
1889576291
1837965995
1628227465
1898515027
1853949145
1088169902
2083593061
1775823056
1931329045
1640478044
1540164976
1693492062
1237176348
1997939961
1239052462
1100079886
2070270136
2136201079
1569006024
1500237079
1296240828
1412267885
1207265969
1587661111
1746040125
1822666065
1773682132
1252111736
1084306578
1362398416
1118944062
2046335478
1762783206
1547229453
2031933538
1917521552
1113207320
1827553668
1665842517
1658935581
1904785594
1563879297
1445797826
1184054886
1231697053
1349800934
1831922492
1659526317
1456727309
1621467227
1108711135
1271053552
1971540250
1169845219
1661291392
1398088022
1156109452
2109237711
1410863316
1997142456
1786634194
1170884457
1876362665
1114175731
1208061850
1853329302
1447459343
1493125606
1346269276
1403172769
1175735994
1383775608
1949466746
1777145080
1405488339
1145592637
1694763698
1616411763
1852915648
1446688395
1729975914
2107097540
1566244560
1726715386
1750360823
1200395736
1156523106
1104705577
1889923264
1581322704
2101988383
1375845902
1615027233
1788574148
1110232564
1355170554
2118621064
1091625255
1168077419
1569615024
2129346850
1343107262
1144664032
1711768575
2139890221
2050413225
1801526153
1852673509
2037252363
1880886653
1304955805
1355883113
1638368372
