1110590412
2071642773
1123295424
2139136277
1127535093
1115734768
1115737361
2132177919
2052004127
1545844546
1817884166
1853617802
1196205625
1877383863
2031794990
2025929560
1942812210
2061078487
2098594292
1143408922
1191322459
1108377377
2139801768
2116239196
1264433918
1307142526
1907135941
2113127885
1214546627
1109055412
1239834948
2012463975
1171339333
1129322028
1164403247
1782831687
1737084467
2116077576
1906871016
1127547692
1671297868
2045400397
1353605078
1140960315
1207057777
1721701072
1214533804
1231437843
2122632525
1948423921
2061331426
1910875669
1943620868
2073522504
1917384401
2114474477
2038240947
2005452877
2013692153
2052016281
1533298226
1078631097
1783063608
1568298523
1115785306
2049983348
2100626501
1103257106
1305558661
1835780504
1997642487
1309634841
2119983663
1079239890
1826141283
2123662233
2035314058
1222965196
1356569319
1731034225
1834100191
1098291624
1531551571
1913745135
1905901630
1881049666
1829816508
1845898620
1171868264
2132416530
1116281483
1898603920
2075488315
2002473248
1489716402
1907653415
1096357954
1180194148
1941791423
1602222450
1116762608
2054518353
1199243457
1078309139
2093771448
1801070164
1909953838
2038106143
1127146095
1079829115
1211134014
1176023275
1983670913
2064003982
1925607733
1117157181
1352030133
1825741553
1122612679
1084063682
1951718706
1829171310
1085885127
1972897564
1118849341
2121591110
1823480657
2110839727
1904127824
1732488916
1525675018
1250158058
1288585213
2091334882
1138736632
1145322746
1135642436
2120122146
2124988197
2079075956
2041777912
1841322973
2078724060
1993860501
2109605918
1092947487
1172955617
1151998311
1901898482
1121306534
1084388093
1906845928
1095382380
1882443478
1814312191
1860088959
1924321686
1643846269
2088493235
1867676347
1762561837
2006832584
1100555531
1906523134
1871432633
1955585600
2037064505
1810924860
2065863142
2132600394
1900432194
1897849508
1232880019
1801358226
1771760130
1243212662
1776591950
1080620350
1077277648
1364322788
1185713146
1878679220
2081687243
1213908426
2047927556
1160641693
1922006210
1085181196
1518945208
1820796059
2046874545
1829645020
