-123
-128
-126
-121
-121
-124
-93
-125
-128
-125
-117
-114
-125
-119
-125
-127
-126
-122
-123
-127
-124
-121
-128
-122
-126
-122
-125
-119
-122
-126
-123
-126
-127
-121
-118
-121
-122
-123
-118
-113
-121
-124
-127
-106
-124
-116
-126
-121
-123
-120
-125
-127
-122
-106
-117
-124
-121
-124
-94
-125
-128
-128
-117
-128
-103
-127
-128
-117
-124
-126
-119
-128
-128
-124
-125
-128
-126
-127
-115
-125
-125
-112
-124
-126
-115
-125
-128
-127
-128
-121
-124
-128
-124
-122
-88
-114
-124
-114
-125
-123
-128
-123
-115
-119
-124
-125
-126
-123
-116
-125
-123
-115
-127
-103
-121
-120
-122
-117
-124
-127
-125
-120
-118
-124
-125
-110
-126
-128
-124
-127
-128
-121
-79
-121
-123
-121
-111
-126
-123
-122
-127
-122
-128
-123
-126
-125
-124
-126
-126
-123
-128
-125
-125
-127
-126
-124
-116
-124
-121
-124
-120
-125
-122
-124
-121
-122
-125
-125
-119
-124
-127
-122
-112
-88
-122
-125
-123
-127
-127
-120
-119
-121
-127
-117
-128
-128
-121
-128
-123
-125
-128
-128
-122
-122
-123
-125
-127
-127
-124
-119
-128
-122
-123
-121
-124
-128
-122
-121
-124
-121
-127
-122
-125
-128
-112
-128
-120
-126
-123
-121
-122
-117
-122
-128
-109
-124
-113
-124
-15
-128
-127
-127
-123
-126
-96
-124
-123
-126
-126
-126
-128
-126
-120
-75
-123
-126
-118
-109
-112
-125
-122
-121
-127
-125
-121
-115
-124
-126
-125
-124
-121
-127
-125
-127
-125
-122
-121
-124
-128
-106
-123
-123
-124
-123
-122
-122
-127
-122
-119
-125
-122
-126
-127
-120
-127
-127
-121
-126
-121
-128
-121
-123
-124
-126
-122
-123
-124
-123
-128
-127
-126
-118
-128
-125
-120
-116
-122
-123
-126
-118
-113
-128
-126
-93
-102
-121
-119
-100
-124
-122
-124
-124
-119
-123
-123
-118
-128
-128
-128
-119
-93
-98
-119
-128
-92
-128
-124
-128
-123
-126
-125
-128
-90
-125
-88
-124
-125
-123
-122
-120
-121
-125
-128
-116
-126
-126
-121
-125
-124
-128
-126
-121
-123
-125
-121
-126
-120
-67
-124
-127
-84
-27
-127
-120
-99
-127
-124
-127
-127
-128
-125
-124
-116
-125
-113
-121
-124
-127
-124
-127
-125
-104
-128
-128
-125
-123
-115
-127
-123
-119
-92
-121
-116
-125
-114
-127
-128
-121
-125
-113
-127
-128
-121
-125
-127
-99
-128
-124
-123
-127
-124
-124
-121
-123
-127
-125
-127
-124
-127
-123
-122
-125
-127
-127
-103
-123
-126
-124
-125
-123
-118
-127
-126
-117
-123
-128
-122
-119
-125
-124
-127
-121
-125
-123
-125
-128
-125
-123
-126
-121
-125
-124
-127
-124
-122
-94
-126
-124
-101
-121
-128
-118
-124
-128
-124
-126
-119
-116
-127
-122
-124
-112
-122
-126
-128
-125
-113
-125
-121
-128
-127
-124
-100
-117
-127
-124
-125
-90
-124
-127
-124
-126
-126
-122
-127
-119
-126
-128
-128
-123
-125
-126
-124
-121
-128
-127
-128
-127
-121
-127
-118
-125
-116
-126
-110
-122
-128
-128
-117
-121
-125
-126
-119
-128
-121
-97
-126
-128
-123
-125
-128
-126
-121
-127
-121
-121
-121
-123
-118
-122
-108
-123
-122
-123
-122
-121
-128
-122
-125
-123
-120
-121
-127
-125
-128
-126
-127
-88
-127
-128
-123
-119
-127
-53
-114
-124
-118
-103
-123
-122
-126
-127
-127
-112
-116
-124
-122
-127
-117
-127
-128
-125
-122
-117
-127
-122
-124
-121
-128
-124
-119
-121
-121
-125
-127
-125
-128
-122
-125
-122
-127
-121
-126
-125
-127
-128
-124
-127
-128
-127
-128
-123
-121
-124
-123
-125
-115
-122
-122
-125
-123
-127
-99
-122
-124
-125
-117
-127
-121
-127
-127
-118
-119
-127
-128
-122
-124
-123
-121
-121
-118
-128
-125
-127
-121
-125
-124
-128
-127
-111
-127
-122
-123
-127
-121
-125
-124
-122
-127
-121
-126
-124
-90
-121
-125
-128
-121
-121
-128
-127
-118
-106
-126
-127
-119
-124
-125
-125
-90
-122
-128
-123
-126
-125
-123
-126
-124
-120
-122
-124
-128
-121
-121
-121
-126
-121
-123
-128
-124
-112
-123
-112
-125
-115
-121
-106
-127
-123
-128
-125
-120
-111
-114
-124
-122
-123
-127
-124
-115
-124
-121
-127
-122
-121
-124
-122
-128
-128
-124
-128
-122
-115
-128
-123
-123
-123
-126
-128
-123
-122
-112
-125
-122
-122
-118
-121
-125
-127
-123
-123
-116
-128
-121
-126
-122
-106
-120
-126
-122
-125
-127
-117
-128
-120
-126
-123
-128
-117
-127
-128
-110
-121
-99
-124
-128
-122
-121
-111
-111
-119
-127
-126
-126
-122
-124
-126
-121
-123
-126
-126
-123
-127
-126
-125
-121
-125
-124
-123
-123
-125
-127
-126
-125
-111
-128
-128
-126
-124
-128
-122
-100
-127
-124
-114
-115
-128
-124
-123
-124
-122
-124
-125
-127
-122
-126
-120
-125
-122
-127
-124
-125
-125
-127
-127
-121
-128
-127
-116
-123
-127
-121
-128
-123
-124
-126
-126
-126
-125
-102
-125
-124
-127
-127
-119
-120
-123
-123
-125
-118
-121
-124
-119
-122
-122
-128
-125
-128
-127
-100
-127
-110
-126
-114
-125
-114
-125
-76
-116
-127
-94
-128
-125
-128
-120
-124
-123
-121
-95
-126
-128
-128
-124
-126
-127
-100
-114
-124
-127
-127
-125
-124
-107
-126
-124
-121
-122
-127
-125
-124
-128
-124
-123
-126
-122
-122
-126
-128
-103
-128
-119
-127
-126
-113
-125
-122
-125
-124
-127
-126
-128
-122
-127
-127
-123
-128
-121
-96
-96
-124
-127
-122
-127
-126
-118
-118
-128
-123
-122
-124
-123
-125
-125
-127
-128
-126
-127
-128
-125
-126
-93
-122
-125
-110
-122
-125
-128
-128
-127
-120
-122
-125
-124
-127
-127
-128
-122
-128
-128
-122
-123
-124
-126
-103
-115
-119
-126
-116
-122
-126
-123
-128
-126
-128
-113
-109
-123
-125
-125
-87
-124
-105
-118
-122
-121
-125
-109
-119
-122
-123
-127
-116
-124
-114
-121
-126
-108
-128
-127
-94
-115
-125
-123
-113
-128
-121
-124
-128
-118
-122
-122
-125
-121
-124
-128
-123
-111
-126
-126
-93
-123
-124
-124
-124
-126
-127
-113
-124
-127
-124
-125
-127
-84
-127
-125
-125
-118
-123
-128
-116
-127
-116
-123
-125
-116
-125
-124
-126
-125
-126
-124
-123
-108
-121
-118
-124
-121
-124
-128
-127
-127
-109
-124
-128
-121
-121
-121
-126
-128
-90
-122
-126
-126
-126
-127
-125
-125
-122
-125
-122
-127
-112
-128
-111
-121
-126
-123
-126
-125
-122
-121
-127
-126
-124
-121
-128
-94
-114
-124
-89
-125
-128
-121
-122
-127
-126
-124
-125
-124
-124
-124
-127
-126
-126
-122
-121
-125
-120
-126
-122
-125
-126
-126
