91198
12277
28870
53795
33205
74971
70597
88945
74662
74057
19469
56389
104055
68118
102766
46414
68806
32271
85756
148508
48672
144675
44078
44006
82869
26978
12683
77461
110170
40731
93700
15200
30210
54812
57974
29289
88905
43050
11395
164940
82995
54775
97206
15418
33545
63384
82468
95013
11215
107390
73037
42808
60065
199483
92207
55844
56524
183401
111922
51002
39067
47238
63459
104159
54752
26690
24012
35953
53921
24173
66420
120640
18794
33404
72272
97261
19517
31423
32527
16958
58228
15411
121026
43724
126893
34435
95018
105080
93419
32584
15832
54783
74646
63866
65732
16113
46061
9630
110399
74670
104784
23705
34000
100782
43397
109033
113664
168628
29339
27186
9337
50112
24637
31699
101947
29505
116631
26611
81701
16232
112419
77576
32494
16192
124642
81670
55614
32316
59027
76250
63934
25281
99536
57157
80474
19538
27156
78068
102207
47904
40106
66102
22535
136055
43220
48189
14649
11242
16722
95512
73127
49454
137521
25636
102689
114057
25979
149160
63804
146839
71171
35992
66122
80802
38690
37276
150493
104043
34115
99897
23701
131082
29767
84615
29017
59586
80953
115966
25578
30787
48731
24116
10416
142846
23574
152819
28792
57010
102285
97014
79724
21649
17253
45918
16312
52887
86665
59335
82019
106953
43225
46111
69911
25539
44676
62923
45398
15475
11984
104637
31370
66923
18646
87146
66896
19995
28072
36031
26182
50431
64266
46574
75045
93379
36530
59545
71165
96018
60097
122933
98665
140610
21303
71724
54713
27553
71165
46428
91859
63729
50721
52238
84360
44253
160031
94226
72381
22825
12272
74821
103273
82641
69496
18904
21383
9848
24519
20260
63097
21255
8578
44410
27455
27077
97175
88636
47360
75907
18872
59437
96063
51241
32682
116785
99892
113599
50371
16102
43749
57119
114383
63546
63219
24311
145348
39751
111923
130193
18250
21030
107284
73050
97142
87836
117522
58929
40832
49105
138643
146387
50839
72369
111737
65474
34579
16287
57333
18927
49454
9965
30800
38323
82021
73678
16655
114878
47299
34450
41169
91809
69403
65426
54679
74235
79077
94297
76710
109311
105944
119573
111122
28383
65482
134912
23407
19953
45826
65103
30781
89754
70774
83830
33856
10095
85236
74971
75873
59148
24311
37614
95543
49202
87061
147475
30109
83931
22723
36391
136609
96583
16856
60501
48660
10088
91337
122337
71736
62331
116945
18424
12460
47650
20100
101963
46117
72589
67803
74496
81688
14529
28272
121617
62729
81515
59074
23473
81834
145162
15709
80399
23347
65480
38372
101913
37786
23440
24455
86701
45263
23473
23333
97924
110824
128704
74671
50618
11510
37622
144752
43869
106804
12320
25713
63429
57324
54942
127321
64664
129484
9574
68820
109282
31627
81606
104579
24746
50136
64808
105553
12312
124098
9919
32066
90933
6723
72443
14256
39949
83776
103211
103883
90832
45521
76567
46836
61038
109512
67465
82264
103691
44954
89663
45132
78478
132624
104565
24044
85281
46363
55900
17123
105220
56370
32037
15705
58649
70999
71716
13172
122378
72932
87037
67592
152167
101586
38108
32267
66861
26741
9765
77243
80679
24274
66200
23947
24698
108170
24095
104011
98505
57263
85473
78117
25521
79616
23171
12613
73304
38030
102741
62725
34957
23221
49427
16746
95475
9715
147366
65478
52118
25525
46971
20208
36360
67982
83406
69451
30171
15682
28477
28771
105372
64198
48066
61710
64363
66352
20036
22050
140934
96773
104372
73890
89995
21613
22302
123903
118626
120616
78652
60403
13179
73472
26066
49226
63432
58095
33133
124134
27000
122786
86757
55876
46840
6474
14743
107731
108431
15503
64923
121205
63983
49239
51287
23375
95589
100182
49930
14070
137697
18923
99544
61593
78839
32649
97632
47439
59576
49165
130433
54095
71557
5390
35728
29686
236025
50872
51428
105287
16290
103391
67791
64305
9772
48566
48947
141405
135616
6774
77114
29819
10196
56517
44316
112897
84672
16532
56346
80703
55677
86913
13794
51833
105352
89543
89050
27494
60276
46326
97510
120932
97062
88727
59620
37041
104661
69243
47071
22743
45037
60826
44900
12334
16418
28671
89658
32196
155819
70852
56681
75178
25105
59267
18912
29259
20778
40422
16242
61137
19093
53670
11169
126122
148857
22533
23973
33996
48956
149615
34971
13247
107143
42927
96656
101613
20009
55143
48295
41817
70982
30387
51510
