3.914697e-05
0.00010193918
5.6763685e-05
5.8594742e-05
8.212371e-05
4.116749e-05
4.478549e-05
3.400032e-05
4.8374077e-05
4.3840253e-05
0.0001296636
5.0764058e-05
2.9690207e-05
5.8500013e-05
3.5365767e-05
5.983774e-05
5.391126e-05
7.977602e-05
3.511232e-05
2.3202305e-05
5.446661e-05
2.2633421e-05
5.564623e-05
7.154013e-05
4.1537103e-05
7.365189e-05
0.000114986164
4.1425817e-05
3.0119087e-05
5.579618e-05
4.2503627e-05
6.554685e-05
6.444918e-05
6.0090704e-05
5.5679728e-05
8.719585e-05
2.4227806e-05
4.737972e-05
0.00013839276
2.0745949e-05
4.082715e-05
5.468844e-05
3.2416632e-05
9.168813e-05
6.13906e-05
4.207393e-05
5.2416588e-05
3.5251098e-05
0.00016322888
3.123664e-05
4.4622357e-05
6.6237575e-05
4.9601527e-05
1.8028453e-05
3.261483e-05
5.9076054e-05
5.3816686e-05
1.853295e-05
3.0869654e-05
5.7731057e-05
5.8905116e-05
5.579158e-05
6.645939e-05
3.1946176e-05
7.1642164e-05
0.00010171202
9.792957e-05
4.6642766e-05
4.8911308e-05
7.036643e-05
4.9376376e-05
3.1835316e-05
0.00013290615
6.507413e-05
4.33374e-05
4.0547406e-05
0.0001053375
7.956372e-05
5.2727068e-05
8.7916684e-05
4.7958256e-05
0.0001375962
2.6130285e-05
5.6899164e-05
2.7182487e-05
6.83781e-05
3.523805e-05
2.9393112e-05
3.2876498e-05
7.7573466e-05
0.00010015327
5.287165e-05
4.2001233e-05
4.3439675e-05
5.161084e-05
0.00015827676
6.326157e-05
0.0001585391
2.9241399e-05
4.9840637e-05
3.540051e-05
6.0379796e-05
5.0711707e-05
3.1155734e-05
7.006058e-05
3.2894215e-05
3.407746e-05
2.1813166e-05
7.6049066e-05
0.00010377495
0.00019419774
6.1643485e-05
9.968385e-05
6.334314e-05
3.157703e-05
7.641245e-05
2.6082766e-05
8.788499e-05
4.227909e-05
0.000104177845
2.8823639e-05
4.2427677e-05
4.4076947e-05
8.688675e-05
2.4568355e-05
4.145563e-05
4.735868e-05
7.91801e-05
4.3424578e-05
4.2808286e-05
4.7873036e-05
6.489732e-05
3.5509645e-05
4.112973e-05
3.9222636e-05
7.41044e-05
0.00012641329
4.1218558e-05
2.9793846e-05
5.9633392e-05
6.732794e-05
4.5158034e-05
6.528632e-05
2.7463577e-05
7.107136e-05
6.074843e-05
0.00016484929
0.00019164226
0.00010243938
3.7297334e-05
4.3266584e-05
5.1794024e-05
2.3204642e-05
8.228703e-05
3.517822e-05
2.6884783e-05
7.800543e-05
2.063648e-05
5.136114e-05
2.7070628e-05
4.8292684e-05
8.59104e-05
5.0200222e-05
4.520058e-05
7.613303e-05
8.121068e-05
2.4542327e-05
3.3892436e-05
6.403025e-05
3.4797507e-05
5.8845766e-05
2.6877273e-05
0.00013782416
3.917427e-05
7.1159666e-05
5.4203443e-05
3.6590536e-05
2.6701658e-05
6.65842e-05
0.00010487663
4.3276013e-05
0.00010691109
0.00016535055
2.4253715e-05
8.6234315e-05
2.1418437e-05
8.790442e-05
5.1779076e-05
2.6255539e-05
3.1914875e-05
3.7339134e-05
9.755327e-05
9.309342e-05
5.859192e-05
0.00013366289
5.2079416e-05
3.6117566e-05
5.5070646e-05
3.3758042e-05
3.3743316e-05
7.651937e-05
4.969081e-05
4.909337e-05
9.869231e-05
5.66349e-05
4.604876e-05
5.9003407e-05
8.721108e-05
0.00012583248
3.2930202e-05
6.347989e-05
4.394948e-05
0.0001017678
4.7610076e-05
4.5049022e-05
7.004567e-05
7.004703e-05
5.982896e-05
8.08884e-05
4.929663e-05
4.9101625e-05
5.9742048e-05
4.284267e-05
3.4416462e-05
7.69175e-05
4.9869595e-05
5.007461e-05
3.102149e-05
4.4665278e-05
2.9085062e-05
3.0628413e-05
2.7020562e-05
0.000105547944
4.525151e-05
6.324753e-05
7.0282775e-05
4.2689895e-05
5.4698983e-05
3.983076e-05
4.7485366e-05
5.4416174e-05
6.301437e-05
3.3337714e-05
4.6178568e-05
2.230992e-05
3.408351e-05
4.939032e-05
6.4997446e-05
0.00012500832
4.3598837e-05
3.6326583e-05
4.1087264e-05
4.3469183e-05
0.00014830715
8.5613385e-05
0.00014021531
6.556849e-05
9.008218e-05
4.9370323e-05
9.2251015e-05
0.00015696138
4.844357e-05
7.950025e-05
7.15939e-05
2.7717295e-05
3.857663e-05
5.6218076e-05
4.1546078e-05
0.00010366558
5.6996647e-05
4.0229606e-05
7.101167e-05
8.735021e-05
2.5622643e-05
3.5051235e-05
2.8374014e-05
5.224016e-05
0.00014677322
5.429361e-05
5.2052616e-05
2.838734e-05
5.239733e-05
4.2937274e-05
7.5773845e-05
2.522485e-05
4.6197507e-05
2.9567316e-05
2.4637586e-05
0.00011718248
0.00010676061
3.1974527e-05
4.047648e-05
3.5340774e-05
4.2663687e-05
2.6269347e-05
5.5720913e-05
6.689067e-05
5.919953e-05
2.5559737e-05
2.4109797e-05
5.3379365e-05
4.4613273e-05
3.111228e-05
4.3044118e-05
7.318193e-05
0.00010583608
5.5498775e-05
7.810608e-05
7.338177e-05
0.00016342071
6.678069e-05
8.3436586e-05
4.115283e-05
4.2678188e-05
0.00013324774
3.3289987e-05
7.020346e-05
7.941558e-05
5.6271343e-05
3.6113546e-05
3.8263413e-05
4.473822e-05
4.9095786e-05
4.2993863e-05
3.392271e-05
4.1510728e-05
4.2341137e-05
3.2807002e-05
3.0355757e-05
2.5442572e-05
2.8110182e-05
7.599552e-05
5.0309078e-05
2.3385981e-05
0.000112981084
0.00012627358
8.4698506e-05
3.902951e-05
5.5222245e-05
3.8790047e-05
3.90291e-05
3.8450547e-05
5.051464e-05
9.8086784e-05
4.0502728e-05
3.9606773e-05
4.8158065e-05
5.3539618e-05
0.00010097253
6.7013774e-05
3.779441e-05
5.0340856e-05
4.2175958e-05
2.7866461e-05
9.781368e-05
3.5441808e-05
5.859293e-05
7.657469e-05
2.561355e-05
3.5680405e-05
0.00013189815
4.9940772e-05
5.7446738e-05
0.00018891919
3.8579223e-05
2.9507524e-05
4.1010422e-05
5.277379e-05
2.6141053e-05
9.140495e-05
0.00013165314
5.82027e-05
7.497237e-05
3.439189e-05
5.802481e-05
4.147772e-05
4.7706784e-05
4.8109458e-05
4.10904e-05
0.00012977884
7.904997e-05
3.2865588e-05
4.8536287e-05
3.6016914e-05
5.3033502e-05
6.8312074e-05
4.445101e-05
2.5226464e-05
7.1249415e-05
3.214321e-05
0.00012048299
5.1465566e-05
5.3688476e-05
3.2201526e-05
8.186098e-05
7.512437e-05
8.394544e-05
3.450904e-05
5.2927047e-05
9.77776e-05
6.296857e-05
3.3100117e-05
3.7983984e-05
2.7912454e-05
4.570282e-05
4.677974e-05
0.00017257738
7.453446e-05
2.5486112e-05
5.8217407e-05
3.2005915e-05
0.00012143707
7.239823e-05
5.002002e-05
4.7821464e-05
5.7360383e-05
2.7260547e-05
4.696426e-05
2.717114e-05
0.00014336863
4.4906552e-05
2.7792694e-05
5.393079e-05
4.0429986e-05
3.2899123e-05
5.9188507e-05
6.2348925e-05
4.545104e-05
3.2934193e-05
0.00017678634
3.4523913e-05
0.00017164371
8.2127684e-05
3.154208e-05
0.00025182954
4.1422016e-05
0.00010646114
4.9981987e-05
3.823616e-05
3.52839e-05
3.201792e-05
3.3990087e-05
6.187116e-05
4.0867853e-05
7.104111e-05
4.664665e-05
2.7118367e-05
4.9431572e-05
3.5620666e-05
3.264062e-05
5.2899453e-05
3.6900343e-05
5.1386527e-05
3.190682e-05
2.4082721e-05
3.6050533e-05
0.000119776734
3.5758418e-05
6.6125875e-05
5.68758e-05
0.00013257441
3.1633295e-05
5.0954797e-05
7.692397e-05
0.00014746845
4.947286e-05
4.5014684e-05
4.541127e-05
0.00017006377
3.0332068e-05
3.529526e-05
4.481585e-05
4.4471097e-05
2.4317265e-05
3.4407523e-05
0.0001119886
6.8856505e-05
3.933847e-05
6.890247e-05
0.00013030106
4.420565e-05
3.8815306e-05
0.000114861454
3.920347e-05
8.791371e-05
7.8256024e-05
3.0767675e-05
8.761627e-05
3.7792935e-05
3.296913e-05
5.0384493e-05
3.827569e-05
3.9437506e-05
8.738384e-05
4.7387814e-05
9.908313e-05
7.686851e-05
3.8609196e-05
9.419109e-05
2.8988834e-05
3.9369726e-05
7.628331e-05
7.010024e-05
4.8503844e-05
0.00012830227
3.4611432e-05
0.00025022856
2.0879728e-05
5.1382383e-05
5.16049e-05
9.1033224e-05
5.3903026e-05
9.2723676e-05
5.6458826e-05
4.452971e-05
4.0045023e-05
4.4432527e-05
7.754212e-05
0.00013690014
6.5142835e-05
9.579019e-05
3.0351128e-05
4.7247333e-05
5.1694027e-05
4.7486807e-05
4.9503768e-05
4.7505386e-05
0.0001250855
8.3269995e-05
2.4525238e-05
3.303078e-05
3.4050026e-05
4.505819e-05
3.44589e-05
0.00012717312
8.188884e-05
2.5625117e-05
2.8442802e-05
3.2235333e-05
3.9557854e-05
2.9877032e-05
7.268308e-05
3.7691585e-05
8.153367e-05
5.4805296e-05
5.27604e-05
4.7641657e-05
5.1230905e-05
2.8950177e-05
0.00010783011
2.9327606e-05
3.3110922e-05
5.2509098e-05
5.122678e-05
0.00017289071
0.00017782232
3.0925636e-05
3.2891654e-05
0.00017212219
4.9412996e-05
3.1612246e-05
4.7508864e-05
5.8267633e-05
6.14768e-05
9.8953315e-05
3.3882872e-05
2.9489456e-05
5.6753983e-05
0.00010508219
2.3351533e-05
7.36087e-05
3.205811e-05
4.2225085e-05
3.6652837e-05
7.078274e-05
3.124671e-05
6.475982e-05
4.126106e-05
5.928893e-05
2.8202257e-05
5.507554e-05
4.0816987e-05
0.00015608413
6.564594e-05
5.5617424e-05
1.8078255e-05
5.9022135e-05
6.0838167e-05
3.4149503e-05
0.00011331468
3.2480948e-05
4.1374595e-05
4.543758e-05
0.00020185392
5.0747392e-05
5.1641106e-05
2.4633882e-05
2.4133855e-05
8.7407374e-05
3.749255e-05
7.521224e-05
0.00015371482
5.376707e-05
5.9727998e-05
2.9090459e-05
4.6920217e-05
0.00014153033
4.2223182e-05
4.537526e-05
4.6779078e-05
3.8386384e-05
0.00013994817
5.732665e-05
4.1433992e-05
4.604789e-05
3.851815e-05
8.32269e-05
5.7642188e-05
4.9750262e-05
3.3765802e-05
2.9590714e-05
3.205871e-05
3.2051757e-05
5.09006e-05
5.407719e-05
3.0881147e-05
4.4685505e-05
5.4937515e-05
9.021012e-05
7.020861e-05
5.7890942e-05
5.9145266e-05
0.00017833759
0.00012716065
5.1521027e-05
4.02125e-05
8.6013606e-05
2.3394816e-05
4.253399e-05
4.864403e-05
3.7471178e-05
8.466354e-05
4.1539683e-05
9.747831e-05
7.8503195e-05
9.358529e-05
7.068092e-05
0.00012231494
5.661954e-05
0.00014573967
5.601347e-05
0.00013496069
3.3787517e-05
2.2510583e-05
0.000116289615
9.243235e-05
6.4627726e-05
4.715639e-05
2.2941347e-05
8.8486246e-05
0.00014688059
3.49063e-05
6.138367e-05
3.1328367e-05
3.3963028e-05
0.0001270915
4.760808e-05
6.3652275e-05
6.754973e-05
3.508548e-05
5.547107e-05
4.5530753e-05
