1829308274
1190885112
1326261970
1369043919
1918789525
1923725693
2092792076
1588809363
1130241953
2048621770
1514770506
1186082990
1387400898
1366830664
1652615573
1398086158
1259616180
1863936537
1640772130
1084226170
1272591780
2115285355
1300153026
1671508071
1940997332
1720848543
1343304101
1935796981
1407442100
1303656599
1986162339
1531477190
1505830755
1403996487
1300935765
2037297880
1132147036
1107009177
1616747219
1938885027
1907821954
1277774668
1514804633
2142258612
1434368209
1966082886
1224693798
1647257061
1906890410
1459664461
2085168919
1547615758
1158920887
1684911935
1524066278
1380289561
1257406501
1732061422
1442515492
1348864264
1376295706
1303549162
1552798564
1492820547
1673892043
1188231509
1144043657
1089790508
1142794210
1644084945
1153660332
1487640252
1552650964
1520432368
2025123812
1894749479
1230585418
1858976088
1231947996
2054140106
1120526532
1607441627
1221048446
1329427434
1270217037
1597628456
1646647368
1373517911
1536293847
1812474696
1170021673
1235326088
1962685835
2029903233
1205867741
1849038268
1478082659
1852103156
1366428443
1164507660
1654239093
1410751090
1184859862
1455883932
1636939015
1537121839
1592413969
2038625534
1776857553
1212331260
1134339149
1440276708
1164537721
1479988407
1475570727
1785347934
1218827874
2053399527
1975670000
1217037961
1346906794
1982613281
2059682391
2030076029
1148060587
1937190327
1106517648
1850013053
2029197579
2000398819
1118535384
1516301308
1659338826
1921960976
1832844027
1731421211
1476799285
1926112077
1392243883
1393311643
1573091809
2110200755
1525390073
1283352128
1660555385
1419364042
1925820660
1119412254
1196728667
1742876236
2021814740
1210147816
1084335369
1922605178
1643851362
1256305611
1822567475
1928654160
1200033582
1264989910
1128340280
2007263851
1172909149
2112188993
1778819430
1897456759
1146844361
1583767904
1496042739
1626061168
1374909095
1255954614
1610104626
1830583873
1662618628
1266442962
1709848043
1247748323
1555714729
1225201293
2022255295
1248968549
1931676439
1133357774
2014832209
2001734621
2053853305
1209798564
1226901399
1491357949
1744829549
1139647540
1087546194
1368977977
1561491386
1216815854
1687746592
1286704774
1577487801
1576799660
1787846079
1161006915
1147048007
1152954221
1323253004
1075911845
1378592283
2037653950
1470014123
1538803401
1483183557
2053725994
1188883070
1112391389
2105106676
1636590595
1636622194
1397880931
1889926818
1151797076
1147240844
1395850368
2002005374
1608255174
1797148303
1165184210
1169974274
1449610781
2087174619
1359122938
1431242543
1262650426
1233043897
2114568891
1477754529
1642130385
1994866512
1278021057
1861261272
1109477635
1271413306
1472306874
1557846176
1078944759
2085051338
1592696629
1153986133
1518640709
1460386056
2037340622
1697513653
1919976730
2031282110
1732570247
2000324312
1638038865
1531983022
2104736137
1153518885
1077705000
1833671587
1131865639
1857493184
1672764461
1295208244
1802656744
1313514049
1941416766
1211053499
1331705051
1879898983
1659160791
2040904481
1197326735
1637917583
1325896171
1220571635
1714650331
1268549612
1216189613
1326518936
1224243763
2006426396
1770427172
1178738153
1079387227
1381658293
1151295751
1368962136
1247210651
1494145423
1891435251
1651447577
1993641804
1227546682
1301898035
1562875211
1383174542
1194387104
1126632575
1247188656
2084744496
1453853186
2011419026
1709868167
1236410014
1296707829
1824919017
1714537240
1909131730
1560305470
1949464180
1923040661
1994319518
1556641534
1555615858
1640277191
1855514925
1314758631
1687558661
1788020289
2090583145
1147104470
2009070727
1585182638
1939764808
1978569284
1533046309
1418501474
1188912175
1313567551
1775606734
1175452530
1092809203
1319880110
1475167159
1978948554
1823819541
1290246847
1812629531
1823800083
1796765041
1180255483
1145880261
1892661788
1850794545
1125194940
1250932879
1179592488
1565751379
1766104107
1176195021
1970850665
1302178617
1142689851
1656168955
1369001593
1789138641
1196901713
1667318386
1540875167
1166847228
1342221339
1103506353
1802777984
1378864233
1916386094
1233039656
1221551701
2135642130
1538012887
1359884057
1751700984
1607106969
1355727717
1938222447
1114650961
1124059291
1920123249
1516116745
1846972655
1535783974
1134031995
1683043175
1239107647
1596085764
2077162084
1178813491
1664715633
1502027908
1407519725
1202473518
1254410923
1504752899
1912650686
1755252537
1961353442
1612581400
1236620479
1142268254
1471236752
1546743379
1774962948
1304327909
2135658179
1092990897
2016102611
1741469419
1190946646
1360227653
1495612212
1418665622
1691557256
1168698842
1117330384
1340203581
1273864717
1097302154
1269686841
1674876849
2098449115
1298731574
1260072535
1889262576
1537351014
1382917094
1456758957
2123892735
1538989834
2065273072
1613276410
2005195161
1918882243
1473937529
1470975375
1935619528
1243712109
1167810247
1786746852
1648790108
1496173209
1588331105
1445596138
1909723877
1659848650
1089881313
1267220794
1154949984
1664526705
1525271411
1235975695
1724325007
1200626727
1490981589
1125367337
1684614140
1399269039
1670963904
1545006020
1328881521
1548775439
1478199824
1190539519
1797299562
1722772294
1155914582
2103502116
2122034220
1986737689
1417394514
1649320803
2094210702
2078100739
1136327407
1607837570
1308285675
1608806160
1838256923
1609880108
1522217583
2065696664
1813809834
1341847183
1831948447
2054070589
1828422423
1437750042
2047120904
1766035254
1540622384
1177214585
1788594059
1842884669
2041690380
1107198355
1157519932
1796003674
1804178482
1100369620
1354626245
1839717459
1782330570
1637865611
1133273870
1498867017
1617365976
1461624027
1951387723
1200529935
1205728956
2126956833
1259423843
1083226746
1319139074
2080839534
1871273641
2076298436
1811742266
1599309976
1522037594
1119050696
1418285271
1103916058
1207811408
1109511230
1156636784
1109945383
1461287581
1945571858
1146045806
1543503325
1591131884
2105535091
1610238256
1485675797
1913301540
1197442321
1329110613
1506332679
1848508612
1396131099
1698212654
1761299241
1905003330
1280504982
1232726744
1113129307
1196990689
1352819851
1259704824
1370456807
1547248296
1226855248
1196894312
2019763013
2077375627
1445131484
1537002096
2010784886
1154515997
1477216316
1110026625
1361401138
1436382224
1156003392
1583320962
1378019993
1326035289
1227602770
1091199487
1719839457
1498051100
1973146243
1712759302
1653811925
1460135052
1513088778
1928098152
1385263481
1317870161
1286819112
1907346973
1823423390
1533792476
1299480052
1689566357
1379029845
1421460796
1595780368
1323777297
1517810140
1933403445
2123263584
1179060171
1185693658
1206574892
1151122689
1127756781
2042240118
1751998513
1757305636
1795744271
1256247236
1395522071
1359375064
1096273110
1653401222
1973057434
2120351327
1092975430
1793766802
1634918055
1339415521
1936178995
1075891555
1799923936
1944565100
1346787883
1162396021
1577850291
1382751616
1498079206
1497754319
1189273234
1263493119
1443052591
2088119926
1283594192
2107725229
1640397600
1352599922
1381906760
2083395222
1485530276
1203769323
1879099697
2009675348
1093221985
1987581131
1136549265
1750999655
1978131556
1941117907
1138772000
1834197459
1093292417
1651432942
1428921136
1322894190
1702576216
1308733465
1576652716
1578865098
2103805133
1358531456
1079823376
1510002395
1101791197
2144063626
2067447744
1715904725
1631144936
1434206139
1463950805
1587066533
1484722300
1112344739
1487211339
1578273949
1639517819
1296060633
2127617583
