0.001099938
0.0028642516
0.0015949263
0.0016463747
0.0023074837
0.0011567099
0.0012583672
0.0009553293
0.001359198
0.0012318082
0.003643243
0.0014263509
0.00083422515
0.0016437131
0.0009936951
0.0016813001
0.0015147799
0.002241519
0.0009865738
0.00065193034
0.001530384
0.00063594605
0.0015635284
0.0020101098
0.0011670951
0.0020694453
0.0032308414
0.0011639682
0.00084627565
0.0015677417
0.0011942522
0.0018417125
0.0018108708
0.0016884077
0.0015644697
0.0024499986
0.0006807445
0.0013312589
0.0038885118
0.0005829125
0.0011471472
0.0015366168
0.00091083127
0.0025762215
0.0017249319
0.0011821787
0.0014727832
0.0009904731
0.0045863483
0.00087767624
0.0012537835
0.0018611203
0.0013936865
0.00050655723
0.00091640017
0.0016598984
0.0015121226
0.0005207324
0.0008673648
0.0016221072
0.0016550955
0.0015676125
0.001867353
0.00089761254
0.0020129767
0.0028578693
0.0027515911
0.0013105522
0.001374293
0.0019771315
0.0013873603
0.0008944977
0.003734351
0.0018284303
0.0012176792
0.0011392869
0.0029597366
0.0022355537
0.0014815069
0.0024702526
0.0013475145
0.0038661305
0.0007341997
0.001598733
0.0007637641
0.0019212642
0.0009901065
0.0008258775
0.00092375244
0.0021796324
0.002814072
0.0014855693
0.0011801361
0.001220553
0.0014501435
0.0044472055
0.0017775017
0.004454577
0.0008216147
0.001400405
0.0009946713
0.0016965306
0.00142488
0.00087540306
0.001968538
0.0009242503
0.0009574967
0.0006128988
0.0021368002
0.0029158327
0.0054565007
0.0017320373
0.0028008823
0.0017797935
0.00088724046
0.0021470105
0.0007328645
0.002469362
0.0011879433
0.002927153
0.0008098766
0.0011921182
0.0012384588
0.0024413138
0.0006903131
0.001164806
0.0013306678
0.002224775
0.0012201287
0.0012028124
0.00134512
0.0018234624
0.0009977377
0.0011556488
0.001102064
0.0020821597
0.0035519167
0.0011581448
0.00083713717
0.0016755584
0.0018917571
0.0012688348
0.0018343923
0.00077166205
0.0019969384
0.0017068883
0.0046318783
0.005384698
0.0028783062
0.0010479676
0.0012156895
0.0014552906
0.000651996
0.0023120723
0.0009884253
0.00075539935
0.0021917697
0.00057983666
0.0014431275
0.0007606211
0.0013569111
0.0024138805
0.0014105084
0.0012700303
0.0021391595
0.0022818295
0.0006895818
0.00095229794
0.0017991
0.0009777283
0.001653428
0.0007551883
0.0038725354
0.001100705
0.0019994196
0.0015229896
0.0010281082
0.00075025397
0.0018708599
0.002946787
0.0012159544
0.0030039507
0.0046459623
0.0006814725
0.002422982
0.0006018078
0.0024699077
0.0014548706
0.000737719
0.0008967331
0.0010491421
0.0027410178
0.0026157065
0.0016462954
0.0037556135
0.0014633094
0.0010148189
0.0015473559
0.0009485218
0.00094810803
0.0021500147
0.0013961951
0.0013794085
0.0027730223
0.0015913078
0.0012938621
0.0016578573
0.0024504268
0.0035355974
0.0009252614
0.0017836359
0.0012348773
0.0028594364
0.0013377314
0.0012657718
0.001968119
0.001968157
0.0016810533
0.0022727742
0.0013851196
0.0013796404
0.0016786114
0.0012037784
0.0009670218
0.0021612013
0.0014012186
0.001406979
0.0008716311
0.0012549895
0.000817222
0.00086058653
0.0007592144
0.0029656496
0.0012714613
0.0017771071
0.001974781
0.0011994859
0.0015369131
0.0011191509
0.0013342274
0.0015289668
0.0017705559
0.00093671156
0.0012975094
0.0006268564
0.00095766666
0.0013877521
0.0018262757
0.0035124405
0.001225025
0.0010206917
0.0011544557
0.0012213821
0.004167083
0.0024055352
0.0039397213
0.0018423208
0.002531098
0.0013871902
0.002592037
0.0044102464
0.0013611506
0.0022337704
0.0020116207
0.00077879097
0.0010839128
0.001579596
0.0011673473
0.0029127595
0.001601472
0.0011303575
0.0019952613
0.0024543358
0.00071993616
0.0009848574
0.0007972432
0.001467826
0.004123983
0.001525523
0.0014625563
0.00079761766
0.001472242
0.0012064367
0.0021290672
0.0007087591
0.0012980415
0.0008307722
0.00069225836
0.0032925527
0.0029997227
0.00089840917
0.0011372941
0.0009929928
0.0011987495
0.000738107
0.0015656269
0.0018794709
0.0016633678
0.0007181686
0.00067742873
0.0014998349
0.0012535283
0.000874182
0.0012094387
0.0020562406
0.0029737456
0.0015593853
0.0021945976
0.0020618555
0.004591739
0.0018763806
0.0023443722
0.001156298
0.001199157
0.0037439489
0.0009353705
0.0019725524
0.0022313914
0.0015810927
0.0010147059
0.0010751121
0.001257039
0.0013794764
0.0012080267
0.0009531486
0.001166354
0.0011896866
0.00092179974
0.0008529255
0.0007148766
0.00078983017
0.002135296
0.001413567
0.0006570912
0.0031745033
0.0035479912
0.0023798293
0.0010966377
0.0015516155
0.0010899093
0.001096626
0.0010803702
0.0014193429
0.0027560084
0.0011380316
0.0011128574
0.0013531286
0.0015043376
0.0028370912
0.0018829297
0.0010619342
0.0014144599
0.0011850455
0.00078298216
0.002748335
0.0009958317
0.0016463238
0.0021515691
0.0007196806
0.0010025357
0.0037060285
0.0014032185
0.0016141186
0.005308186
0.0010839857
0.00082909217
0.0011522967
0.0014828197
0.0007345023
0.0025682647
0.0036991443
0.0016353593
0.0021065476
0.0009663314
0.001630361
0.0011654266
0.0013404487
0.0013517629
0.0011545438
0.0036464809
0.0022211187
0.00092344586
0.0013637558
0.0010119908
0.0014901169
0.001919409
0.0012489691
0.0007088044
0.0020019414
0.0009031488
0.0033852893
0.0014460617
0.0015085202
0.0009047873
0.0023001013
0.0021108186
0.0023586699
0.0009696231
0.0014871259
0.002747321
0.001769269
0.0009300356
0.0010672609
0.0007842745
0.001284142
0.0013144009
0.0048490195
0.0020942434
0.0007160999
0.0016357725
0.00089929113
0.0034120968
0.0020342204
0.0014054452
0.0013436709
0.0016116921
0.0007659574
0.0013195855
0.0007634453
0.004028322
0.0012617687
0.0007809095
0.0015153287
0.0011359877
0.0009243881
0.0016630582
0.0017518584
0.0012770676
0.0009253735
0.0049672816
0.000970041
0.0048227855
0.0023075952
0.00088625844
0.0070758187
0.0011638615
0.0029913082
0.0014043766
0.0010743464
0.0009913949
0.00089962845
0.00095504173
0.0017384343
0.0011482908
0.0019960885
0.0013106614
0.0007619625
0.0013889112
0.0010008571
0.0009171248
0.0014863505
0.001036813
0.0014438408
0.0008965068
0.00067666796
0.0010129354
0.0033654452
0.0010047277
0.0018579819
0.0015980765
0.0037250298
0.0008888213
0.0014317102
0.0021613832
0.0041435175
0.0013900712
0.001264807
0.0012759501
0.0047783926
0.0008522599
0.000991714
0.0012592202
0.0012495335
0.0006832581
0.0009667707
0.003146617
0.0019347062
0.0011053187
0.0019359977
0.0036611543
0.0012420751
0.001090619
0.0032273373
0.0011015255
0.002470169
0.0021988107
0.0008644994
0.0024618115
0.0010618928
0.00092635513
0.001415686
0.0010754571
0.0011081013
0.0024552809
0.0013314864
0.0027840035
0.0021598248
0.0010848278
0.0026465487
0.0008145182
0.0011061969
0.0021433819
0.0019696523
0.0013628441
0.0036049928
0.0009725
0.007030836
0.00058667135
0.0014437244
0.0014499766
0.00255782
0.0015145486
0.0026053176
0.0015863605
0.0012511803
0.0011251712
0.0012484498
0.0021787516
0.0038465727
0.0018303607
0.0026914794
0.0008527955
0.0013275392
0.0014524809
0.0013342678
0.0013909397
0.0013347899
0.0035146088
0.0023396914
0.00068910164
0.0009280874
0.0009567258
0.0012660294
0.0009682142
0.003573266
0.002300884
0.00072000566
0.000799176
0.0009057372
0.0011114829
0.0008394745
0.002042224
0.0010590451
0.0022909048
0.0015399002
0.0014824434
0.0013386188
0.0014394682
0.00081343204
0.003029773
0.0008240369
0.0009303392
0.0014753825
0.0014393523
0.0048578233
0.00499639
0.00086893776
0.0009241783
0.0048362296
0.0013883893
0.00088822993
0.0013348876
0.0016371837
0.0017273539
0.002780356
0.0009520292
0.00082858454
0.0015946537
0.0029525629
0.0006561233
0.0020682318
0.0009007576
0.0011864258
0.0010298587
0.0019888289
0.0008779592
0.0018195991
0.001159339
0.0016658799
0.00079241727
0.0015474934
0.0011468616
0.004385598
0.0018444968
0.0015627191
0.00050795655
0.0016583835
0.0017094098
0.00095952087
0.0031838766
0.00091263844
0.001162529
0.0012766893
0.0056716218
0.0014258827
0.0014509939
0.0006921543
0.0006781047
0.002455942
0.0010534527
0.0021132876
0.0043190257
0.0015107285
0.0016782166
0.0008173736
0.001318348
0.00397667
0.0011863724
0.0012749382
0.0013143823
0.0010785674
0.0039322153
0.0016107444
0.0011641979
0.0012938377
0.0010822696
0.0023384807
0.0016196102
0.0013978656
0.00094873976
0.0008314296
0.0009007745
0.00090057915
0.0014301874
0.0015194422
0.00086768775
0.0012555579
0.0015436152
0.0025346926
0.0019726972
0.0016265996
0.0016618432
0.005010868
0.003572916
0.00144762
0.0011298769
0.0024167805
0.0006573394
0.0011951053
0.001366783
0.0010528521
0.0023788468
0.0011671676
0.002738912
0.0022057556
0.002629527
0.001985968
0.0034367628
0.0015908763
0.004094943
0.001573847
0.0037920787
0.00094934995
0.0006324946
0.0032674654
0.002597132
0.0018158875
0.0013249839
0.00064459804
0.002486256
0.004127
0.0009807851
0.001724737
0.00088025356
0.00095428136
0.0035709727
0.0013376753
0.0017884796
0.001897989
0.0009858196
0.001558607
0.0012793073
