76273
51020
27145
47223
54409
47963
69610
41608
33909
47450
59536
70933
25644
34686
39214
63610
60866
55454
41880
22285
53572
27038
40124
80930
88783
39805
28766
34925
46515
50034
60558
24834
12313
70139
64656
19656
38891
28682
50324
64062
46685
14915
73789
28721
53276
66989
18241
30196
40196
70738
31162
39286
48386
50041
16056
39744
55152
34447
69593
68908
23908
52648
82326
54132
27539
42645
82977
34783
53558
20249
35421
57349
48304
35161
20433
8257
37126
35549
46281
31443
16905
49635
46338
22930
94885
63103
64080
48470
23492
54872
34950
24407
76391
52404
42936
40548
40159
95470
35281
62768
17755
42014
10395
61907
73816
54108
76720
39157
36293
36930
38775
39953
40876
20760
36929
37454
20496
58122
55271
56232
43853
41116
20008
43379
26371
13572
56020
50810
47751
30679
37702
49869
23402
65741
36576
42127
30060
47164
75458
36925
25683
49908
24735
25619
35610
59004
83500
21564
57469
40690
57922
36060
65481
13178
65818
50137
25104
48077
41150
29327
49235
77073
35725
42731
28923
30527
73476
33233
27152
25778
52406
44731
25529
42863
56592
65317
42393
18465
31385
44768
20814
50932
7824
50606
38980
80890
102225
26175
32947
59217
65144
40433
80559
43135
29321
30056
46713
50632
33380
37160
81427
59312
68194
72927
55800
29444
45944
8308
37453
31545
32212
54396
45005
53476
38181
47532
25005
47708
44230
39312
64105
19624
84759
91278
87476
42448
25123
52396
60818
67934
34083
55224
39494
49121
41307
39133
64582
35817
89565
52016
43882
51589
29032
84710
122151
48208
50544
30822
45051
66610
90006
94011
36500
29433
31377
19466
38861
17641
43030
44914
61233
45204
48781
55987
59316
57443
33981
47094
54985
33548
24196
57044
72830
32042
51144
49110
34448
46811
56684
78688
41320
51924
43610
34168
22437
37715
39888
47482
31958
47968
40390
27587
21086
36423
23584
39925
41702
8249
55067
66952
21142
26143
65366
31580
70081
17863
37137
61396
29189
26146
52237
84785
48780
49876
49138
56005
25546
38980
12842
35626
21363
12179
65243
35671
50385
52537
37274
52193
30408
35496
28503
30433
28403
17186
40113
47188
27211
58553
47106
34276
71247
20604
52978
50991
74940
21368
53858
53101
34420
63281
67848
46970
37810
25366
52673
28435
66857
41751
25587
40497
20066
29821
38350
65162
64665
37820
41958
23338
20029
26260
23983
33866
40592
52701
74982
33946
23025
37945
54536
36536
19047
11146
49491
52064
26235
17533
40703
28087
51116
60092
34589
15685
49989
63818
44995
33386
45523
58119
42529
13856
46302
23853
32150
26728
39632
27110
32683
28676
116825
19603
64101
52313
35824
29361
56580
49232
64469
51369
30292
81185
52043
73084
95779
33212
34641
41607
49968
53994
38197
89883
47755
64681
53702
37093
53373
21196
25002
53472
54473
70592
30997
42763
44939
38979
36392
8276
27015
42128
39385
17335
39556
40212
17493
46592
83203
12014
55901
79236
65858
44478
36503
81857
75238
34287
73318
46509
22139
56472
35019
38091
41599
34732
49425
34690
28471
53671
27294
46385
35754
48679
51689
50461
36581
80778
70794
35219
39430
29203
30035
28484
33071
59866
55690
42650
34964
14149
19124
51401
45905
46823
35806
55479
42438
67616
60013
69029
12541
51790
61809
29445
39398
34801
51112
87743
34845
34327
28358
49737
30902
43811
43946
56904
41196
44671
17958
22608
41800
45522
50113
32217
25866
23970
50921
32618
90276
25299
77796
33593
92765
43689
46155
40217
36428
23418
38982
32465
44277
27993
21525
32032
58650
33001
86730
29650
40481
44315
43899
71476
40257
45232
55049
26590
40095
73870
34916
54138
31725
77368
44150
51965
15781
70239
19321
44670
136228
79105
80743
56356
115066
41112
56777
25688
32012
63964
32796
24385
46860
40818
45495
35071
28478
61072
75428
26476
13496
38563
33332
22186
58298
57489
53671
26906
25639
60253
14352
36899
32756
58546
45013
64509
41183
27799
81914
18430
51603
36853
33865
80325
30657
27214
41076
17501
48592
27746
39722
45789
46308
33330
48418
48868
86521
68207
33824
109682
32113
26315
93507
41087
35579
19857
29517
66855
45972
32342
57636
25557
20482
43660
35413
41330
17097
45926
26292
35661
47522
22307
51553
33724
57510
38565
16202
36090
40043
38158
19161
44307
62333
60044
43182
51364
64417
42104
35476
51691
58949
21976
41626
57888
36464
79890
25161
24949
31254
17941
109658
33978
32844
59178
32610
28970
97635
65321
48654
19659
86794
28758
42608
14509
86143
100004
36978
17589
60931
83202
49517
19697
59809
49801
99009
52864
74630
39969
45036
27716
43782
33228
43558
25696
39849
53848
53872
54958
115522
35066
41535
48358
36633
32182
37377
45941
50042
53313
50874
21588
62871
25116
37509
29919
44592
54978
51046
35987
42625
57436
53999
29752
39339
46228
56187
36043
52951
37980
54371
60023
82628
43983
61423
79927
80830
107444
76705
51793
26939
28560
35032
29669
32372
27732
43720
42046
45812
76342
36007
58821
107040
71280
65538
62176
59824
50091
45615
59510
40575
28275
58887
32776
112692
48416
52751
51316
33571
42206
38458
66802
56412
54386
50644
28397
23580
15082
39397
45136
52238
28100
55937
35880
45265
63772
46096
37189
59586
40008
75052
38335
69296
44379
18731
48248
33633
50620
24898
22149
31842
86054
30373
38781
64969
42575
24131
40560
77363
3809
39270
59104
65399
54331
62190
60886
91934
36793
27912
65283
32158
35113
37018
16269
57266
57953
91241
75668
102859
24587
101498
29036
42188
43626
38790
59357
44076
26630
47546
6585
25282
38380
68910
41541
57779
17725
35744
25843
32432
26318
42204
49034
46621
42793
87299
47923
47394
28011
52870
64289
43996
29198
30754
78720
41431
79308
50220
22375
46083
39103
42529
53662
37793
43791
46754
29853
22411
39775
19181
15105
49792
30066
95951
93295
41184
32184
24194
38859
25788
59002
24532
50551
29079
25863
27473
30705
69111
46714
32690
40844
47138
33196
51954
67030
39128
51016
48278
17091
23529
34553
53549
34499
19440
23499
40581
28175
23691
35900
41092
124240
60360
56621
29089
56269
50908
53048
43531
40765
27782
24779
51527
32270
35216
46529
25158
24732
35475
51762
61291
36639
56072
49187
30709
48074
36398
62307
40169
28748
47640
22088
42700
79531
20182
100872
28379
49488
40443
57109
43474
49493
46104
48045
23080
83780
64722
87008
50590
51718
12839
24452
42297
84026
34688
34565
26562
62935
22160
21547
46690
22709
53051
64593
38979
63638
27272
47061
53705
55959
90801
70542
30897
61280
31410
45087
28558
56967
44745
55170
48621
46092
27097
60389
30597
32671
38556
30898
57593
28614
22284
30974
77357
9705
64909
58880
49870
33045
79812
57625
78579
38963
38369
42755
35373
49842
31217
50576
49258
80831
29735
23327
15912
35229
37073
89970
63883
44392
47187
50714
57937
57575
19806
55731
44006
98861
73347
36186
31230
36923
21846
59134
54957
62851
48965
109436
23630
36930
61440
57547
48621
34141
98638
61720
16410
31665
30573
34893
43217
17463
4108
42817
57621
49844
27526
49435
61310
52988
66902
49107
45973
54648
52185
48144
24896
34869
54047
61174
43039
43689
37601
24543
23795
61624
19187
56928
25352
74088
22635
59891
53598
54966
44944
77037
57559
11255
66098
40542
46391
23672
35357
40035
32202
43916
42620
44430
65618
19769
54112
64910
58109
26276
29290
16502
51274
40750
95679
71516
70368
19353
46856
35047
