3.9202932e-05
4.6821093e-05
0.0001068195
6.0588896e-05
5.0625764e-05
5.8843303e-05
4.511939e-05
6.794918e-05
6.001079e-05
4.5862715e-05
5.168766e-05
4.2447224e-05
8.232717e-05
5.620315e-05
6.322286e-05
4.6289493e-05
4.8426664e-05
5.3736298e-05
8.03069e-05
7.666522e-05
5.6584733e-05
9.949648e-05
6.600561e-05
3.767255e-05
3.4047644e-05
6.65441e-05
7.372492e-05
6.186892e-05
5.917589e-05
5.0677536e-05
4.6520203e-05
5.991245e-05
0.000121309415
4.711467e-05
4.7719008e-05
0.00011291516
6.3619955e-05
7.4898926e-05
5.3516203e-05
4.6161123e-05
5.744569e-05
0.0001583056
4.172205e-05
7.152919e-05
5.6165205e-05
4.550024e-05
0.00011333277
7.695467e-05
7.121137e-05
4.5338653e-05
6.020092e-05
6.551917e-05
6.1122664e-05
6.7077264e-05
0.000114881135
6.009867e-05
4.8026264e-05
5.6464414e-05
4.2653177e-05
4.049767e-05
0.00012952415
6.3466134e-05
3.6030695e-05
5.1032228e-05
7.012254e-05
6.669527e-05
3.7872793e-05
7.459547e-05
5.194854e-05
8.5825246e-05
6.556034e-05
5.505565e-05
6.610892e-05
6.51434e-05
0.00011191264
0.0001830325
8.837237e-05
5.5002154e-05
5.547102e-05
7.486507e-05
0.000109300614
5.9227154e-05
5.753178e-05
8.138101e-05
3.3392047e-05
4.6927427e-05
4.2285425e-05
5.0036535e-05
8.445674e-05
4.9795388e-05
6.873084e-05
8.952463e-05
3.8331935e-05
6.258738e-05
6.2964165e-05
6.536186e-05
6.4599924e-05
3.1727046e-05
7.2414594e-05
5.4669294e-05
9.5369105e-05
6.220622e-05
0.00017362069
4.769606e-05
4.3308173e-05
4.6080215e-05
4.073205e-05
6.398081e-05
6.998133e-05
7.447432e-05
7.032556e-05
8.002424e-05
6.257484e-05
0.00011127124
8.459769e-05
7.151354e-05
9.13176e-05
4.4387994e-05
5.8810136e-05
5.271811e-05
6.674601e-05
7.266407e-05
0.00012952357
6.206678e-05
0.00010637062
0.00013359643
4.8360816e-05
5.7901096e-05
6.173106e-05
7.306287e-05
7.8847814e-05
5.0205963e-05
7.147161e-05
4.5059678e-05
7.030988e-05
6.571597e-05
7.651225e-05
6.375924e-05
4.5442077e-05
7.613149e-05
0.00011285005
4.9365757e-05
7.798374e-05
9.371345e-05
7.073737e-05
5.503204e-05
3.7714268e-05
0.00011121627
5.374227e-05
7.3209514e-05
5.2134692e-05
6.2303145e-05
4.875757e-05
0.00011650958
4.809375e-05
5.3510394e-05
7.0512506e-05
5.1980383e-05
5.7860147e-05
7.361784e-05
5.903963e-05
3.76167e-05
6.405093e-05
5.7007725e-05
7.4143274e-05
7.464671e-05
4.4619224e-05
6.582136e-05
8.757115e-05
8.442333e-05
5.5548997e-05
5.9625272e-05
6.902112e-05
5.6767865e-05
4.3528988e-05
4.5115405e-05
6.5052045e-05
0.00013618708
7.156281e-05
6.6345245e-05
0.00010543051
5.7672376e-05
0.00016383144
6.153941e-05
7.491625e-05
4.2273292e-05
3.2829674e-05
0.00010899235
7.3993695e-05
5.164507e-05
5.2780124e-05
6.154455e-05
4.2838918e-05
7.680705e-05
7.78301e-05
8.415943e-05
5.2469157e-05
6.082675e-05
7.135711e-05
7.850013e-05
3.9334773e-05
4.5247474e-05
4.4085155e-05
3.8548485e-05
5.360558e-05
6.518088e-05
6.0513135e-05
0.00014181566
8.763841e-05
8.2378516e-05
8.230598e-05
5.6782195e-05
5.7184145e-05
4.772699e-05
5.9409434e-05
5.4464945e-05
0.0001111245
5.816679e-05
5.213319e-05
6.53966e-05
5.321529e-05
0.000111345704
3.6016696e-05
3.5431498e-05
3.744533e-05
6.665591e-05
9.4379284e-05
4.9847837e-05
4.5295696e-05
4.3254688e-05
6.0150458e-05
5.228036e-05
7.074276e-05
5.482617e-05
7.127524e-05
6.2485255e-05
4.9269594e-05
6.973655e-05
3.3968183e-05
5.8311514e-05
5.4205433e-05
6.1993946e-05
6.83807e-05
3.8986236e-05
2.7747006e-05
6.008752e-05
5.6594963e-05
0.00010417848
5.639135e-05
4.585445e-05
3.6433128e-05
4.0306044e-05
8.670725e-05
8.2535946e-05
7.939026e-05
0.00011945613
5.537801e-05
0.00011289957
5.8063757e-05
6.226936e-05
4.8415925e-05
5.033677e-05
5.4925586e-05
4.831957e-05
5.1605726e-05
5.619218e-05
6.81442e-05
6.4265114e-05
6.178568e-05
6.448453e-05
0.00011487382
5.4620585e-05
4.125224e-05
7.260042e-05
6.0048445e-05
5.5898083e-05
7.165231e-05
5.398194e-05
5.4278138e-05
4.323925e-05
5.843353e-05
4.9305505e-05
6.894515e-05
8.6876826e-05
0.00012320805
7.0408416e-05
6.4311535e-05
5.360076e-05
5.7402543e-05
5.5713354e-05
6.8655856e-05
6.697781e-05
8.2615596e-05
6.383434e-05
8.831596e-05
6.171593e-05
5.829752e-05
0.00020415343
5.261833e-05
4.6978497e-05
0.000113840695
7.323201e-05
4.725662e-05
7.4346906e-05
4.2405358e-05
0.00012066688
6.766057e-05
4.8698323e-05
7.841846e-05
8.714078e-05
6.295326e-05
3.8343696e-05
4.744782e-05
5.977599e-05
6.108476e-05
5.0639366e-05
6.4169035e-05
6.865564e-05
0.00010112865
6.690002e-05
9.812006e-05
0.00018609736
4.4615124e-05
7.053419e-05
5.2297386e-05
5.024164e-05
5.9587146e-05
5.3994496e-05
6.561004e-05
7.2285344e-05
9.490166e-05
0.00010994262
7.425956e-05
9.551364e-05
5.426135e-05
5.7324596e-05
8.337091e-05
5.7956837e-05
5.7247697e-05
7.249494e-05
4.0023206e-05
9.216359e-05
5.568897e-05
5.993294e-05
3.9713654e-05
8.91918e-05
5.492778e-05
5.6998604e-05
6.9543894e-05
4.5953897e-05
4.2252374e-05
6.1036495e-05
7.6684155e-05
9.5847194e-05
5.4876913e-05
9.47651e-05
4.941767e-05
7.002027e-05
7.448783e-05
5.7833156e-05
6.551262e-05
6.978469e-05
7.308046e-05
4.619169e-05
5.1369854e-05
7.3419666e-05
5.0219933e-05
0.00010404499
8.748578e-05
9.0705056e-05
8.180635e-05
7.868071e-05
6.8700385e-05
5.227064e-05
4.4082197e-05
7.096398e-05
8.255347e-05
6.62479e-05
4.5854056e-05
6.694567e-05
0.00012889876
0.0001902993
5.4982524e-05
5.8191436e-05
8.994169e-05
0.00012346871
7.149331e-05
6.234546e-05
5.5795874e-05
5.0464394e-05
6.5810134e-05
0.00015059036
5.1179104e-05
4.387803e-05
6.7506924e-05
8.3489016e-05
5.515349e-05
5.991256e-05
6.8922694e-05
0.00019649047
7.614013e-05
9.240513e-05
7.5315256e-05
7.7476914e-05
7.442349e-05
7.584563e-05
6.594341e-05
9.32076e-05
2.8970606e-05
0.00012008524
4.5459175e-05
6.0830305e-05
7.2599854e-05
6.558034e-05
5.156162e-05
5.5898065e-05
4.225351e-05
5.6466197e-05
8.682269e-05
3.9386807e-05
4.970286e-05
4.148678e-05
3.641578e-05
9.316194e-05
6.532475e-05
6.283035e-05
5.8585643e-05
4.9618153e-05
6.33659e-05
3.6173795e-05
5.087311e-05
4.742671e-05
5.1737854e-05
7.392072e-05
4.8836744e-05
0.00010179882
7.409926e-05
5.389882e-05
4.6417805e-05
4.574551e-05
5.9984453e-05
5.83447e-05
6.5332046e-05
6.1553306e-05
7.661202e-05
0.00015481618
8.592771e-05
5.6812234e-05
7.670422e-05
0.00010891337
6.976295e-05
5.7461337e-05
0.00019575785
5.626531e-05
4.2183307e-05
0.00010905644
5.3959735e-05
3.5655125e-05
4.446881e-05
6.10529e-05
7.213218e-05
3.9413677e-05
3.9521656e-05
6.414228e-05
3.9666862e-05
5.5670982e-05
9.3193135e-05
5.2938507e-05
8.4419924e-05
5.101119e-05
6.2903026e-05
6.859298e-05
4.858612e-05
6.9932845e-05
7.278568e-05
5.050159e-05
7.905908e-05
5.7569014e-05
7.97442e-05
5.8347745e-05
6.095833e-05
6.49226e-05
6.304782e-05
3.6624057e-05
4.4974004e-05
6.245769e-05
6.7611356e-05
8.678467e-05
7.121308e-05
8.705684e-05
7.104427e-05
5.4600998e-05
4.510526e-05
6.46564e-05
7.717669e-05
0.00014426581
0.00010440847
5.336679e-05
5.8732614e-05
5.294808e-05
6.3790016e-05
5.2048188e-05
6.4443026e-05
4.350762e-05
5.5532197e-05
4.548817e-05
0.0001182173
5.96892e-05
4.4631084e-05
7.3177674e-05
6.604464e-05
7.437075e-05
5.5936205e-05
3.5189165e-05
8.04349e-05
5.824456e-05
6.56306e-05
5.614852e-05
6.918871e-05
6.6649794e-05
6.459882e-05
4.9197253e-05
5.9360253e-05
6.2586776e-05
0.0001265241
9.650033e-05
6.7664405e-05
6.1145496e-05
4.6388457e-05
7.3333336e-05
8.898257e-05
7.923055e-05
6.1145736e-05
8.7550616e-05
3.943774e-05
9.434966e-05
3.9710823e-05
7.150407e-05
3.399689e-05
5.882331e-05
5.888381e-05
5.0678813e-05
6.6664965e-05
9.691066e-05
8.568565e-05
5.760009e-05
5.652107e-05
0.00010287911
9.693468e-05
7.725952e-05
4.5700574e-05
8.2314546e-05
3.518654e-05
7.9402525e-05
5.957018e-05
5.9527392e-05
5.9399656e-05
4.6243214e-05
6.116185e-05
6.057657e-05
4.317776e-05
8.585333e-05
6.225473e-05
3.6920283e-05
6.675702e-05
5.4152566e-05
7.2570605e-05
3.660223e-05
6.68106e-05
5.4076023e-05
0.0001254613
4.3989454e-05
7.164529e-05
7.7796256e-05
2.3033886e-05
4.0484745e-05
3.839685e-05
5.1396357e-05
2.6674665e-05
6.6058994e-05
7.088191e-05
8.150701e-05
0.00010253241
4.730298e-05
8.541323e-05
9.094925e-05
5.4391712e-05
6.088344e-05
4.986656e-05
7.877652e-05
8.58414e-05
4.9909784e-05
3.9570165e-05
8.930006e-05
0.00010223899
6.793678e-05
7.881263e-05
0.00010936469
5.626231e-05
4.744746e-05
5.3999753e-05
7.1564304e-05
6.490964e-05
4.636299e-05
0.00013405981
4.8020156e-05
8.3324194e-05
5.045136e-05
5.317363e-05
3.8805505e-05
5.2176743e-05
7.6102144e-05
3.882666e-05
0.00010497856
5.7006913e-05
6.6543056e-05
6.620877e-05
3.8386843e-05
6.6424145e-05
8.381167e-05
6.322694e-05
0.000107247695
6.2837404e-05
7.91454e-05
6.567772e-05
6.413627e-05
5.0096067e-05
6.25151e-05
7.455945e-05
5.075366e-05
3.5661866e-05
4.7442853e-05
7.496565e-05
2.9738769e-05
6.1612045e-05
7.295214e-05
3.4081586e-05
6.206664e-05
7.369967e-05
0.00010537653
6.291955e-05
4.489539e-05
5.3118194e-05
8.7195804e-05
4.8811482e-05
8.931771e-05
8.7211185e-05
5.384528e-05
6.41759e-05
5.2625768e-05
0.00015927339
5.978574e-05
8.663089e-05
6.192624e-05
5.2480733e-05
9.419988e-05
6.15024e-05
8.6582506e-05
5.6944333e-05
6.4662796e-05
8.260165e-05
8.763005e-05
6.964599e-05
5.8648668e-05
0.00012706709
5.2751795e-05
4.3541575e-05
4.6188037e-05
6.641332e-05
5.899489e-05
3.8102866e-05
6.995373e-05
6.993899e-05
5.6220164e-05
4.7272675e-05
0.00010380764
6.975292e-05
4.5748766e-05
7.360354e-05
3.995904e-05
0.00010078788
0.000111268615
6.540215e-05
9.165664e-05
2.9691724e-05
6.4658736e-05
8.950525e-05
4.5193905e-05
7.182346e-05
6.944755e-05
3.2710803e-05
4.5051187e-05
5.90932e-05
8.5333566e-05
3.4106524e-05
5.772417e-05
5.648986e-05
0.00014225167
3.8242084e-05
3.0376725e-05
6.589153e-05
0.00010173003
5.2171723e-05
3.6433226e-05
5.708607e-05
9.454346e-05
5.2524916e-05
5.777972e-05
3.271974e-05
5.966177e-05
3.9693598e-05
7.207536e-05
5.8916972e-05
6.578369e-05
5.9970138e-05
5.8311645e-05
5.295337e-05
0.000114675284
7.697534e-05
5.005757e-05
4.985949e-05
5.9290734e-05
2.9146613e-05
7.5735705e-05
5.3734177e-05
6.0666578e-05
6.067931e-05
0.00012241011
6.282069e-05
6.3326865e-05
4.6568086e-05
5.1559287e-05
5.2634507e-05
0.00013142469
4.385476e-05
8.428385e-05
7.285773e-05
8.623346e-05
6.2325365e-05
5.1199513e-05
6.3965344e-05
8.14648e-05
6.04173e-05
4.8279086e-05
5.4018532e-05
7.860632e-05
6.0362792e-05
6.053496e-05
5.091364e-05
7.316469e-05
5.717917e-05
8.259393e-05
5.082134e-05
5.40655e-05
3.841882e-05
5.5965942e-05
4.959313e-05
3.910175e-05
3.9309798e-05
3.243585e-05
3.8758462e-05
5.3803615e-05
8.237315e-05
0.000101151585
7.438906e-05
5.7538786e-05
8.1114435e-05
8.00866e-05
5.0180748e-05
5.63495e-05
6.967143e-05
3.9561317e-05
9.100535e-05
5.361482e-05
3.2403645e-05
4.4569486e-05
5.2615644e-05
4.3973814e-05
5.0171762e-05
5.4616114e-05
6.0332924e-05
5.26172e-05
7.147674e-05
6.067388e-05
5.4588847e-05
6.710228e-05
2.7186827e-05
5.5148666e-05
5.549096e-05
5.5914577e-05
6.3639745e-05
5.9626087e-05
8.0715065e-05
4.1448206e-05
5.204095e-05
5.151371e-05
4.997516e-05
8.461071e-05
6.470832e-05
0.00010958803
6.492316e-05
6.085065e-05
5.908341e-05
7.128979e-05
5.1136423e-05
7.270491e-05
5.9889055e-05
5.1349372e-05
6.7209025e-05
6.72875e-05
4.9757455e-05
7.198307e-05
4.4159795e-05
5.7017907e-05
4.627965e-05
6.1344195e-05
9.585031e-05
5.760756e-05
5.6676232e-05
5.3844473e-05
8.528273e-05
0.000113175825
7.579048e-05
3.6874913e-05
8.118564e-05
6.661492e-05
4.536079e-05
5.740608e-05
0.000108176995
5.8347345e-05
3.9787974e-05
0.00017942418
7.234766e-05
5.5261953e-05
3.8314363e-05
5.2148655e-05
5.01814e-05
5.911294e-05
3.4258537e-05
5.98062e-05
6.497694e-05
4.463652e-05
6.215975e-05
6.8269226e-05
6.615006e-05
0.00011015419
4.4935758e-05
5.1431212e-05
3.5163812e-05
3.7821766e-05
3.0874835e-05
9.108987e-05
3.2318087e-05
8.007908e-05
7.484594e-05
6.161319e-05
7.163596e-05
4.735943e-05
5.4206408e-05
7.3159616e-05
6.233888e-05
0.00013307476
0.000117629366
5.4862176e-05
3.9276827e-05
5.9532722e-05
4.4965225e-05
9.8498036e-05
8.074935e-05
0.00010009707
7.682027e-05
7.220262e-05
6.798773e-05
5.993584e-05
6.0480925e-05
5.652062e-05
3.7697726e-05
4.6999146e-05
5.7226785e-05
9.164517e-05
4.221924e-05
5.2512347e-05
5.3651172e-05
7.696888e-05
7.8957586e-05
4.4502503e-05
5.236504e-05
4.7959544e-05
5.826732e-05
0.000100043304
6.236147e-05
6.6438064e-05
5.9436774e-05
6.098544e-05
5.6146262e-05
5.8293965e-05
6.5131884e-05
6.663597e-05
8.871859e-05
6.688755e-05
0.00010520737
0.00011171942
5.3742624e-05
8.0566555e-05
3.495408e-05
3.6903624e-05
7.1695584e-05
7.0804075e-05
9.162473e-05
5.8972713e-05
9.2441885e-05
5.4878685e-05
8.0744256e-05
5.5072192e-05
7.819144e-05
8.951637e-05
7.778264e-05
8.336051e-05
4.269472e-05
4.8596754e-05
6.460812e-05
6.812258e-05
5.877728e-05
7.1314615e-05
5.2909378e-05
4.4640183e-05
5.920448e-05
4.8152906e-05
5.4538916e-05
0.000106682826
8.9552865e-05
8.647809e-05
5.7564685e-05
6.075055e-05
6.1904924e-05
9.495299e-05
6.798652e-05
6.5691325e-05
9.5911775e-05
5.7563517e-05
6.299965e-05
2.652811e-05
4.5600424e-05
4.7574456e-05
0.00010073947
4.737931e-05
4.7950274e-05
4.9999144e-05
7.447973e-05
5.6205256e-05
6.3776824e-05
8.4205385e-05
5.9400547e-05
6.2945386e-05
7.567405e-05
5.6866324e-05
8.388429e-05
8.3926316e-05
6.55545e-05
5.548038e-05
4.3693773e-05
5.5601195e-05
5.6204124e-05
5.7171896e-05
0.000105992054
5.4663436e-05
6.414543e-05
4.710764e-05
8.1687576e-05
7.8914e-05
7.566966e-05
0.00010097976
5.311751e-05
4.03122e-05
0.00012832304
3.3927216e-05
7.650086e-05
5.533654e-05
6.0764418e-05
4.9169896e-05
5.2465537e-05
5.7091103e-05
5.2316605e-05
6.8673384e-05
9.844478e-05
3.657609e-05
4.7766924e-05
3.3811924e-05
5.3228025e-05
5.721975e-05
0.00013349755
8.279511e-05
5.6185596e-05
3.780033e-05
6.6478795e-05
8.540101e-05
8.8098226e-05
4.526017e-05
8.573192e-05
8.7233166e-05
4.908381e-05
9.47586e-05
5.6809356e-05
4.7286692e-05
5.8111917e-05
4.8212172e-05
6.402148e-05
5.7052835e-05
5.4570784e-05
4.639021e-05
3.1257907e-05
4.26118e-05
7.493026e-05
4.7834532e-05
8.997026e-05
5.110304e-05
8.517683e-05
5.1515286e-05
6.3830346e-05
4.849734e-05
5.5677545e-05
5.7075e-05
8.673306e-05
5.0983155e-05
6.890898e-05
9.270816e-05
6.163619e-05
6.430525e-05
5.365187e-05
8.470358e-05
9.44255e-05
8.6698456e-05
3.929022e-05
0.00015329215
4.3176955e-05
4.9842878e-05
5.4444983e-05
8.046194e-05
4.1497013e-05
5.0920076e-05
3.970249e-05
7.269862e-05
7.227506e-05
5.705144e-05
6.671334e-05
5.8493853e-05
7.2025825e-05
5.2441508e-05
6.018968e-05
4.421302e-05
0.00010036306
7.902972e-05
9.795999e-05
8.055211e-05
7.772339e-05
3.8687587e-05
5.2142223e-05
5.6570818e-05
6.627987e-05
5.4196546e-05
5.3104348e-05
4.3256878e-05
0.00013262057
5.6304314e-05
5.798714e-05
3.2674052e-05
4.209007e-05
6.145091e-05
7.417636e-05
7.997685e-05
7.966572e-05
4.0765397e-05
4.823201e-05
4.7449157e-05
6.497058e-05
2.910004e-05
0.00010745902
7.0603906e-05
5.4808243e-05
4.5996425e-05
5.0032864e-05
7.5634765e-05
3.324045e-05
4.4769018e-05
0.00010884212
7.382915e-05
7.943235e-05
6.906401e-05
6.9268885e-05
9.03513e-05
0.00011424326
5.9230497e-05
4.8020553e-05
4.9086695e-05
7.924739e-05
5.376493e-05
4.5526944e-05
5.279211e-05
3.98705e-05
5.7286077e-05
6.483929e-05
5.301757e-05
5.6363795e-05
6.228294e-05
0.00010048419
5.0945484e-05
4.4517394e-05
4.7854573e-05
6.5340355e-05
5.9474154e-05
6.2427775e-05
8.460519e-05
7.4715674e-05
4.64154e-05
9.027682e-05
4.5918445e-05
8.8602676e-05
4.5408706e-05
8.488584e-05
5.0062004e-05
4.7109683e-05
5.041059e-05
5.3820688e-05
4.6541554e-05
4.4745942e-05
0.0001572917
5.0572115e-05
5.835983e-05
5.9075363e-05
8.745574e-05
5.8999743e-05
6.318851e-05
6.3437816e-05
5.58729e-05
5.6764762e-05
6.737649e-05
4.569368e-05
0.00011999425
5.1377192e-05
5.217611e-05
4.8867085e-05
9.418857e-05
8.466723e-05
0.000113104164
5.2465886e-05
6.082319e-05
3.3711683e-05
4.471093e-05
4.1774943e-05
0.00016757967
4.9860628e-05
7.209916e-05
