1893667130
1398151223
1274027693
1803392494
1623515418
1169012183
1241244586
1449535746
1737875468
1211593674
1224915665
1095513761
2069049403
1579145683
1997413855
1159677731
1106724388
2145273754
1291119832
2071626699
1925550580
1562375627
1805619497
1122211731
2051251321
1843847142
1636989381
1192466283
1969420229
1122463828
1471459322
1279195586
1485102272
2112244443
1908342301
1277313877
2085803568
1166266525
1183996137
1147648147
1277477865
1460247268
1715549287
1508103151
1380693972
1654623992
1217484828
1256681850
1197589720
1305893164
1670512173
1185184669
1860838496
1490321763
1267040400
1138632119
1890119387
1218104090
1455058441
1507107887
1086994696
1628130627
1600971018
1372929768
1411914329
1592698291
1257288078
1243366698
1457790307
1123509530
1228905149
1228963441
1376932607
1696011791
1614254078
1296298795
1131024761
1224039164
1717710230
1774610708
1562089073
1959074265
2069337654
1186196359
1565352761
2003518987
2103035950
1198298429
1181358852
2001951952
1777971343
1646391321
1788953351
1870151792
1852877811
1618089894
1327592977
1595500100
1820609610
1232344519
1496209346
1734237741
1239124885
1193988214
1655238451
1918469555
1086011929
1116089281
1210346046
1881428656
1958114798
1616876776
1278674320
1096416632
1733622407
1249084044
1194242743
1358365041
1770137063
1185984880
1345656278
1518178092
1364498990
1575172928
1250879073
1676923723
2107652248
1392737446
1758853057
1906910242
1315204709
2074913240
1720905003
1853480379
1582473556
1260289404
1222508373
2024939709
1531222044
1111285071
1117190597
1296109455
1380409649
1596003133
1190641974
1563853036
1913230335
1953947346
1167766429
1175162843
1761398127
1122291181
1230175720
1582315906
1946256254
1939019365
2051199724
2033183736
1848016915
1531158395
1199908046
1435074375
1357412966
1949716157
2065490144
1515058396
1749854704
1397232016
1846000855
1314211766
1209954153
1833419051
1700707004
1724882489
1325524695
1599634254
1167578427
1722710476
1456960994
1652737570
1604576831
1547737860
1181260655
1539383184
1628827393
1793247475
1432528591
1430771056
2065854363
2086073831
1212730252
1362456507
1523545592
1808967277
1265487399
2011400402
1175935826
1406162435
1169520661
1345329731
1101993111
1236836465
1167171002
1554616333
1721138889
1216291207
1678881016
2132562152
2023222077
1541528372
1624891774
1672053230
1973783180
1900216467
1261848494
1272867816
1845349367
1261712001
1531380944
1086791786
1292806131
1195031706
1499458305
1678653629
1585465062
1728361495
1509402110
2065255008
1457560215
1414205784
1363064654
1099691122
1248235226
1558322709
1308078692
1908701878
1083772562
1200764407
1819193619
1744719572
1659592565
1749436030
1441402324
1129010933
1476964208
1734339758
1909301054
1169042981
1185748584
1952738461
1698291285
1832507075
1936997770
1762669323
1396026969
1240760657
1683055056
1201793415
1290380860
1944065584
1270041815
1840017307
1700034537
1101769670
2006022100
1323677266
1964326339
1376077228
1467228686
1858655503
1836905466
1255011531
1908821588
1213174903
2073776484
1403347861
2109734188
1371430400
1267132169
1917689340
1476161274
1852438784
2078214065
1959418845
1788083421
1320492134
1225974524
2131270871
1261782166
1863352858
1666202605
1427086820
1768389526
2075137306
1092921825
1740497667
1618000535
1455212029
2033699891
1248684385
1255879809
1321095774
1215581918
1916503129
1089254639
1168276693
1278980447
1428257230
1417323696
1149202773
2024664759
1648603059
1291720883
1185342319
1374862986
1241056317
1259208352
1565338924
1417944029
2023225737
1077377349
1194455561
2000307432
1203207888
2066368376
2037817709
1709905677
1717359045
1868071190
2077615960
1163204764
2147479601
1831827199
1102328585
2132517339
1180188084
1523931325
1919795919
2110717401
1245662260
1495731576
1598045795
1341944011
1403547021
1374981647
1754002516
1192033594
1075377201
1386334100
1135774874
1238510355
1492875849
1108588243
2024654404
1081230661
1137524018
1647005226
1691784440
1277755671
1533414143
1090219195
1522281359
1467633148
1867559498
1676619538
1539561411
1532709361
1588037627
2094862803
1154327103
1456087940
1159827525
1394646240
1769989858
1560698381
1405493540
1437357975
1334984303
1802482749
1820643532
1693127141
1225116467
1329285346
1216155072
1377693361
1180803417
2016433766
1491988377
2048913178
1767232594
1145624500
2138751064
1192174149
2100752082
1662404639
1504223682
1250782126
2047465586
2023845445
1629053155
1857349626
1995975903
1188303920
1855174265
1727375069
1516989203
1354826296
1547925058
1639511955
1083081215
2047931126
1131191784
1080271283
1310868717
1428251785
1093238820
1177502950
1963994436
1386301606
1800790023
1663448020
1564449891
1889507892
1470092698
1353437979
1150003966
1334748900
2050106174
1253134196
1630671787
1821073632
1488613058
1798790568
1449971470
1247288837
1731817952
1893564113
1279675320
1439856554
1828928266
1076980368
1254209356
1881394109
1712271226
2063299116
1107619492
1089860778
1628248659
1398715941
1460568548
1108901712
1125924802
2015492688
1103346613
1710872125
1440993292
1221811804
1307189409
1535559357
2070729899
1100533378
1188570299
1214243547
1632588222
1138229692
1324762156
1239409744
1885274202
1845185201
1243245559
1492877009
1412575904
1395562411
1227462109
1373923515
1134493948
1187241168
1912172314
1391324169
1743179676
1879063375
1146487288
1651642591
1590025209
1336616861
1556893863
1454665879
1458471878
1114337637
1376540804
2036146943
1570015711
1133170083
1364749926
1203881336
2118815472
1825137353
1411698297
1735890903
1169987451
2009939687
1979421255
1308809987
1533285506
1646428903
2113154633
2077592036
1725004020
1770886747
1326253490
1937478397
1774096338
1492357640
1206775271
1140114526
1936748620
1504318683
1761973200
2094528846
1833198556
1769498519
1604309380
1091885854
1581889913
1489864614
1909684555
2103699578
1384981044
1455302458
2131204365
1248315703
1540199419
1790663573
1118802043
1609796189
2027620111
2038957590
1832084831
1854302014
1432335627
1635902615
2103625842
1693648742
1441980522
1364232860
1543170214
1190733966
1267674481
1112354875
2030848360
1788270172
1136429754
1187794727
1824296614
1366055669
1710448078
1108067267
1772920750
1479661125
1444400079
1170882037
1976238088
1308179067
1670350864
1130527709
1579759767
2102845985
1621703786
1308133504
1794828972
1707789189
1674390838
1949123587
1101679150
1388229878
1076935108
1522169362
1204744303
2121467576
1252581975
1759188531
1459560875
2030126081
1955214525
1164000511
1360464371
1108400777
1385423642
1089905770
1137674883
1220019632
1131466243
2095215774
1426529064
1495409939
1740501550
1990188838
1859051904
1779250930
1313257584
1281079349
1904839460
2082037651
1149165280
1112323809
1919863585
1155239168
1098891357
1559958481
1425072188
1389217590
1504407310
1081018647
1347230633
1455699529
1511041452
2078088373
1104307776
1102598357
1168041713
1107454343
1744654941
2144299290
1136446358
1340485778
1699611133
1719111670
1527490674
1186124676
1291878890
1102899396
1220445179
1083723598
1928398273
1228553874
1872921285
1389372026
1099629302
1341555065
1861374113
1516136770
1162805730
1704252337
1084087103
1618566949
1835217293
1710605281
1317686755
1331445308
1780769581
1910095909
1454004392
1439639879
1332175866
1142721638
1163660529
1415190158
1216635609
1650028423
1258288208
1236412703
1641809927
1249886040
1987795794
1769010483
1660582339
1428627520
2076857527
1292359784
1088368016
1668314808
1305602271
