0.00013408242
3.8411385e-05
6.093148e-05
5.9306996e-05
4.069783e-05
0.0001190484
6.622126e-05
2.9093799e-05
2.9148952e-05
6.6589986e-05
5.3264062e-05
0.00014197483
8.787788e-05
4.4943645e-05
7.4895695e-05
8.7403125e-05
0.0002537229
0.00015687053
0.00011686463
0.000117188545
0.000100591606
0.00014609843
0.00017272637
5.4620552e-05
0.00011390372
7.865471e-05
9.9139994e-05
2.9345805e-05
0.00024335153
0.00025684576
6.782601e-05
2.9990888e-05
6.589262e-05
8.949932e-05
0.00013622596
0.00011286617
0.0001813379
6.2481486e-05
0.00017783802
3.2446005e-05
0.00016873257
1.822174e-05
0.00016294843
7.036432e-05
0.00022125669
1.4550996e-05
0.00014068803
3.7484242e-05
0.00017518215
0.00010668821
4.1076244e-05
4.784938e-05
3.087199e-05
2.6129735e-05
0.00022979174
2.4801317e-05
0.00019871397
9.351201e-05
4.746305e-05
5.8802183e-05
5.7561872e-05
9.0133755e-05
0.00010663499
0.00016901833
0.00015196638
5.5685923e-05
2.4859519e-05
0.0002448463
1.8976783e-05
0.00019422774
0.00013523598
0.00020421985
8.337497e-05
5.077294e-05
0.00015701621
0.00014356105
3.2676566e-05
3.1674652e-05
0.00022338617
2.3696435e-05
0.00012820475
2.4035799e-05
8.336163e-05
6.274763e-05
5.9380116e-05
0.000171719
5.1456675e-05
0.00014791026
0.00012893797
3.766253e-05
9.9887475e-05
0.00014451744
0.00013979718
0.0001250121
0.00014745383
0.000107739485
0.00014359248
0.0002025315
3.1050426e-05
0.00011642644
7.9501304e-05
2.4692696e-05
7.544417e-05
0.0001573204
5.752494e-05
0.0002820676
3.51851e-05
4.3219672e-05
0.00011242772
3.6119392e-05
0.00014967435
0.0001901304
0.0001054662
2.6202686e-05
0.00015128823
0.00017638238
0.00019704703
0.00031350946
1.722699e-05
0.00014451123
5.8947044e-05
4.139838e-05
0.00013837805
0.00016021173
8.482458e-05
0.00016829015
5.7686273e-05
9.443591e-05
0.00010452679
6.41275e-05
2.8630624e-05
2.6673108e-05
4.532259e-05
0.00012654526
4.5573695e-05
0.00019755652
0.0001133341
0.00013755358
0.00015200597
5.4897082e-05
0.0001437071
0.00018989749
0.000115510105
9.744493e-05
8.3309096e-05
5.4581833e-05
0.00013898131
2.6499392e-05
0.0001244022
4.2218508e-05
0.00022520113
0.00010305911
0.000101235375
9.891904e-05
8.8136774e-05
0.00015319824
0.00021521281
6.964864e-05
0.00015363615
1.754384e-05
0.0001418809
8.568563e-05
0.00017025067
0.00015368569
2.2293782e-05
6.7378736e-05
1.47344535e-05
2.5860103e-05
6.1697065e-05
1.8557705e-05
0.00012079414
2.9653042e-05
0.0002045312
0.00013146222
0.0001815921
4.759688e-05
2.7539705e-05
0.00015741243
9.9451914e-05
0.000111172696
3.9402184e-05
9.013243e-05
0.00011560321
1.9894387e-05
0.00011281509
3.0504983e-05
2.0499741e-05
3.549155e-05
0.00013090558
6.960665e-05
0.00015830019
0.00014784453
0.000101592406
0.00022247541
0.00021519548
6.475658e-05
0.00011069087
3.693294e-05
2.386784e-05
5.47038e-05
0.00019800919
0.00015179739
0.0001232245
3.498262e-05
6.617315e-05
3.1692052e-05
0.00016883628
8.33179e-05
0.00017986746
0.00013450366
2.835062e-05
2.6932448e-05
0.0001460582
3.8542268e-05
2.7393957e-05
1.7927592e-05
2.1792788e-05
7.239332e-05
0.00017877838
0.0002991947
4.3341526e-05
5.3465676e-05
0.00010375019
0.00010259933
5.3794025e-05
3.547577e-05
0.0001436442
0.00010202895
0.00014716348
9.5017196e-05
5.562934e-05
0.0001459955
0.0002192238
4.1278512e-05
3.3258362e-05
2.6027605e-05
1.5138617e-05
9.3949035e-05
0.0001346027
0.00014623626
0.00017463784
5.082568e-05
0.00018237297
3.1801934e-05
0.00019379669
8.907249e-05
4.5731766e-05
7.6981494e-05
5.9484257e-05
0.00018947142
1.8487637e-05
0.0001540573
6.5611195e-05
0.00035017027
8.708766e-05
0.00014201642
8.719302e-05
3.4088775e-05
0.00020423048
8.53796e-05
0.00017109781
0.000103502774
0.00016899564
9.489689e-05
6.875143e-05
2.1990478e-05
0.00014050349
0.00011968212
0.00024679204
0.0001710367
9.245061e-05
0.00017236541
4.858338e-05
8.484259e-05
0.00015768979
0.000113374816
0.00023448661
0.00023809148
0.00016690286
1.537924e-05
0.00016145225
0.00032501295
0.00015776585
0.00013958232
7.613084e-05
1.7554807e-05
4.0727235e-05
0.00022708118
2.084029e-05
0.00011124698
3.510209e-05
0.00012862707
0.00015307855
3.1286178e-05
0.00018500572
5.8075202e-05
0.00014277647
4.047546e-05
0.00017144252
6.8638e-05
9.839556e-05
2.8756129e-05
0.00017640235
9.931292e-05
0.000112318055
2.38266e-05
0.00024921488
9.55472e-05
0.00014971322
0.00033291936
0.00019129929
5.5280405e-05
0.00014617426
0.00012660363
3.650736e-05
9.3263865e-05
3.0404473e-05
0.00018577774
6.9053036e-05
2.5758422e-05
2.1758982e-05
7.03906e-05
3.5719902e-05
8.642387e-05
0.00013757676
0.00016911102
0.00022845471
0.00024311506
7.120279e-05
0.0001140616
5.1749426e-05
3.786442e-05
0.00011778276
1.6684866e-05
0.00015447762
0.00022900691
3.06804e-05
0.000115424584
0.00020458654
0.0002369736
2.7026534e-05
2.3785584e-05
0.00012559906
3.852769e-05
5.4515163e-05
5.541202e-05
5.016296e-05
0.00025795185
0.000115154326
0.00011455873
3.0462877e-05
0.00020036573
0.0002351814
0.00015202221
8.874773e-05
2.3577943e-05
0.00011494639
0.00013817888
0.00018737305
0.00016062071
2.7646654e-05
5.4203872e-05
2.5799287e-05
6.4487875e-05
7.537661e-05
0.00013246754
0.00021155753
8.0983424e-05
0.0001084146
0.00020989469
0.00012815947
2.4836105e-05
0.00013588966
0.00015330156
3.777728e-05
9.543698e-05
3.2164193e-05
0.00013663936
4.9927727e-05
0.000104129125
5.210869e-05
3.6152698e-05
4.3850723e-05
0.00013950146
