1611700166
1576571175
1121251661
1998861416
1235075561
1622947092
1404117159
1616983481
1285269901
1925265035
1406776285
1166349897
1156961744
1660011366
1618059357
1293912706
1735698095
1125798131
1718160758
2064323410
1955541584
1690722125
1159352185
1775531731
1218400623
1851704991
1138184014
1323863120
1860950881
1133269181
1215523163
1759994099
1887495824
2144760752
1508739475
1232982173
1096618121
1791617869
1120594616
1218016443
1200001682
1173685927
1371203240
1409115189
1304423238
1383041209
2120192406
1169890315
1650058853
1413919584
1443807582
1281698727
1938911570
1609656000
1904469976
1188116094
1941878899
1924570821
1492932470
1538478560
1334235118
1411146767
1843590886
1576947329
1895923763
1161251120
1102857494
1234633988
2106987266
1268823356
1120166997
1309873872
1305885409
1473347809
1486187388
1416312519
1139035524
1873485439
1158304334
1382563121
1999331192
1251304437
1159618661
2013543690
1613504836
1423431878
1773073697
1272736175
1198602686
1315022999
1335595223
1282836591
1436967880
1191646181
1834246575
1547051232
1329523704
1145456418
2124916170
1729331731
1647847368
1897602534
1846938026
1886616123
1678460883
1336174308
1671648825
1139706154
1423178608
1871359098
2122911192
1448261664
