25590
26911
24477
30845
21724
29767
30351
17377
25350
32513
23643
25822
22850
22858
26755
20198
23440
28395
23181
23126
25455
27046
21597
22643
29350
23202
24632
28602
23477
28922
23601
25932
23662
26164
35883
10213
26042
29728
24436
24890
24857
19957
24887
14106
31460
25748
23702
24849
27868
25885
27177
14688
23279
28575
23058
26002
20883
23657
23046
26641
23503
26439
31171
22381
26537
30290
24724
28652
22457
23503
23343
25576
13256
28059
20570
24115
23693
22474
25375
23822
23948
31188
29959
20829
14222
25867
26211
27699
28724
34082
25106
26468
26235
21887
26335
28747
21733
14462
24051
23744
25009
32696
29244
24811
23503
22060
25381
28826
28125
19069
27915
26891
28480
24378
22241
28318
36371
26959
23116
26491
23720
29579
20889
20947
21419
26484
22616
19168
27738
25986
31822
24155
23646
27370
36791
25465
25106
25811
26908
24158
31942
25548
34066
32807
27433
25348
35153
24870
27014
34255
25524
28631
25058
28400
31232
27420
26466
24852
29065
26376
29966
22726
15618
24703
22606
29919
26600
29245
27716
25273
27743
26633
26054
31526
27225
29484
28388
27894
25258
30766
24109
13957
27387
24125
25694
29125
26326
23402
30037
32821
33570
27005
28586
32833
22990
28711
23168
26080
25562
35199
32129
25817
24912
21540
22598
25284
24511
26069
30526
20148
27752
24479
26878
22350
30050
25486
20708
28530
26733
41910
26586
19020
24062
31567
23106
25962
21297
26923
26040
23844
23750
28617
23303
27076
28042
26568
29135
25382
25961
30627
36073
24441
27577
27825
21483
27084
25238
27842
15354
25731
30743
28915
25079
26269
33105
25439
25228
26093
23951
24610
27811
19421
25808
18108
30203
29329
27138
26888
35527
23968
20000
26291
31443
26163
26714
24290
35043
39774
24205
24720
26601
24812
34326
22114
27776
23426
28849
25622
24603
21745
21084
23938
26037
34439
23760
27447
27581
29648
24293
28240
24709
29890
26665
12453
21859
37053
27486
23752
33908
18751
28391
27312
26796
27115
38711
29240
20330
25458
25126
23244
30702
22915
21129
25123
26042
57165
26798
24893
30564
27298
21974
25390
26865
23011
25177
28393
29414
28631
24336
26205
37943
24504
27049
21612
21000
29903
23818
28711
26164
26451
24539
14123
28091
29522
25392
28205
25919
32017
25557
23267
25439
24687
27102
27380
30250
16771
23642
24796
26938
26703
28651
23228
23365
29154
26463
28355
28527
24409
27391
23603
33199
27510
24859
25360
26499
26618
23760
22708
16430
26791
26971
22577
22740
12734
34430
21444
22219
24795
23594
25843
31157
29131
29042
26283
24663
24208
34081
28765
24375
16655
21042
28571
23997
17329
25296
24962
33585
26026
25379
24461
29004
29735
25265
24287
27053
26336
29594
31130
16220
24837
21921
24995
24227
25124
25396
27355
22427
30349
27845
25036
26718
23876
26978
27300
31409
20143
26421
24593
25593
25014
42262
23101
22770
25739
26747
31008
24332
25364
28850
28812
28280
31692
23963
27571
31232
23629
22706
32087
29013
30818
20564
25672
28917
25838
21544
24648
28296
27632
24380
30863
22859
32678
25120
27874
22558
22415
28374
22371
24667
23631
22941
21807
27592
25638
12973
29277
26162
23403
28740
23729
29534
25450
25197
28273
42812
22535
24604
25275
25734
21690
25159
26159
27273
25249
29895
26907
26953
32099
22477
27033
28183
30673
25377
31984
23679
25100
26236
21405
27722
10014
25921
27541
27688
25927
25047
30095
22444
21836
21539
23538
38022
22728
22553
24057
26382
27153
28179
22854
26056
26245
38143
24639
25910
35746
25789
25177
23791
28818
26582
27132
26885
9741
25868
26875
28001
24843
26045
25897
29199
26178
29406
26902
22930
25229
25893
25484
24497
26119
29345
25952
21859
20440
32287
26319
28512
26627
27833
25863
23811
27121
32307
28275
28822
23351
24081
18325
25167
27104
22777
27301
25073
25611
25068
30553
24401
27419
28298
26736
27491
34305
26031
25998
22707
29775
36029
31816
28205
24370
37375
16883
25230
34384
25230
25014
21891
31094
25344
34965
28375
34794
30529
34319
24137
26440
24952
23940
24315
32099
24029
21884
23874
22751
22897
27533
21885
25568
24306
32323
25870
25788
23676
25829
28190
26185
13166
27388
23515
23600
28851
22522
22937
27377
24169
21186
26240
37528
23874
26561
32448
25030
27929
24228
