0.00053692
0.00118019
0.00061592
0.00064674
0.00055510
0.00057349
0.00077995
0.00058382
0.00059986
0.00066418
0.00081472
0.00074574
0.00072918
0.00062214
0.00066874
0.00069780
0.00055232
0.00069405
0.00077477
0.00067173
0.00072454
0.00089688
0.00071436
0.00064140
0.00064898
0.00066398
0.00110848
0.00075681
0.00069987
0.00068988
0.00053993
0.00070382
0.00067139
0.00058393
0.00070358
0.00124960
0.00076123
0.00073852
0.00056449
0.00062335
0.00058680
0.00062491
0.00049058
0.00059489
0.00077236
0.00062729
0.00066775
0.00060869
0.00065640
0.00066704
0.00095364
0.00047410
0.00058531
0.00053388
0.00064028
0.00122631
0.00121799
0.00082012
0.00068868
0.00097378
0.00090295
0.00055308
0.00068541
0.00053946
0.00056167
0.00075851
0.00063641
0.00065452
0.00054487
0.00081849
0.00069215
0.00061933
0.00066107
0.00082050
0.00062738
0.00054636
0.00077380
0.00061564
0.00104550
0.00103266
0.00056254
0.00060088
0.00059097
0.00052408
0.00059358
0.00063547
0.00139057
0.00061564
0.00064726
0.00069536
0.00104977
0.00067470
0.00073895
0.00068806
0.00068083
0.00074246
0.00067770
0.00065412
0.00052530
0.00048653
0.00056047
0.00057133
0.00059829
0.00067542
0.00062626
0.00070310
0.00050932
0.00069378
0.00065676
0.00055894
0.00067449
0.00062675
