5356
-2117
-1095
3887
1921
3665
2911
-1874
44
241
2148
-1492
497
674
2271
-3913
-6910
5749
2328
-3681
-6894
-1914
-2926
-2172
2841
8336
-257
-344
-502
6288
6248
-4653
4937
3983
9516
1970
3691
-1853
-174
-2193
-4387
10957
5953
-41
-1536
-2834
-3105
-1274
5762
-2244
2786
6729
-3393
216
7160
-1359
-697
1857
-2993
3431
4616
-1485
421
-7894
1163
-10091
1353
-6811
3775
3751
-4791
6079
-6512
1297
-1306
5287
4424
-5417
-952
-3456
570
-3606
3437
-743
7181
-3444
-1001
-1459
-10796
-3764
11564
-6063
-1913
-1761
-5499
-4904
254
-3273
8235
-3309
-1709
6427
3883
10437
2312
-4148
2095
-3309
-3216
-1215
2239
884
