1333926466
1466030729
1530193463
1606742826
1379087066
1424767555
1937701321
1450439279
1490284096
1650078579
2024086714
1852699393
1811558341
1545629645
1661420195
1733615047
1372168000
1724293673
1924827951
1668846938
1800033543
1114098706
1774745631
1593494368
1612329021
1649579625
1376950809
1880215154
1738744158
1713936009
1341386357
1748552274
1668004298
1450706202
1747962600
1552246023
1891200872
1834764951
1402403585
1548651284
1457829385
1552520797
1218791884
1477941083
1918842244
1558436720
1658960315
1512234597
1630743227
1657187806
1184601301
1177839248
1454139566
1326354921
1590699525
1523313651
1512976922
2037500909
1710952751
1209623162
1121638848
1374071354
1702814213
1340233179
1395419969
1884433586
1581100761
1626074689
1353663075
2033456936
1719571053
1538649518
1642346532
2038451713
1558658284
1357359873
1922408197
1529490391
1298718784
1282766202
1397574545
1492822482
1468209729
1302026537
1474689156
1578757769
1727364161
1529500859
1608049528
1727540365
1304012759
1676217854
1835839622
1709403550
1691435961
1844567833
1683670766
1625095971
1305055155
1208729057
1392436711
1419413392
1486381436
1677997341
1555868676
1746774531
1265346416
1723608047
1631650416
1388626514
1675704943
1557091637
