0.00005909
0.00006265
0.00005207
0.00015471
0.00009564
0.00006636
0.00004614
0.00009122
0.00008324
0.00005134
0.00003753
0.00004770
0.00016367
0.00006707
0.00002081
0.00003771
0.00004397
0.00005436
0.00004309
0.00006514
0.00003301
0.00012032
0.00005020
0.00012804
0.00003913
0.00004274
0.00007669
0.00005608
0.00005829
0.00003405
0.00004672
0.00008500
0.00007065
0.00005174
0.00034226
0.00004274
0.00005558
0.00004499
0.00009585
0.00012562
0.00002977
0.00009159
0.00004321
0.00005778
0.00006659
0.00008772
0.00003813
0.00003046
0.00007023
0.00004266
0.00011666
0.00004624
0.00006670
0.00005000
0.00007879
0.00032357
0.00003515
0.00002424
0.00006228
0.00007393
0.00013449
0.00004152
0.00003000
0.00003427
0.00004322
0.00004986
0.00005468
0.00004891
0.00007209
0.00014092
0.00014404
0.00006498
0.00005784
0.00008476
0.00012289
0.00003442
0.00008010
0.00004059
0.00006383
0.00008483
0.00005997
0.00005295
0.00005666
0.00005240
0.00010101
0.00005130
0.00008300
0.00005943
0.00017234
0.00004993
0.00002967
0.00006596
0.00009916
0.00012947
0.00007156
0.00008077
0.00009802
0.00005243
0.00006150
0.00004706
0.00004725
0.00007932
0.00005153
0.00007352
0.00007068
0.00005193
0.00005364
0.00005815
0.00017624
0.00003943
0.00003813
0.00006376
0.00004070
0.00004958
0.00006623
0.00006310
0.00003285
0.00018727
0.00007719
0.00008014
0.00016323
0.00004470
0.00003130
0.00004292
0.00006276
0.00010644
0.00004481
0.00006763
0.00006963
0.00003796
0.00004109
0.00003343
0.00011635
0.00004284
0.00004723
0.00006083
0.00016814
0.00006562
0.00004459
0.00010488
0.00004884
0.00004658
0.00013840
0.00007235
0.00004290
0.00006300
0.00009772
0.00004346
0.00012312
0.00010925
0.00005551
0.00005979
0.00004741
0.00008150
0.00006705
0.00007824
0.00008380
0.00002779
0.00007268
0.00003782
0.00003473
0.00012866
0.00004583
0.00005034
0.00004556
0.00003631
0.00006679
0.00008596
0.00004201
0.00008698
0.00005137
0.00006296
0.00021986
0.00006343
0.00003176
0.00005069
0.00007510
0.00017040
0.00004307
0.00004301
0.00005312
0.00003151
0.00025100
0.00007624
0.00006402
0.00011598
0.00007971
0.00007795
0.00008145
0.00005405
0.00015351
0.00006253
0.00013152
0.00005633
0.00005693
0.00007859
0.00008883
0.00009443
0.00002204
0.00007419
0.00006515
0.00007027
0.00012452
0.00005114
0.00005652
0.00005195
0.00006263
0.00010307
0.00002578
0.00004825
0.00006484
0.00010546
0.00004318
0.00005722
0.00010756
0.00003755
0.00005834
0.00006994
0.00006956
0.00004884
0.00008767
0.00009261
0.00005510
0.00003394
0.00004800
0.00009229
0.00004661
0.00010341
0.00007437
0.00006346
0.00010008
0.00007732
0.00005129
0.00003758
0.00004058
0.00002030
0.00003411
0.00012769
0.00007339
0.00006140
0.00007040
0.00006187
0.00004672
0.00004724
0.00005515
0.00007522
0.00007292
0.00020677
0.00004378
0.00005011
0.00003335
0.00009422
0.00008638
0.00004739
0.00003274
0.00020447
0.00005283
0.00003439
0.00007224
0.00006303
0.00008875
0.00007209
0.00010878
0.00004347
0.00012672
0.00005975
0.00007550
0.00004930
0.00004137
0.00015172
0.00003580
0.00009395
0.00004657
0.00011023
0.00009835
0.00005056
0.00006110
0.00003985
0.00014675
0.00004490
0.00008021
0.00005600
0.00006890
0.00003758
0.00003724
0.00003979
0.00005694
0.00011141
0.00007028
0.00009299
0.00006470
0.00006088
0.00003962
0.00014174
0.00010133
0.00013554
0.00007550
0.00005895
0.00005052
0.00010736
0.00004416
0.00013258
0.00009926
0.00007038
0.00010302
0.00003625
0.00005926
0.00002913
0.00005051
0.00006982
0.00009611
0.00020877
0.00012494
0.00005795
0.00008375
0.00012690
0.00004900
0.00008011
0.00020421
0.00005505
0.00002981
0.00021787
0.00010203
0.00002818
0.00011018
0.00012420
0.00015047
0.00005605
0.00004914
0.00004593
0.00006797
0.00006015
0.00003765
0.00008429
0.00005874
0.00006182
0.00004971
0.00007174
0.00007366
0.00009364
0.00005943
0.00002701
0.00003995
0.00011555
0.00008588
0.00005385
0.00003422
0.00008573
0.00004710
0.00002890
0.00007282
0.00003313
0.00006808
0.00008758
0.00010537
0.00007315
0.00003782
0.00011361
0.00006796
0.00011499
0.00004979
0.00007863
0.00007749
0.00007560
0.00006269
0.00005034
0.00005238
0.00005127
0.00003581
0.00003691
0.00003045
0.00006706
0.00010014
0.00005173
0.00010838
0.00004955
0.00011981
0.00006579
0.00006983
0.00005963
0.00004692
0.00003606
0.00005082
0.00005016
0.00004199
0.00004742
0.00006796
0.00003118
0.00024916
0.00004353
0.00010011
0.00009145
0.00009974
0.00007297
0.00003872
0.00004275
0.00005349
0.00005207
0.00026415
0.00004539
0.00005184
0.00004162
0.00004173
0.00005087
0.00003816
0.00004280
0.00009149
0.00003247
0.00004595
0.00011582
0.00004960
0.00003308
0.00004813
0.00004952
0.00007217
0.00005486
0.00002953
0.00005125
0.00007908
0.00002172
0.00011929
0.00007868
0.00007105
0.00006434
0.00004350
0.00009313
0.00003634
0.00017799
0.00013774
0.00008565
0.00005086
0.00006011
0.00003685
0.00004003
0.00005921
0.00003212
0.00003794
0.00004578
0.00008313
0.00009524
0.00003434
0.00003843
0.00005787
0.00006480
0.00004419
0.00006759
0.00012375
0.00004908
0.00007828
0.00010021
0.00005360
0.00004506
0.00007825
0.00008756
0.00016059
0.00013835
0.00011134
0.00008102
0.00007631
0.00005502
0.00010828
0.00002566
0.00003358
0.00018182
0.00003992
0.00002819
0.00019989
0.00005928
0.00003069
0.00005937
0.00004905
0.00003671
0.00004142
0.00005786
0.00003747
0.00005331
0.00004343
0.00004547
0.00009376
0.00007194
0.00013590
0.00003633
0.00006128
0.00006730
0.00006672
0.00003794
0.00004477
0.00005381
0.00005872
0.00004409
0.00008786
0.00006321
0.00004529
0.00005898
0.00005175
0.00006243
0.00005731
0.00003872
0.00002953
0.00003872
0.00017032
0.00008877
0.00007504
0.00009669
0.00005032
0.00006583
0.00007325
0.00004091
0.00015075
0.00002946
0.00007500
0.00004488
0.00009277
0.00008332
0.00022964
0.00003962
0.00005088
0.00003086
0.00004974
0.00003160
0.00005438
0.00002950
0.00009636
0.00004414
0.00003443
0.00002878
0.00006477
0.00003426
0.00006638
0.00004965
0.00007198
0.00003557
0.00011670
0.00004991
0.00011650
0.00005426
0.00009691
0.00028309
0.00003528
0.00006824
0.00008640
0.00003520
0.00005882
0.00010254
0.00010422
0.00005126
0.00003937
0.00006512
0.00005529
0.00008665
0.00006841
0.00003356
0.00003798
0.00003387
0.00005455
0.00008072
0.00005398
0.00004200
0.00005581
0.00005250
0.00005541
0.00009473
0.00005981
0.00004139
0.00003348
0.00004712
0.00002745
0.00015419
0.00009120
0.00004662
0.00005552
0.00013136
0.00007421
0.00004365
0.00004150
0.00010595
0.00004935
0.00004568
0.00008066
0.00011897
0.00005379
0.00012058
0.00005661
0.00003866
0.00009909
0.00012954
0.00008424
0.00004810
0.00018768
0.00005664
0.00009588
0.00005287
0.00002558
0.00015419
0.00007356
0.00007854
0.00007712
0.00012691
0.00008323
0.00006896
0.00005741
0.00002991
0.00005112
0.00004945
0.00006373
0.00003577
0.00004930
0.00006352
0.00004386
0.00011804
0.00012616
0.00004839
0.00007001
0.00006838
0.00005567
0.00006253
0.00019056
0.00013086
0.00004791
0.00015624
0.00013015
0.00004936
0.00003496
0.00013324
0.00009150
0.00005025
0.00006482
0.00004584
0.00005687
0.00008046
0.00011461
0.00021172
0.00004952
0.00009683
0.00019183
0.00003588
0.00006745
0.00004536
0.00004713
0.00005073
0.00009189
0.00002811
0.00007864
0.00005960
0.00015753
0.00005257
0.00015953
0.00004724
0.00004108
0.00012258
0.00005376
0.00005066
0.00005778
0.00012721
0.00014681
0.00007331
0.00014189
0.00004848
0.00005575
0.00019501
0.00004200
0.00004962
0.00006593
0.00006635
0.00005623
0.00001885
0.00004926
0.00012806
0.00003516
0.00004441
0.00005798
0.00007837
