0.00142836
0.00151458
0.00125881
0.00374012
0.00231204
0.00160427
0.00111548
0.00220527
0.00201225
0.00124101
0.00090722
0.00115313
0.00395659
0.00162137
0.00050317
0.00091159
0.00106296
0.00131421
0.00104171
0.00157470
0.00079800
0.00290870
0.00121352
0.00309529
0.00094591
0.00103326
0.00185389
0.00135561
0.00140905
0.00082316
0.00112941
0.00205482
0.00170796
0.00125084
0.00827405
0.00103321
0.00134357
0.00108773
0.00231725
0.00303687
0.00071956
0.00221413
0.00104460
0.00139687
0.00160986
0.00212062
0.00092171
0.00073638
0.00169768
0.00103123
0.00282031
0.00111772
0.00161256
0.00120874
0.00190463
0.00782208
0.00084969
0.00058609
0.00150551
0.00178712
0.00325122
0.00100369
0.00072514
0.00082835
0.00104485
0.00120530
0.00132178
0.00118240
0.00174283
0.00340663
0.00348202
0.00157094
0.00139825
0.00204893
0.00297082
0.00083213
0.00193636
0.00098131
0.00154310
0.00205083
0.00144978
0.00127997
0.00136963
0.00126679
0.00244194
0.00124017
0.00200651
0.00143667
0.00416637
0.00120694
0.00071727
0.00159465
0.00239711
0.00312993
0.00172987
0.00195268
0.00236957
0.00126742
0.00148663
0.00113777
0.00114235
0.00191749
0.00124576
0.00177723
0.00170863
0.00125549
0.00129671
0.00140586
0.00426047
0.00095327
0.00092172
0.00154134
0.00098384
0.00119849
0.00160113
0.00152538
0.00079415
0.00452726
0.00186606
0.00193727
0.00394605
0.00108058
0.00075667
0.00103769
0.00151715
0.00257320
0.00108338
0.00163494
0.00168321
0.00091759
0.00099334
0.00080807
0.00281261
0.00103566
0.00114180
0.00147048
0.00406470
0.00158627
0.00107786
0.00253536
0.00118061
0.00112595
0.00334566
0.00174902
0.00103711
0.00152302
0.00236234
0.00105074
0.00297640
0.00264100
0.00134188
0.00144551
0.00114619
0.00197023
0.00162097
0.00189137
0.00202590
0.00067187
0.00175701
0.00091439
0.00083963
0.00311035
0.00110802
0.00121684
0.00110145
0.00087778
0.00161460
0.00207795
0.00101557
0.00210264
0.00124180
0.00152208
0.00531495
0.00153339
0.00076789
0.00122553
0.00181549
0.00411941
0.00104113
0.00103972
0.00128404
0.00076164
0.00606794
0.00184316
0.00154756
0.00280371
0.00192696
0.00188450
0.00196899
0.00130669
0.00371113
0.00151171
0.00317933
0.00136169
0.00137636
0.00189997
0.00214740
0.00228277
0.00053272
0.00179350
0.00157505
0.00169873
0.00301012
0.00123631
0.00136633
0.00125579
0.00151399
0.00249172
0.00062328
0.00116637
0.00156738
0.00254955
0.00104388
0.00138331
0.00260012
0.00090769
0.00141037
0.00169083
0.00168151
0.00118074
0.00211933
0.00223888
0.00133193
0.00082055
0.00116047
0.00223104
0.00112669
0.00249995
0.00179788
0.00153421
0.00241947
0.00186925
0.00123982
0.00090856
0.00098094
0.00049068
0.00082455
0.00308691
0.00177424
0.00148420
0.00170201
0.00149573
0.00112932
0.00114191
0.00133330
0.00181842
0.00176285
0.00499859
0.00105837
0.00121147
0.00080623
0.00227780
0.00208830
0.00114556
0.00079151
0.00494293
0.00127712
0.00083145
0.00174639
0.00152377
0.00214538
0.00174276
0.00262960
0.00105089
0.00306348
0.00144446
0.00182521
0.00119189
0.00100002
0.00366788
0.00086540
0.00227129
0.00112587
0.00266472
0.00237766
0.00122222
0.00147719
0.00096343
0.00354769
0.00108543
0.00193892
0.00135368
0.00166553
0.00090857
0.00090026
0.00096181
0.00137650
0.00269319
0.00169901
0.00224798
0.00156398
0.00147177
0.00095781
0.00342641
0.00244971
0.00327663
0.00182527
0.00142513
0.00122135
0.00259533
0.00106745
0.00320506
0.00239963
0.00170149
0.00249051
0.00087624
0.00143261
0.00070420
0.00122096
0.00168788
0.00232353
0.00504689
0.00302047
0.00140097
0.00202474
0.00306764
0.00118461
0.00193651
0.00493664
0.00133092
0.00072060
0.00526702
0.00246662
0.00068135
0.00266363
0.00300253
0.00363760
0.00135487
0.00118791
0.00111045
0.00164313
0.00145400
0.00091012
0.00203772
0.00142008
0.00149445
0.00120181
0.00173438
0.00178067
0.00226367
0.00143676
0.00065301
0.00096576
0.00279330
0.00207605
0.00130175
0.00082715
0.00207258
0.00113872
0.00069875
0.00176036
0.00080094
0.00164579
0.00211723
0.00254718
0.00176830
0.00091425
0.00274659
0.00164288
0.00277972
0.00120363
0.00190091
0.00187324
0.00182763
0.00151555
0.00121688
0.00126631
0.00123932
0.00086565
0.00089221
0.00073611
0.00162113
0.00242074
0.00125050
0.00262014
0.00119780
0.00289634
0.00159045
0.00168805
0.00144160
0.00113425
0.00087165
0.00122865
0.00121253
0.00101510
0.00114642
0.00164294
0.00075380
0.00602346
0.00105237
0.00242009
0.00221075
0.00241114
0.00176400
0.00093598
0.00103342
0.00129306
0.00125871
0.00638568
0.00109740
0.00125318
0.00100617
0.00100885
0.00122976
0.00092245
0.00103461
0.00221183
0.00078494
0.00111082
0.00279989
0.00119902
0.00079974
0.00116347
0.00119724
0.00174466
0.00132613
0.00071390
0.00123899
0.00191164
0.00052517
0.00288374
0.00190218
0.00171766
0.00155531
0.00105169
0.00225145
0.00087849
0.00430280
0.00332991
0.00207047
0.00122951
0.00145309
0.00089085
0.00096777
0.00143129
0.00077649
0.00091717
0.00110660
0.00200972
0.00230232
0.00083024
0.00092894
0.00139910
0.00156652
0.00106836
0.00163392
0.00299151
0.00118649
0.00189232
0.00242258
0.00129567
0.00108920
0.00189173
0.00211668
0.00388214
0.00334457
0.00269169
0.00195851
0.00184484
0.00133020
0.00261754
0.00062022
0.00081174
0.00439534
0.00096509
0.00068143
0.00483218
0.00143312
0.00074188
0.00143535
0.00118582
0.00088743
0.00100132
0.00139868
0.00090583
0.00128884
0.00104980
0.00109927
0.00226663
0.00173911
0.00328523
0.00087828
0.00148149
0.00162687
0.00161303
0.00091708
0.00108219
0.00130090
0.00141963
0.00106585
0.00212396
0.00152806
0.00109495
0.00142572
0.00125107
0.00150934
0.00138555
0.00093603
0.00071385
0.00093605
0.00411746
0.00214587
0.00181411
0.00233749
0.00121657
0.00159131
0.00177087
0.00098899
0.00364422
0.00071222
0.00181313
0.00108497
0.00224271
0.00201424
0.00555146
0.00095792
0.00123006
0.00074604
0.00120235
0.00076396
0.00131471
0.00071315
0.00232958
0.00106698
0.00083237
0.00069566
0.00156587
0.00082829
0.00160470
0.00120019
0.00174017
0.00085989
0.00282129
0.00120666
0.00281645
0.00131181
0.00234277
0.00684347
0.00085284
0.00164962
0.00208876
0.00085095
0.00142192
0.00247897
0.00251941
0.00123917
0.00095185
0.00157429
0.00133666
0.00209465
0.00165380
0.00081133
0.00091809
0.00081871
0.00131863
0.00195130
0.00130490
0.00101540
0.00134910
0.00126906
0.00133947
0.00229006
0.00144579
0.00100062
0.00080935
0.00113921
0.00066360
0.00372748
0.00220483
0.00112696
0.00134214
0.00317566
0.00179392
0.00105531
0.00100325
0.00256138
0.00119313
0.00110437
0.00194996
0.00287600
0.00130028
0.00291498
0.00136845
0.00093450
0.00239545
0.00313159
0.00203643
0.00116272
0.00453713
0.00136935
0.00231779
0.00127815
0.00061832
0.00372739
0.00177835
0.00189861
0.00186446
0.00306801
0.00201212
0.00166700
0.00138783
0.00072309
0.00123585
0.00119555
0.00154071
0.00086469
0.00119190
0.00153558
0.00106023
0.00285360
0.00304992
0.00116984
0.00169246
0.00165300
0.00134570
0.00151165
0.00460682
0.00316350
0.00115830
0.00377712
0.00314638
0.00119315
0.00084508
0.00322096
0.00221190
0.00121469
0.00156698
0.00110808
0.00137470
0.00194520
0.00277072
0.00511830
0.00119704
0.00234088
0.00463738
0.00086731
0.00163049
0.00109657
0.00113939
0.00122632
0.00222150
0.00067965
0.00190106
0.00144074
0.00380813
0.00127081
0.00385658
0.00114196
0.00099320
0.00296339
0.00129974
0.00122473
0.00139670
0.00307526
0.00354912
0.00177236
0.00343023
0.00117207
0.00134776
0.00471420
0.00101536
0.00119948
0.00159383
0.00160392
0.00135938
0.00045564
0.00119082
0.00309577
0.00085005
0.00107358
0.00140173
0.00189461
