19
89
46
125
128
61
31
68
152
81
113
137
131
144
76
69
199
207
159
5
117
44
42
63
88
0
92
90
130
37
22
106
108
111
60
0
115
94
53
129
136
14
108
67
153
170
146
56
16
165
153
120
93
84
165
73
49
152
138
0
80
180
129
132
87
157
90
98
200
97
55
104
164
127
148
141
120
66
50
105
39
146
109
135
0
136
151
137
35
144
76
62
88
62
95
92
129
28
72
84
96
73
182
54
103
82
117
28
105
66
112
122
11
10
88
117
107
90
0
64
52
100
130
59
183
138
142
63
166
96
181
70
132
131
130
146
65
6
158
52
79
117
126
60
44
140
115
78
34
2
70
70
64
86
122
71
119
126
104
155
148
80
40
73
119
42
46
143
33
65
85
0
86
54
100
89
86
110
127
93
116
154
76
166
138
121
90
16
104
133
90
55
116
149
76
133
53
138
28
111
119
32
149
136
122
83
34
145
130
37
148
129
71
140
136
136
15
111
181
169
88
100
100
113
69
88
156
72
159
84
98
87
121
160
68
172
113
122
71
119
17
136
94
0
102
102
119
86
68
29
24
153
8
62
104
43
149
127
95
53
13
139
132
132
88
86
123
75
184
40
112
154
154
118
10
25
108
167
107
3
6
50
83
5
183
5
2
17
31
123
96
102
145
35
74
152
123
15
39
73
103
84
80
134
9
59
72
111
166
100
134
113
165
73
115
83
110
68
34
61
155
144
95
0
15
112
64
65
140
46
67
147
110
86
163
61
103
71
124
66
122
177
116
100
10
82
0
89
0
36
0
0
130
127
140
112
137
105
123
152
123
94
126
150
133
48
118
96
80
101
77
62
129
45
148
0
172
0
118
89
85
49
64
88
114
106
149
100
81
113
112
121
172
103
129
139
36
128
119
57
79
109
121
148
130
175
68
72
126
26
27
70
95
137
150
59
121
0
50
60
51
102
119
0
144
146
107
120
188
23
7
87
128
5
107
100
94
87
102
110
107
131
60
66
0
0
123
96
165
141
63
71
74
133
69
38
121
101
124
89
97
77
149
82
114
80
118
146
0
148
0
186
53
114
135
143
71
59
160
0
100
150
125
0
56
145
150
125
75
165
55
104
141
132
118
66
21
47
78
110
102
7
95
0
53
80
0
164
78
61
68
84
54
91
3
43
48
36
100
85
160
56
34
71
57
96
63
106
32
101
74
114
187
61
114
59
25
85
129
145
130
19
102
71
108
134
193
51
128
48
114
23
77
0
95
116
17
92
86
116
64
123
77
6
76
0
41
17
38
143
47
13
124
57
127
62
98
48
45
182
67
84
83
75
45
135
92
77
98
58
141
117
86
73
0
0
107
143
0
71
60
127
44
11
15
146
63
104
101
60
66
118
44
99
112
119
99
136
56
99
58
41
127
113
105
134
16
183
25
62
42
133
5
44
76
84
131
62
85
149
139
91
98
43
152
0
157
51
30
72
136
60
100
49
96
87
76
72
125
95
66
87
75
120
58
100
32
121
117
0
90
124
