0.0045738616
0.0032589473
0.0039319093
0.0022861673
0.003187329
0.0025323927
0.004434878
0.0028976498
0.0020520748
0.0032678351
0.0020046097
0.0027419596
0.0039750645
0.0024248203
0.0027320331
0.0042390074
0.0025878667
0.0040688715
0.002994212
0.0047142482
0.0019327792
0.0029323346
0.0033489773
0.003892149
0.0030108362
0.00361552
0.0043020626
0.0031596008
0.0045785066
0.0021804222
0.0019899039
0.0027590136
0.0022862966
0.0028278318
0.0018120616
0.0028345203
0.0031925638
0.0027949559
0.0034867963
0.002328178
0.0030844377
0.0025596553
0.002831941
0.002839199
0.0031564627
0.0022258302
0.003766215
0.00435689
