63
274
12
239
1006
382
964
1161
955
1110
167
2619
513
986
577
4111
1147
1061
931
-221
1309
373
-413
1580
-77
311
1220
538
165
46
997
693
781
1082
880
878
171
1120
922
-1177
1015
402
142
879
459
665
230
1042
1396
645
623
1073
1207
1304
68
1649
-332
551
538
1224
1714
817
627
966
-344
522
261
-588
979
1109
1328
536
-817
950
61
790
817
290
584
80
-1498
765
-200
855
961
-662
-1068
807
391
665
359
984
-115
1287
1045
1414
933
184
360
788
1602
134
-1124
596
475
-313
894
1212
-148
698
-744
604
430
267
286
-430
779
1584
848
621
-277
-1153
-440
1313
-174
-13
720
-1407
1677
852
687
631
657
1134
778
1042
901
640
152
75
7194
934
750
688
206
1214
945
-136
3279
748
462
959
1504
643
-37
787
1230
651
109
1148
667
9525
439
46
2282
889
1218
711
568
980
-196
793
675
607
1138
257
1028
736
-202
945
-780
-2311
1133
-142
893
-415
18
487
582
101
1090
1101
-445
372
750
838
534
1244
133
278
-670
1247
-755
174
1136
-471
1610
1034
1249
321
6055
1192
933
530
530
737
811
3592
1320
300
320
1375
527
303
989
-1426
915
440
990
59
-137
1365
189
1134
414
-549
863
-478
-87
27
1034
268
-118
-266
565
372
400
-256
425
1084
756
-520
675
1296
1339
-343
677
688
158
954
937
406
-569
1370
1338
867
104
908
903
438
-612
504
470
986
833
-295
-59
1195
840
487
-168
698
-103
508
387
569
774
7149
-234
-151
250
344
-803
847
2720
246
-795
956
673
1067
32
604
1191
546
830
-430
901
1314
387
-466
1026
724
781
1606
-331
438
259
915
954
1485
849
582
-885
-309
-140
473
3119
1155
944
-5
669
1806
1585
-96
560
420
1258
383
719
26
1197
1354
603
-488
-267
1474
1291
336
1070
-54
1466
-507
611
202
761
294
1269
-1445
-278
216
591
771
1263
995
133
1334
849
556
693
382
1180
-560
838
445
1448
5383
-2572
502
519
645
266
1333
-820
396
-537
506
1334
1866
-102
-3596
145
413
313
-340
-2970
624
784
785
929
-194
458
723
385
602
1168
480
-376
1072
-1586
-181
864
771
532
1528
778
281
1207
572
1162
83
-5033
732
840
1109
558
890
761
-193
1298
199
966
842
196
-524
859
917
342
118
707
928
6243
629
-969
727
-265
1213
2746
1194
464
376
940
1058
393
470
854
1031
174
-142
907
147
436
51
-259
1119
1019
-2207
795
165
1349
1060
574
-5
1247
503
925
1489
1148
979
1247
-100
317
593
366
951
-74
-2707
1085
1409
463
1564
758
1180
138
1203
1385
426
390
1268
85
-1299
1115
1145
523
485
602
-39
895
-935
535
900
539
546
-122
482
1161
599
486
535
893
-5635
1094
924
425
352
1281
931
330
595
1182
1087
-2263
866
1052
420
-4328
731
779
1306
1209
907
1606
467
556
-783
-1394
1369
291
3178
45
194
-102
1334
821
1850
735
11
1161
888
680
80
174
911
536
620
1154
4022
391
-720
743
479
999
997
1274
755
1409
437
534
1740
-2253
1649
1427
768
999
130
-940
372
348
-263
1177
200
312
-33
735
695
758
-166
749
-565
3555
692
-531
-277
168
-155
1658
-258
717
-435
1093
687
290
499
516
78
788
631
96
-2119
948
309
1807
537
214
-520
130
266
-260
-265
900
1149
614
1450
735
1033
598
-810
1162
492
1763
235
682
669
-98
-2
421
1200
518
1120
1149
579
244
-1486
710
-384
89
-4061
1437
452
6193
-465
995
1045
-496
501
1231
781
-576
1212
-1554
1486
-722
784
-2959
-2143
173
700
643
1247
1555
264
601
946
-2626
1051
-252
466
-314
-442
720
713
3
-930
675
270
246
1268
-141
88
998
529
1223
682
-483
847
624
633
1302
-407
-1249
1035
-470
532
888
1095
-280
1363
112
389
810
741
1487
1240
1049
157
1034
818
802
747
1206
706
-522
-1062
1091
352
919
598
1122
652
190
798
7773
40
1164
1027
546
639
946
371
1523
-655
-451
2106
965
387
63
240
723
959
241
76
-113
-2249
999
-2596
924
527
187
1260
1052
-50
986
1033
797
-301
285
1334
176
1150
1422
-6
-1775
92
312
1010
1078
1067
497
762
727
-116
-105
2580
402
169
1392
622
-587
1576
695
671
527
-579
1325
1136
237
-267
586
872
1223
715
-399
1268
1056
-2140
-748
498
1219
257
971
-414
535
1398
1339
1016
912
-2161
1103
23
90
62
366
520
-911
138
146
571
472
387
760
1178
297
1338
-1747
-4891
1382
1226
991
302
1492
364
4107
368
715
820
-1896
671
1067
327
972
-43
1237
290
1054
356
554
967
407
613
435
734
440
117
987
-1893
798
765
945
865
-51
697
685
-684
497
344
438
724
562
203
977
1091
938
715
1551
455
554
999
1016
1470
-977
1000
1089
220
359
370
494
-583
-108
215
-1861
1210
869
362
-875
289
554
-183
150
274
789
932
73
317
134
1289
1063
588
-541
644
591
1714
-44
1371
-1043
6
462
1713
-2547
1087
41
-439
848
1625
7254
8747
401
-1081
1486
1483
109
937
-817
871
685
837
-223
638
739
-2340
766
0
1420
60
308
298
746
162
1364
265
790
1145
865
603
995
346
706
366
925
724
363
628
819
468
-87
1023
-1025
740
-702
1258
391
-166
327
871
339
335
1399
657
429
-860
1360
-7
-33
993
-2647
-741
445
-84
-1622
785
1048
1004
1088
-262
389
1033
676
3059
1292
831
-347
219
-529
41
233
-23
5579
1110
696
-167
727
-2218
35
406
-1171
332
1041
127
-227
628
238
229
215
985
415
352
807
805
1096
-801
625
580
563
1316
235
389
330
399
151
1067
-176
565
143
1325
1202
849
-346
842
545
336
1865
1252
956
454
629
1466
109
-510
-3371
711
1252
929
-702
-462
247
887
42
993
449
1970
940
328
876
449
268
-167
217
1186
1258
425
916
745
600
1243
97
-123
1058
673
747
1070
1461
1177
919
-1194
62
657
105
-305
491
-1209
506
963
1112
-32
863
-92
771
986
-295
-550
892
-280
-1269
811
1264
1016
269
1072
861
1401
575
-5
1363
64
-488
1687
155
1110
-353
297
-161
-108
-906
935
