1301027112
1365573233
1913971453
1076460216
1858316258
1820762469
1477646138
1146435792
1652945961
1763559223
1513542289
1564690551
1681565081
1267166632
1653873778
1955655524
1478508110
1887607642
1094853781
1341736859
1787825202
1629277653
1874453364
1197558729
1896662950
1858431371
1080366486
1173370107
1146504630
1101869734
1336864785
1276823295
1507844158
1128003318
1693999208
1514478854
1254804797
1505623384
1600069150
1144089774
1209681589
1284431853
1732391485
1670112184
1358640162
1634195312
1422769111
2102436606
1850797028
1995057579
1551420238
1707746092
1798333706
1435661851
1608628318
1504300957
2132770460
1462622412
1473036753
1968256335
1990864676
1131073171
1677334881
1289043770
1423161419
1285398809
1732885553
1398301453
1280279009
1337580792
1613123971
1693471066
2042309471
2058498148
1596396561
1622107448
1389196877
1395393680
1712750777
1700801970
1845218155
1912768745
1785537661
1115527750
1217629963
1833715989
1344781848
1849075847
1354862129
1264328388
1541737330
1694816055
1774275853
1979110180
1466453398
1115502425
1079246199
1300215330
1816702177
1232254934
1881169560
2112902748
1298107367
1244233671
1370227512
1187563863
1268647916
1884096212
1292580525
1210625521
1383164456
1418154431
1455149688
2024399613
1564445129
2077036987
1605980932
1639584478
1900115442
1462962689
1200573789
2142990719
1168352069
1231844209
1303829441
1743801099
1533134189
1918001356
1309003574
1193744781
1199689715
1330572207
1430886933
1259773567
1931636349
1217190689
2051685256
1453087310
1963688161
1500253558
1696323584
1246678687
1918995938
1593375056
1271726058
1878084512
1639213351
1938928114
1483628369
1231738304
1316844201
2057848906
1728131816
1515189336
1233377063
1771065561
1927053901
1085828863
1781277532
2024349884
1859376225
1397265430
1895488790
1990238457
1589323052
1283340114
1196466070
1854408837
1750468948
1496857242
1122184088
1091370439
1635541683
1333423344
1297040953
1232379257
1949778276
1982567277
1371401672
1284926842
2116101989
1895474055
1220679556
1366290161
2032418897
1523848193
1240017285
1116391103
1226713819
1408816864
2063637746
2128263526
1537849248
1181268752
1406046767
1698252430
1348064432
1972386617
1749829376
2026580789
1195729802
1657218983
1600407124
1406731118
1157279047
1695184419
1380305030
2084783682
1556950303
1918408858
1585873323
1479433624
1094297552
1693477512
1291800975
1826929803
1798376989
1898640144
2143410654
1506540610
1404070955
1132964721
1456293919
1090505474
1990590244
1896968692
1252855691
1134657353
1447827533
1523992315
1967855739
1202033431
1285118852
1801566100
2145574793
1151684979
1395947608
1890625464
1550023218
1812553477
1137145192
1893426872
1569921320
1136160278
1839922001
1245049828
1580757668
1320679792
1928324296
1586674975
1358957416
1716586828
1148771680
1795100391
1557424571
1598449270
1393140674
2041660229
1495039826
1081644248
1476433300
1682681224
1144589828
1695162317
1384071552
1525794996
1438919110
1235512193
2097996898
2109098469
1188147029
1078119465
1644696449
1352096636
1922917173
1807864664
1108323471
1117164668
1801850201
1387376698
1375213319
1800489096
2044067488
1696037181
1713062965
1185121840
1312682609
1238325573
1647084369
1207307252
1279438679
1497694349
1804088472
1891946970
1682395742
1608020748
1842363334
2145356537
1269222564
2079680920
1974434720
1549806343
1265805527
1641365518
1278744313
1433471927
1514461817
1885635053
1976715814
1497530427
1091994356
1103043434
2022578053
1813544376
1672817357
1920205093
1997997124
1192137793
1255668150
1126132950
1638061292
1296314355
1158673305
1867863332
1936310888
2051901669
2029357793
1899886135
2101641860
1456743323
1881673758
1418101939
1395208117
1296487486
1630906743
1254979310
1985440516
1081189779
1297312621
1086572498
1144688365
1913698864
1636812539
1302998320
1163195433
1916410944
1314434640
1235103079
1626677003
1423988396
1532676957
1491498466
1509639933
1562632317
1643218388
1151538554
1186365529
1977322694
1550191744
1561710486
1360856332
1950055930
1638343091
1485742318
1664137780
1297062134
1485946760
1982226540
1149361523
1987379031
1844634298
1341966626
1291611267
1580887516
1620662540
1898960621
1192932077
1817843184
1631045340
2003835693
1732782411
1239532886
1224121457
1919329308
1791491345
1196777798
1458246248
2076046088
1226360189
1313644960
1900669369
1939095720
1331082391
1205270890
1148395028
1253450138
1404329270
1203050116
1168136576
1623696938
1605145206
1284463624
1646642332
1872862952
1860516312
1214325738
1342338674
1650813133
1942458883
1923661268
1168636630
1233170319
1370941217
1210217558
1988708825
1073856573
1895012679
1877774626
1374613806
2025905301
1157403370
1536409865
1661545418
1362066408
1266079959
1081190700
1974582066
2108038501
1810312903
2003771229
1880490850
1737407221
1671212671
1984841003
1131588421
1369523937
1183950442
1090001046
1430214208
1501634002
1319280929
1479322194
1423181679
1159284328
1099491944
1645248995
2072875855
2137782973
1112755351
1948361916
1733226290
1946021884
1149303966
1097459726
1132328372
1633778140
1467773062
1289423185
1231796321
1981945662
1466498062
2042280002
1348907525
1230324707
1457415127
1449188177
1986740841
1094266701
1609381392
2049803836
1643361130
1193846541
1715019899
1494103721
1519982673
1427013585
2014422474
1564910188
1692296445
2012079679
1262506828
1627952463
1284950325
1264017120
2009615324
1824746326
2109109519
1492647762
1331122911
1443427885
1631495204
1104519192
1842901145
1978341221
1588392933
1581325869
2147239798
1683224561
1911388301
1322908394
1358809149
1113108520
1482293050
1222196755
1796444919
1563778850
1488227854
1120349635
2093012013
1992558229
1239763114
1098736798
1658015570
1165254588
1764844814
2123566885
1615078142
2085671439
1364069847
1774162581
1498445811
1423109848
1598594774
1144064449
1120700962
2036277510
1361041895
1761645112
1502604641
1293098998
2131219648
1580698730
1132058085
1135901042
1214076171
1662131117
1320642955
1378131683
1806978288
1352213131
1114808980
1680127080
2026991975
1641399591
1786224660
2146596082
1846939336
1134283003
1095363044
1318157419
2086410930
1763465291
1399664400
1301180443
1243083915
2139601770
1403602211
1194924927
1568545941
2014095321
2015807523
1498002854
1433260118
1226799003
1837243995
1224580070
1229960487
1640308313
1613213759
2006337805
1920420126
1490198602
1437342512
1076716919
1320926595
1590928198
1549270834
1286233153
1617504739
1276832504
1941624539
1461522846
1183202663
1280024838
1357321879
1621258369
1874011787
2078169706
1626988271
1361466895
1407097986
1586595316
1320292549
1560542312
2000921934
1642400620
1492513309
1641704412
1971668307
1950954278
1744975260
1557411678
1096689385
1829126174
1095341403
1396454108
1395250939
1973131172
1330531687
1599564952
1703883795
1457045381
1098594518
1724870873
1358098207
1429800950
1889546158
1817614799
1159691831
1225687925
1706157061
1557040091
1298575189
1581265089
1656589081
1471347114
1126785415
1770016644
1167840043
1659111453
2065401289
1501063498
1995895607
1709665729
1997431685
1684114160
1190241178
1196484948
1442798904
1572312002
1199248599
1678922069
1448002045
1579746509
1566884159
1761600448
1644442278
1148490803
1678794063
1407229676
1853139823
2120612606
1918650597
1320836807
2072016186
1272325570
1609083938
1537655396
1717924449
1880389549
1556256857
2083925394
1632231932
1310093931
1131734845
1239057236
1796754345
1508173384
1403977022
1202232808
1745929322
1454109060
1472524037
1674058743
1587702250
1632626082
1155756322
1562422350
1189652256
1511405778
1237884457
1183007430
2036203838
1373739402
1628544609
1350323424
1748931489
1668864811
1716648989
1157673196
1787230294
1341543928
1348915813
1838064526
1137155322
1420805731
1854843506
1318698914
1971996611
1259825138
1126127424
2038251021
1529104286
1720332629
1627942333
1810196868
1502821515
1557508834
1143673523
1249351629
1993855791
2029856926
1465535711
1591720180
1452075460
1975587700
1858701198
1124290669
1078703552
1781628399
1974315002
1652328951
1469024579
1420071305
1108145736
1215924437
1643324293
1497433731
1693813184
1878532534
1566102306
1501573222
1934933207
1396827077
1171723520
1906315008
1131356351
1503864906
1692372190
1634082961
1474631079
1268306259
1974736779
1930604009
2041737125
1700883010
1414534794
1205244184
1645225972
1488538661
1362184284
1363336343
1212727959
1263440631
1272305310
1728489129
1810653640
1557811353
1943585156
2100270625
1394860013
1087859009
1387449450
1270253523
2113388988
1497693888
1389667922
1281972102
1432155947
1453750365
1348769388
1127860117
1618555958
1895247511
1891953416
1271965955
1564553335
1092629323
1675848992
1447668676
1157412579
1240585026
1511016233
1202348382
1292400948
1650109558
1612194772
2077931191
1992396149
1767316536
1648612158
1880748704
1092758251
1233054284
1871524870
1393727754
1264581638
1101686473
1774272169
1711777375
1238310378
1222239117
1770601422
1947941982
2027372080
1909337434
2114384952
1760960415
1717887613
1177997680
1955770637
1950938623
1253538546
1777068973
1882863114
1429848607
1938360834
1572508617
1317932717
1472012011
1243036258
1939991765
1367538455
1129991563
1505608649
1728916431
1340981252
1217264361
1975313268
1606607611
2115398414
1823206564
1123581108
2021576103
1935792416
2000683418
2060839561
1076825126
1449746709
2059866620
2082442729
1142588691
1706707766
1638899321
1792658138
1438631786
1210614470
2091882977
1967238730
1652779276
1314665328
1414970845
1207735706
1073940376
1257859916
1272963761
1453863637
1912402223
1236097892
1615209371
1634446721
2012649723
2143987144
1084707655
1241657425
1360109014
1868203608
1923321453
1156865098
1199709975
1364438672
1169517480
1354710179
1601532476
2124788933
1497598114
1596837217
1811163824
1349057633
1159234139
1368362669
1700319413
1710485338
1963249348
2010862236
1677296663
1572744369
1405274584
1702700886
1946616792
1121289424
2016630816
1790471897
1487636630
1097648283
1490636494
1387410772
1679623803
1121155892
1624347101
1318803898
1557154745
2090463855
1397084471
1998115921
1437037230
1097443380
1339262834
1115802181
1936275894
1098257925
1480811306
1090119843
1938543635
1173593888
1211804747
1715745576
1860416853
1301544203
2115172791
1139216779
2123918673
1274216198
1096783088
2006334122
1097069030
1479577286
1855109649
1522037223
1102925097
1596134102
1591398783
1121603454
2094642944
2125267806
1773098009
1939716413
1149963798
1942420205
1956167550
1770079266
1868715173
2001513158
1845470484
1208895131
1282690412
1626604251
1125173362
1288504117
1501334706
1330932283
1448148930
1374620253
1363404490
1582026221
2076696250
1326230577
1507347327
1938999025
1337044362
1258634401
1302437485
1351591977
1177702989
1921373728
1476097167
1573617853
2026991054
1078437179
1798932297
1672761181
1572064277
1754150286
1208447109
1097703537
1255721103
1138004861
1125229537
1467261496
1745985037
1278670180
2003783201
1914711635
1190342939
1600814167
1503159029
1818850660
1766379050
1630995150
1883380665
2023806547
1924322482
1132039206
1170987713
1193143887
1211949790
1729565673
1835758567
2110481675
2127007405
2108525662
1717300993
1080917190
1442262013
2143247653
1681880953
1883382507
1562419587
1257865441
1662653734
2120394351
1431977290
1341127217
1631031066
1964940138
1191106834
1733434416
1521318913
1161928721
1715309065
2091882056
1556344344
1804366587
1945969392
1519192072
1334130603
1365781128
1216752335
1269034238
1499902691
1851180126
1679441002
1080725641
1846423626
1456759439
2048271442
1815032567
1643974456
1810570758
1500501282
1459248198
1292027519
1506646515
1471817699
1729286637
1654231551
1410220792
1535096187
1301702599
1222663196
1344988592
1966304006
1585930880
1966658556
1746678022
1641947533
1696705302
1245928606
1191489702
2058678646
1121016834
1914512949
1261406340
1387130355
1447160794
1409117541
1989072585
1720985554
1080606843
1776843350
1623675757
1401256654
1228566690
1612912161
1522745863
1767916970
1452136931
1322941546
1317964488
1513027500
1241088303
1148009857
1879680449
1956087430
2143608650
1452838664
1317680388
1156722817
1287645369
1760558899
2019784933
1565313086
1857850277
1319171801
1110044652
1835983269
1674230954
1117623741
1585259536
1418711582
1858612330
1489336170
1769581514
1919841334
1470837390
1150551799
1185806997
2138475497
1114216835
1867278554
1099211067
1545657183
1411464941
1115779619
1820440150
1345803137
1283584155
1471253181
1148976122
1374004164
1672654356
1243766309
1370847745
1390340187
1906231205
1838088470
1754558019
1500729668
1253480989
1669990163
1092454350
1282035185
1421881354
1762871304
1075861164
1681882795
1734145358
1854104015
1246971076
1690431602
2131011522
1818044863
1359304599
1698732685
1628276624
1430301234
1471346193
1618609831
1493681944
2073150747
1077143301
1300577247
