0.02825525
0.02965704
0.01039174
0.09351274
0.02017913
0.03954268
0.03209100
0.02489789
0.01794905
0.01915018
0.01643529
0.01699070
0.01825982
0.02751988
0.03591825
0.00530903
0.01605486
0.01024860
0.02377765
0.02913937
0.01941368
0.03538408
0.04070872
0.01300408
0.04119106
0.01009019
0.01173151
0.01274142
0.04979877
0.04786004
0.01451678
0.02772960
0.03274683
0.02449758
0.01839484
0.01644546
0.05450282
0.01634930
0.01737487
0.01242347
0.01313572
0.05578968
0.03762347
0.03627091
0.02950647
0.00887272
0.01544960
0.02282999
0.02009748
0.02166398
0.01684660
0.03708823
0.01952779
0.01558960
0.06987125
0.01633494
0.01157969
0.03176472
0.06398179
0.02137295
0.02161845
0.02456425
0.03642777
0.02799500
0.01545386
0.05583168
0.01881710
0.01518391
0.02780465
0.02904911
0.01751663
0.03677821
0.01108854
0.02235287
0.01733499
0.03522836
0.03017009
0.03030467
0.03719692
0.01846871
0.01001845
0.04154084
0.03877768
0.01211332
0.02644406
0.00995600
0.01460275
0.02007879
0.02942442
0.01372912
0.03348291
0.03680742
0.01926655
0.02149081
0.03184792
0.02422609
0.02343869
0.01411881
0.01972725
0.02676168
0.02042729
0.02294364
0.01409592
0.02702183
0.00743953
0.05158219
0.02755205
0.02045907
0.05614362
0.02629194
0.03003908
0.01539949
0.03160243
0.02198260
0.03397607
0.01127709
0.03487813
0.01780396
0.02063302
0.03177211
0.02607364
0.02327036
0.01268693
0.01337638
0.02831611
0.01893563
0.03329607
0.01041362
0.01421424
0.02592533
0.01302722
0.01444845
0.01553775
0.02735932
0.04195060
0.01321726
0.02227889
0.03155764
0.04264669
0.03258198
0.00230251
0.02707493
0.02083804
0.03460436
0.01380945
0.02039379
0.01779993
0.02105448
0.01611046
0.01337523
0.02859876
0.02234582
0.01876548
0.06581270
0.02678605
0.01923169
0.02092554
0.02358165
0.01934258
0.02198206
0.02019064
0.00758633
0.02058278
0.02161165
0.01725818
0.02787113
0.02598443
0.01006835
0.03801607
0.01625411
0.01218560
0.02370200
0.01776006
0.01447941
0.01408434
0.01338219
0.02117230
0.02152835
0.01489181
0.02790559
0.01148919
0.01029131
0.02651029
0.02967261
0.01103484
0.01654720
0.02693026
0.02424539
0.02664134
0.03059619
0.02240868
0.02311044
0.03339847
0.02565438
0.03053603
0.03688205
0.02927679
0.02141780
0.07600436
0.04401257
0.01298422
0.01799545
0.01737854
0.12220357
0.01256669
0.03681542
0.01498849
0.02263830
0.01690665
0.04166333
0.00430518
0.03212982
0.02376557
0.03677835
0.05610976
0.03967662
0.01952826
0.02061700
0.00581873
0.03271852
0.01524656
0.02460533
0.03162728
0.04736643
0.04323094
0.02059885
0.02720908
0.02464209
0.03144341
0.03309753
0.01068430
0.01305267
0.01395488
0.01956289
0.02329842
0.02501189
0.03031670
0.02052997
0.01683143
0.01968220
0.00617403
0.02056039
0.01704750
0.04934946
0.01997939
0.05407911
0.03433034
0.01434103
0.04187867
0.03445885
0.02951336
0.03728023
0.04989724
0.01949268
0.01691180
0.01735728
0.01512787
0.02217003
0.03246875
0.02349077
0.03206466
0.01827194
0.01242890
0.01840747
0.01502939
0.03313668
0.01562497
0.02683242
0.02278178
0.02290233
0.01290188
0.02341422
0.01785947
0.02936436
0.02088062
0.03926257
0.02407018
0.02426219
0.03913195
0.03013056
0.01493320
0.03910239
0.02219617
0.03683394
0.01860185
0.02573806
0.02850838
0.00336169
0.01788540
0.05243975
0.01389320
0.01626320
0.01959028
0.01027216
0.00913442
0.03492243
0.01000295
0.02329605
0.02756453
0.02258289
0.02144004
0.03365815
0.02749032
0.01782330
0.02777132
0.01556582
0.03289055
0.02047578
0.02146481
0.01626142
0.02371555
0.02395551
0.02196282
0.01969296
0.01816483
0.02085117
0.02169590
0.02589043
0.01363508
0.02445696
0.01778742
0.01407645
0.01258183
0.02028280
0.01051303
0.02228124
0.00550911
0.02063053
0.02282136
0.01581852
0.04086553
0.01539892
0.01515032
0.02815666
0.03541946
0.02725520
0.02155955
0.02348090
0.02817458
0.02359780
0.02485994
0.01039026
0.01777386
0.02829806
0.02526187
0.02080997
0.02854643
0.05364707
0.01766380
0.01546284
0.01664307
0.01619592
0.03278583
0.03393670
0.03568684
0.02500871
0.02576507
0.01073570
0.01683326
0.01695834
0.01477730
0.04235063
0.01779048
0.03226683
0.00903529
0.01408457
0.03227127
0.02152465
0.02496143
0.02158060
0.02003056
0.02914436
0.02805076
0.01716658
0.01759849
0.00257756
0.00647692
0.01973964
0.03542247
0.04351860
0.01881598
0.01345987
0.01329252
0.02084166
0.01945349
0.02599120
0.01583484
0.01127171
0.01331683
0.00713232
0.08255614
0.01052815
0.02890798
0.05235130
0.01247022
0.05444398
0.03049873
0.05225484
0.01268459
0.01763144
0.03485998
0.02789553
0.03576120
0.02033709
0.02020302
0.01318615
0.01457622
0.01792589
0.01054641
0.02088870
0.02538004
0.01339078
0.02977362
0.01314154
0.02159504
0.01166082
0.02057761
0.04078085
0.02985338
0.02199895
0.00628402
0.03336721
0.03608486
0.01479044
0.02749628
0.01174046
0.04288328
0.02289082
0.01965787
0.02175860
0.02041992
0.03773240
0.03629481
0.04310608
0.01228772
0.02974284
0.02571262
0.02367226
0.03106089
0.03261196
0.00358146
0.03212740
0.01545408
0.02517693
0.01193919
0.01786547
0.04501799
0.02321381
0.02416643
0.02115692
0.01882080
0.02113151
0.01248009
0.04766849
0.02459151
0.03548182
0.03187658
0.01400162
0.02675172
0.02152160
0.03184889
0.02217676
0.01464755
0.01335988
0.03165163
0.00786824
0.02157367
0.02376490
0.01747599
0.02225846
0.01784497
0.01296377
0.01862310
0.01622421
0.03301045
0.01549569
0.02187426
0.03398617
0.01837635
0.02184882
0.01370934
0.03535530
0.02790610
0.02745148
0.02182206
0.00990730
0.02290245
0.01620840
0.02890886
0.01567393
0.01771612
0.02398756
0.02001174
0.02148246
0.01724808
0.01717134
0.01165825
0.01827784
0.02075543
0.01436523
0.01475507
0.02417410
0.03219192
0.02654324
0.03901456
0.01698080
0.03232081
0.01216568
0.02272765
0.02163684
0.02692474
0.02386198
0.01800410
0.02530659
0.01916414
0.02305944
0.03507570
0.01132397
0.02962439
0.00481633
0.03254272
0.01545330
0.03471772
0.02484639
0.02433899
0.02211158
0.02955863
0.03825879
0.01631652
0.02808307
0.01157127
0.01716453
0.01229282
0.01233455
0.00659172
0.01804879
0.02868126
0.01496489
0.01962166
0.02936689
0.02421103
0.03648841
0.04402150
0.01782367
0.00969815
0.02330951
0.02005559
0.00615849
0.02378871
0.02862728
0.02265597
0.01914916
0.03039742
0.01412929
0.02699686
0.01161678
0.03048294
0.02595096
0.03406513
0.08748283
0.02188930
0.01626655
0.03112704
0.02664319
0.01995031
0.00664875
0.02671185
0.00890591
0.03503521
0.04357294
0.04170701
0.03236361
0.01560785
0.02338376
0.02868742
0.01727561
0.01682326
0.01396698
0.00878210
0.01386490
0.02108376
0.03174084
0.02569638
0.05559826
0.01473892
0.00880248
0.04069913
0.02256648
0.01766718
0.05913572
0.03055886
0.01722856
0.02867365
0.03389131
0.02172766
0.01783454
0.03241388
0.01782698
0.00535250
0.02118507
0.00947419
0.01691166
0.04763503
0.01986216
0.01189412
0.01516385
0.03030157
0.04285177
0.02889602
0.03473879
0.03700435
0.01582180
0.02385889
0.03746014
0.01474735
0.06210383
0.02051825
0.00986858
0.02518578
0.01330953
0.00926343
0.03381525
0.02820200
0.01717068
0.01798861
0.01597710
0.02447113
0.01922030
0.01268137
0.01801600
0.02242783
0.03259957
0.04334616
0.01856496
0.04337952
0.01828750
0.02584924
0.02598484
0.00783355
0.03414692
0.01302243
0.03646224
0.01572360
0.06861676
0.01701452
0.01912891
0.03571342
0.02494252
0.01822973
0.03056172
0.02012292
0.01151368
0.02083429
0.05737094
0.01124983
0.00690798
0.01747276
0.01669713
0.00932732
0.02041882
0.01689912
0.01131449
0.01772412
0.02845216
0.01228931
0.02690941
0.00975532
0.01637699
0.00762277
0.02610967
0.01895874
0.03157983
0.00799494
0.01817831
0.01724058
0.01772840
0.02510031
0.01696607
0.02583645
0.03282418
0.02688394
0.02569214
0.01105539
0.02983439
0.00884204
0.02932585
0.01899134
0.01812191
0.01864079
0.02514194
0.01940722
0.02913518
0.01464764
0.07983688
0.02469634
0.01542828
0.02014142
0.01431952
0.04282713
0.02736044
0.02445684
0.02213301
0.03320855
0.03736158
0.03535508
0.03931322
0.03263775
0.03382543
0.01241895
0.02713298
0.02165093
0.04408372
0.03182799
0.01728421
0.06307133
0.02145256
0.02018331
0.02441695
0.04685381
0.01934639
0.01071937
0.01794235
0.01595188
0.06168122
0.02406632
0.01320351
0.03568914
0.01626037
0.01839282
0.04079731
0.01700603
0.01630532
0.02101110
0.01516790
0.02544708
0.02070034
0.01228520
0.03266041
0.07350869
0.01774422
0.00400319
0.05508926
0.02144332
0.02096409
0.04434173
0.03693918
0.03072037
0.02617507
0.01786522
0.01616378
0.01479172
0.01480423
0.02633760
0.01371948
0.02763148
0.01876936
0.01966157
0.01691600
0.04221010
0.02280647
0.03029308
0.01181287
0.03013214
0.00689673
0.02294892
0.03252639
0.01509016
0.01392071
0.01555153
0.01578602
0.01464605
0.02449447
0.03515123
0.01029008
0.02054439
0.02762411
0.03397842
0.01186467
0.01819775
0.01571998
0.01256814
0.02694259
0.01640786
0.02611218
0.02806791
0.03583650
0.01750654
0.02256389
0.01081754
0.01919098
0.01790199
0.00510568
0.01186607
0.01338952
0.02032256
0.03026849
0.02746374
0.00598151
0.01926651
0.03717578
0.02689319
0.01327208
0.01922665
0.02115236
0.08805951
0.01036658
0.04591947
0.01912196
0.01865424
0.02558334
0.02123737
0.02118490
0.02722391
0.00964844
0.02044568
0.03105295
0.02104832
0.03415119
0.02862240
0.01598432
0.05399165
0.02106603
0.01484986
0.02454076
0.03269828
0.00938700
0.00364037
0.01321806
0.02144958
0.01744587
0.02297074
0.03959576
0.01220077
0.01097597
0.02102043
0.02172507
0.04475659
0.04677222
0.03148509
0.02236773
0.02261288
0.02481434
0.00926642
0.00444913
0.01946616
0.03124370
0.01314585
0.02271539
0.02136190
0.01794724
0.00713786
0.03072984
0.02622918
0.02332346
0.00682944
0.01382289
0.01578725
0.02076644
0.02684514
0.03507855
0.01774817
0.02185501
0.02328118
0.02355730
0.01348294
0.02953837
0.04057299
0.02088501
0.02512439
0.02605488
0.01481620
0.02539917
0.02942112
0.00869538
0.02307271
0.03252431
0.03467955
0.01966711
0.01464918
0.02517584
0.02971762
0.01846347
0.03714772
0.02131858
0.02183560
0.01821347
0.03415631
0.01525963
0.01848933
0.04227594
0.02435177
0.02189824
0.01944242
0.03230797
0.02383834
0.01618656
0.03013130
0.01823874
0.02434887
0.01763850
0.01432066
0.01690887
0.02269998
0.03034139
0.02169719
0.03120907
0.02383389
0.01454282
0.01211630
0.02102568
0.02385158
0.06431948
0.01183742
0.04210061
0.02548770
0.02631755
0.01863098
0.02020194
0.02826648
0.02296829
0.02474111
0.02306326
0.01383649
0.02381955
0.02178643
0.02382576
0.01606647
0.04028862
0.03305507
0.01197647
0.01733214
0.01728072
0.02435859
0.02274536
0.02307791
0.00962688
0.01053152
0.02497451
0.02109240
0.02124168
0.01922098
0.02029205
0.01086704
0.00500991
0.05250872
0.01392851
0.01766301
0.02443612
0.02798328
0.03260546
0.01445236
0.03145039
0.02985352
0.01480497
0.03435789
0.01127524
0.02880261
0.01636802
0.04211050
0.01451873
0.01366729
0.01414294
0.02935340
0.02557694
0.02086386
0.03205736
0.01708764
0.01100537
0.02342112
0.01953429
0.01816422
0.01707077
0.01904801
0.05248926
0.02383954
0.02727131
0.02471479
0.02443734
0.03186547
0.03791869
0.02776971
0.02175873
0.08316607
0.02585145
0.01738296
0.03264508
0.00987529
0.01918080
0.03542138
0.02045130
0.02197616
0.02089588
0.02458523
0.02543110
0.02591228
0.02632070
0.01878105
0.00996709
0.02291735
0.01154840
0.02289611
0.03729574
0.01173749
0.01566127
0.04654630
0.01826325
0.01022566
0.03393208
0.02731788
0.03610893
0.02302499
0.01554959
0.02912613
0.01771108
0.02133694
0.00646701
0.01882306
0.03303947
0.02523436
0.01862624
0.02271538
0.01690007
0.01959330
0.02113094
0.00412416
0.01448709
0.05932311
0.01321250
0.02756044
0.00814359
0.04020328
0.03647351
0.01173541
0.02004999
0.03163739
0.02224182
0.00985456
0.03570326
0.03932134
0.01629368
0.03169144
0.02805980
0.01636041
0.03196442
0.01877802
0.07185204
0.03062668
0.01666934
0.01413496
0.02655337
0.02920999
0.02135175
0.03444269
0.02135560
0.01896687
0.01782962
0.07369690
0.02705864
0.05175271
0.02235483
0.02434585
0.01039468
0.01369739
0.03012521
0.03142893
0.00765068
0.02159899
0.01868788
0.00586706
0.01929443
0.01763121
0.03043200
0.02668158
0.01751433
0.01653523
0.03839500
0.00788425
0.02873118
0.02862309
0.03285940
0.01347676
0.04986415
0.02041112
0.04248162
0.04655414
0.01577612
0.02861692
0.01256065
0.02796463
0.01911760
0.02193249
0.03399492
0.02017407
0.02864931
0.02410756
0.01993662
0.00909009
0.00606804
0.03442811
0.03081108
0.04036469
0.01617244
0.03843115
0.02084722
0.03194313
0.01249364
0.05150588
0.02322133
0.02419817
0.04055290
0.02387228
0.00839201
0.06130740
0.02423211
0.01976784
0.01461384
0.02787643
0.00798804
0.01247653
0.02984014
0.01816306
0.01350584
0.05954318
0.01509746
0.02069943
0.01995948
0.07620975
0.00814808
0.01361133
0.01813413
0.01186277
0.02784279
0.01543996
0.01914271
0.04673035
0.01826327
0.01883078
0.02013339
0.02708128
0.00917805
0.01157014
0.03948366
0.02952090
0.01844624
0.03536234
0.01553139
0.01597709
0.01757620
0.01621963
0.02251198
0.01169651
0.02824548
