0.00004483
0.00006363
0.00004479
0.00003794
0.00004041
0.00004418
0.00005825
0.00002398
0.00005296
0.00006095
0.00003055
0.00004214
0.00007105
0.00005005
0.00004769
0.00007943
0.00005640
0.00010324
0.00004856
0.00005498
0.00006310
0.00006088
0.00006318
0.00005185
0.00004676
0.00006214
0.00004907
0.00012621
0.00005566
0.00006693
0.00006657
0.00004993
0.00011193
0.00005200
0.00005260
0.00006092
0.00005672
0.00007738
0.00005423
0.00005491
0.00005658
0.00006859
0.00002947
0.00005649
0.00010515
0.00004389
0.00004988
0.00005783
0.00009211
0.00006853
0.00005255
0.00005635
0.00006583
0.00006313
0.00015441
0.00005146
0.00007179
0.00004229
0.00005000
0.00005111
0.00004723
0.00003816
0.00004093
0.00021750
0.00007830
0.00006117
0.00005608
0.00006132
0.00006522
0.00007108
0.00012412
0.00006746
0.00004585
0.00006358
0.00005477
0.00005222
0.00004578
0.00006810
0.00004999
0.00009829
0.00008886
0.00003391
0.00008797
0.00005776
0.00006594
0.00004141
0.00006325
0.00006328
0.00005676
0.00005183
0.00008252
0.00003811
0.00005418
0.00002777
0.00005979
0.00004618
0.00007876
0.00004978
0.00007059
0.00005705
0.00005148
0.00003305
0.00005943
0.00007417
0.00005600
0.00008359
0.00005829
0.00004272
0.00004674
0.00004726
0.00009074
0.00004744
0.00006193
0.00006127
0.00005439
0.00005571
0.00005791
0.00006804
0.00005299
0.00006971
0.00004573
0.00004980
0.00006464
0.00009115
0.00005095
0.00010156
0.00007330
0.00004428
0.00004899
0.00005973
0.00006979
0.00005763
0.00006168
0.00005091
0.00005238
0.00002302
0.00006126
0.00005378
0.00003564
0.00006629
0.00012801
0.00005284
0.00004120
0.00004068
0.00011754
0.00004586
0.00006588
0.00003807
0.00005546
0.00004802
0.00002922
0.00004333
0.00007847
0.00003406
0.00005694
0.00004440
0.00004362
0.00003078
0.00003365
0.00005266
0.00007186
0.00004962
0.00006298
0.00006000
0.00008763
0.00007284
0.00006114
0.00007229
0.00007790
0.00005128
0.00010705
0.00005941
0.00004211
0.00015316
0.00006096
0.00004082
0.00004778
0.00005524
0.00004464
0.00004016
0.00015563
0.00005046
0.00007859
0.00004958
0.00006036
0.00005047
0.00004395
0.00004947
0.00008113
0.00005514
0.00010675
0.00005140
0.00004983
0.00007683
0.00004711
0.00006409
0.00006308
0.00004756
0.00008131
0.00006914
0.00016364
0.00005318
0.00005650
0.00005782
0.00006737
0.00005354
0.00006748
0.00005757
0.00004707
0.00006544
0.00005809
0.00005114
0.00004373
0.00011060
0.00009924
0.00005408
0.00004349
0.00006744
0.00005281
0.00005259
0.00004944
0.00004786
0.00006388
0.00009879
0.00004346
0.00004538
0.00010846
0.00005383
0.00005567
0.00005190
0.00008366
0.00003971
0.00004479
0.00013037
0.00006184
0.00005091
0.00007029
0.00004380
0.00006354
0.00007394
0.00005738
0.00001937
0.00003120
0.00005943
0.00003418
0.00007017
0.00005235
0.00004671
0.00005182
0.00004307
0.00007256
0.00006335
0.00004801
0.00004578
0.00004524
0.00005095
0.00003954
0.00006869
0.00005470
0.00004726
0.00005574
0.00004952
0.00006462
0.00011042
0.00005222
0.00005292
0.00005411
0.00005206
0.00002981
0.00006040
0.00004757
0.00005692
0.00002281
0.00005682
0.00006116
0.00005589
0.00002460
0.00006359
0.00011862
0.00005905
0.00015277
0.00004512
0.00002434
0.00003325
0.00004912
0.00006710
0.00003329
0.00005986
0.00003550
0.00006470
0.00003905
0.00003634
0.00006701
0.00004062
0.00005149
0.00004919
0.00004110
0.00006113
0.00007742
0.00005594
0.00004410
0.00007312
0.00005324
0.00004868
0.00006716
0.00006124
0.00002822
0.00005563
0.00006420
0.00006108
0.00003953
0.00006879
0.00007881
0.00005086
0.00005569
0.00005226
0.00007588
0.00004962
0.00008246
0.00003809
0.00008659
0.00005125
0.00004325
0.00013276
0.00005281
0.00005318
0.00004867
0.00006086
0.00005630
0.00008783
0.00005756
0.00005679
0.00005189
0.00005496
0.00006550
0.00007712
0.00006592
0.00006434
0.00004838
0.00007106
0.00006303
0.00004849
0.00005915
0.00004365
0.00004637
0.00002581
0.00009124
0.00007787
0.00006072
0.00004114
0.00005378
0.00005020
0.00012208
0.00005780
0.00020823
0.00004421
0.00004042
0.00005708
0.00008279
0.00006078
0.00005751
0.00005048
0.00006113
0.00008270
0.00005084
0.00006752
0.00008963
0.00009014
0.00005831
0.00002448
0.00004422
0.00005984
0.00005471
0.00015473
0.00005683
0.00007021
0.00007690
0.00015107
0.00005275
0.00006110
0.00005997
0.00006835
0.00003221
0.00004850
0.00006162
0.00005780
0.00005424
0.00004359
0.00003647
0.00006059
0.00005551
0.00004739
0.00005407
0.00006450
0.00006026
0.00005001
0.00013445
0.00004473
0.00004562
0.00014792
0.00009787
0.00005185
0.00005619
0.00005316
0.00004500
0.00004658
0.00005626
0.00006917
0.00003733
0.00011116
0.00005968
0.00007455
0.00004276
0.00005832
0.00004856
0.00009708
0.00004148
0.00006689
0.00007935
0.00004466
0.00005946
0.00005361
0.00004959
0.00005946
0.00005993
0.00002277
0.00003139
0.00006132
0.00007598
0.00004659
0.00002271
0.00007350
0.00004585
0.00009075
0.00008322
0.00006198
0.00004071
0.00006211
0.00006153
0.00004518
0.00004055
0.00006325
0.00005343
0.00004038
0.00004967
0.00006544
0.00003205
0.00005407
0.00007908
0.00004705
0.00006258
0.00006227
0.00004725
0.00006830
0.00003649
0.00003873
0.00004110
0.00002914
0.00006014
0.00003859
0.00006984
0.00003997
0.00013467
0.00004807
0.00005323
0.00003285
0.00004077
0.00004200
0.00005108
0.00006171
0.00006485
0.00004608
0.00003283
0.00015336
0.00006712
0.00007302
0.00004219
0.00004074
0.00005832
0.00004774
0.00004800
0.00005024
0.00005555
0.00008177
0.00006787
0.00004794
0.00003994
0.00005917
0.00006790
0.00006830
0.00005106
0.00005844
0.00006049
0.00005027
0.00006503
0.00004948
0.00003796
0.00004403
0.00009650
0.00005965
0.00008889
0.00005125
0.00007635
0.00004511
0.00007401
0.00006575
0.00005247
0.00006993
0.00004983
0.00002548
0.00005968
0.00005969
0.00005941
0.00006333
0.00006577
0.00005742
0.00006439
0.00007391
0.00004893
0.00005112
0.00006658
0.00006835
0.00015873
0.00006114
0.00004249
0.00005606
0.00006364
0.00006700
0.00007291
0.00012682
0.00004838
0.00004668
0.00007625
0.00005668
0.00004353
0.00003966
0.00005174
0.00004182
0.00008179
0.00005127
0.00005092
0.00004375
0.00006793
0.00005337
0.00006499
0.00010849
0.00005469
0.00005465
0.00004896
0.00005254
0.00009570
0.00006070
0.00006524
0.00006744
0.00004967
0.00004966
0.00003948
0.00003390
0.00005451
0.00005041
0.00004961
0.00006651
0.00004929
0.00006695
0.00007948
0.00006348
0.00007403
0.00005746
0.00008872
0.00005534
0.00007273
0.00005080
0.00008537
0.00004321
0.00004726
0.00004720
0.00005088
0.00004517
0.00003278
0.00004959
0.00004857
0.00004498
0.00004038
0.00003044
0.00005858
0.00011052
0.00002492
0.00006890
0.00007774
0.00005557
0.00005170
0.00007316
0.00004943
0.00007015
0.00005000
0.00005721
0.00004634
0.00003752
0.00005052
0.00004200
0.00006148
0.00005860
0.00005611
0.00004841
0.00005760
0.00006331
0.00003727
0.00006518
0.00004397
0.00005125
0.00006634
0.00005505
0.00005829
0.00005285
0.00005145
0.00007972
0.00004466
0.00005657
0.00006557
0.00004409
0.00007299
0.00005275
0.00005797
0.00015340
0.00002748
0.00007024
0.00004120
0.00004725
0.00007373
0.00020852
0.00012521
0.00006468
0.00005730
0.00005355
0.00004744
0.00005889
0.00007353
0.00005449
0.00006260
0.00006272
0.00004988
0.00003606
0.00005771
0.00005642
0.00006003
0.00007169
0.00004904
0.00006336
0.00004961
0.00006093
0.00008418
0.00004123
0.00007204
0.00007480
0.00006113
0.00007662
0.00006074
0.00005278
0.00005646
0.00008729
0.00006016
0.00008002
0.00005065
0.00005839
0.00004768
0.00004377
0.00007930
0.00003670
0.00005227
0.00005126
0.00005127
0.00007085
0.00005525
0.00004710
0.00007035
0.00005835
0.00007225
0.00008074
0.00005155
0.00006571
0.00006697
0.00005891
0.00004560
0.00005847
0.00005503
0.00007840
0.00003659
0.00007827
0.00004220
0.00004840
0.00007075
0.00006967
0.00007547
0.00007099
0.00004939
0.00005018
0.00009141
0.00004275
0.00007079
0.00006792
0.00005917
0.00003876
0.00004288
0.00006297
0.00008848
0.00004964
0.00004922
0.00008367
0.00005996
0.00013818
0.00013665
0.00008660
0.00010351
0.00004701
0.00005422
0.00004739
0.00005017
0.00005904
0.00005051
0.00008519
0.00005907
0.00009941
0.00005427
0.00005388
0.00007660
0.00008879
0.00002571
0.00002644
0.00007818
0.00006142
0.00007235
0.00005485
0.00006802
0.00003768
0.00004319
0.00005251
0.00003352
0.00010286
0.00005813
0.00005961
0.00004771
0.00005963
0.00006219
0.00004935
0.00002081
0.00002538
0.00006125
0.00006409
0.00004497
0.00007632
0.00005446
0.00003980
0.00003564
0.00004706
0.00006051
0.00003942
0.00005496
0.00006620
0.00005611
0.00005186
0.00009579
0.00005814
0.00008280
0.00006219
0.00005917
0.00009689
0.00003755
0.00002848
0.00004526
0.00002503
0.00005590
0.00005207
0.00004724
0.00004537
0.00002423
0.00004132
0.00005020
0.00003431
0.00005678
0.00005010
0.00007311
0.00004806
0.00006267
0.00005514
0.00005803
0.00005658
0.00002811
0.00003280
0.00005598
0.00004771
0.00004783
0.00004020
0.00005622
0.00006840
0.00006116
0.00004786
0.00006588
0.00004287
0.00003072
0.00006851
0.00007710
0.00005956
0.00005128
0.00005140
0.00006452
0.00004834
0.00010952
0.00004167
0.00003691
0.00004653
0.00008109
0.00007616
0.00007485
0.00007582
0.00009092
0.00007184
0.00006278
0.00004403
0.00005526
0.00006025
0.00005647
0.00004545
0.00005640
0.00004705
0.00005772
0.00006170
0.00004930
0.00004192
0.00003076
0.00004518
0.00004438
0.00006714
0.00008687
0.00004371
0.00010308
0.00005650
0.00005213
0.00012167
0.00005471
0.00005669
0.00008237
0.00005696
0.00005004
0.00004979
0.00004831
0.00007350
0.00003632
0.00005282
0.00006597
0.00005241
0.00004617
0.00003639
0.00007480
0.00006432
0.00014179
0.00005961
0.00003755
0.00008171
0.00004500
0.00003833
0.00005089
0.00005439
0.00003540
0.00005092
0.00007689
0.00005543
0.00005201
0.00004308
0.00004511
0.00005444
0.00004678
0.00003661
0.00008640
0.00007929
0.00005604
0.00005644
0.00003383
0.00004513
0.00006707
0.00005167
0.00004295
0.00006407
0.00004648
0.00003198
0.00005907
0.00007459
0.00006249
0.00008456
0.00003932
0.00004297
0.00007176
0.00005881
0.00005656
0.00006773
0.00005306
0.00007765
0.00003336
0.00005591
0.00006695
0.00003912
0.00005748
0.00006240
0.00006013
0.00004827
0.00005261
0.00005443
0.00016718
0.00006137
0.00005130
0.00006173
0.00006246
0.00007230
0.00005462
0.00005110
0.00005187
0.00004549
0.00007305
0.00006303
0.00008516
0.00004416
0.00006599
0.00006632
0.00006583
0.00008508
0.00007655
0.00007626
0.00004390
0.00007041
0.00004673
0.00005132
0.00001508
0.00004475
0.00004464
0.00011067
0.00003975
0.00005887
0.00007181
0.00005340
0.00008340
0.00006893
0.00004734
0.00006216
0.00003745
0.00011646
0.00007203
0.00002619
0.00004997
0.00006168
0.00002888
0.00005081
0.00012973
0.00007281
0.00013443
0.00005974
0.00003531
0.00011348
0.00004755
0.00004634
0.00005337
0.00004964
0.00006058
0.00006403
0.00020816
0.00007165
0.00003611
0.00007341
0.00005714
0.00007735
0.00004698
0.00010655
0.00005782
0.00005717
0.00005408
0.00004336
0.00007959
0.00004762
0.00012468
0.00004308
0.00005483
0.00005423
0.00006348
0.00005270
0.00002909
0.00006687
0.00005048
0.00005291
0.00007867
0.00006183
0.00005066
0.00006872
0.00005477
0.00005597
0.00004611
0.00004761
0.00004106
0.00005589
0.00005156
0.00004645
0.00005070
0.00005434
0.00005292
0.00007763
0.00004087
0.00008344
0.00006697
0.00003514
0.00004485
0.00004844
0.00003266
0.00005483
0.00006179
0.00006162
0.00004689
0.00005842
0.00005088
0.00002548
0.00004183
0.00004864
0.00002061
0.00004885
0.00005513
0.00006106
0.00008109
0.00004081
0.00002711
0.00006625
0.00005015
0.00006692
0.00001689
0.00014937
0.00002582
0.00006863
0.00006383
0.00005324
0.00005208
0.00006480
0.00004044
0.00004781
0.00005565
0.00006005
0.00005498
0.00005870
0.00006641
0.00006490
0.00005369
0.00006044
0.00005280
0.00007639
0.00005178
0.00005238
0.00005603
0.00009609
0.00004752
0.00005405
0.00006224
0.00005760
0.00003129
0.00008379
0.00004116
0.00005652
0.00007412
0.00005382
0.00005904
0.00009996
0.00005296
0.00008895
0.00005306
0.00005812
0.00004590
0.00007294
0.00004506
0.00003794
0.00006379
0.00004390
0.00006000
0.00004107
0.00013353
0.00005119
0.00004501
0.00006281
0.00009725
0.00006707
0.00004043
0.00006271
0.00007473
0.00007191
0.00003574
0.00005415
0.00005444
0.00003928
0.00005984
0.00006715
0.00006436
0.00008147
0.00006131
0.00012825
0.00005557
0.00005724
0.00005923
0.00003475
0.00004650
0.00004909
0.00005363
0.00008129
0.00002905
0.00004830
0.00005083
0.00005677
0.00004384
0.00005211
0.00005728
0.00004471
0.00006540
0.00005235
0.00006024
0.00006337
0.00005810
0.00007318
0.00005603
0.00005188
0.00006465
0.00005055
0.00008149
0.00003799
0.00002978
0.00005825
0.00002452
0.00008215
0.00006608
0.00004759
0.00006213
0.00007292
0.00006973
0.00004241
0.00010550
0.00005081
0.00005228
0.00005765
0.00006237
0.00004680
0.00006036
0.00004560
0.00006648
0.00003808
0.00004798
0.00005387
0.00008811
0.00005668
0.00006078
0.00004431
0.00008408
0.00005554
