-138829
-80281
-88250
-55539
45318
-153379
-122330
1756
-136297
-139948
-28698
-25146
-67797
-104972
-210208
-53569
-105411
-68882
-74800
-158879
-122624
-909
-93500
-198729
-82441
-141944
-75776
29231
-95073
42048
-90003
-214584
154345
-7340
-63022
-107665
-155810
-40403
14023
-77042
-44627
-80961
42967
-74250
-57498
-168603
-46224
-128516
-168784
-107845
-33648
-125460
-24640
-63132
169090
-60527
-71599
-63570
-19363
-132886
-106246
-96403
-58482
153503
-118754
-75870
-106260
17059
-132140
-97521
27646
-136425
-58726
-134692
-90205
-165186
-80805
-125255
-62224
-80554
-15763
8842
-45113
78512
-144893
-87658
-37496
-44543
-58050
-118420
-58371
-136886
-153411
-53267
22520
-116452
-96086
-110475
26797
-102481
-127541
-45081
-33293
-3207
-111739
-92584
90003
-19168
-122098
-46561
-88187
-95303
-23283
-141233
-38345
-172498
-113127
-141225
-111884
-168726
-153610
-113558
-133433
-6818
-88319
-157979
-118025
-61864
-125133
-112731
-81990
-91727
-82905
-123974
-116963
45751
-87506
-86609
-40170
-56347
-57261
-20115
155612
-152327
-70355
-176132
-148075
-40928
-127611
-47282
-20402
-116014
-52841
23108
-159116
-36874
-51072
193364
10253
-180766
-143952
-99591
-139789
-11811
-38466
-96240
-63485
-134017
-90234
-110788
-15497
-88275
-79588
75275
-125766
-132032
-53346
-70310
-61388
-204347
-37545
-161902
-135152
-144677
-115642
-174065
-66897
88775
-86290
-124406
217500
-63437
-46929
-31309
-168808
-77811
-96904
-109711
-82615
-145849
-24419
-78172
-128444
-129937
-116448
-106318
-6982
-91848
-114940
-31462
-90279
-132577
-111223
-124614
-60456
-124721
-59212
-89387
-152655
-156146
-44156
-40550
-18332
-35007
-111293
18550
-113362
-17439
-128428
-111341
-120719
-69488
-29845
-46618
-136009
-125950
-193207
-84561
-89318
-50773
-181876
-24456
-108803
-118984
89265
-103799
-111294
-56344
-28678
-11430
-175432
-32928
-74804
-41589
-61660
-25369
-115257
-149478
-151451
-230764
-62392
9325
-160079
-36766
-26130
-105836
-110357
-112517
2647
-61244
-13128
-102208
26972
-30365
39
-15318
199453
-63384
-61702
-20406
-330046
69591
-3453
-106227
-156820
-108403
46465
-129661
-128536
-123012
-80852
-68298
-118233
-61225
-107554
-84998
-118233
-28044
157062
-151716
-57068
-71441
-135933
-36296
-65180
235994
-62330
-72851
-103232
-199523
-75401
-133029
-129399
-175723
51706
-122394
-61667
-123091
-93659
-50455
-35458
-111543
-90483
-111023
-223319
-144415
87734
-84195
-143864
-81962
-48341
-176494
-122172
-58468
-37697
39427
-98906
-137320
-16303
-86111
-60745
-65977
-103360
-106774
-151263
27892
160808
-270056
-109785
-93270
-37090
-211230
-88589
-54597
-44829
-215741
-35756
-190562
-92218
-177988
-13580
-129508
-84294
-23781
-28372
-65801
-58741
-81966
-107083
69176
-62960
63262
-77894
-5772
-88967
-63205
-171164
-94389
-95316
-68347
-57960
-57285
49889
-93604
-248973
-121480
-175068
-71122
121216
-101665
-175383
-34873
-129530
-84322
-110686
-123317
-72336
-54822
-82143
-41944
16902
-13759
-84657
-48271
-96748
-156422
-31264
-74375
48115
7091
-76371
-56357
-89233
-85783
-38027
-53232
-137133
-221838
-128341
-160144
-122258
23150
-158012
41671
-48269
41948
106381
-104984
2357
-85444
28612
-87869
-115870
-131857
-113047
-71041
-128492
-83864
-104190
-97217
-6742
-80750
-36050
-102201
-108290
-81740
19605
-31383
-108049
-59667
-13308
-95799
-139593
-156091
-74834
13342
-8017
76321
-124875
-45280
-125801
-65354
-37386
-153707
-172499
100057
-75152
-57357
-113999
-150786
-34219
28784
21701
-93421
-91180
-83569
-74352
114345
-83884
-162639
-128819
-143636
-96978
-36036
-68959
-65317
5669
-119492
-116221
-541
-80924
-60108
-114443
-72786
-27371
-28201
-93347
-48081
-59732
-26786
-40481
-72471
-119940
-165822
-118591
-124501
-79634
-116812
-141204
152111
10297
-25406
-98576
-149762
-200850
-16080
-124153
-113199
-94811
-137953
-25730
-123463
-65552
-47806
93816
-144221
-86280
-44717
-76343
-106996
-141643
-137374
-108552
-184344
26888
-66324
-112522
-47145
-65374
-92378
-107578
62704
-100555
-65000
-98860
-39995
-30548
-48918
-140110
-117915
-43235
37803
-74417
-99889
-108915
-76830
-3985
-34444
-10661
-99668
-90318
12487
54709
-53557
-19278
-159915
-147261
-100576
-81123
-114117
-121213
-144396
-87226
6800
-160831
-102267
-3787
-72904
79296
-115182
-93608
-85767
-17324
66413
-69808
-72301
15224
-62061
-57804
-178263
-10063
-81133
-143279
-87687
-79931
-109601
106801
-95788
-168942
70096
-77576
-11823
-111048
-13563
-74037
162075
-63344
-67407
-129786
-96915
-66071
-6255
-49679
-36173
-83513
-126288
-72811
-114575
-83849
15284
-101769
-103476
-68271
-111949
-55263
137650
-66685
-65616
149808
77380
49672
-101513
-139485
-37618
-201360
22809
-74701
-201871
-120812
-104423
-105313
29108
-55065
-82559
-35338
-21071
-122939
19682
-10265
-34527
-77622
108971
-49104
-90033
-137438
-199843
-142677
-138655
-97923
-97968
-86780
-52972
-68977
-39060
-227259
-73197
-56448
111655
-48888
-60134
46381
-56501
-129967
-21809
-114499
-55210
58350
-86415
60740
-103313
-18275
-117027
-5370
-152027
-177217
-129669
6836
-138491
-58028
-51229
-162886
-123362
-128241
-147305
-99226
-160387
-32737
-28227
-188288
-34742
-81812
-47674
-72989
-13707
-68961
-79197
35920
-103871
-180522
-59505
-51030
-135943
-30541
-141366
-46438
-153313
-70026
-100279
-70059
-44208
-125270
86617
-108586
-48301
-84771
-14399
-29704
-53401
-23721
-158217
-90911
-168137
-106559
50883
-96107
-143608
164861
-104870
-112654
-146077
-183607
-133867
34025
-34122
58031
173825
-15852
-38682
-119450
-157941
-90991
-109178
-60934
-146645
-63288
-55007
-83050
-125298
-137448
-65322
-28490
-170694
-51372
-151430
-94887
53622
-73103
18616
-36184
40089
-73125
-162817
-78951
-105771
-16738
-63157
-62588
42743
-106819
-3815
-131635
-89632
-180075
-15936
-114162
-131525
21356
54870
-136376
-131677
-82306
-120259
-134743
-126983
-91841
-170255
-194212
-26327
-178900
-100130
-59662
-67533
-128687
-89764
-143397
23369
-203313
-147223
-91921
-35076
-117738
-89344
-67327
31414
-68141
-143686
11144
-180918
-160708
-94870
-201983
-158153
-70486
-119354
-13912
-103718
-28409
-112569
-101546
-103241
-96628
-52822
-95614
-8512
-8983
-51246
-98156
-6409
-126357
-60308
-38445
-64898
-131601
11811
11705
-62299
-92744
-89565
-95287
-120669
-123147
47613
-74679
-92894
-382649
79970
-38815
-123094
-142867
-90076
-133333
-268247
1457
-71542
308706
-73823
28515
-1548
59852
-147072
-62668
-59902
172878
-80507
-69719
-155911
-185954
-34485
-57647
-14192
-121289
-88199
-66372
113748
-204738
-61998
-97244
-51130
-100966
-79644
-212
-151947
-54478
5123
-134415
-68488
-96245
-52031
-51868
-38216
-200123
-76257
-31052
-92768
-76490
-80884
245700
-32964
-103745
-165347
23599
-124402
-148517
-157544
-63723
-163108
-110945
9302
-61549
-31297
-35425
-61763
-1088
-91834
-127650
154682
-81110
-68102
-57627
-111530
120371
-162192
-89973
3071
61844
-19905
-129519
-32871
-23071
-111528
-65056
-172919
141018
-64052
11893
45615
31625
-42468
18253
103509
-29484
-68597
-105077
-90911
62347
253407
-70199
-99681
-125900
-44700
-88138
-125477
-79135
-73031
-73754
-133458
-103288
-102876
-1371
-15718
-80346
40952
-142458
-83573
21079
-73886
-35404
37742
-79528
-63538
-15414
-151732
182571
-104973
-129979
-103919
-101283
-99943
-166391
-42389
-144465
-145394
-65949
-108730
-76317
-64507
-30896
-10808
16463
-95812
25687
-132665
-147711
5084
-97843
-117488
-115613
-16938
-2595
-159421
-148484
-154440
-70255
-192691
18365
-118048
-57957
-60063
54752
25028
-75828
-91188
-141242
-72885
136608
-70446
80474
-145649
25335
-69767
42538
-46669
-91084
-119345
-114057
-51012
-112932
-147625
-115766
94955
-82231
-96168
-86917
-113326
-15926
-89386
-120964
-82179
-113493
-72711
-102229
-62963
-57980
-118161
-153181
-144621
-43715
68226
-151590
-68634
3636
-21867
-48580
-115327
-47130
-106588
-38511
-130453
-88645
-53455
-148695
-23149
-16232
-41040
-116387
-9312
-25814
-131702
-91494
-38718
158081
-72586
-8336
-157495
-85779
-156109
-14125
-99689
-19590
-73973
-102912
1788
-120313
-79466
-139713
-92377
-34625
-15960
-127644
-114973
-159991
-164313
-199882
-21574
109911
-104000
-111216
-57090
-126360
-42426
94679
-90642
-132511
-102895
-25833
-78159
-136608
11666
-135588
-161105
-74019
32888
-42800
35054
18044
-99489
8483
-45899
-96943
-84590
-113187
-225883
-72897
-75608
23360
-91618
-54757
-88346
-61649
1044
-47395
-113601
-92172
-111773
-119448
-71113
-115858
-111278
-67281
-67740
-64697
-68104
