2094743704
1486795910
2092971612
1772879337
1888546610
2064508756
1361032090
1120640188
1237445100
1423974164
1427365203
1969078334
1660012408
1169416467
1114350357
1855905117
1317736170
1206039696
1134685656
1284493041
1474216246
1422355216
1476163359
1211552870
1092549253
1451769751
1146543357
1474402206
1300584072
1563761573
1555491812
1166638002
1307650561
1215053298
1229065950
1423427222
1325130824
1807905496
1267001840
1282994421
1321903867
1602660081
1377112182
1319781732
1228376803
2051032108
1165522240
1351274647
1076075363
1601117705
1227906433
1316653225
1538153754
1475102292
1803863596
1202331430
1677427038
1976210457
1168191317
1194072607
1103488091
1783205600
1912699564
1270480390
1829378435
1429224806
1310210249
1432637723
1523944203
1660668738
1449948434
1576166215
2142568303
1485450433
1279778402
1219986714
2139045998
1591010218
1168060051
1148233407
2076202374
1584665692
2055320132
1349611943
1540757197
1934949160
1477815124
1478569904
1326071564
1210929356
1928156142
1780711545
1265875139
1297652463
1396933356
1078941338
1840218824
1162995369
1649237653
1332853644
1202911188
1544345136
1388608901
1732919763
1308405341
1953009181
1362027524
1996469184
1092024188
1104231931
2120132747
1108333996
1446934784
1431500084
1270808555
1301721711
1353079555
1589839763
1238046736
1628694515
2136770719
1163465739
1510226900
2129616719
1190517485
1186453707
1712650096
2069190579
1144574366
1395500368
1630696322
1346603763
1441082506
1189554867
1223924696
1075550298
1431368818
1256609944
1665263050
1548775365
1495415714
1234590063
1925388616
1900863741
1373174200
2142787080
1539203882
1779180108
1295858494
1121996604
1365495136
2024910163
1833414866
1591819692
1330381466
2074594365
2038561833
1438150897
1572501705
1230367671
1679024108
1159276164
1471612803
1401812078
2047400414
1701842524
1428404393
1688989390
1820047607
1198229366
1250560766
1388051020
1967765674
1789260247
1424411717
1907383288
1116363103
1290575035
2085773857
1876754542
1818100493
1178889500
1836280842
1158422934
1410399066
1179316115
2053679307
1155950757
1895470894
1288387268
1247082216
1200865626
1164176763
1794986729
1100654931
1497373766
1473953714
1111210910
1899693285
1615316316
1911687721
1242542598
1320098959
1351055870
1574175347
1250834237
1576570952
1345072326
1099768886
1529052640
1357323824
1194794571
2043549943
1292090064
1159380083
1263512350
2032436083
1575695845
1233999366
1228628396
1155108467
1118321155
1492418472
1154145849
2030926524
2120471851
1267034656
1257835093
1300780971
1212581121
1954595313
1855795729
2093190389
1523030810
1444932977
1189401723
1642357124
2046787839
1484531570
1727483160
1340773362
1810683961
1457753295
1388455757
1597048457
1639403637
1223038650
1091258470
1210852785
2012833686
1695377671
1480156035
1121777827
2139286652
2113952303
1190397158
1847810377
1604880665
1277995372
1104231931
1302399919
1156913375
1509865919
1289918705
1220194552
1236482482
1264234314
1216322204
1393104763
1411153846
1111484381
1329954852
2131410689
1327646757
1428896641
1305780020
1149343699
1485800475
1385786680
1379770320
1784654996
2108329741
1137617265
1553511882
1147735690
1567863637
1555655894
1398519488
1658743503
1511791154
1824729429
1698188952
1565599298
1898085276
1203108087
1149256188
1920750548
1428382515
1808879053
1307027047
2060811429
1708373010
1244041219
1137354733
1569066910
1430887509
1318633154
1299698026
1500097537
1427157365
1847416579
1607188760
1841422096
1188242207
1301120075
1220982148
1772955909
1159341797
1926548132
1780098970
2023138071
1197376136
2021059692
1550995949
1233922794
1242641048
1137059384
1421873907
1315482769
2052049420
1344930121
1326924794
1212482671
1284241448
1530354362
1801856319
1540188377
1503357310
1130408571
1660242124
1472651992
1132957320
1382122170
2039655716
1083360629
1205919369
2131716976
1819424093
1418603194
1922457007
1256642760
1172807506
1426189278
1350574561
1216330408
2065821417
1888634120
1333674057
1934435035
1420068998
1343628399
1179491136
1428196555
1932148817
1187782775
1577522631
2094174885
2105988829
1362279118
1143699259
2066543380
1398158506
1278301659
1807659373
1327690512
1640442827
1796835392
1764866639
1232489806
1427507408
1401090115
1597004702
1505184096
1133077647
1439846417
1350432356
1267319066
2036767863
1704380334
1415737219
1297061766
1107163540
1263206063
1506956188
1407894072
1168541360
1570647572
2090193148
2131563832
1728035571
1143299991
1211509115
1312944959
1241995656
2102860322
1088206534
1314574846
1616027341
1744503992
1298609612
1394351790
1741856793
1997913111
1362705732
1134587207
1134116837
1938537099
1562831772
1854078331
2086933374
1389210537
1252650084
1158751100
1389319925
1400182191
2127603973
1466657509
1432725234
1775329637
1088589393
2122528352
1717310041
2142612059
2120318707
1944290927
1448094301
1902110769
1451200931
1437735222
2111086328
1895088035
1477891696
1248318304
1886927662
1160490375
1528921374
1497701931
1263402962
1847711928
1099276638
1462216341
1455029524
1104089727
1595692041
1705146053
1809633833
1920641160
1361644665
1405104668
1803420573
1631888656
1867609674
1573300240
1123024855
1243592726
1534937735
1904932989
1962493154
1193449093
1441716959
1515116561
1076742632
1534237650
1791639444
1568334007
1706119610
1971331735
1903598450
1362541650
1115487996
1121591867
1173846696
1297947812
1910522735
1585858026
1120093246
1866406402
1382603479
1586394029
1595888940
1193088112
1365407625
1413319735
1174524904
1519492096
1156191412
1773841955
2057682921
1127345696
1393673583
2076869643
1197387075
1783796298
2107804677
1729200558
1536195702
1225849931
1633879524
1164198641
1190495607
1394373668
1394723711
1388160408
1479598154
1536677011
1341681286
1504505888
1726826830
1143294522
1194280445
1555655894
1596960946
1854335394
1428612231
1985333447
1309739879
1486872482
1565435215
1703548983
1481583553
1130299182
1090580262
1781521019
1324222901
2034055031
1853411062
1208872855
1954201515
1911091554
1197802751
1189620500
2044403172
1587115992
1246885317
1518518540
1267368291
1277743778
1276857733
1144005546
1227687656
1118031276
1418198457
1524305185
1575772417
1160599763
1160260659
1844791258
1584009362
1273641714
1177894066
1159068326
1553916619
1151728366
1564297576
1856966184
1483240787
1729616234
1342425127
2072953539
1292926885
1699348469
1186852974
1994751787
2018959435
1104122543
1102908332
1188789149
2110823796
1531612329
1158718283
1134882555
2102094603
1886883906
1422420849
1368634583
1291154794
1164417418
1609770325
1816426851
1298429121
1207921176
1709357506
1154889690
1638977023
1168147561
1336704115
1082824626
1753211307
1180475632
1962777564
1436411622
1369148708
1310975968
1131086779
1345816167
1479259050
1741659894
1522850319
2054641924
1197452708
1550088026
1286144806
1361896258
1234732268
1202068898
1862687197
2087152151
1321849173
1532006127
2060220732
1705310136
1232380418
1354414093
1792038712
1284307081
1641197607
1925191717
1103870950
1722681010
1217995846
1462692180
1511320784
1338902821
1251074892
1108509017
1376040176
1718021065
1273040078
1462610139
1465410482
1165314402
1685171735
1348343038
1318195601
1402555919
1675108004
1145887026
1480309179
1159166775
1423580365
1966879628
1926766909
1683137111
1747577805
1428338760
1790283029
1419073564
1233178953
1319256668
2039415062
1405531283
1869666175
1183418179
1364149659
1114120641
2045190768
1852929753
1715012885
1221168109
1197758996
1197977772
1655275891
1290826629
1100414277
1643669784
1363383940
1688114283
1886490108
1204442626
1535364350
1564680436
1376412096
2130995013
1366162405
1285652558
1831697469
1709630977
1828798677
1972097453
1130747675
1653033429
1627699081
1763296915
1658710686
1153970827
1172490280
2135786224
1997563068
1654006986
1586908154
1382494090
1811099637
2003557551
1471383087
2067320037
1159866861
1149967213
1954879723
1401035420
1614206024
1596403066
2023269337
1209222898
1098335898
1266903390
1107141662
1172205870
1379376521
1180169344
1990496579
1380175057
1161392829
1268030090
1258928977
1789659515
2074452160
1201193791
1235410476
1826687481
1434967696
1690477072
1281528616
1589238127
1760737227
2018237472
1226768794
1566179056
1201653222
1358297381
1392710965
1114733216
1393192274
1453082411
1153139476
1945275423
1186185705
1431084408
1497461277
2101482028
1783249356
1272318115
1859711833
1665591215
1099473537
1413746350
1842056548
1284132060
1546729803
1310975968
1211749769
1119004832
1358450524
1934588178
1453060534
1382439396
1131863436
1754830255
1330884653
2114958677
1169864959
1306064430
1216519103
1103728745
2119990542
1132125968
1930770524
1172927834
1603217962
1326684139
1170586922
1708208928
1122882650
1464316598
1288409145
1355858020
1322067950
1313360635
1532574946
1308044359
1114645705
1117599191
1878373490
1313535656
1598164218
1428951335
1118343032
1539182004
2003316897
1435416188
1600702029
1801517215
1391704592
1198207488
1200996892
1507459374
1129380320
1279406482
1947135025
1724989105
1087090772
1894541093
1779519212
1748857649
1771555738
2124256689
1678564677
1466755959
2057486022
1291165733
1407664356
1319442629
2123797258
1317703353
1099298516
1348572754
1441662264
1151848693
1958948970
1437253913
2111239472
2073850524
1568727806
2029657619
2042302915
1204174624
1320055203
1217963029
1421430884
1278192271
1324518249
1924546325
1330840898
1169197690
1163290717
1128811500
1717211591
1697160701
1234174387
1541391650
1224581026
1078667867
1700376720
1747741888
1502799430
1656440877
1392875047
1754830255
1909013175
2102969710
1790928420
1189018864
1270852311
1654214824
1189828338
1796540044
1295213103
1215129870
2012877441
2107914065
1272066522
1092975867
1710899882
2018817230
1852689099
1309324203
1318633154
1580946488
2108657906
1567086980
1207363295
2007233001
1496859641
1086051583
1494179625
1380109424
1742677206
1459984818
1975718209
1837287215
2007954964
1676595686
1374114940
1321400680
1582466986
1239786011
1814162512
1558937546
1306414473
1564155371
1828207980
1342961130
1457906439
1404809320
1127728555
1229273788
1271749295
1953091223
1433895690
1198655980
1442263901
1459317549
1689186289
1276267035
1193985097
1211935730
2125613105
1706666552
1472783258
1989840249
2063327362
1541938592
1549431696
1538175631
1987936891
1788489059
1781794490
2051600927
1645190283
1091881983
1199159167
1409009833
2091287031
2086211411
1292850314
1857305288
1375504173
1677864591
1247716668
1948578952
1610579799
1106124350
1452251060
1750060922
1360496087
1682962090
1223684041
1167480292
1441191894
1349655699
1187224895
1515532237
1701262766
1570461611
1395708206
1649773656
1325650419
1110948378
1082780870
1246929072
1159790289
1415321543
1495984534
1215903793
1673970365
1687250114
1715198845
1334964839
1807281983
1097624873
1244790529
1350957421
1335785252
1263523289
2026332212
1859668077
1112643898
1456500798
2012964952
1281069185
1267165922
1483076705
1231253717
1359500653
1562350463
1179436442
1236176194
1838085750
1444539179
1183702589
1605591689
1279756525
1307803705
1077377084
1112403243
1918475270
1305856592
1204595769
1085263987
1184501124
1269583405
1236427788
1813790591
1909964854
1949432181
1564757007
1642116469
2095662566
1131732170
1526230420
1281167635
1443685949
1439649518
1095677760
1364926317
1188701638
1190714384
1954704701
1136545259
1926285600
1141303653
1288113797
1426752628
1894661420
1907230145
1266739307
1547889319
1171844889
1563488102
1578211778
1745023587
1206488188
1603436738
1491368344
1243833381
1216748818
1514121127
1889662371
1117117883
1300321540
1403015350
1284471164
1371413047
1551717913
1516330772
1254378421
1412083647
1233616506
1784890181
1209846411
1223859063
1309028855
1122565424
1110259231
1262746632
1454187234
1345914616
1462172586
1957658187
1923572769
1320459940
1731771185
1257419418
1379365583
1167802988
1237281017
2078215120
1239731317
1357848888
2144646683
1704314701
2105463765
1772923093
1490471359
2051185252
1401855833
1919175356
1559976735
1196074415
2103232242
1467565433
1136074889
1567174491
1889356084
1465246399
1746144818
1680183625
1669944873
1265109421
1272000888
1835558879
1398103812
1568946582
1503707353
1903423429
1432386130
1498265281
1298440060
1337294812
1383905200
1623629833
1086511014
1146937155
1253153271
1899288548
1357466029
1128439580
1187520243
1326509118
2048669319
1217481720
1338366818
2089427429
1528057206
1223213671
1407401824
1480681099
1357422274
1709707549
1309149182
1212154506
1510445677
1181131962
1903882860
1775351515
1391704592
1360911763
1145777638
1919426949
1543874766
1112009445
1451561913
1703636494
1629318029
1981811142
1232533561
1187104567
1221419702
1347019439
1457293864
1093424360
1410355310
2130644970
1553260289
1779552029
1120968353
1258753956
2058623661
1324408861
1419992427
2070743894
1964484022
1297586830
