0.0055510434
0.0039763963
0.004922548
0.0057575237
0.0041573923
0.0045578843
0.0034814337
0.00461312
0.0039997683
0.0035164717
0.0042041726
0.004296959
0.003878731
0.0065850858
0.004291622
0.0045464253
0.0049917605
0.0056254957
0.007076299
0.0044386736
0.0041593905
0.005508702
0.0032254984
0.00491859
0.0061037773
0.0043968814
0.0052563245
0.008139872
0.0037458746
0.003414448
0.004269608
0.004808114
0.00482768
0.004286868
0.0046448344
0.0036873533
0.0044591026
0.0032060433
0.005262002
0.005518931
0.004287615
0.0051678843
0.004501037
0.0065708808
0.004035334
0.0046670362
0.0049096043
0.0034547118
0.0034910142
0.0054199523
0.0049120546
0.0040636393
0.004985051
0.0052076364
0.006071425
0.0043206285
0.004759639
0.0046740677
0.00448866
0.005977802
0.004857582
0.004126354
0.0051329564
0.013128293
0.0052383025
0.0038187325
0.003878419
0.0046027857
0.005399818
0.0059158024
0.012261777
0.0045728465
0.004841108
0.0050389986
0.012440206
0.0043644686
0.0049130223
0.0050138524
0.00586733
0.00495961
0.0070701637
0.005468419
0.004034139
0.004986735
0.005598152
0.0041940105
0.0049247504
0.004573522
0.0052056205
0.00672175
0.0047402442
0.005054604
0.003879895
0.0056909043
0.0057299295
0.006342713
0.0038349826
0.0065125558
0.005133694
0.003985314
0.0049923733
0.00466556
0.00456672
0.0043708035
0.0049922247
0.005235092
0.0052128895
0.0056141773
0.0048380247
0.0046805623
0.0048901164
0.0045006056
0.0047908453
0.0047223065
0.0075754514
0.0037266675
0.004794466
0.0027436644
0.0035539914
0.0052539287
0.003979694
0.0072014634
0.0039336546
0.00407711
0.0048604864
0.0036555363
0.008998835
0.004781454
0.005316947
0.0030580454
0.004925593
0.0061954465
0.004780921
0.0043106764
0.004895658
0.0044998056
0.00497911
0.004692495
0.0044568665
0.0043072756
0.0053787758
0.0035068416
0.0054366705
0.004761469
0.0047775432
0.004984131
0.009123781
0.0041531147
0.0039337086
0.006029493
0.008065342
0.0043975306
0.0048521375
0.0060474747
0.006613586
0.0037563117
0.00519137
0.0031303784
0.005249593
0.0049560526
0.005658093
0.0042309137
0.004261479
0.004335546
0.0041870777
0.004899264
0.0038588762
0.0037874545
0.005379194
0.0040690373
0.0039023636
0.0046493467
0.0047623403
0.004203495
0.0034779282
0.004512955
0.005976183
0.0063681905
0.0033742534
0.006451373
0.00339001
0.004598897
0.004475252
0.004877811
0.0034563697
0.0042933403
0.0052060806
0.005782548
0.0048653972
0.004912305
0.0048713787
0.004484933
