0.003634554
0.0009409129
0.002169124
0.0012848879
0.00047378027
0.0018309338
0.00023495848
0.00077544077
0.0008062862
0.0015393569
0.0032780317
0.0015873772
0.0012035335
0.0024479723
0.0003748675
0.00045854773
0.0014880927
0.0009965574
0.0031338055
0.00079495646
0.00095395086
0.001190889
0.0010592083
0.0027237572
0.00109997
0.004623583
0.00564016
0.0006156788
0.002519394
0.0013375414
0.0020450633
0.0029553485
0.0024808343
0.0029282642
0.002788527
0.0004693181
0.0042828
0.0015052869
0.00071237935
0.0016865211
0.0014809801
0.004820939
0.0018499355
0.0013038879
0.00027414432
0.0004981249
0.0036129495
0.0036416857
0.001536732
0.0021158948
0.0016930151
0.0013528296
0.00079512736
0.0006330989
0.0028905137
0.0022066797
0.001678068
0.004236812
0.0007621672
0.0020223374
0.0018371389
0.00091211806
0.000588428
0.0010717994
0.0021236953
0.0036809887
0.0008523619
0.0008301632
0.00082302425
0.004383715
0.0010699551
0.0014967128
0.0004462969
0.0035708104
0.0015646121
0.0026023472
0.0008875509
0.0013110685
0.0072294725
0.0020001845
0.0028344316
0.0013049582
0.0035693827
0.0016040789
0.0021278104
0.003433807
0.001627056
0.0034330445
0.0016234351
0.0041908864
0.0035204052
0.0016517084
0.0014211637
0.0018870711
0.00028332407
0.0036312582
0.0033233503
0.0006030019
0.001076802
0.00075187994
0.0011967276
0.0012451943
0.0017201237
0.0014188916
0.002458018
0.0016177057
0.0007592092
0.00031455344
0.0004950466
0.0051819556
0.000681337
0.00053391396
0.0038866713
9.4606134e-05
0.0011909871
0.0028348847
0.0027172512
0.00042665438
0.0025211843
0.0008539914
0.0009047983
0.0037364159
0.0013242926
0.0019245581
0.0015892761
0.000621703
0.0017889318
0.00036719895
0.0011836501
0.0015535428
0.0011700888
0.0042438707
0.00028055813
0.0013903788
0.0019324232
0.0006709055
0.0009884677
0.0021449577
0.00046177214
0.004034464
0.0014018151
0.0016951516
0.0024846236
0.0013830888
0.0011914037
0.0017850864
0.0013210585
0.0017973686
0.0014779912
0.0012028497
0.0007775554
0.0018922087
0.003607916
0.0016279117
0.0007277295
0.0042483457
0.0011302072
0.0014548523
0.001665554
0.0019003267
0.00067239575
0.0013375111
0.0006286198
0.0003921893
0.0009238806
0.0015060211
0.0013631288
0.0008378552
0.003778208
0.007457984
0.0028589154
0.002054315
0.0013972616
0.0003145995
0.0012919278
0.0018345175
0.0030194318
0.00091707375
0.0023118502
0.0011944427
0.0046212086
0.00046451014
0.0020735643
0.0010995861
0.0016707404
0.0006354096
0.00040937698
0.00038524452
0.0012461509
0.0011867961
0.0012757019
0.0011187231
0.0007854299
0.0017583005
0.001037297
0.0005280201
0.002229274
0.00085631985
0.0014297003
0.0016860993
0.00077576895
0.0007117781
0.0022131663
0.00032224314
0.0035627997
0.003677049
0.0030689912
0.0007667386
0.0017431839
0.00093665253
0.0013616754
0.002726288
0.00039509297
0.0005234431
0.0018076976
0.0006173386
0.0026737861
0.0037930382
0.0010031236
0.0010780514
0.0014767642
0.0010470337
0.0016781715
0.0007636647
0.0025013082
0.0025001059
0.00021587258
0.0014125613
0.0014190706
0.0015322876
0.0012770374
0.0020873793
0.00044650675
0.00071784476
0.00035094467
0.0013607456
0.00094174634
0.001416153
0.0022451829
0.0021161095
0.0016883732
0.0010913445
0.002406807
0.0018540153
0.0009911597
0.003393683
0.0010590925
0.00060609117
0.00021668395
0.0026537676
0.00097468484
0.0011566886
0.001653831
0.000651685
0.0010140708
0.004513712
0.0017174068
0.0005838095
0.0014569922
0.0024069648
0.0006171618
0.0027278922
0.001724184
0.0007996607
0.0012644938
0.0019573492
0.0009777239
0.0028301494
0.00084373483
0.00016119577
0.0011433208
0.0037693519
0.003899567
0.0012692086
0.0016751862
0.0013248997
0.00075114745
0.0021020644
0.0010594815
0.0010955331
0.0005947144
0.0009137052
0.0011751591
0.0037572826
0.0011317555
0.000864661
0.0014721171
0.00034316792
0.00042771528
0.0008441939
0.0013532591
0.006067211
0.0033606132
0.0011431315
0.0048765596
0.0015585043
0.0015124455
0.0019617104
0.0011160353
0.0022483396
0.0018465857
0.0026355009
0.0009537651
0.00062150904
0.0029819882
0.0040640994
0.002247084
0.0032104938
0.002247559
0.008060091
0.0022442965
0.001450507
0.00065186457
0.00021320127
0.0015565868
0.0004619304
0.005627507
0.0015383421
0.0009738521
0.0010824631
0.0035135285
0.00051382254
0.0004024239
0.0019827986
0.001131892
0.00082530186
0.00066278904
0.00057087676
0.000831898
0.0012505442
0.00042582236
0.002377998
0.0032935187
0.002104583
0.0015802258
0.0013253081
0.00087338313
0.0017383904
0.004431059
0.0009052816
0.0033934175
0.00095048605
0.0020823374
0.00661138
0.00048098335
0.0015790277
0.0031549167
0.0010523195
0.0026742693
0.0007644239
0.0024094232
0.0014144555
0.000463817
0.0013065338
0.003645904
0.0006234371
0.00087337615
0.0030787946
0.0014743586
0.0006037791
0.00089260045
0.0016151204
0.0018996272
0.0010103321
0.0016771259
0.0040970114
0.0029134278
0.0006678205
0.0028442987
0.00062785577
0.0018192594
0.0012101524
0.0010052235
0.0021324041
0.00027155541
0.00053703296
0.004592489
0.0014025829
0.0011692073
0.0010129833
0.00180387
0.0013991139
0.0033072126
0.00038830965
0.0019121481
0.0012586539
0.00071652274
0.0015940401
0.0022197012
0.0015807376
0.0020594005
0.00027461458
0.0010534123
0.000924744
0.00058625656
0.00084054994
0.0033978499
0.0013441483
0.003636808
0.0034677126
0.0006735975
0.0015950854
0.002107865
0.002956663
0.0013778777
0.0044605057
0.0028878315
0.0008444804
0.00457654
0.00432654
0.0034087184
0.0019313518
0.0010449385
0.004161775
0.00046116032
0.00043303389
0.00045779775
0.0040882714
0.0009882917
0.0020215726
0.004395131
0.0010515474
0.0027127645
0.0006661077
0.002419125
0.0032706913
0.0012807483
0.0012194165
0.0017987662
0.0021343394
0.0009827317
0.002487614
0.0018120297
0.002887401
0.0010343352
0.0028562392
0.00091038545
0.009016855
0.0012008613
0.0011892248
0.0011513128
0.0009412451
0.0009746087
0.00039781243
0.007934506
0.00093527365
0.0026435324
0.0054070777
0.0021175016
0.0014702942
0.004682049
0.0026813548
0.00064271514
0.0037356312
0.00089896
0.0006054803
0.0029134506
0.003004792
0.0024380905
0.0013451957
0.0025895466
0.0030500835
0.004111786
0.0027197478
0.0009791481
0.00040243773
0.00094538316
0.002533608
0.0036092384
0.001301186
0.0019285897
0.0015111108
0.00075650413
0.0021454974
0.0007296789
0.0021254465
0.0014182559
0.0010979043
0.00043689588
0.0015603212
0.00090782647
0.0011393554
0.0039341813
0.000733618
0.0018575017
0.0014858338
0.0037675716
0.0013374774
0.0009889511
0.0014722565
0.0020539814
0.0018450321
0.0010269475
0.0007216354
0.0024629405
0.0021500858
0.0010449673
0.0008251284
0.0021318193
0.002396453
0.005075177
0.0011506858
0.0009014126
0.0012340358
0.00094593584
0.0029185633
0.0016420482
0.002445572
0.001251679
0.0017150819
0.0012980123
0.0010071382
0.0014642576
0.0042894916
0.00086349656
0.0020904078
0.0008130833
0.0005950344
0.0024188452
0.0015051645
0.0013719889
0.0049686017
0.00284194
0.0010813803
0.00042973636
0.00037373725
0.00178149
0.0005327394
0.00045143417
0.0017518483
0.0033405968
0.0013970176
0.004904909
0.0011222085
0.0031107466
0.00023099186
0.0035360635
0.0010230681
0.0006418989
0.004723076
0.0021078952
0.005653641
0.0034948764
0.0017298023
0.0003974283
0.0007667574
0.0023997412
0.001867953
0.0030431016
0.0008231954
0.0022521575
0.00064001733
0.0034855616
0.002737759
0.0018372035
0.0017528775
0.0014566483
0.001984333
0.0013734591
0.0011540129
0.0047290213
0.004811068
0.0013047357
0.0013479932
0.00118087
0.0052373745
0.0015778719
0.00037909433
0.00068721373
0.00063435885
0.002780373
0.00073707465
0.0036635527
0.0028615876
0.00044995532
0.0008223937
0.0053281058
0.0007353397
0.004752538
0.003211866
0.0010908896
0.0007438459
0.0030291944
0.003917506
0.0044193408
0.0031661643
0.00105101
0.0033756583
0.000819378
0.0011839911
0.00045839255
0.0012474959
0.002371914
0.0011523119
0.0035862133
0.0018500575
0.0043772934
0.00080504076
0.0015826308
0.0016098518
0.0033620333
0.001334234
0.0008582953
0.0041223704
0.0016543102
0.0020006076
0.0010118082
0.0006691435
0.0047840737
0.00027529
0.0011799572
0.0015612121
0.0009120049
0.0036626316
0.0036212935
0.001210436
0.0014815009
0.000521148
0.0041178404
0.0025652803
0.002122767
0.0045159757
0.001318565
0.00087023
0.0015346843
0.007613202
0.00078021357
0.0010083613
0.0015988483
0.0010033946
0.00037893167
0.0018659204
0.00029194498
0.0013130169
0.0070755444
0.0018319931
0.0011227378
0.0004479966
0.00196426
0.0016847722
0.0004977954
0.0034799734
0.0029398717
0.0013895138
0.0012569508
0.00044847289
0.0020565435
0.0007405718
0.0059998734
0.0020301333
0.0033521727
0.0014910763
0.0029131665
0.004556712
0.0017171098
0.0029511284
0.002543215
0.0028969587
0.0013854774
0.0005412664
0.003420587
0.00050819985
0.0009259326
0.0008203874
0.00069452
0.00081499753
0.0039776033
0.00054669
0.0012885912
0.00056442025
0.0006855495
0.0019024538
0.00027512418
0.0010675903
0.0016061352
0.0009851342
0.001455881
0.00288868
0.0014586789
0.0006825819
0.0009606896
0.00076395785
0.0015468354
0.0016572485
0.00077847
0.001270815
0.0011852686
0.0016264283
0.0012437846
0.0047478215
0.0017908807
0.0031526403
0.0008807012
0.0013768229
0.0023113089
0.0003444487
0.003907113
0.0039340304
0.00047855687
0.001211794
0.0012298216
0.0025367064
0.0010603229
0.0023243346
0.002227969
0.0002239927
0.0030887318
0.00047584318
0.0034022003
0.00027752304
0.00042844258
0.0006136057
0.0004779817
0.0014623088
0.0012778827
0.00034120335
0.0022233906
0.0013305098
0.00076060847
0.0012799072
0.0017818441
0.00030711922
0.0036444783
0.000658092
0.0026186174
0.0015226799
0.0026229462
0.0012444997
0.00045235115
0.00049459364
0.0015495252
0.0021170261
0.0016067884
0.0017508714
0.0006260706
0.002873806
0.0015116049
0.0009543162
0.00025354425
0.0010393364
0.0023052704
0.0025175817
0.0007292576
0.0007661469
0.00054861134
0.0021588923
0.0051827943
0.0003833155
0.0011573771
0.00086538855
0.0007334325
0.001506495
0.0011080678
0.0010306225
0.0015892794
0.0013402536
0.0028377906
0.0025358547
0.0007543702
0.0028561836
0.001796264
0.00080954935
0.0018154957
0.0022980552
0.0029611038
0.00030413756
0.0036485489
0.0017526826
0.0034129242
0.001438921
0.0011663927
0.0019019268
0.00044659633
0.005132071
0.0017070874
0.004091592
0.0009182427
0.0022903695
0.0015086619
0.0009409837
0.0009046921
0.001788288
0.00029157632
0.0009501744
0.00040504665
0.0010591102
0.00064433354
0.00030691092
0.0045932364
0.003488701
0.0017199105
0.0036451356
0.0015779295
0.00064764894
0.0016938262
0.0013250702
0.0006516204
0.0010794672
0.0009772923
0.0047692717
0.0009220497
0.0019009372
0.00053658924
0.0013323457
0.0003303527
0.0011682276
0.0019137836
0.0007338771
0.0036301336
0.0034053996
0.0033850996
0.0023044108
0.001931295
0.0022782115
0.00094790134
0.00044097906
0.0028579107
0.00055421976
0.0007197913
0.0006199842
0.00022876561
0.0009980131
0.00048651514
0.00049535633
0.0006712902
0.0011613003
0.0043862564
0.0019147868
0.0015795334
0.0008563278
0.005570572
0.0016622749
0.0030864612
0.014450576
0.0018484731
0.002998235
0.0006066314
0.002820689
0.001123892
0.0023250817
0.0011812856
0.0012308288
0.003950584
0.0008022
0.0018220893
0.0006204571
0.0008162032
0.00031867475
0.00073446886
0.0018069056
0.0011793652
0.00060830225
0.0019486652
0.0012924467
0.0017214955
0.00097488094
0.0032367618
0.005488113
0.00065514684
0.0014538763
0.00068704475
0.0014525466
0.00457835
0.0014153129
0.00064573705
0.0018504667
0.0017754901
0.001252929
0.0007918473
0.0007471296
0.004792478
0.0054020486
0.0012271401
0.0010343714
0.00053660816
0.0027386264
0.0011628395
0.0006132878
0.00045640944
0.0007244868
0.0029719912
0.0042887125
0.0010755497
0.0012775632
0.0013978572
0.0015654041
0.00037716737
0.0048052096
0.002787102
0.00020584418
0.0011904254
0.004053586
0.00061330857
0.0014559358
0.0042826217
0.0060867653
0.0015165006
0.00021307057
0.000769204
0.0009016313
0.00069935236
0.0012563308
0.0016274437
0.0035532594
0.0013482892
0.00093526754
0.001450351
0.0012628698
0.004346007
0.00068359805
0.0025469775
0.0016989912
0.0040064873
0.00079375383
0.0008737687
0.0007110341
0.0021049676
0.0018790473
0.0041980995
0.00049423164
0.0015376862
0.0017352145
0.0013879697
0.00071727915
0.0006200364
0.0025455053
0.0012767945
0.00032014507
0.0006175175
0.0014006466
0.0013738675
0.0020272585
0.0007091361
0.0016626959
0.0022687947
0.0010814484
0.0006892598
0.000438057
0.0013208988
0.0010431851
0.0012523537
0.0013229493
0.00064205297
0.00043350895
0.004343606
0.0047036805
0.0002497492
0.00027710822
0.0020866827
0.00069063896
0.00078733
0.0039775204
0.0010036371
0.0043796063
0.00449361
0.00286538
0.0033896228
0.0006724099
0.00090669445
0.0012954145
0.00053369673
0.002428182
0.0014294368
0.00073345937
0.0033966578
0.00060202304
0.0015223428
0.0014551616
0.0013355832
0.0028694398
0.0018424607
0.001317724
0.00341956
0.0013267372
0.0011213787
0.0009608243
0.0012348117
0.001149763
0.0043362034
0.0049158926
0.0036444624
0.0017065888
0.0004871913
0.0016830323
0.00094138767
0.0013997266
0.0010051323
0.00051522406
0.0027261854
0.0018996458
0.0024212238
0.0027109708
0.0005125797
0.0013332086
0.0023618345
0.0035507772
0.0014543517
0.0023015258
0.0031998253
0.0010479866
0.000560165
0.0010243438
0.0007719627
0.0025183829
0.0006206806
0.0018335345
0.0005104244
0.0014182038
0.0007196981
0.0002636985
0.0011189674
0.0018614192
0.0007612014
0.0021180324
0.0039384146
0.00045252588
0.0019924094
0.0007199926
0.004118284
0.0012998725
0.0005030784
0.0024476394
0.0010998453
0.00057940016
0.0011659181
0.001263409
0.0008961995
0.0011920269
0.00067421945
0.0012800256
0.0037820989
0.002850983
0.00084987376
0.0016855111
0.001240408
0.0012903216
0.00032740127
0.0026360163
0.0013356401
0.0008096471
0.0020579775
0.0009078467
0.0013856734
0.0012693048
0.0010119766
0.0014701417
0.00430539
0.0046944246
0.0009475767
0.002949919
0.0015802133
0.0009933526
0.003688965
0.001045415
0.0014923752
0.00403414
0.0011114904
0.00067211146
0.0019583749
0.0022094294
0.00070391607
0.0009681653
0.00239011
0.0006905786
0.0030033926
0.0010662782
0.0032192313
0.0017302972
0.003925844
0.0049897833
0.0012820262
0.0047015515
0.0034383282
0.005223409
0.0014626257
0.0015511422
0.0014194633
0.001975581
0.0044459933
0.002952287
0.0031093725
0.00425406
0.0016243738
0.0009069183
0.00086714944
0.0014483784
0.0019632385
0.0006778748
0.0021786627
0.0021350798
0.0002385283
0.001705339
0.002340332
0.0013998011
0.0014560304
0.00090405927
0.003167453
0.0010113746
0.0002842086
0.0037777582
0.0037909716
0.0007976242
0.0012010485
0.003172006
0.0011160627
0.0015165551
0.0013885199
0.0018347276
0.0016775678
0.0012069875
0.0005258191
0.0014896614
0.00052534835
0.0008557648
0.004281219
0.00080318924
0.0006153841
0.0044209734
0.00082721096
0.0041552167
0.0006217203
0.003399752
0.0018848913
0.0012155429
0.0029469156
0.00026585083
0.0009063119
0.0012644443
0.0012014599
0.0020645924
0.0011914771
0.0018527698
0.0011415355
0.0014278283
0.0004175317
0.0017055869
0.0034489592
0.0011203829
0.0035157213
0.0026003364
0.0005000826
0.00066784077
0.00055037317
0.0010790309
0.0019045107
0.0018508978
0.0019626105
0.0014087248
0.0038587234
0.001998006
0.0008444702
0.0014924072
