0.03552857
0.00769702
0.03209620
0.05028851
0.03915905
0.02353217
0.01717636
0.04748023
0.01106880
0.01620658
0.01067098
0.01350867
0.01218858
0.00836167
0.01309192
0.00644430
0.00601321
0.00977983
0.01424393
0.03219113
0.02667660
0.04248164
0.01245589
0.01619435
0.01531909
0.02825348
0.01630584
0.05038922
0.01140446
0.03972057
0.03402807
0.02520374
0.01182378
0.00964956
0.00880417
0.02020165
0.03698465
0.00903997
0.03280694
0.01960851
0.02578322
0.00500844
0.01605407
0.03858787
0.02603642
0.00543878
0.04496345
0.01747687
0.04691474
0.01088593
0.02132611
0.01343838
0.00917041
0.01583407
0.05474589
0.00961406
0.02321496
0.00795976
0.04366450
0.04890926
0.02460352
0.00731544
0.03529157
0.03102786
0.01603475
0.01004379
0.00868958
0.01647163
0.00335238
0.02053333
0.02339134
0.02806469
0.01127421
0.02706245
0.04609600
0.01351593
0.01428163
0.02106849
0.03948320
0.01411750
0.02393909
0.00382226
0.00702128
0.12826346
0.04328533
0.02359635
0.02171715
0.06549481
0.01729884
0.07530938
0.01829275
0.02624543
0.00483419
0.01727331
0.02263575
0.01198256
0.01330504
0.01696156
0.03999604
0.02146111
0.00624282
0.00742173
0.01252176
0.00700030
0.01093292
0.01394150
0.00902027
0.14929335
0.01338224
0.00928807
0.02020766
0.02126217
0.03856961
0.05086347
0.02417863
0.00983081
0.00674077
0.00839988
0.02677588
0.00472929
0.03300938
0.04984826
0.04293773
0.01580643
0.02020926
0.08537944
0.01765001
0.07316711
0.00616333
0.01348622
0.00370681
0.01232030
0.00693367
0.05472510
0.07995109
0.00930607
0.05350988
0.03094301
0.00947281
0.01692204
0.03297036
0.00638690
0.01170021
0.06138462
0.00439605
0.00596353
0.03525921
0.03796338
0.03869514
0.04264185
0.04452440
0.02851118
0.02459821
0.03369943
0.07318024
0.01265204
0.00796934
0.01833388
0.04284672
0.00829566
0.01249776
0.00898381
0.01115700
0.03286973
0.01336450
0.01442209
0.01834407
0.11768799
0.03800636
0.02311740
0.06894164
0.04180116
0.02605899
0.01563288
0.01560570
0.03261190
0.01160590
0.02118048
0.01522037
0.00809961
0.01551915
0.00432039
0.03140660
0.00593876
0.04569823
0.00756103
0.00597312
0.02746570
0.02371689
0.01357982
0.00803443
0.01108588
0.04390201
0.00956953
0.01786982
0.03780940
0.05573991
0.04741561
0.02000864
0.03890225
0.00509714
0.02286199
0.05859934
0.01269380
0.02347481
0.03078191
0.01744730
0.02500354
0.00414158
0.06097568
0.01472267
0.01421512
0.03795210
0.04767163
0.05775954
0.02646665
0.02655135
0.03230821
0.00607676
0.00565699
0.01536245
0.03181133
0.01618743
0.00976585
0.03238260
0.00875512
0.01018515
0.02375801
0.00726429
0.00692129
0.02325128
0.03798376
0.03387000
0.05721778
0.00492076
0.00849377
0.01800072
0.02579207
0.01119717
0.01584265
0.02424774
0.00381452
0.02324137
0.04441519
0.06066535
0.01490574
0.01329562
0.02345457
0.02694211
0.01440942
0.04165473
0.09450585
0.06992050
0.02865776
0.04268349
0.01635854
0.00422939
0.02506674
0.01119757
0.06281736
0.02308493
0.00644481
0.01137407
0.00415296
0.05637063
0.01639459
0.00883805
0.01205571
0.00745253
0.02275357
0.01839001
0.06753361
0.00899849
0.01611421
0.01211077
0.02852562
0.00787906
0.00626890
0.05483509
0.03693014
0.05201746
0.02807268
0.01463118
0.05510480
0.00895942
0.04785299
0.02152105
0.02051674
0.01951446
0.00757535
0.00931359
0.01608205
0.00912010
0.02060562
0.03250968
0.01009396
0.00601052
0.01167153
0.01327862
0.01069602
0.01091725
0.01115006
0.01048305
0.03249616
0.03187661
0.01573586
0.02414854
0.02595936
0.01011239
0.01268726
0.03194760
0.02994870
0.01080487
0.01672182
0.01480648
0.01331713
0.04440700
0.01587448
0.03563152
0.02663474
0.04793252
0.00613110
0.01022937
0.07734511
0.03645362
0.01049372
0.01704700
0.02541829
0.02326829
0.06532664
0.00657314
0.02072554
0.01303643
0.02070665
0.01837495
0.01460605
0.02673492
0.06834091
0.00860400
0.04743057
0.00972914
0.00522179
0.04172513
0.01463081
0.04574261
0.01304557
0.03379950
0.00768177
0.03858384
0.02630652
0.06209736
0.03300415
0.00698545
0.03387979
0.04554219
0.06415453
0.01283827
0.00772521
0.02332369
0.01021647
0.07712994
0.03321026
0.01963669
0.00920664
0.04419553
0.03618680
0.02398131
0.05322443
0.02076338
0.01208918
0.02804949
0.02293213
0.07960135
0.04977519
0.00672789
0.05756305
0.00883376
0.04639642
0.01348352
0.01516956
0.01841905
0.03228456
0.02046439
0.01065759
0.03430353
0.02542437
0.02244507
0.02033725
0.00883168
0.03030127
0.03973351
0.01561366
0.07420189
0.00586276
0.09819783
0.02444990
0.01206641
0.01112984
0.06261525
0.00931150
0.02484971
0.00809254
0.09749462
0.01259345
0.02602280
0.00316631
0.04080363
0.01921628
0.02227284
0.06213302
0.02172251
0.00930858
0.01381416
0.00700837
0.02658758
0.01752551
0.00942023
0.01336018
0.02155767
0.01515162
0.01237153
0.01025437
0.02156768
0.01929142
0.01358338
0.00717278
0.01319383
0.01084568
0.00777325
0.02305100
0.04706367
0.01790517
0.01113298
0.04887734
0.01136177
0.09392085
0.01257526
0.09067967
0.01810715
0.06296144
0.01658324
0.02307008
0.04438935
0.00800994
0.04521326
0.03701607
0.01013259
0.03286636
0.00782668
0.02041991
0.02295771
0.03272111
0.00489849
0.01025360
0.02884049
0.02024443
0.01807469
0.01828489
0.01221538
0.01245056
0.01121789
0.03006849
0.01423448
0.01428350
0.01584793
0.01361556
0.01829096
0.03463876
0.04712313
0.01544968
0.03609750
0.00744243
0.00980080
0.00640127
0.00830115
0.00935755
0.05047645
0.01556608
0.01255599
0.08157336
0.03185793
0.16080901
0.00826077
0.02983285
0.03526396
0.00529179
0.01392036
0.05268010
0.05317155
0.01367536
0.03109709
0.01794831
0.01046849
0.02610126
0.03741592
0.02719840
0.00808315
0.01226964
0.00469729
0.04785671
0.03982223
0.01784276
0.01018833
0.03624957
0.01965200
0.03566201
0.03729285
0.00651000
0.06917706
0.01038251
0.00998549
0.01362803
0.03203715
0.01463473
0.04932126
0.02757504
0.00959191
0.01236356
0.01784454
0.03099332
0.00482415
0.01300051
0.02167852
0.02564499
0.02499349
0.01911659
0.02922181
0.01987192
0.02473274
0.04643117
0.00556372
0.03766600
0.01189643
0.00983846
0.01444001
0.01864496
0.04673555
0.00960933
0.01050394
0.07339728
0.02821127
0.02183661
0.01470074
0.01754519
0.01141157
0.01314700
0.00399698
0.02797342
0.04010359
0.00933440
0.02085357
0.02777740
0.01484823
0.03338925
0.08910508
0.08245166
0.04130105
0.06867655
0.01882189
0.00541055
0.06630495
0.05558183
0.01008687
0.08832672
0.01121256
0.04458820
0.07322789
0.02431446
0.08376012
0.01407007
0.02922887
0.06484766
0.01091115
0.01678204
0.01065150
0.03491899
0.01690155
0.04116390
0.01872022
0.00954498
0.02351128
0.00778042
0.02472179
0.01079161
0.02165230
0.01478178
0.01116547
0.01886932
0.02992454
0.04076299
0.01304078
0.01053014
0.04906969
0.00924173
0.06397405
0.01234749
0.01958470
0.05492274
0.09922126
0.04394470
0.00826955
0.00614748
0.01137717
0.01240655
0.05343809
0.01372847
0.02255405
0.02879607
0.00915689
0.03080200
0.02277963
0.01321488
0.06594053
0.01790396
0.01453299
0.03940222
0.00648047
0.00782610
0.01784573
0.02269463
0.05498800
0.04097875
0.00781355
0.02537721
0.00969459
0.05772566
0.01886773
0.00500511
0.02272884
0.01978634
0.00998346
0.01364701
0.04052041
0.01472546
0.04117250
0.02539092
0.01687117
0.01105449
0.02738886
0.00927069
0.01566717
0.01288456
0.01308938
0.00754383
0.01263139
0.03115895
0.01723831
0.02574964
0.02023334
0.03541035
0.03824615
0.01901689
0.03720460
0.01614224
0.01575536
0.00997384
0.01502036
0.02893345
0.01420577
0.00661249
0.01069450
0.02495993
0.02226774
0.00385143
0.07660961
0.05223984
0.01717116
0.00534499
0.01722786
0.07292368
0.02902999
0.01883075
