1090802369
2126859670
1216151537
1120802575
2129995329
1172447955
1776601078
1832114708
1118164375
1875022530
2002838814
1738813488
2147070372
1195220528
1320998721
1570138878
1269777980
1166466163
1317341037
1111200824
1074523963
1086863932
2134225925
1307075130
1125018256
2131757054
1156935478
1501388625
1864187221
1927153086
1078429938
1811975949
1206726134
1856777099
2033235584
2136696551
1282058289
1144656046
2026537872
1079570497
1276682747
2084681805
1147162644
1330652235
1974447673
2051658241
1919656983
1607207039
2021454489
1378481130
1224312674
2043416387
1258453985
1166374918
1500917486
1967223549
1317999929
1127089686
1134095349
1136543164
1124044394
1143229471
1927742668
1149888579
1846299750
2137136982
1794648228
1175774000
1374145252
1234102178
1174835232
2045581694
1231387648
1079783693
1459056346
1181640859
2022472218
1454328291
2072937559
1254308493
1243566184
1301690815
1095662904
2111098902
1120221767
1116144708
2121835947
1995551521
1176124941
1256646638
1274115613
2006751808
1774777939
1260970234
1101940364
1511756304
1487007933
1379896301
1159311350
1576550573
1091964862
1148868218
1249300562
1195122264
1234755805
1317109416
1969538006
1079518733
1134626148
1214872356
1107901977
2023488193
1245604274
1311447857
2070540630
1083139568
1999615420
1569656334
1708255285
1115562146
2142967869
1355780501
1993640646
1941580278
1101952647
1184999366
1753747789
1360848091
1144182276
1698665818
1128542582
1445413508
2110739187
1082336790
1098492367
1119968212
2085315254
1133384693
2043667310
1191180318
1086493689
1704516007
2100461875
1196749754
1141488802
1239398757
1959718672
1151388853
2104797753
2051052867
1341362960
1100540986
1979408227
1177508527
1217478972
1099526766
1158621750
1693740358
1153212870
1263232049
1126095645
1100608543
1116370188
1159328897
1097291271
2095429378
1128274990
1999169724
1982787790
1506065793
2029006743
1168405990
2047573285
1822423467
2074492228
1171936458
2111555125
2085738138
1906256294
1292055725
1801949559
1323133321
1255779814
1091862211
1913231250
1135182389
1313488580
1999015310
2037159106
1108989018
1163568266
1993323044
