0.00321037
0.00211105
0.00192872
0.00298880
0.00307514
0.00250995
0.00297022
0.00211896
0.00202371
0.00252786
0.00243669
0.00287867
0.00318584
0.00175690
0.00300030
0.00677985
0.00262542
0.00528064
0.00362330
0.00296250
0.00256742
0.00357246
0.00188718
0.00209836
0.00328264
0.00253875
0.00184989
0.00229871
0.00258369
0.00365447
0.00243464
0.00303429
0.00350424
0.00293285
0.00172403
0.00299478
0.00246510
0.00261382
0.00199707
0.00348587
0.00348513
0.00266336
0.00210137
0.00385131
0.00182820
0.00193467
0.00242728
0.00227862
