0.00065133
0.00043636
0.00044234
0.00089112
0.00075525
0.00024364
0.00020183
0.00026542
0.00079080
0.00068804
0.00022451
0.00032057
0.00022042
0.00068055
0.00026436
0.00027325
0.00030501
0.00050270
0.00037320
0.00053285
0.00053270
0.00068664
0.00050699
0.00034199
0.00025914
0.00029268
0.00022616
0.00054088
0.00029520
0.00053861
0.00063248
0.00039729
0.00040186
0.00036572
0.00060365
0.00055248
0.00040773
0.00035194
0.00037851
0.00049620
0.00057003
0.00051264
0.00056433
0.00053568
0.00046654
0.00063951
0.00041289
0.00034959
0.00031877
0.00084973
0.00033276
0.00057568
0.00033016
0.00061523
0.00041886
0.00033515
0.00020385
0.00035270
0.00028137
0.00056108
0.00070967
0.00054624
0.00030483
0.00057925
0.00075411
0.00068563
0.00034113
0.00057303
0.00045277
0.00053001
0.00048202
0.00073834
0.00052180
0.00037061
0.00061055
0.00055299
0.00027163
0.00038502
0.00035502
0.00022070
0.00043697
0.00057546
0.00039435
0.00038538
0.00020447
0.00032154
0.00040883
0.00050887
0.00071068
0.00052704
0.00124137
0.00040274
0.00029072
0.00043016
0.00042223
0.00031059
0.00047444
0.00030568
0.00040611
0.00037393
0.00083652
0.00065194
0.00043465
0.00068729
0.00034349
0.00050174
0.00058604
0.00044570
0.00021393
0.00105448
0.00034420
0.00049372
