-706
-538
3527
-2803
3442
-1803
-923
-5
2240
613
-1439
1252
-1213
3116
1032
1754
5301
-557
783
734
-486
-946
1156
-3209
-2016
1936
-688
1972
-739
1277
-2522
-47
445
-58
1508
-133
-6
-1115
2326
-2550
286
378
-1036
-913
2029
114
171
3071
4591
227
21
-52
736
978
1628
-513
-353
512
712
-569
-272
169
-2269
-61
2673
-418
-1710
808
-1983
-4127
704
-1823
-3652
-699
-752
3586
6
-892
-497
0
114
-3227
-356
601
-1171
4376
-261
-2257
265
-1434
-1104
-2331
-668
1948
2522
-118
-1092
-1006
-380
-708
-1963
5489
845
1573
2302
3339
-157
235
2115
1750
3893
-2335
