0.00015402278
0.00014634438
0.0001398599
0.00017067466
0.000124924
0.00018859674
0.00016681968
0.00019497795
0.00034234638
0.0001444956
0.00016977098
0.0001802342
0.00023342973
0.00016916545
0.00020635713
0.00021448157
0.00021435285
0.00032926546
0.00016947002
0.0003010702
0.0002694283
0.00014091408
0.0003527436
0.000250734
0.00033087513
0.00012836349
0.00015771684
0.0003776265
0.0003530044
0.00034088915
0.00025834062
0.00022789196
0.00018017534
0.00025297684
0.0003048683
0.00021258906
0.00013550326
0.0001759884
0.00024263024
0.00022346694
0.00016896195
0.00012990416
0.00026223934
0.00016123198
0.00017498934
0.00017233923
0.0003280079
0.0002157949
