0.00023904
0.00042083
0.00030181
0.00036456
0.00019245
0.00022573
0.00021781
0.00144195
0.00022533
0.00013235
0.00031411
0.00024689
0.00019880
0.00076594
0.00021124
0.00031204
0.00046189
0.00026448
0.00027191
0.00021228
0.00025045
0.00025714
0.00016852
0.00005877
0.00004804
0.00027181
0.00043858
0.00026789
0.00024746
0.00041720
0.00022938
0.00038157
0.00039885
0.00025107
0.00045644
0.00040585
0.00029350
0.00017291
0.00030460
0.00028195
0.00020252
0.00083643
0.00061322
0.00048323
0.00038579
0.00026221
0.00019133
0.00020315
0.00031346
0.00040971
0.00051182
0.00029377
0.00024298
0.00024670
0.00050447
0.00033278
0.00024779
0.00037372
0.00023393
0.00035983
0.00017135
0.00033180
0.00014093
0.00034031
0.00035724
0.00035701
0.00019552
0.00021716
0.00028490
0.00029613
0.00018785
0.00023434
0.00022000
0.00023424
0.00004495
0.00035275
0.00024475
0.00007240
0.00027629
0.00047987
0.00024091
0.00023820
0.00048202
0.00024271
0.00032398
0.00031010
0.00036996
0.00021465
0.00027347
0.00024258
0.00048407
0.00028629
0.00029046
0.00004427
0.00027011
0.00055629
0.00032091
0.00030777
0.00019877
0.00017417
0.00039443
0.00029778
0.00026747
0.00022620
0.00012375
0.00026949
0.00028346
0.00050981
0.00020427
0.00020401
0.00047820
0.00006131
0.00024026
0.00061789
0.00019759
0.00023849
0.00006106
0.00023861
0.00020814
0.00063304
0.00023370
0.00034889
0.00006913
0.00024596
0.00019503
0.00033349
0.00032296
0.00018545
0.00018335
0.00043663
0.00026204
0.00039657
0.00019527
0.00089338
0.00022559
0.00031857
0.00031258
0.00029343
0.00030425
0.00041653
0.00020141
0.00021860
0.00016713
0.00024593
0.00027783
0.00030353
0.00012911
0.00019037
0.00036344
0.00032651
0.00024103
0.00019979
0.00030941
0.00026786
0.00029089
0.00092450
0.00025290
0.00003650
0.00025338
0.00032381
0.00041586
0.00022282
0.00024209
0.00014204
0.00019392
0.00020023
0.00017940
0.00037055
0.00032106
0.00015011
0.00024271
0.00023682
0.00037386
0.00050133
0.00032941
0.00028653
0.00031361
0.00014927
0.00035551
0.00044751
0.00036616
0.00009678
0.00021428
0.00016788
0.00047998
0.00038267
0.00080954
0.00020467
0.00099705
0.00032297
0.00035835
0.00050969
0.00024659
0.00047070
0.00014574
0.00050468
0.00020595
0.00020079
0.00019635
0.00097639
0.00023587
0.00021262
0.00033993
0.00040989
0.00024573
0.00028025
0.00029902
0.00024488
0.00038013
0.00024377
0.00045743
0.00029348
0.00040617
0.00028042
0.00029243
0.00021780
0.00031044
0.00031492
0.00022042
0.00022689
0.00028647
0.00020516
0.00021889
0.00027294
0.00028170
0.00022214
0.00017851
0.00025755
0.00026943
0.00006321
0.00022780
0.00034099
0.00029277
0.00031999
0.00025358
0.00024048
0.00044212
0.00022198
0.00017418
0.00023655
0.00036930
0.00034991
0.00018843
0.00032183
0.00004887
0.00018519
0.00035285
0.00021662
0.00036187
0.00045108
0.00051370
0.00024565
0.00019870
0.00029078
0.00048313
0.00020012
0.00024269
0.00026992
0.00029987
0.00024189
0.00022059
0.00020443
0.00024298
0.00027984
0.00086268
0.00025947
0.00024752
0.00058620
0.00024509
0.00046739
0.00027837
0.00025748
0.00027791
0.00025470
0.00040965
0.00026794
0.00021148
0.00041643
0.00022363
0.00027020
0.00046865
0.00021666
0.00006366
0.00014287
0.00005785
0.00030184
0.00019152
0.00028410
0.00017360
0.00029353
0.00025377
0.00029652
0.00019371
0.00018042
0.00017131
0.00018179
0.00026352
0.00030062
0.00022979
0.00092616
0.00021671
0.00022811
0.00019513
0.00030841
0.00010420
0.00007942
0.00026291
0.00022214
0.00013685
0.00038558
0.00035551
0.00033446
0.00029857
0.00017952
0.00026110
0.00024334
0.00019925
0.00022301
0.00030116
0.00022226
0.00039146
0.00101746
0.00041905
0.00004842
0.00020966
0.00015585
0.00021351
0.00024534
0.00036903
0.00022455
0.00018463
0.00012394
0.00030639
0.00020805
0.00007614
0.00021565
0.00029046
0.00022452
0.00018368
0.00018212
0.00032543
0.00028723
0.00021338
0.00058308
0.00016929
0.00053159
0.00074031
0.00037229
0.00019058
0.00034701
0.00019472
0.00024523
0.00054114
0.00023145
0.00017405
0.00032943
0.00028850
0.00027422
0.00004433
0.00063446
0.00028685
0.00005024
0.00037865
0.00025866
0.00005944
0.00026740
0.00022782
0.00019142
0.00022092
0.00025607
0.00006877
0.00007933
0.00027356
0.00046213
0.00161747
0.00039257
0.00070054
0.00028962
0.00022955
0.00004269
0.00020582
0.00091652
0.00021207
0.00028617
0.00022702
0.00028930
0.00026036
0.00029011
0.00018339
0.00029736
0.00021006
0.00016248
0.00023849
0.00013551
0.00073596
0.00025380
0.00030713
0.00030673
0.00021042
0.00051405
0.00017812
0.00026100
0.00025549
0.00026292
0.00022768
0.00019897
0.00036508
0.00030525
0.00020840
0.00016193
0.00017921
0.00029003
0.00003628
0.00081005
0.00035950
0.00031785
0.00005594
0.00046397
0.00019129
0.00017074
0.00039454
0.00026724
0.00025438
0.00025746
0.00054814
0.00010434
0.00023440
0.00025302
0.00020250
0.00041551
0.00110542
0.00034052
0.00019548
0.00024650
0.00020386
0.00029062
0.00036687
0.00059289
0.00023632
0.00062712
0.00048071
0.00028250
0.00004108
0.00032063
0.00040369
0.00017192
0.00038617
0.00039051
0.00023482
0.00030057
0.00016388
0.00062155
0.00024851
0.00019532
0.00031510
0.00008356
0.00023949
0.00025845
0.00004227
0.00035239
0.00031648
0.00050420
0.00022620
0.00019933
0.00030551
0.00018157
0.00004899
0.00043875
0.00039177
0.00023635
0.00013361
0.00026687
0.00028023
0.00015056
0.00020717
0.00039806
0.00030902
0.00037536
0.00019934
0.00017078
0.00028787
0.00023588
0.00024016
0.00024420
0.00034296
0.00021932
0.00028559
0.00043308
0.00013737
0.00022039
0.00023072
0.00031357
0.00022226
0.00018154
0.00038881
0.00020807
0.00024531
0.00040127
0.00023607
0.00025178
0.00053591
0.00026827
0.00036322
0.00049515
0.00039202
0.00032566
0.00020208
0.00032256
0.00099894
0.00033333
0.00027030
0.00019060
0.00022063
0.00029710
0.00027102
0.00021560
0.00022884
0.00058021
0.00024929
0.00036277
0.00019794
0.00025498
0.00050981
0.00054027
0.00032089
0.00025796
0.00025511
0.00005606
0.00024717
0.00017677
0.00019128
0.00028089
0.00052654
0.00004484
0.00022523
0.00027850
0.00017823
0.00006158
0.00041702
0.00030624
0.00067136
0.00043250
0.00075522
0.00017638
0.00070499
0.00033802
0.00026058
0.00021170
0.00058773
0.00024307
0.00006120
0.00037906
0.00064956
0.00026537
0.00033511
0.00018037
0.00023179
0.00041021
0.00023894
0.00014898
0.00034804
0.00033442
0.00090542
0.00057556
0.00027697
0.00026764
0.00035523
0.00018007
0.00023962
0.00020782
0.00020746
0.00027766
0.00028874
0.00029448
0.00029662
0.00024398
0.00020026
0.00030009
0.00020400
0.00005702
0.00020969
0.00038098
0.00025716
0.00023832
0.00077997
0.00032744
0.00016463
0.00019381
0.00023984
0.00021716
0.00033286
0.00017438
0.00020351
0.00030779
0.00006306
0.00026314
0.00017418
0.00027102
0.00007582
0.00024756
0.00019563
0.00056536
0.00027910
0.00020315
0.00024300
0.00017556
0.00021438
0.00027947
0.00023846
0.00092337
0.00041193
0.00025710
0.00012252
0.00020626
0.00011206
0.00029983
0.00022434
0.00023373
0.00035424
0.00021412
0.00024284
0.00036324
0.00017901
0.00030776
0.00019198
0.00054594
0.00022000
0.00107119
0.00031385
0.00050474
0.00030686
0.00036125
0.00021945
0.00024855
0.00017868
0.00023588
0.00025201
0.00023184
0.00109219
0.00028461
0.00009235
0.00028250
0.00023211
0.00020385
0.00035217
0.00026287
0.00006967
0.00004522
0.00017137
0.00010265
0.00017304
0.00030712
0.00027150
0.00004143
0.00021522
0.00024760
0.00033315
0.00039330
0.00022003
0.00020192
0.00047314
0.00004612
0.00024836
0.00056765
0.00027882
0.00036120
0.00026903
0.00018244
0.00035481
0.00018447
0.00040097
0.00007455
