0.000545254
0.00032340985
0.00045453466
0.00047863892
0.00037139183
0.00039001706
0.00030608018
0.0003772601
0.000415419
0.00037689344
0.00044337285
0.0003908371
0.00036561227
0.0006123102
0.00039549268
0.00051559083
0.00052969443
0.00045696166
0.00062907394
0.00051935145
0.00038072135
0.00050631474
0.00031775807
0.00059909024
0.0005344337
0.00031338367
0.00039895097
0.0005810161
0.00029533316
0.00037899628
0.00034102987
0.000430255
0.00038710877
0.00040016614
0.00044634042
0.0003772966
0.00049250457
0.0002765746
0.0005011819
0.00045620344
0.0003818393
0.00029658366
0.0003787204
0.00085392373
0.00039696938
0.00042839753
0.00035527768
0.0004192598
0.00037715372
0.0005333242
0.00054257835
0.00045813774
0.000357044
0.0004518351
0.00053462054
0.00046265894
0.00043806256
0.00046891006
0.00039661242
0.0004605709
0.00030513745
0.00044480537
0.00054982177
0.00093803054
0.0004613995
0.00040674806
0.00029464305
0.0004481854
0.0005755374
0.0005120276
0.00069180084
0.00030667105
0.00040321672
0.00041727087
0.0010042401
0.00037852215
0.00045139328
0.00048269093
0.00053991325
0.00044786354
0.00049732387
0.0006507693
0.0004276496
0.00052378594
0.0004507657
0.00046790318
0.00048137913
0.00042929148
0.00042768437
0.0007514016
0.0004257141
0.000397951
0.0003742513
0.00039774022
0.00050608465
0.00047067637
0.00039395198
0.0005254434
0.00045036722
0.00026632313
0.00041197427
0.000433124
0.00047214955
0.00043157698
0.00041698304
0.00043552162
0.00032810413
0.00044300072
0.00045166377
0.00046714436
0.0005014447
0.00036893424
0.0004194598
0.00047585857
0.00050434604
0.00040660944
0.0004192388
0.0002778304
0.00033385988
0.00039320442
0.00035060605
0.0006885176
0.00033847097
0.00042123086
0.00048585463
0.00035381867
0.00055894797
0.00041030202
0.0007361941
0.0003152824
0.00039993992
0.00052781275
0.00041259514
0.00046704404
0.00044843229
0.00040739667
0.0004960332
0.00044241038
0.00041892877
0.00041858637
0.0004728701
0.0003087547
0.00043019597
0.0004144703
0.00038264843
0.00045869465
0.0004057597
0.0004411885
0.0004608844
0.0005489714
0.0007733904
0.0004078735
0.00037167847
0.00047556078
0.00049353455
0.00033259077
0.0005139261
0.00031535982
0.0005258626
0.0004963853
0.0006187888
0.00040361064
0.00041441858
0.0003825581
0.0003733273
0.0004414809
0.00039101776
0.00031238305
0.00046362344
0.0004518466
0.00035432406
0.0003800586
0.00047088484
0.00035212332
0.00034731496
0.0005156203
0.0004815859
0.00040988086
0.00032205266
0.0005240224
0.00029075894
0.00039093307
0.00050797913
0.0004667211
0.00031810065
0.00039363417
0.00044864716
0.0005735713
0.00039414025
0.00048543254
0.0004359053
0.00048055648
