1252023726
1485241163
2087424323
1099060948
1705595661
1791130914
1405655618
1732545249
1907787837
1730861536
2036164366
1794897096
1679053334
1405999741
1816277469
1183910640
1216295662
2098570163
1444492941
1192545844
1748440982
1162610702
1459285644
1375643727
1227178099
1439196506
1832159515
1334141646
1356300548
1740518673
1566160097
1975921414
1777774741
1837740110
2049792714
1732712925
1130899483
1270152967
1150824499
2095088104
1753575034
1362043450
1739251786
1960797822
1823059129
1967391050
1631592262
1925426565
1732056778
1224630392
1245879914
2103971325
1639703948
2075026755
1227607061
2124734644
2011777135
1076721326
1821419801
2115145484
1401326258
2042743151
1262512436
1076962821
2118950720
1867967106
1353131307
2058265612
1321561261
1175728633
1588527885
1408369242
1851749633
1916292493
1152978801
1738341233
2072997747
1108365210
1239760261
2056787532
1141965607
1494310207
1963956250
1202728467
2070115728
1074409254
1105353040
1971496439
1964115910
1725384343
1955067585
1827567129
1718727788
1826599184
1162082363
1080777113
1809201856
1206534327
2068285700
1223073674
1891968135
1989097133
1084159852
1981992447
1914970747
2000108040
1506799306
2034455397
2074239984
2145333727
1151427943
1694309328
1926345096
1092676606
1158090169
1867330581
1925330081
1275920141
1533232332
1805768796
1610138203
1580988811
1554408469
1934478596
1115629746
1624892001
1283468214
1884288550
1690464507
1447916399
1836701164
1211974846
1894819530
2144872969
2059399455
1870945836
1139001925
2031744343
1923906331
1922333733
1085814378
1417938327
1975650260
1903431029
1757290932
2106528880
1863428142
2026132746
2116585113
1260559875
1775875525
1873135601
1706912000
1091992784
1133264524
1527404022
1180088069
1448271864
1207496903
1139810625
1420876130
1853558716
1903193561
1756876034
1714484099
2027475664
1795726665
1434601209
2129164004
2075079572
1627212921
1745397299
1081255829
1617106102
1595023949
1183978202
1105827825
1882354325
1479008239
1203271418
1335293674
1795337741
1166432499
2143389899
1460859035
1807742340
2060386227
1317046607
1810066435
1114660554
2001870052
1103463995
