0.000996983
0.000705283
0.0012274338
0.0008909078
0.00088881626
0.0008902845
0.0006235753
0.0012632307
0.0009188799
0.0009085613
0.00080223806
0.000682614
0.00063021726
0.0009556092
0.0008572995
0.0006456762
0.0009877342
0.00069669203
0.0011209856
0.0008314047
0.00082619523
0.0007570745
0.0010321856
0.0012310422
0.00104927
0.00081595907
0.001186277
0.00097161334
0.00094053743
0.0013323344
0.0008963869
0.00073974504
0.00069704774
0.00085150526
0.00075350516
0.0009093795
0.00069600693
0.000777315
0.00084072864
0.0007490557
0.0006972652
0.0009984056
0.0005989683
0.0006827474
0.00058371585
0.0009877882
0.00056296855
0.0008548771
