0.010738383
0.007596518
0.01322054
0.00959586
0.009573332
0.009589146
0.006716454
0.013606105
0.009897144
0.009786003
0.008640809
0.007352352
0.0067879935
0.010292751
0.009233869
0.0069545
0.010638765
0.0075039854
0.012074
0.008954959
0.008898849
0.008154358
0.011117546
0.013259406
0.01130156
0.008788596
0.012777246
0.010465129
0.010130415
0.0143504115
0.009654875
0.007967704
0.007507817
0.00917146
0.008115913
0.009794816
0.007496606
0.0083723655
0.009055386
0.008067988
0.007510159
0.010753706
0.006451415
0.007353789
0.0062871324
0.010639347
0.0060636657
0.009207778
