0.00067204
0.00048972
0.00050325
0.00057201
0.00057474
0.00051606
0.00049140
0.00053797
0.00057703
0.00046354
0.00057686
0.00056842
0.00056888
0.00073454
0.00045052
0.00069380
0.00068821
0.00055291
0.00076299
0.00054717
0.00053401
0.00067104
0.00057301
0.00062451
0.00070442
0.00039008
0.00065077
0.00056701
0.00046805
0.00038703
0.00044393
0.00058307
0.00056566
0.00047128
0.00052717
0.00048169
0.00078481
0.00049450
0.00082753
0.00051148
0.00060668
0.00052767
0.00058011
0.00101538
0.00049867
0.00066148
0.00047238
0.00046790
0.00047557
0.00064682
0.00050630
0.00064112
0.00052419
0.00052235
0.00072718
0.00051985
0.00070803
0.00055255
0.00055460
0.00056361
0.00051594
0.00055478
0.00061057
0.00115906
0.00067886
0.00049414
0.00039808
0.00058910
0.00072147
0.00065412
0.00088915
0.00036124
0.00065475
0.00066891
0.00085889
0.00046178
0.00067450
0.00056861
0.00058323
0.00051808
0.00101729
0.00063358
0.00040002
0.00053655
0.00054661
0.00055475
0.00062117
0.00049193
0.00050706
0.00077617
0.00058936
0.00050630
0.00058916
0.00054605
0.00086217
0.00056253
0.00059283
0.00067801
0.00064348
0.00045736
0.00052410
0.00066376
0.00058145
0.00044644
0.00061237
0.00066737
0.00053945
0.00077368
0.00059497
0.00061428
0.00063089
0.00061729
0.00057700
0.00061878
0.00072751
0.00049941
0.00057246
0.00040878
0.00046020
0.00055869
0.00053447
0.00099261
0.00048710
0.00052628
0.00047159
0.00046552
0.00087873
0.00051316
0.00078472
0.00056936
0.00056152
0.00073123
0.00051467
0.00054509
0.00052060
0.00058075
0.00071632
0.00052279
0.00060348
0.00057861
0.00058668
0.00041539
0.00053937
0.00063164
0.00047331
0.00059543
0.00053009
0.00063953
0.00051107
0.00061942
0.00070581
0.00048096
0.00052807
0.00059870
0.00052640
0.00061610
0.00061747
0.00040149
0.00060022
0.00051531
0.00082557
0.00054568
0.00051782
0.00056152
0.00050393
0.00064654
0.00064409
0.00051289
0.00056253
0.00058853
0.00060317
0.00049145
0.00070482
0.00049144
0.00041169
0.00048863
0.00067588
0.00070678
0.00056416
0.00071522
0.00054728
0.00046358
0.00057140
0.00049724
0.00054551
0.00056399
0.00073459
0.00080114
0.00064093
0.00082338
0.00064441
0.00071297
