1511
-633
253
-817
-177
-1938
-563
-271
-144
731
-554
198
74
2419
-997
-502
38
1142
874
305
-743
668
449
1408
-380
1244
1521
-34
98
-949
415
-1591
382
-1450
-1179
-161
5
195
-715
-409
923
483
1305
-663
265
77
-35
-966
192
1756
-349
-1920
-87
162
-348
212
701
-227
1039
-1262
77
-1050
113
2065
-1067
-1011
159
-1155
-788
712
2630
1264
-1691
199
105
-120
-544
-1626
425
115
-1034
326
147
52
333
-570
-366
-1563
-544
-58
-137
220
-849
114
1572
-1152
331
-669
1138
-131
-922
995
-887
300
-746
798
-1506
-756
-314
374
1296
11
-52
450
-359
-489
650
-1384
423
-556
693
-403
-986
165
1201
2390
-2184
-28
332
941
103
-2765
-1294
1277
1569
-179
-291
-221
-426
-354
371
810
132
904
-134
-744
-1540
-123
565
366
-826
-1298
544
-540
-723
58
-1961
-257
-1832
-909
-1887
-1905
245
285
882
-855
-9
1191
366
-763
304
-80
705
-503
1263
-930
-250
-215
-872
-3676
1049
-454
-269
-896
319
563
731
-1020
240
484
1172
-64
