-1052
-725
3546
1361
2427
-6539
-574
-6472
3346
-2262
950
-4190
-3418
1996
-3121
1961
2972
-6135
-400
-3979
-4667
-4118
8482
1163
1699
-2493
-8
-439
-4600
5318
1748
-2113
352
-5416
2946
3076
2746
3652
2643
1098
-3519
-1425
-2513
3348
-3593
1913
-129
-1914
5012
-2044
-3406
1416
-1582
4971
3638
-2047
-4353
1942
-6636
-1101
-290
-2856
-802
-1993
1810
6994
612
74
-2799
-3947
747
6840
1600
-865
2232
-1571
2886
-2735
-2952
592
7418
-7874
7403
-731
-1172
1880
-133
-2263
60
4496
1622
2726
-941
1505
4270
-1477
