0.0001569199
0.0001083275
0.00010866132
0.0001714049
0.00010732601
0.00012755298
8.6263266e-05
0.00010285744
8.8169596e-05
0.00015464297
0.00015551144
0.0001085372
0.00015962272
0.00018422495
0.000112135735
0.0001039523
0.00011971444
0.00011706859
5.2181284e-05
0.00012561756
0.000112616
0.00014632614
0.0001228463
6.1001894e-05
8.37687e-05
0.000100316356
0.000110622226
0.00010404397
0.00013087255
0.0001908903
7.0886475e-05
0.00016276992
7.932687e-05
9.677822e-05
5.7005138e-05
7.8316196e-05
0.0001022642
0.0001379942
0.00013763804
0.00011558018
0.00013732225
0.00010659087
0.00011748655
0.00010151868
9.518556e-05
0.00027097683
0.00014140218
7.6488875e-05
0.0001506492
0.000100024285
8.733653e-05
0.00014581198
0.0002467189
7.422941e-05
4.3271986e-05
0.00014655152
9.8365264e-05
8.663774e-05
5.6148336e-05
9.352048e-05
0.00010588313
0.00017150708
8.040003e-05
8.7393746e-05
0.00014698437
6.929936e-05
8.6906846e-05
0.0001019375
5.6962992e-05
9.1351685e-05
7.104749e-05
8.0441874e-05
6.0417056e-05
0.00010037438
5.7718386e-05
0.00013955221
6.697547e-05
6.2221945e-05
7.619415e-05
0.00012324077
6.993797e-05
0.00015416034
0.000119596014
5.814678e-05
7.204259e-05
0.00011891259
0.00012293324
0.00010152388
9.693069e-05
0.0001721789
0.0001395508
6.4409345e-05
0.00016874445
0.00014309034
7.848229e-05
0.00018115506
6.758126e-05
6.3707485e-05
9.4709736e-05
8.94878e-05
7.929155e-05
7.15292e-05
9.57175e-05
9.934157e-05
7.122582e-05
0.00011489021
0.00012786935
7.938067e-05
0.00022824797
8.858315e-05
3.8693903e-05
0.00023884953
0.00010659719
7.227188e-05
0.00019063108
9.293485e-05
7.269923e-05
0.00010117831
9.847292e-05
0.000193957
7.828571e-05
8.2361104e-05
0.00011984995
8.787533e-05
0.00010179942
9.72941e-05
0.00010268525
7.410847e-05
0.00010485726
0.000112453214
7.519077e-05
5.6368848e-05
0.00012892875
7.689665e-05
0.00010632732
7.379142e-05
0.00012292512
0.0001829303
0.00011555938
0.00012269261
9.0359084e-05
7.730902e-05
0.00016149381
9.316352e-05
0.00020765726
7.152159e-05
8.062455e-05
7.818162e-05
9.149903e-05
6.9370035e-05
0.00012122828
7.1213704e-05
0.00015757335
8.9089895e-05
9.777975e-05
6.577558e-05
9.0657486e-05
7.005416e-05
9.334175e-05
0.0001604043
3.9408602e-05
9.354902e-05
0.00010538487
7.670853e-05
0.00014256626
7.231182e-05
0.00010494254
7.2620154e-05
0.00013535707
0.00010547633
6.2443716e-05
0.0001510908
9.587329e-05
8.675114e-05
8.9810965e-05
6.04001e-05
0.00016062871
0.00010123155
0.00013254795
0.00012942246
0.0001339121
7.09039e-05
9.712172e-05
8.7442495e-05
8.773532e-05
0.000121053075
9.001135e-05
0.00015783613
7.86948e-05
9.2094444e-05
0.00010666681
0.00012625182
