-9846
-9493
-23312
-11966
-5876
-15718
-11635
4301
-19071
-3252
-5365
-18259
-11995
-7054
109
-13757
-6118
-10774
4225
-17361
-12518
-585
-11758
-2678
-24389
-25132
-17016
2406
13200
24343
9710
-9854
-5859
-16849
6679
-14373
2358
-9409
-3618
-8092
-2961
-1348
-9580
-14224
-8022
-4652
-19722
-8628
2379
-2920
-7212
-4500
-6278
-26104
-4641
-6503
-14925
-15750
-10297
-17161
-4372
-8907
6768
-10272
-3267
-15220
-19965
-18574
-16616
5746
6874
14745
-21551
-12160
8659
2291
-4520
-20244
-7525
-3772
-30384
-5581
-12734
6485
772
-9412
-11263
4680
-13200
-14507
-15395
-26525
-7808
-4097
-13443
-21771
-14331
-25874
-32273
-27203
-13624
-4161
-34373
-12615
-12652
-5959
-7577
-5024
2000
-11279
23700
-5387
-3606
-14996
2167
-5855
-29317
-10625
-3638
2298
6147
-10716
-2783
-2241
-13593
-16591
-1380
-3897
-23925
-11126
-17623
-5234
2997
-14957
-9511
-335
-9301
-22960
-12380
-2966
-30592
-8230
8959
-28001
2062
3132
-9411
-6829
-19677
15729
-10887
-12227
-5898
-19453
-19062
-40284
17471
-8646
-7958
405
45573
15402
-6802
-13599
-8005
-25214
-4307
-6410
7308
-12573
3048
-15363
-4542
1122
-21832
523
-4928
2494
-12825
-11676
-13979
-5362
-29154
-4968
-7090
-12824
14464
-16266
-6182
-6917
-28343
-20623
