0.00682519
0.00498125
0.00509977
0.00580720
0.00584418
0.00524317
0.00498924
0.00546862
0.00586080
0.00470764
0.00586861
0.00578605
0.00578328
0.00745655
0.00458266
0.00702654
0.00698404
0.00561401
0.00774363
0.00556805
0.00540475
0.00682476
0.00581990
0.00634346
0.00717038
0.00395600
0.00660736
0.00576438
0.00474585
0.00392876
0.00450828
0.00592866
0.00573621
0.00479153
0.00536371
0.00488946
0.00797649
0.00501996
0.00841515
0.00519991
0.00616320
0.00535307
0.00588685
0.01030293
0.00506064
0.00672151
0.00479045
0.00475673
0.00483705
0.00656193
0.00514755
0.00651878
0.00532500
0.00530403
0.00738872
0.00527336
0.00719217
0.00560753
0.00563292
0.00572419
0.00523885
0.00563992
0.00620569
0.01176456
0.00689622
0.00501709
0.00404003
0.00598529
0.00731954
0.00664984
0.00903662
0.00368109
0.00664806
0.00678470
0.00873568
0.00470088
0.00686004
0.00577923
0.00591417
0.00526881
0.01033738
0.00644042
0.00407355
0.00547049
0.00554170
0.00565534
0.00630664
0.00499725
0.00515449
0.00787707
0.00599187
0.00513072
0.00597749
0.00555474
0.00875345
0.00571447
0.00601659
0.00689053
0.00654486
0.00463051
0.00530962
0.00674654
0.00590722
0.00452711
0.00621695
0.00678164
0.00547963
0.00785147
0.00604471
0.00623686
0.00640664
0.00627340
0.00586181
0.00628856
0.00740100
0.00505598
0.00581825
0.00416960
0.00468628
0.00565855
0.00541573
0.01008494
0.00495821
0.00535119
0.00478720
0.00472017
0.00893642
0.00521216
0.00797042
0.00578243
0.00570834
0.00742835
0.00523632
0.00554003
0.00528758
0.00591267
0.00726432
0.00531170
0.00612734
0.00586794
0.00596539
0.00420269
0.00545181
0.00640912
0.00481584
0.00605423
0.00540030
0.00649653
0.00518709
0.00630485
0.00717363
0.00488423
0.00536882
0.00606236
0.00533772
0.00625685
0.00627320
0.00409229
0.00609634
0.00525510
0.00839023
0.00555854
0.00526113
0.00571250
0.00512125
0.00657860
0.00653429
0.00520721
0.00570481
0.00598902
0.00613422
0.00499506
0.00714370
0.00499439
0.00418993
0.00497010
0.00686785
0.00718149
0.00573615
0.00727229
0.00554508
0.00471909
0.00580951
0.00504200
0.00553885
0.00573822
0.00745345
0.00813633
0.00652070
0.00835243
0.00653976
0.00723905
