0.00013822256
0.00018523964
9.061284e-05
0.0001262644
0.0001476754
0.00012830547
0.00013614108
7.673892e-05
0.00013948906
9.819127e-05
0.00014250366
0.00015494842
0.00010052797
0.00016704321
0.00013515564
0.00010399554
0.00021581132
7.23196e-05
0.0001734445
0.0002057295
0.00015272635
0.00013415542
3.497565e-05
0.0001900646
0.0001259905
0.00011702165
0.00013935141
9.7863354e-05
0.00014884249
0.00016365827
6.3219624e-05
0.00015082292
9.725536e-05
0.0001225026
6.1880746e-05
7.6652235e-05
0.00014999816
0.00012099584
2.95104e-05
0.00015596511
0.00010364076
0.0001326331
0.00012053332
0.00014525898
9.2380236e-05
0.00012985464
0.00015018576
3.514829e-05
0.00014390894
3.2081436e-05
4.0381114e-05
0.00017251789
7.79358e-05
0.00012170551
0.00018864375
3.778951e-05
0.00014106535
0.00012531139
0.00013471174
0.00015645513
0.00017076074
0.00013975034
0.00014864492
9.26177e-05
3.241527e-05
0.00011859388
7.277343e-05
0.00013770229
0.0001272992
0.00014645027
0.00013474481
0.00017862803
0.00011192468
0.00020044234
0.00017114359
0.00014187451
0.00011988403
0.00013924096
0.00014240283
0.000118049145
0.00014198059
0.00014262684
0.000115329916
0.00012147334
0.0001243207
0.00010670559
0.00013954281
0.00021668841
3.9616367e-05
9.738968e-05
8.861743e-05
0.00016993818
0.000106276384
0.00011307116
0.0001368554
0.00021403744
4.7468548e-05
0.00014495416
4.892359e-05
0.00012372581
0.00019660477
7.6198085e-05
0.00016722237
3.355793e-05
0.00013045952
9.111262e-05
0.00014284611
0.00010177631
4.1428586e-05
0.00012053363
0.00016699833
0.00019155572
0.00018731816
0.00013962119
0.00017392039
8.8102424e-05
0.0001482182
0.00012471247
4.458108e-05
0.00015726277
9.117439e-05
0.00018575195
0.00013358289
0.0001258366
0.00012291617
5.0078153e-05
0.00012912005
6.9295886e-05
0.00012428513
0.00016809422
0.00012371707
0.00010457576
0.00012742635
0.000113757604
0.00012999056
0.00014943935
0.00015987923
0.00013903707
0.00013561365
0.00011655625
0.000106722066
0.00013330916
7.17144e-05
0.000113267386
0.0001304538
0.00012663202
0.00015820313
6.0675997e-05
0.00013073543
3.1152744e-05
0.00015657354
0.00013417113
0.00014851813
0.00017848413
0.00017996825
0.00020863173
0.00012312637
6.699344e-05
0.00014793892
0.0001633834
0.00012375231
3.940458e-05
0.00015148807
8.696566e-05
0.00014737701
0.000111393776
0.00012590419
0.00019009368
0.0001308537
0.00014064113
0.00010898716
0.0001582641
0.000117873285
4.504628e-05
0.00014471335
0.00017094039
0.00012778345
0.000103585946
7.849284e-05
5.595843e-05
0.00012411055
0.00016347153
0.00011996718
0.00012775783
0.00016423661
0.00018029581
3.8620645e-05
0.00013687651
0.00011927268
0.000109565786
6.023665e-05
0.0001116982
7.5310905e-05
9.3665716e-05
0.00014885076
3.7287027e-05
0.00013255943
0.0001274549
6.622263e-05
0.00012532051
0.00010253208
0.00014026271
0.00011602609
7.5115924e-05
0.0001052014
0.00012522067
0.00013129791
0.00014223208
0.00012698164
0.00014665924
0.00011117778
0.00011849811
7.7668905e-05
9.144586e-05
0.00014585801
4.1826865e-05
8.930219e-05
0.00018811913
0.00010723507
0.00016955622
0.00019636334
0.00014282971
0.00013398005
0.00012406663
0.00022445929
8.240707e-05
0.00015271024
3.0258687e-05
0.000109618064
0.00016135843
4.8853726e-05
0.00016700757
8.63822e-05
0.00016541158
3.6683443e-05
3.3019245e-05
0.0001346747
0.00016029239
0.00015475086
5.512169e-05
0.0001531782
0.00017411992
0.000114978
0.00012033132
3.4757766e-05
6.801962e-05
0.00013758296
0.00010847677
0.00013667069
0.00025888038
0.00011559098
0.00022130916
0.000118013486
0.00016097803
2.9722725e-05
0.00014776595
0.00013887702
8.660563e-05
0.00010578425
0.00013655063
0.00012492015
9.039397e-05
0.00013416265
0.00013754815
0.00014526423
0.00013302395
7.735958e-05
0.00017667777
0.00012002839
0.00016165589
0.00010882832
0.00015015085
0.00014966722
0.00010056897
5.5187276e-05
0.000106289845
5.5037046e-05
0.00013722514
4.9909362e-05
4.55433e-05
0.00013341443
0.00015185917
0.00013133687
7.399173e-05
0.00012685229
0.00015795445
9.843528e-05
0.00011841658
8.9563706e-05
0.00021411772
0.00013855298
0.00014202014
0.00011427584
3.865355e-05
0.00013656022
0.00020425547
7.186208e-05
9.506255e-05
0.0001166007
0.0001221528
6.158793e-05
4.501954e-05
3.357591e-05
0.00018766505
3.3914846e-05
0.00012887396
0.00015145759
3.1702926e-05
0.00012436634
8.741629e-05
3.4674125e-05
0.00010058722
0.00022929664
6.185028e-05
0.00014948471
8.1075705e-05
5.3826763e-05
0.00013722361
4.6478806e-05
4.5096782e-05
0.0001405244
8.152212e-05
7.5291326e-05
0.00017494797
0.00015578783
3.0779545e-05
0.00014279103
0.00017002125
0.00018340872
3.2977172e-05
4.6149544e-05
0.00012389403
3.44432e-05
0.00015417983
0.00019287443
0.0001607091
0.000113324175
0.00016947703
0.00016994223
0.0001252702
0.00012773527
0.00015953416
0.0001245958
0.000111222624
0.00016917508
0.00015597316
0.0001447762
0.00011851175
0.000112790425
0.00015525037
3.8517635e-05
0.00014936317
0.00016193891
9.930455e-05
0.00014735236
0.00018470534
0.00013016329
0.00011565296
0.00017644052
0.0002165494
0.00021991653
0.00014090826
0.00016289492
4.6293997e-05
0.00018636044
0.00012969942
0.00014100752
8.861924e-05
8.771087e-05
0.00015794758
0.00010821116
0.00015238933
9.77709e-05
0.0001170178
6.8823756e-05
9.2191054e-05
0.00011456119
0.00014050215
9.727286e-05
0.00014963103
3.8602404e-05
0.00015266957
0.00016452729
0.00015723202
0.00017225336
8.231426e-05
0.00011929005
0.00010973328
0.00015965634
3.4433855e-05
0.00013115148
0.0001383576
5.7003654e-05
0.00014700726
0.0001645092
5.5523036e-05
2.6576243e-05
0.00012578326
0.0001577851
0.00019813827
0.00016016587
0.00011084284
0.00012802545
0.00013235975
8.6383545e-05
8.11387e-05
0.00013812234
0.00017853145
0.00012579474
0.00015472165
4.9005655e-05
0.000110167704
0.00013588803
0.00011592861
0.00026873706
6.263214e-05
0.00013775485
0.00014553936
0.000106960404
0.000114992814
6.1863844e-05
3.7030975e-05
8.689453e-05
0.0001652209
8.215294e-05
0.00015670623
6.766422e-05
0.00011906047
0.00020741664
9.8446864e-05
0.00015824508
8.794071e-05
6.895476e-05
0.00021797932
0.000101931895
4.025232e-05
0.00015736815
0.000118483746
5.740497e-05
5.4647528e-05
0.00016210947
0.00013387324
8.1368344e-05
0.00010787116
8.792157e-05
4.3175623e-05
0.00019095607
7.996981e-05
0.00018433749
0.00010250118
0.00013459039
9.10208e-05
7.330614e-05
0.00016571498
2.991227e-05
0.00016232667
8.92816e-05
3.560883e-05
0.00019798435
0.00024268584
8.701679e-05
0.00018074954
0.00013726884
0.00011518818
0.000113262024
0.00020066762
8.1882565e-05
0.00011497625
0.00018468505
0.00014743392
0.000106010535
0.00014200393
6.435753e-05
0.0002168959
0.00013853253
0.00029677502
0.0002096689
9.1237074e-05
0.00013264189
0.00016094548
3.4466342e-05
0.00011825831
3.4454868e-05
0.00019137995
0.00012412645
0.00012992552
0.00012953754
2.4457004e-05
0.00019162557
5.16677e-05
0.00012942991
0.0001235926
6.0012087e-05
4.608142e-05
0.0002268927
0.00014199766
9.7657416e-05
0.00014802889
0.00014380226
7.029511e-05
9.5207084e-05
0.00017963014
0.0001340243
0.00016622424
7.912218e-05
0.00011347898
6.145455e-05
0.00011525843
0.00016171337
0.0004631858
0.00018279601
0.00010583705
3.9436167e-05
0.00015146154
0.00015231382
0.00013338974
0.00014074819
6.755323e-05
9.415404e-05
0.000105787614
0.00018971798
9.3055016e-05
0.00011380432
4.622934e-05
0.00017223955
8.8040986e-05
8.7010645e-05
0.00022494495
0.00017233589
0.00016910727
0.00017206577
0.00011865328
0.00013425625
0.00012745136
0.00019681915
6.64013e-05
0.00010897683
0.00012604984
0.00017329298
0.00011154931
7.251157e-05
0.00013957167
2.9041908e-05
8.008531e-05
0.0001273341
0.00014217274
7.797661e-05
5.768929e-05
0.00017536
0.00012561373
0.00018019657
0.00013803392
0.00012253337
5.34938e-05
0.00016881697
0.00019435295
0.00013737551
0.00010691021
0.00011570965
0.00011599944
0.00012856377
0.000108018605
0.00013258438
0.0001207899
0.000114649825
0.00010878691
0.00014725371
8.8118635e-05
0.00010023889
0.00013794715
0.0001558625
0.00011931015
0.00017054527
0.00011436217
7.680249e-05
0.0001581999
3.09385e-05
0.00015103113
0.00015528924
0.00014531429
0.00015734085
0.00013884192
7.346896e-05
0.000112419315
0.00013024177
0.00011211206
3.4002038e-05
0.00012807902
0.00014205238
0.00015522726
8.824908e-05
0.0001307166
0.0001473124
0.000101035555
7.530086e-05
3.2617063e-05
9.7284785e-05
0.00012308566
0.00014310108
0.00012111566
9.524054e-05
0.000123671
0.00013318697
9.721077e-05
9.111431e-05
0.00010885337
0.00014706551
0.00014715697
4.3242242e-05
7.929271e-05
0.00015965397
9.9087585e-05
0.00017910766
0.000137284
3.794333e-05
0.0002293855
0.00011001206
3.8945105e-05
0.0001325624
0.00019389811
0.00010819468
0.000124497
0.00013761346
0.00012066843
0.00010758267
0.00011959749
0.00012951557
0.00022292596
0.00011157604
0.00017833269
0.00017239933
9.466308e-05
8.397412e-05
0.0001082795
5.2999134e-05
0.00013890235
8.550025e-05
2.7399421e-05
0.0001494338
0.0002133265
0.0001528802
0.00012726843
0.00012186109
0.00013393223
0.00016519708
0.00017309084
0.00010736201
0.00010917009
8.173754e-05
0.00015185784
0.0001241663
3.891866e-05
3.551807e-05
4.1326275e-05
0.00015173134
4.394306e-05
0.00011848245
0.00012362297
7.53162e-05
0.0001472522
0.00017218495
0.00016588307
5.151654e-05
0.00013414028
0.00010443388
6.696752e-05
0.00014750237
0.00016776068
0.00017662653
9.3220144e-05
0.00012848912
7.703872e-05
3.4588946e-05
0.0001541935
4.9384522e-05
0.0001280791
0.00010421299
0.00015130933
0.00015484258
0.00017644152
5.9909016e-05
0.00015204742
0.00014382516
0.00012386365
0.0001317326
0.0001312646
0.00012929224
0.00013370352
5.33011e-05
0.00012405412
5.0602743e-05
7.801003e-05
5.520102e-05
0.00015532457
3.9545273e-05
0.00012102274
0.000100952166
3.0931904e-05
0.00015667868
4.5042045e-05
0.00017163139
0.00011828623
0.000117596755
0.00012906318
4.4999855e-05
0.00011358845
8.203958e-05
2.8446671e-05
0.00011019427
0.00015730587
0.00016106246
0.00016288353
9.173101e-05
0.00017364183
0.000117265794
5.1867046e-05
0.00013072744
7.15522e-05
9.67129e-05
0.00014543351
0.00017170794
0.00016119993
0.00013075926
0.00015665007
0.00011394165
0.00011435031
0.00010674186
0.00010102477
0.00011581264
0.00016001915
0.00012518844
0.00013675028
0.0001551535
3.8298953e-05
2.9071949e-05
0.00011695265
0.00021618711
0.00010440306
7.305129e-05
4.811505e-05
0.00012156024
9.4996714e-05
7.681228e-05
0.000100876736
0.00012838232
0.000107269625
0.000190027
0.00015591233
0.00012026721
0.0002337451
0.000118648495
0.0001486068
0.0001412574
0.00014103549
0.00015798208
0.00013020093
0.00010409632
0.00011070568
0.00010108083
0.00014473715
2.3464658e-05
0.00017309184
9.7245735e-05
7.875345e-05
4.9348706e-05
0.00014131377
0.00013360019
0.000132553
0.00010941675
4.5081855e-05
0.00012264283
0.000143697
0.0001102389
0.00012932903
0.00010846695
0.00017676386
8.338799e-05
0.000119030716
3.541634e-05
0.00010720246
0.00012125062
0.00014836212
5.2617015e-05
0.0001170044
0.00013503982
4.1797695e-05
0.00018606306
0.0001261656
0.00015923288
0.000109556335
0.00015551657
0.000116926596
0.0001452282
0.00012366142
0.00012369567
0.0001275302
0.00013814596
3.5703677e-05
0.00014663178
0.000108333355
0.00013708019
0.00012869855
3.5781348e-05
5.672632e-05
9.2085094e-05
3.176085e-05
4.7411733e-05
0.00012076697
0.00017098086
0.00018455762
0.00014417604
9.0718175e-05
3.8198843e-05
0.00014621131
0.00011663316
5.8959075e-05
0.00012040676
0.0001574864
8.577733e-05
0.00014876568
0.00010717575
0.000117411975
2.8548999e-05
0.0001039376
0.00013995543
8.761479e-05
0.00012584522
0.00017791883
0.0001496036
0.00017758155
0.00015641772
0.00014729466
8.220853e-05
9.197051e-05
0.00018035658
0.00024906456
7.987219e-05
0.00012010288
6.9193884e-05
0.00012616263
5.796319e-05
0.00013495711
0.00016274264
0.00018255164
6.5400396e-05
5.1692146e-05
0.00023830128
3.060869e-05
0.00015016239
3.6362388e-05
8.071456e-05
0.000104615865
0.0001158157
0.00013376641
7.2965115e-05
8.212252e-05
0.0001287253
3.416272e-05
0.00010801551
3.599869e-05
8.7908185e-05
9.2691924e-05
0.000101636906
0.00011485419
8.864606e-05
5.0906838e-05
9.495786e-05
0.00014725848
3.4426786e-05
0.00012579725
3.786442e-05
0.00013941624
4.351652e-05
0.00010381641
0.0001663429
0.00014203922
0.00011812245
0.0001684387
0.00023732959
4.7130758e-05
0.000110688656
8.600961e-05
0.00011713413
0.0001283242
0.00012712785
4.6188063e-05
0.00014085183
4.4539433e-05
0.00016282486
6.235994e-05
0.00020858414
7.596223e-05
8.5320324e-05
0.00010836643
0.00014740847
0.00012245117
7.542797e-05
0.00013634213
9.6222175e-05
3.552638e-05
0.00010622392
0.00010317138
0.00013963587
5.103634e-05
0.0001336283
0.00013855656
5.065821e-05
0.0001349482
3.3110908e-05
8.776412e-05
4.2807736e-05
5.378966e-05
0.00014324246
3.4618773e-05
0.00014486874
0.00013462921
0.00023275994
0.00013078171
6.872588e-05
0.00017067815
6.163552e-05
0.00013626073
0.00013685171
8.091152e-05
6.304653e-05
9.549438e-05
0.00021666416
0.000121225006
0.00014907467
5.17151e-05
0.00024225372
4.99431e-05
0.000146065
0.0001201743
3.7266942e-05
0.00014836356
0.00013299692
0.00015368326
0.00014669592
0.00020472986
0.00013786627
0.00012629526
6.122448e-05
0.0001389226
0.00016613574
0.00012157201
0.00010552653
0.00021183089
0.00018535157
0.000102545906
0.00012506958
0.00014034416
3.648394e-05
9.226311e-05
0.0001514909
0.00012053721
0.00023234315
4.2619635e-05
0.00015533905
0.00014489728
0.00014580508
0.00017927642
0.00014049711
5.021164e-05
0.0001414077
0.00016377572
0.00012811692
7.101119e-05
9.725213e-05
0.00014349438
7.63992e-05
0.0001227744
0.00012984405
0.00016055345
5.5121618e-05
0.00010395916
3.7095313e-05
0.00021589932
0.00014971064
0.00010368003
3.6715515e-05
0.00013427761
4.6802295e-05
0.0001283373
0.00014873293
7.8463636e-05
6.0481863e-05
0.00016500536
0.00019746638
4.2495565e-05
0.00020167643
5.969334e-05
8.4123705e-05
0.0001087097
0.00010404661
0.00014061102
3.1204116e-05
0.00014932505
0.00012968882
9.530089e-05
4.916788e-05
7.712567e-05
0.00012979624
0.0001040368
0.00014229957
0.00011266178
0.000121360485
0.00023025468
7.113553e-05
3.7588274e-05
0.00012821105
0.00013295688
0.000112726644
8.898506e-05
0.00020066272
9.34629e-05
0.00014091757
0.00012771439
3.6942893e-05
0.0002529777
0.000100367404
0.0001349958
0.00013362656
0.00017155033
5.227695e-05
0.00015872324
0.000108781336
0.00012311475
0.00016442392
0.00010338685
0.00016218325
0.0001542298
3.1194948e-05
0.00019637487
4.231822e-05
0.00013382333
0.00012076664
0.00013416058
3.582067e-05
0.00017064647
9.4396884e-05
8.632705e-05
8.228096e-05
0.00015042258
0.00014686413
8.5015316e-05
0.00023448613
0.00012870209
0.00013961401
8.745055e-05
0.00012238983
0.000111642665
8.599756e-05
0.0001493208
3.8599825e-05
0.00010321963
9.802604e-05
4.5584904e-05
0.00013602429
0.00012986935
0.00013634739
0.00015433009
3.0210804e-05
0.00016189499
7.413525e-05
9.78859e-05
9.0566784e-05
0.00010799973
0.00012773101
0.0001498541
5.0600996e-05
0.0001607679
0.00010463001
0.00016958283
0.00012311248
0.00010891471
0.00019247393
0.0001314515
0.00014041508
0.00014986552
0.00010475873
7.593072e-05
0.00011471702
0.00014172436
7.683255e-05
0.00011417966
5.713789e-05
0.0001511948
0.00010485569
8.227944e-05
0.00014216802
8.875848e-05
0.00018667779
0.00013119455
0.00015028888
0.000106414846
0.00013565159
9.4547555e-05
0.00014699982
9.0656984e-05
0.0001466785
8.457312e-05
8.732887e-05
7.264329e-05
3.6289504e-05
6.808614e-05
4.7000216e-05
0.00016416071
0.00014705709
9.476195e-05
6.309367e-05
0.00019671445
3.84989e-05
0.00013674042
6.866822e-05
7.4379524e-05
0.00017351795
0.0001582083
0.00018327513
6.145583e-05
8.400234e-05
0.00012109494
0.000115759496
0.00010387959
0.00016056398
9.556957e-05
0.0001276606
0.00019918558
0.000118107404
0.00011271795
0.00018849707
0.00032255176
0.00015073582
0.00015940261
0.00013972961
0.00015529722
0.00019386891
4.93958e-05
8.262024e-05
0.00012669011
0.00016171594
0.00015246686
0.00013702261
0.00014255861
6.502859e-05
7.695345e-05
0.00012684232
0.00015845869
0.00012865568
8.680843e-05
0.00019211753
0.00014953912
