1360766118
1823637318
1784121022
1243040995
1453826878
1263134912
1340274475
1510950502
1373234523
1933336381
1402912442
1525427926
1979344921
1644498130
1330573119
2047619593
2124607841
1423936281
1707517206
2025354917
1503552281
1320726138
1377305639
1871137929
1240344596
1152048568
1371879473
1926880009
1465316608
1611174271
1244762406
1484813460
1914908839
1206007145
1218400577
1509243795
1476693899
1191173467
1162089700
1535437102
2040634255
1305739278
1186620092
1430038038
1818920246
1278386072
1478540905
1384104063
1416747097
1263334617
1590167366
1698394980
1534516467
1198159988
1857150093
1488112706
1388752761
1233658838
1326203015
1540261150
1681096381
1375806739
1463371639
1823595802
1276480616
1167526837
1432871959
1355644220
1253228389
1441765939
1326528634
1758547814
1101870222
1973304255
1684865367
1396718640
1180227951
1370792000
1401919928
1162163992
1397763003
1404125282
1135393831
1195874332
1223905723
2100979192
1373763670
2133242664
1560052510
1917553662
1744832336
1672998488
2092528323
1113156970
1347306700
2107144452
1869263382
1427037051
1926561538
1218049330
1935524255
1500301744
1646261968
1321477477
1284341067
1793961402
1406283886
2003924203
1631415862
1186623097
1644056295
1885817652
1844099872
1374535266
1712202185
1734692239
1459170695
1227762795
1755557935
1548212234
1795177657
1828681009
1315089751
1238829399
1210078716
1972027092
1271154189
1364400906
1223555660
1654845079
1217963202
2059043862
1254480105
1119914834
1279724235
1471192576
1573970580
1368784848
1335082064
1147466788
2101303581
1312394991
1412020284
1115088783
1284284756
1246660305
1557469797
1194679746
1287057177
1226763480
1541426966
1320880867
1462123337
1757131172
1771741885
2053926608
1212148006
1319066910
1456421262
1608468267
1218310170
1551712459
1491361741
1712309753
1450889440
1096643578
1239494884
1871424216
1288221582
1384576398
2145902125
1558070004
1160432703
1773876862
1424666316
1682864816
1257995716
2039554931
1545484334
1101793162
1221836980
1609335914
1181046617
1257743525
1616867879
1774966657
1520841867
1347514553
1174209454
1078647492
1186029127
1099640604
1482833621
1844230611
1465398001
1468325424
1305014068
1254761248
1303890087
1233748835
2018804770
1380850885
1142247474
1478994576
2071362364
1232765926
1292594826
1400238803
1250102126
1443822983
1094517159
1166583897
1529261417
1800522657
1435935219
1647099617
1758315106
1851985177
2111404256
1669238105
1933147420
1406122374
1318999719
1221404704
1104872483
1622553565
1503393728
1191556470
1079162118
1588532948
1923810375
1644147339
1700821753
1628435133
1444556887
1300264449
1325838385
1578038053
1523483003
1085318273
1508000682
1714166683
1131929341
1184631422
1368725669
1339271810
1354469390
2135852799
1345488373
1274305898
1137963998
1089366355
1161812927
1584787951
1170450892
1454718424
1367209152
1705221081
2082838438
1344306442
1229807184
1779811645
1320797289
1354126838
1430089660
1309587063
1523171041
1739347947
1181649100
1591461281
2142774497
1478197260
1473435896
1980152207
1086609584
2092793351
1083651625
1350946905
1965380256
1793449099
1313431297
1495015193
1292978212
1456859820
1248828651
1555021629
1938140946
1165781300
1763464181
2107934849
1364019068
1398152398
1125016748
1522137785
1344400854
2010843443
1414928041
1871733492
1147904390
1202563231
1212635318
1772824032
1322185343
1847514925
1335532367
1268731513
1491061661
1248429214
1224355161
1721182520
1365432068
1980511465
1128683674
1217800780
1471639146
1596339591
2119643449
1350931792
1830288451
1775865624
1383427107
1605129326
1482448050
1722318565
1533691746
1212067295
1405741629
1673816153
1805612371
1298607724
1817322245
1219705417
1356338429
1517861365
1898800001
1582140397
1115647792
1668458588
1673038183
1233253466
1257521469
1570573507
1226614186
1094958585
1665485825
1535516401
1425285186
1166718232
1110393244
1528400644
1516785573
1470442694
1594247586
1955256365
1450646717
1818377261
1281424660
1138574174
1737012309
2131874048
1082511324
1387206245
1603659287
1823010845
1834671374
1276857993
1388183372
1744868116
1726982648
1554954029
2130623151
1500234462
1925059497
1152010694
1355104967
1815195279
1127825950
1383208101
1915253440
1473079687
1520123713
1502993363
1619729659
1547909513
1695790853
1620726134
1174380434
1080296342
1571776332
1355970430
1291153102
1362095676
1122373108
1447249280
1619551395
1093220513
2093091101
1238304304
1553354526
1950621142
1576792483
1091219779
1260378151
1303048296
1700848338
1597580063
1359779521
1757596998
1238417517
1523195532
1929793138
1084573216
1337783198
1141287917
1322824152
1233195197
1356161713
1432798213
2105996162
1132075193
1218067720
1458242321
1710909408
1626558082
1617549797
1542733126
1332274273
1172120226
2041964451
1938369011
1557882772
1731508073
1357684330
2145951244
2006987555
1585095588
1549249724
1166442505
1130274892
1075982185
1595926707
1317948163
1602101481
2123928608
1731131242
1700212397
1879914235
1574565096
1814755993
2018196415
1325008338
1792153454
1443360753
1631422189
1177914937
1598065054
1757909597
1402239737
1949105900
1194590410
1713316698
1779433494
1351377087
1133998494
1115035978
1975521945
1612226283
1131912133
1818177602
1451449723
2087293758
1397992752
1267167289
2135285323
1363817679
1460837479
2064137309
1796411847
1305825815
1584467613
1357249668
1164223130
1356797836
1884087228
1221993575
1279083878
1275264316
1926184252
1886505261
2034621813
1274204794
1216737843
1181607675
1814639730
1116850709
1397930979
1922825190
1457307028
1415696861
1384075111
1874579340
1768413323
1319435273
1636435563
1557875762
1117171866
1210008977
1134690063
1592027300
1139986764
1799580536
2083877885
1552956482
1491100628
1499491089
1313188210
1385630322
1330088948
1853845384
2082904627
1867725470
1832206180
1120374787
1820464604
1695654925
1733482540
1713195518
1107263066
1696603237
1664818383
1693944029
1168111566
1321718880
1254726424
1937634742
1307407929
2145698642
1240928778
1706025544
1098174708
1427716147
1374047727
1143640945
1576839188
1253572079
1399654666
1535320111
1135872904
1726374749
1236635470
1773989620
1358909051
1206310003
2106531682
1661960335
1913355722
1352427187
2105007972
1139132227
1141985176
1265677857
2126831814
1305259750
1189146012
1128698469
2141959200
1449675598
1735011439
1973653134
1358054787
1534426925
1174578181
1678975060
1125866642
1512202173
1557438023
1218326740
1486863312
1528783255
1430582480
1548980872
1366863550
1446566679
1106739746
1282197303
1103714861
1338965902
1260905568
1398469685
1528173171
1737579785
1286871812
1450253271
1989339074
1482635783
1284426921
1915488242
1211747276
1408793964
1192353122
1875238133
1217509713
1311192029
1914030812
1793994633
2143267772
1447822811
1448723189
1702835806
1561233367
1571752889
1950984407
1763269665
1351526262
1494169851
1129121140
1083040858
1533618866
1305043339
1908877960
2130298580
1225641610
1354769653
1187950242
2118248384
1177407095
1275047951
1097324791
1098437870
1755640148
1697227798
1863868216
1653407952
2131968506
2087052310
1367458521
1683456692
1078961484
1471138132
2100145367
1505066886
1252925486
1199691709
1318528932
1626323508
1704035600
2113903682
1074751955
1609370784
1495002037
1222385747
1532577525
1398665612
1627386900
1493756694
1730433209
1166429759
1217036922
1482937866
1449660667
1695117311
1633076911
2028669368
1320577099
2056250274
1318556700
1452123584
1651561401
1738843564
1835457537
1264942815
1516853419
1362077722
1517996110
1944712580
1260906387
2051901019
1489602092
1524386021
1737022142
1179578308
1496868390
1415922376
1219406247
1296874159
1292266887
1272849516
1316277418
2098943434
1221281476
1992684844
1535978084
1086880185
1529131179
1557252840
1191438313
1987697008
1218067083
1542462043
1773710252
1689667610
1164498037
1157710356
1270594269
1772048884
1118249597
1615317767
1120201167
1084834739
1548636589
1585619181
1603547212
1806137148
1709459991
1154452125
2042471793
1286978606
1408826557
1904228033
1431756217
1690421316
1586972548
1287291934
1542180353
1121726697
1125749924
2101693340
1989126669
1140146137
1575348073
1232448456
1346271987
1527446869
1508174103
1144823968
1151369290
2128307406
2055643376
1438343055
1894721875
1196729780
1870437301
1512394821
1986211992
1263891532
2112084718
1870767745
1534917515
1184000306
1150580737
1168064451
1462996447
1390643468
1388458780
1555293623
1281795208
2049603893
1089869463
1990230302
1424900572
1848028959
1704045341
1914719377
1550615654
1943302129
1391198289
1315260003
1304950747
1077180276
1775277845
1207387643
1414660736
1085274117
1273211551
2135659331
1740195474
1641867419
1171827292
1394659684
2110762215
1193681679
1460587564
2072004879
1151878681
1329432886
1645951008
1831743859
1242068419
1567607390
1078554400
1531021203
1151112820
1429734862
1217415391
1217752527
1255502663
1360012002
1405974610
1443552765
2133028984
1349519793
1267004730
1409033227
1116912573
1813109010
1250710117
1867026071
1188920314
1683263360
1816923109
1419376670
1786194909
1504231832
1439413366
1148223954
1160874356
1185374158
1550413765
1688912129
1464560580
2110236255
1155891164
1124230694
2046478722
1377825772
1725090849
1238914434
1751565937
1472809514
1748245432
1539892877
1450078604
1618644235
1810852853
1775564906
1225988806
1572642979
1182382458
1362392661
1242039285
1141265885
1328618590
1602160023
1797174703
1287700766
2035584419
1173007903
1205339339
1478310837
1431913996
1589228887
2059833485
1140176363
1316896516
1436646271
1616950820
1267267938
1345293357
2126770814
1417592093
1730867761
1825057146
2001179232
1130710446
1745396170
2004659765
1869672260
1449722531
1355692018
1238442144
1491062526
1372517644
1713636626
2044092646
1637603837
1398340221
1162885651
1658236324
1168224916
1855961607
1089701806
1693485715
1153155889
1263319322
1251541438
1818839126
1386650650
1753917872
1602969584
1227835721
2053458142
1495657872
1679913995
2133680221
1451199080
1205500760
1485138577
1342253813
1894566008
1398992823
2091495158
2031392124
1374679753
2009759384
1315536777
1364054302
1994869167
1328530915
1303874063
1728031109
1685725322
2118182377
1410185842
1363252224
1426196125
1325390586
1145731402
1287512897
1353177843
1680283223
1213572068
1341452400
1347270556
1593106989
1241354272
1880236166
2133003902
1193429578
1467602263
2036488211
1192463285
1966708767
1437972962
1183085589
1467534435
1460601767
1309321078
1512972767
1444184199
2015513672
1357258518
1243344945
1205479091
1367657771
1635564365
1196845679
2077764020
2085421624
1824739403
2019076991
1231278361
1381652708
1436700716
1816613924
1491389555
1186658331
1143679798
1678318179
1529273526
1426477041
1435414175
1764931033
1383158527
1977283616
1392123066
1612330619
1261278756
1398174521
1914845290
1412665875
1504261695
1208682969
1278281782
1580608129
1085316780
2046903260
1460775888
2125474168
1473863346
2041407309
1445819865
1321929100
1843027011
1263448240
1464238103
1544909301
1190857363
1624436033
1944006535
1673432403
1985453506
1175331660
1656353128
2140439041
2048625172
1384280051
1228786583
1470067365
1276753702
1876426346
1936181410
1518565407
1277811222
2048431977
1400903332
1109126733
1194763279
1133399516
1400622599
1480188252
1262205400
1308926768
1109765314
1752070866
1975473738
1840237246
1387297971
1257315847
1454773733
1245250719
1976183424
1328999517
1315519706
1688869702
2058613498
1562590102
2141849492
1212033518
1618711971
2035634766
1596653009
1518353412
1228425503
1933260815
1666448796
1317456800
1188917128
1320777031
1410581791
1679971352
1858627006
1699735873
1620070527
1480872264
1445840286
1673908653
1154228294
1267039554
1374464662
1721857154
1204896912
1099093841
1693248546
1470025485
1520022108
2032342348
1930083113
1795087341
1339124774
1278531014
1342305481
1519340645
1189670880
1593815310
1459685548
1927323939
1783214134
2126460173
1257479498
1475275664
1992616106
1582719299
2060111988
1669500038
1212011167
2144475651
1894857211
1294106746
1382351014
1475388148
2062646284
1495037590
1129360039
1395240498
1512794048
1124069801
1125016201
1488474605
2064555473
1620040574
1399608279
1747609627
1837795633
1291577230
1479556043
2095254448
1335455571
1861593578
1447176127
1784990217
1444012809
1665201950
1719461336
1430309713
1429043930
1340581748
1850821091
1616120682
1447739870
1865814915
1242282554
1936604035
1516047754
1346174843
1352042435
1464495302
1708240459
1557520691
1804297334
1210034196
1653963592
1192149092
1139622953
2045336578
1580711919
1881716538
1256786336
1960931763
1162737477
1109679733
1855706047
1587720245
1483956009
1569278454
1375602710
1528862008
1908590443
1945156692
1626750685
1247232061
1592052565
1500997728
1348953045
1403453424
1280380023
1515174571
1248730642
1559985793
1266582605
1709214081
1891348428
1472174802
