1869890833
1980890906
1364848869
1275379126
1608077989
1419963838
1748209304
1819631071
1293594523
1638213756
1849130638
1715294350
1458571103
1845212988
1613904238
1383666981
1363810859
1660547708
1307021681
2125341681
1161231539
1597597440
2031954289
1625858092
1945096313
2032356099
1770241898
1762875377
1881945139
1916333398
1616114194
1864633816
1586313269
1811963193
1711175795
1467913191
1762071757
1127295318
1703440949
1627699722
1621940442
2074077394
1502770227
1658940467
1771145971
1278928450
1100206612
1797665446
2086734416
1766424701
1686799309
1952697223
1830479947
1755944151
1619161255
2030112659
1817320662
1274977316
1117132868
1806003008
1796895309
2114358868
1115391690
1221904883
1724201143
1750352292
1699925109
1912080906
1819095324
1969539768
1775030136
1325136625
1918342449
1773925158
1087733753
1865035626
1806337849
1295235248
1629106058
1411827181
1689745917
1734782146
1492088772
1335784596
1537828169
1570776607
1117333773
1313048835
1542315050
1361014930
1423010898
1967765106
1224617102
1546433605
1484655283
1649230053
1914558736
1437409098
1670793868
1323211285
1099988965
1809619300
1481909580
1681743197
1401380115
1351455195
1355607234
2062056571
1910205792
1567093347
1969673704
2054589598
1587485216
1095585794
1607274369
2058339827
1543520481
1116513410
1209666413
1842132443
1212110759
1548543108
1594650831
1932874585
1983870999
1978212172
1465117261
1268246995
2040760629
1125169072
1467377444
2056833038
1643504257
1767797552
1101110685
1866910740
1535651697
1899323431
1251504902
1830781305
1283482299
1253229338
1342079623
2140710922
1707459051
1743387581
1395051604
1951056497
1368632582
1134477675
1518507794
1421771984
1580888831
1884121611
1577841770
1805735134
1776570409
1718374895
1687971255
1863060059
1822711616
2094134420
1474409123
1537794685
1810791246
1781291679
1490314110
1332503146
1870560516
1524267074
1934213952
1498115926
1986281860
1458738524
1259407170
1337023511
1445277882
1406302290
1430812714
1358687779
1534446266
2101869267
1826830171
1244707613
1758020170
1693496146
2065773316
1317602684
2049165160
1837712531
1702536876
1241124805
1417385555
1510404622
1933644721
1754973110
1574828194
1455189200
1247788158
1672836403
2097181481
1246130691
1855492633
1808447353
1096774483
1512748515
1226776832
2049935296
1546868899
1633492486
1823414784
1964918950
1781325163
1099921996
1444239872
1672735951
1796225626
1275395868
1948578668
1740173100
1836205743
1753968584
1671999299
1462153911
1511576568
1080584879
1755743246
1700996603
1793178565
1601582058
1685928720
1347704966
2028773291
1542047176
1604193824
1128149164
1425522212
1399906811
1551154875
1898720716
1634831853
1714423761
2144494635
1966693612
1549614602
1798000287
1460412733
1955610347
1105128787
1434261585
1246783632
1810456404
2068418566
1473605502
1093760906
1946100838
1557315965
1677992968
1856832001
1388455219
1845480862
2004664678
1850235616
2097348902
1782296205
1183532007
1135950980
1665068073
1607709663
1673104277
1898184969
1667077124
1548509624
1715930550
1654353133
1991572361
1583500598
1669454501
1415409988
1489644427
1285223477
1346014015
1433725838
1904145154
1621371211
1115676305
1392774679
1441628105
1535986539
1584203766
1347637998
1709936881
1517235395
1719680778
1667110608
1766993932
1426191896
1321085039
1125236040
1214521620
1942584999
1528553050
1544993785
1584069829
1329054275
1576033624
1401915862
1284419856
1612363965
1436638962
1522391960
1883820254
1792676302
1870995811
1697145922
2120787832
1836507100
1126625634
1511576568
1906689952
1910406697
1495604612
1160729277
1401614504
1297746562
1681073513
1491854383
1149311169
1740474457
1489242617
1329991832
1591737707
1822946005
1944426629
1413333969
1588590194
1699623752
1525572957
1470123147
1356712212
1902571397
1838080857
1691487095
1402920387
1441628105
1597296082
1515042181
1594148568
1920351500
1761402073
1771581265
1386647073
1921623899
1642198374
1946971427
2004597709
1598836354
1661116939
1693697051
1740340521
1343418990
2034365150
1571546744
1803860020
2122930820
1743019255
1847422945
1566691537
1601079795
1993715349
1085674476
1292656966
1307256071
1525874315
1680973060
1440690548
1640591133
1694416961
1926746979
1096138283
1922394035
1318138431
1313048835
1787720643
1489142164
1765654565
1731969474
1657735036
1493762982
1401581020
2041932576
1722995713
1921188604
1978714434
1674410160
1734983051
1398333054
2071900922
1479029940
1285742482
1757517908
1749850029
1634664432
1667612871
1127847807
1085255923
1846753261
1920719826
1098214303
1516900553
1944727986
1131145999
1728386667
1670191153
1725942321
1535953055
1980120770
1815546000
2084290070
1166136972
1877692648
1120096218
1118991240
1477690573
1337324869
1120631965
1928990419
1509467064
2002354269
1841898054
1486229040
1267342922
1487300534
1298684119
1443268830
1291032983
1571278870
1654051776
1887972293
1899222979
1813235592
1725038248
1253463727
1980321675
1308294080
1720919693
1364915837
1845179504
1396826266
1378008154
1367628056
1815813874
1597697892
1577306023
1783702540
1235800820
1736724229
1627264428
1561534972
1261382737
2019397719
1681140481
1865973183
1699021036
1267577311
1834196691
1082861804
1737293460
1173721140
1586782048
1319009020
1510538558
1325772825
2145432192
1699188457
1126441471
1471797356
1713151362
1399638937
1366255205
2019263783
1716600233
1774025611
1410454329
1843840137
1239668243
1625221892
1642499732
1986549734
1143585374
1959293607
1227747873
1895439266
2088843919
1617620982
1527481556
1522157571
2114928099
1953132517
1534044456
1907527057
1491820899
1250734766
1836674521
1981058327
1656295216
1862222954
1757015645
1664097031
1803759567
1781827426
1288002664
1947674595
1608412831
2019464688
1119409792
1646049055
2031920804
1495939454
1493495108
1505315025
1885996726
1551690622
1078324697
1308193628
1945531607
1682312428
1668215586
1517536753
1253279564
1761301621
1128902559
1890818448
2119481949
1266304912
1933309879
1629976647
1496910495
1998302683
1974528911
1563979318
1320381871
1810623825
1196490386
1478996456
1893329762
1607810116
1124499388
1294766469
1162872264
1961403111
1651841819
1604495182
1671229163
1181154629
1764114292
2019665593
1918007607
1417954786
2085763374
1327413550
1744492560
1136788084
1836339679
1633358549
1163575432
1300793623
1623313294
1640390228
1289978231
1239484080
1943890882
1451941234
1662188433
1636037284
1333206314
1848293533
1605097897
1974930721
1658906982
2079367895
1476953921
1758455465
1825055509
2108499136
1834966828
1567260768
1457901419
1623011936
1238446070
1903006692
1459542144
1881074551
1796192141
1429071536
1674242739
1539267989
1922427519
1443369283
1401982830
1752930574
1267577311
1862959606
1477255278
1949147899
2013939797
1859175894
1720183041
2096645734
1631282530
1487668860
2099324469
1450534899
1876721607
1618290666
1732371285
1224349228
1976035700
1592039065
1458437166
1757551392
1577942223
1923699918
1437576519
1140672250
1345796368
1166639235
1388622640
1221921625
1108979468
1741043689
1110603451
1224516649
1559693342
1227664163
1282745647
1111474040
1398600927
1906254658
1358352937
1654118744
1166103488
1641562175
1546902383
1993447476
1470391020
1658873498
1647790233
1876688122
1941982283
1261801289
1122122011
1895137908
1797765898
2062123539
1846652808
1704512443
1508228150
1962340668
1390464271
1683049080
1989797700
1217987233
1941413052
1823515236
1673037309
1382628971
1885896273
1995490011
1489075196
1153697598
1691721484
1152425199
1612631839
1850536974
1974930721
1343385506
1663963094
1196456902
1147452797
1589192909
1772418370
1177119785
1861285397
1241342452
1976303573
1630612846
1571915070
1990869194
1430779229
1805902555
1457131283
1983335252
1929626619
1413367453
1306988197
1803223820
2043539817
1213969131
1417151166
1537660748
1711041859
1945297218
1671664457
1606269843
1340271477
1589243135
1566775247
1208444240
1517737658
2030782342
1255908073
1914391315
1742684414
1924838381
1109598926
1635501537
1253011691
1576067109
1281741121
1590163950
1425924023
1084736918
1382896845
1836272711
1825423835
1832924292
1407574689
1720417431
1817856409
1812733329
1475145775
1166019778
1345963789
1238981817
1482277906
1742316088
1615511479
1278894966
1339484599
1576268014
1719613810
1764717007
1931501733
1829241032
1877424774
1748443693
1534044456
1698518773
1197026133
1942819388
1797464540
1516264354
1839286288
2044075564
1614004690
1417084198
1557449902
1473772923
1874712555
1680403829
1680035503
1389057935
1937729792
1338731205
1916768692
1674041834
1623045420
1853985845
2110206829
1565318685
1683316953
1980556065
2087471068
1502904164
1950554235
1574292447
1647723265
1379414489
1424986465
1942752420
1729089834
1543587449
1997164220
1524903274
1358520358
1493997371
1132133782
1355942076
1880003057
1562572982
1340740256
1972754249
1771447329
1379146616
1964081845
1399136674
1276551073
1625020987
1316732095
1497111400
1507993760
1409684193
1739168574
1724736890
1180317525
1842969548
1852780414
1657500647
2132976075
1640557649
1304476883
1959862838
1381641188
1682379396
1492992845
2021272834
1098733308
1980957875
1751155912
1713084394
1773155022
1154467734
1568801040
1285893160
1861017524
1711811995
1996996799
2101500941
1935620288
1488790580
1546132247
1374793672
1525104179
2087705457
1696409270
1181489471
1539067084
1470993736
1881509845
1790901640
1255539747
1354066961
1334746587
1558019133
1900763251
1382461550
1848327018
1593378432
2043740722
1384169244
2052011316
1082945515
1217719360
1911612127
1872770473
1347637998
1796242368
1214220262
1487635376
1649732316
2098788722
1783367698
1745664506
1599573006
1550887001
1227965520
1377639828
1930095398
1671430068
2043071038
1444373809
1979283666
1302936611
1764047324
1098013398
1123980383
1514255303
1514121366
1646015571
1488740354
1884657358
1481675191
1731065401
1876319796
1287952438
1387249789
1617654466
1916333398
1645714214
2020368761
1974026648
1563744928
1186796715
1766759543
1968032979
1106853223
1795723363
1688975781
1812264550
1872803957
1536555770
1745396633
1435400047
1590565761
2143691014
1735083504
1540071610
1990032089
1203656002
1835435606
1798904360
1601916899
1387115852
2054254756
2030715374
1740173100
1765185786
1945933417
2009754274
1423144835
1749850029
1858305305
1400877852
1518340373
1660681644
1146649177
1576234529
1929090872
1443067925
1559927731
1646450866
1503272490
1934615763
1865236531
1900394925
1784606613
1575698782
1724870827
1547772972
1887838356
1690013790
1689310623
2106858411
1473438081
1553163926
1957820303
1623949493
1513384714
1606906043
1380519468
1662791148
1143334242
1999608566
1931568702
1318439788
1581357610
1348207229
1577841770
1171494442
1713821046
1509534033
1452108655
1699757688
1923331592
1085055018
1750084419
1395219025
1950654687
1943120746
1870091738
1145092162
1687234603
1605399255
1105430145
1417787366
1760163158
1503607332
1642399279
1669119659
1717336885
1436940319
1849599417
1216681350
2047357014
1211424333
1812231066
1925675485
1312379151
2030849311
1661384812
1854856434
1557048091
1990400415
1829508906
1598903323
1941915315
1667311513
1145477230
1688306097
1742717898
1624518724
2085093690
1819798492
1604796539
1556177503
1695505197
1226760090
1457399157
1172415257
1643504257
1203656002
1398433507
2005602235
1127010702
1099319281
1537995590
1640222807
1903542439
1781291679
1274240664
1322089565
1685928720
2024252926
1973189544
1815746905
1830279042
1779517017
1775599368
1539100568
1824218404
1504143079
1695739586
1550418223
1999876439
1208812566
1693663567
1951692697
1806873596
1959762386
1808112511
1978379593
1840458234
1636455836
2085093690
1815043738
1171963221
1792575849
1917070050
1232368691
1109615668
1678930525
1508429055
1518105984
1671965815
1483048042
1897615738
1561635425
1418557502
1751624691
1444072451
1723698881
1717805664
1160595340
2030112659
1742014730
1576067109
1671999299
1440355706
1804194862
1703474433
1126860023
1122239206
1533106899
2107360674
1940140653
1078157276
1757049129
1790198472
1896879086
1200558715
1291066467
1651172136
1074507500
1944828439
1279129355
1820099850
1704043664
1279497681
1615946773
1884422969
1884356001
1803960472
1683216501
1532805541
1186846941
2097784197
1675347717
1859276346
1839989455
1692625557
1081940989
1451070646
1682245459
1686598404
1323629837
1835669996
1691185737
1635769411
2094167905
1278660576
1438480592
1121552780
1906288142
1867212098
1848460954
1579951274
1693964924
1236269598
1665302462
1908598551
1844777694
1952496317
1466841697
1261349253
1365920363
1823213879
1634430043
2033126235
1531499658
1396625361
1483952115
1641394754
1591436349
1400007263
1436940319
1730931465
1974796785
1603858982
2009821242
1176182228
1775867241
1166170457
1561635425
1803826536
2083486450
1817856409
1747707041
1975399500
1767496195
1176366391
1767697100
1865839246
1751390302
1271930255
1652645440
1198767311
1899022074
2072905447
1433290543
1487601891
1686765824
1680336861
1480771118
1271327540
1575631814
1309834353
1521086077
2037613116
1528419113
1228534751
2071164269
2040995019
1382227161
1436638962
1991974172
1443201862
1526845356
1911076380
1938700833
1278610350
2058473763
1724971280
1111440556
1413233516
1468147580
2099391437
2061621277
1715964034
1408411794
1850838331
1082945515
1633191128
1769672667
1152190809
1788256390
1997867388
1580386568
1421771984
1953232970
1965421213
1502803712
1470893283
1470223599
1697346827
1546667994
1763678998
2088743467
1514924987
1754772204
2033327140
1502636291
1198901248
1217351034
1347135735
1498417283
1567779773
1660916034
1080367232
1741545951
1605868033
1632621897
1509333128
1289877778
1688406550
1624920535
1807777669
1629239994
1761335105
1294364659
1118355040
1583969376
1651440009
1793613859
1401848893
2047457466
1912884526
1710640048
1465033551
1822376774
1566390179
1162788554
1539837220
1955208536
1430076061
1751021976
1667311513
1688440034
1490381079
1426627190
1100156386
1751256365
1435801857
1472333103
1161834255
1815746905
1669889795
1585308744
1092002987
1249629788
2021674644
1411693244
1889445597
1505114120
1616281615
1844710726
1697681669
1576167561
1840022940
1678495231
1699925109
1809820205
1829408453
2124973355
1351589132
1234294031
1641796564
1773757737
2119716338
1908464614
