0.00012883508
0.00029471546
0.00013418314
0.0001511902
0.00021245999
0.0002484922
0.00015939945
0.00015822584
0.00018643917
0.00021569888
0.00016165008
0.00017623836
0.0001473292
0.00019003442
0.00022736892
0.00023677298
0.00017009581
0.00018438685
0.00021196065
0.00025585495
0.00015170021
0.00025067508
0.0002889787
0.00018702965
0.00028824795
0.00012084113
0.00025183262
0.0001549127
0.00019021847
0.00023516391
0.00016774482
0.000108976245
0.000119280136
0.00014082612
0.00018462786
0.00017368759
0.0002427604
0.00014044055
0.00021271939
0.00031841308
0.00021003872
0.0002682961
0.00018208672
0.00016055554
0.00013566567
0.00023887998
0.00017276926
0.00023595928
