1709436353
1955202358
1780396588
2006053206
1409502900
1648547998
2114976989
2099404993
1236875509
1430990365
2144839296
1169201218
1954824092
1260727165
1508411812
1570800241
1128450316
1223260036
1406190142
1697393959
2012820221
1663029593
1917143711
1240792898
1912295630
1603369296
1670708923
2055444994
1261948123
1560125358
1112853345
1445941315
1582657532
1868538442
1224858842
1152278918
1610522011
1863422564
1411223785
2112417337
1393439706
1779931075
1208000442
2130316437
1800067401
1584778443
1146186491
1565401948
