1789693968
1513985305
1118449078
1949405572
1092366553
1728873730
1155467549
2144030332
2053209343
1176520709
1640026475
1663550456
1126782620
1913322797
1317167508
1741037778
1376935087
1287079034
1211258421
1280616884
1139268313
1654310458
1734546387
1458983927
1718668796
1148274387
1465709241
1658813495
1951160002
1340676869
1532874667
1808173963
1874140528
1163567168
1535710995
1177690328
2032156184
1917241023
1744312714
1438515578
1793612195
1126899582
1906714444
1736710184
1305880675
1973558224
1751886003
1230206264
2143562484
1844022814
2005781254
2108006037
1210410447
1935721019
1980517463
1379449770
1506470497
1385531794
1090056554
1633315780
1075231621
1569863898
1173655140
1710393735
1399918119
1201535955
1435123680
1263394230
1357460915
1091723262
1145642742
1274067012
1382432301
1813612696
1995839484
1968792023
1641561601
1165818686
1257663093
1827531173
1333688389
1768231442
1143069578
1351992942
1678521591
1549658713
1732294869
1184357162
1662263874
1346232563
1269856381
1662322355
1154151727
1553196814
1531149478
1362373319
2036893144
1417696342
1845192434
1485914426
2049875926
1562904659
1242165628
1846946864
1370560658
1810337760
1241025249
1095056679
1689018931
1265324103
1155292106
2078122248
1883848374
1783436501
1300266499
1877006097
1202310828
1717703860
1111840725
1606239078
1456820130
1643549955
1250236006
1167719318
1429714187
1524658087
1227399176
1199562222
1801916496
2051454913
1837472943
1791302195
1394420905
1741447145
1940896587
1489861893
1791477638
1886713943
1082951112
1710744621
1163187041
1724487656
1131051733
1120729837
1783202577
1677878300
1462843673
1483575186
1919872668
1449393043
1344595095
1665743493
2077888324
1122718191
2097830344
1967827086
1788524348
1307869029
1309448016
1696826144
1665480329
1419918620
1914316974
1673521466
1199913108
1112834902
1315237635
1574659340
1407286725
1976716198
1735891450
1592086677
1320647127
1173713621
1864140278
1696416777
2006541507
1332021681
1345296867
2128825273
2074379464
1786769918
1454305447
1116782370
1581618579
1625303884
1786594475
1541091247
1651503371
1592788449
1239797148
1175351089
2013734669
1385941161
1890456727
1232896390
1591618829
1410561661
1850923572
1097337438
1107659334
1329156112
1291318907
1445942664
1523020619
1831098514
1272634228
1718405632
1620888568
1463428482
1233890567
1567875544
1277312708
1847590155
1637409450
1548342891
2003792900
1272604988
2134556410
1624017302
1437492160
1742236638
1587291235
1436585705
1262019927
1137835529
1961920506
1255937903
1176169823
1755424103
1439451273
1704077787
1429977352
1972447085
1440270007
1102396044
1847590155
1105992626
1368864709
1262019927
1740160563
1309038649
1717236012
1510125559
1284359668
1876655211
1822033959
1359332307
1313834091
1202778676
1151403120
1597700853
1779459793
1679047920
1524745808
1463779368
1204328423
1573899087
1114881737
1119033888
1511382900
2021980490
1335150414
1085465795
2049642002
1884140779
1738464614
1917474947
2036542258
1213977787
1729984869
1792793461
2041542384
1742031955
1401497106
1510681129
1356876105
1114998699
1159765903
1793787638
1084968707
1770687644
1130320720
1164766028
1327196999
1783085615
1213451458
1145701223
1091430857
2147012863
1571735290
2081981993
1651210966
1868643314
1511967710
2002740242
1267634103
1192076654
1375590024
1219767406
1619455784
1492727462
1145598881
1724253732
1269973343
1487171767
1415240141
1776360300
1599806169
1784196754
1480651136
1758874482
1107893258
1271786254
1089968832
1387052300
1205381081
1427170264
1971394427
2094672370
1087220225
1164356661
1700802852
1987476701
1999816192
1370853063
1610449710
1313746369
1922796718
1847063826
1180789821
1446468993
1785424855
1259739168
1249095626
1338147566
1770453720
1838233196
1963148606
1164561345
1559688204
1216901837
1898468623
1998061762
1776886629
1559103394
1156374005
1949697977
1075524026
1482376326
1989055688
1485885186
1402169638
1526763403
1410883306
1126928823
1978295185
1812267633
2141398687
1749868408
1436790388
2063443517
1149560969
1871157997
1820162567
1840280031
1651737295
1811127253
1110729586
1557319724
1959698228
1886275335
1143946793
1830455223
1658404128
1880456476
1194591337
1378133948
1939112916
1074471368
1785249412
1297430171
2136076916
1126344013
1496236322
1666942354
1169941596
2106485531
1077278456
1184474124
1774985997
1705393610
1297050044
1914667860
2129293121
1861742557
1442726209
1957885317
1695919688
1843028638
1521178468
1302722701
1999231382
1114852497
1217223483
1166169572
1644719575
1286698908
1271026001
2074788831
1216024622
1448983676
2081046298
1140350212
1762207899
1380677871
2046542509
1829519527
1387754072
2022740743
2026717451
1393368247
2048238458
1793144347
1529102643
1879052932
1142075401
2084145790
1916890137
2027185299
1468896456
1905252419
1515125684
1319506748
1914550898
1192778426
1369624962
1162572991
2033735171
1890573689
1255674739
1656649698
1995839484
1880748881
1849052180
1274388658
1666182101
1908410393
1224592089
1862385848
2109117176
1966774428
1240089553
1517406443
1890105841
1602379333
1239197718
1199269817
1203012600
2100111103
1161461852
1122981355
1996775180
1478984428
1501265688
1285412326
2088122498
1704808800
1666240582
1842648511
1261844484
1857064077
1105758702
1758523596
1343220792
1345062943
1080875037
1658988938
1112191611
2056191874
1874315971
1249271069
1421497607
1128039962
1454480890
1748581827
1795542068
1108331865
2041688586
1845426358
1752441572
1620742366
2074028578
1633900590
1355589523
1277575872
1960107595
1125759203
1402520524
1111051232
1675246656
1313834091
1452404814
1518049734
1315676242
1741213221
1531500364
2115140719
1256639675
1351437372
1733669172
1185058934
1402725207
1088506807
1942855700
1332197124
1617438190
1630391730
1852736483
1737733601
1421673050
2142217421
1635596539
2018997959
1828291426
1102717690
1810630165
1278891695
1729604743
1240732844
1963967340
1084471618
1459568737
1476703669
1180614378
1915778998
1889053183
1910691152
1375765467
1818992948
2009290114
1110261738
1626824390
1673492226
1306465485
1721680568
1349682942
2077712881
1314184977
1542860297
1085231871
1501558093
1164590585
1667644126
1995313155
1165862547
1752967901
1132192112
1467171266
1139882364
1339478008
1680042097
1144005274
1566091874
1403134574
1120495913
1872035212
1237282465
1856596229
1302430296
1193100071
2105900721
2014436441
1445679500
1236288288
1933030893
1191053236
1174766279
1453252789
1449626967
1287634604
1561325672
1845455599
1633491223
2021629604
1563694153
2025898717
1610976039
1387754072
1453603675
1328454340
1087921997
1870280782
1470680126
1511879989
1086752377
1290646375
1101548070
1884842551
1856888634
1231872973
1844958510
1617818316
1195000704
1416877608
1622467555
1180906783
1801916496
1354595346
1784693842
1567919405
1592057437
1621444138
1808290925
1110788067
1456059877
1824373199
1377227492
1945604307
1358279649
1602847181
1088448326
1679077161
1686241083
1667059316
1125759203
1887474196
1696562979
1182544251
2127246286
1154078626
1408251661
1114355408
1455913674
1154590334
2132217170
1359215345
1298745993
1145145653
1123946292
1452784941
1217925255
1404479637
1251785752
1594191993
1848701294
2052215166
1149619450
1526997327
1490680627
1115057180
1225235380
1135320846
1386701414
1169649191
1110846548
1701153737
1885778247
1965019998
1183947795
1568723519
1250908537
1437199755
1130847049
1226463480
1806653457
1530418465
1752324610
1648462359
2141574130
1992856953
1932680007
