0.00010142
0.00007205
0.00006792
0.00006885
0.00006185
0.00007301
0.00004332
0.00010012
0.00005738
0.00009047
0.00007800
0.00010127
0.00007336
0.00007594
0.00007666
0.00009489
0.00008630
0.00009656
0.00005326
0.00006793
0.00007335
0.00006363
0.00005425
0.00008412
0.00006378
0.00006735
0.00010379
0.00007092
0.00006541
0.00007607
0.00007139
0.00006035
0.00012180
0.00008460
0.00006071
0.00007817
0.00012847
0.00008964
0.00007452
0.00011310
0.00011602
0.00006970
0.00008818
0.00005829
0.00007066
0.00005651
0.00008911
0.00005539
0.00009165
0.00005496
0.00005906
0.00007813
0.00006508
0.00007534
0.00013958
0.00008437
0.00006613
0.00005320
0.00007732
0.00009467
0.00007059
0.00008891
0.00007890
0.00009147
0.00006405
0.00007118
0.00007292
0.00006849
0.00008352
0.00007611
0.00006839
0.00008125
0.00006650
0.00008355
0.00006650
0.00007263
0.00007971
0.00007489
0.00006273
0.00005924
0.00006601
0.00010176
0.00006309
0.00006825
0.00007790
0.00006519
0.00007002
0.00009963
0.00007633
0.00006629
0.00012019
0.00006842
0.00011796
0.00012521
0.00007133
0.00006197
0.00006129
0.00006583
0.00007477
0.00010129
0.00023721
0.00004635
0.00009644
0.00009051
0.00012084
0.00005615
0.00005669
0.00007281
0.00005407
0.00009329
0.00006462
0.00010215
0.00006455
0.00006757
0.00006213
0.00008630
0.00007828
0.00007455
0.00007112
0.00007141
0.00007317
0.00008372
0.00010193
0.00007478
0.00004549
0.00008982
0.00008892
0.00006889
0.00009446
0.00008475
0.00007109
0.00006867
0.00006123
0.00009020
0.00007467
0.00006282
0.00008878
0.00008903
0.00009244
0.00006114
0.00012120
0.00008085
0.00009258
0.00010716
0.00005639
0.00006778
0.00006843
0.00013967
0.00007796
0.00007736
0.00007580
0.00006376
0.00006068
0.00010963
0.00012002
0.00007277
0.00007840
0.00006938
0.00009816
0.00009453
0.00008039
0.00012195
0.00010405
0.00006523
0.00009949
0.00007382
0.00009053
0.00005783
0.00008456
0.00007767
0.00007902
0.00007446
0.00008528
0.00006314
0.00007641
0.00007290
0.00007985
0.00005757
0.00006762
0.00006827
0.00009032
0.00007911
0.00007456
0.00007086
0.00008371
0.00007296
0.00007015
0.00013081
0.00009277
0.00008948
0.00007399
0.00009210
0.00006552
0.00007228
0.00007179
0.00009858
0.00007527
0.00008648
0.00006676
0.00006138
0.00007587
0.00007532
0.00007587
0.00016922
0.00005722
0.00005576
0.00006654
0.00007572
0.00009005
0.00008928
0.00010526
0.00006518
0.00009008
0.00007654
0.00005731
0.00008022
0.00008439
0.00009189
0.00010104
0.00006256
0.00008458
0.00007068
0.00008506
0.00005516
0.00006376
0.00008171
0.00010352
0.00005050
0.00007535
0.00008864
0.00006579
0.00008874
0.00008954
0.00006299
0.00005282
0.00006485
0.00006223
0.00007703
0.00008631
0.00008158
0.00006525
0.00005711
0.00008052
0.00006385
0.00010731
0.00004557
0.00008693
0.00007471
0.00006499
0.00007224
0.00005792
0.00003814
0.00006633
0.00007722
0.00005419
0.00009506
0.00007657
0.00005521
0.00006616
0.00008237
0.00005986
0.00008960
0.00010802
0.00006393
0.00006024
0.00008950
0.00005493
0.00005888
0.00009056
0.00013255
0.00007408
0.00008745
0.00008988
0.00005995
0.00007262
0.00006146
0.00009718
0.00006514
0.00008668
0.00007916
0.00008854
0.00009601
0.00006406
0.00006869
0.00007488
0.00007971
0.00006375
0.00011072
0.00007722
0.00004260
0.00007624
0.00008601
0.00006703
0.00010273
0.00008171
0.00006657
0.00008829
0.00007165
0.00006667
0.00008118
0.00007240
0.00010357
0.00005658
0.00006693
0.00008641
0.00009532
0.00008331
0.00006521
0.00006938
0.00007204
0.00006705
0.00007801
0.00009399
0.00008306
0.00007375
0.00008209
0.00009825
0.00006950
0.00006203
0.00006457
0.00007365
0.00009530
0.00007008
0.00011635
0.00008816
0.00006733
0.00019255
0.00005812
0.00007067
0.00007410
0.00006811
0.00012286
0.00006775
0.00005120
0.00006852
0.00010131
0.00009335
0.00008671
0.00008469
0.00006392
0.00006120
0.00006987
0.00011544
0.00004783
0.00006338
0.00009658
0.00008027
0.00006258
0.00009370
0.00009933
0.00004985
0.00005404
0.00007064
0.00008291
0.00007006
0.00006228
0.00008277
0.00010396
0.00009532
0.00009742
0.00015904
0.00008320
0.00005922
0.00008169
0.00008032
0.00006225
0.00006927
0.00007779
0.00007236
0.00007602
0.00008857
0.00009762
0.00005811
0.00007613
0.00008643
0.00007647
0.00007133
0.00008724
0.00007762
0.00008262
0.00007643
0.00009027
0.00006254
0.00009997
0.00014161
0.00007341
0.00006242
0.00006774
0.00006785
0.00011743
0.00008594
0.00006269
0.00013007
0.00005575
0.00006589
0.00008238
0.00010913
0.00009277
0.00007883
0.00012233
0.00008787
0.00005325
0.00006818
0.00013728
0.00008038
0.00010131
0.00010760
0.00006880
0.00008083
0.00010542
0.00007000
0.00005957
0.00006683
0.00008078
0.00007580
0.00009781
0.00006778
0.00006931
0.00008323
0.00017838
0.00005787
0.00005973
0.00008415
0.00007744
0.00006353
0.00007798
0.00009300
0.00009100
0.00010748
0.00007078
0.00007385
0.00007124
0.00010138
0.00014593
0.00009300
0.00006655
0.00007231
0.00009076
0.00005884
0.00006152
0.00011154
0.00007197
0.00004695
0.00008830
0.00025283
0.00011990
0.00013238
0.00008842
0.00011959
0.00006643
0.00006915
0.00005535
0.00007319
0.00006615
0.00014424
0.00008336
0.00013770
0.00006819
0.00006687
0.00007980
0.00008715
0.00008864
0.00007103
0.00005695
0.00006468
0.00007066
0.00008542
0.00008479
0.00006733
0.00008352
0.00007636
0.00007973
0.00005893
0.00007957
0.00008064
0.00012863
0.00006403
0.00006232
0.00006900
0.00007659
0.00011952
0.00006899
0.00010461
0.00009036
0.00010785
0.00012276
0.00010303
0.00007281
0.00007838
0.00007295
0.00007644
0.00006925
0.00007100
0.00004444
0.00008311
0.00009484
0.00010555
0.00007256
0.00004795
0.00009378
0.00009159
0.00007489
0.00008915
0.00007059
0.00011418
0.00007496
0.00006139
0.00006283
0.00010455
0.00008606
0.00007322
0.00008230
0.00008762
0.00008892
0.00007474
0.00011790
0.00006901
0.00006238
0.00009327
0.00006273
0.00009947
0.00007601
0.00009765
0.00006669
0.00006911
0.00007807
0.00006746
0.00005068
0.00012494
0.00008007
0.00008416
0.00006760
0.00009141
0.00007255
0.00005981
0.00006352
0.00005170
0.00018821
0.00009068
0.00006767
0.00008353
0.00008524
0.00010467
0.00011438
0.00008822
0.00008683
0.00008046
0.00007058
0.00008581
0.00007943
0.00008423
0.00008817
0.00009131
0.00010291
0.00006849
0.00006254
0.00005589
0.00008580
0.00006980
0.00006640
0.00005837
0.00009320
0.00011208
0.00006087
0.00006535
0.00008412
0.00007374
0.00006318
0.00006939
0.00009503
0.00007131
0.00005460
0.00007976
0.00007083
0.00007727
0.00008072
0.00009176
0.00006658
0.00007139
0.00006937
0.00008036
0.00007474
0.00006341
0.00006249
0.00007067
0.00010016
0.00008310
0.00006494
0.00006994
0.00008728
0.00009292
0.00006250
0.00008016
0.00009449
0.00020394
0.00010959
0.00009064
0.00007371
0.00007971
0.00008301
0.00008088
0.00005081
0.00006253
0.00021401
0.00006017
0.00008261
0.00006328
0.00005190
0.00006944
0.00009936
0.00006858
0.00008334
0.00008932
0.00010006
0.00010479
0.00006791
0.00007750
0.00007690
0.00006745
0.00007751
0.00012119
0.00007996
0.00009521
0.00009127
0.00006894
0.00008292
0.00006748
0.00009948
0.00008946
0.00006994
0.00009777
0.00011194
0.00014095
0.00007903
0.00008100
0.00006274
0.00007069
0.00007610
0.00012687
0.00008499
0.00006930
0.00008230
0.00007581
0.00004187
0.00011189
0.00007613
0.00007549
0.00009361
0.00008445
0.00009200
0.00018819
0.00007766
0.00008615
0.00004939
0.00005627
0.00007240
0.00005497
0.00007518
0.00007463
0.00006562
0.00008081
0.00008257
0.00006075
0.00006767
0.00009098
0.00006294
0.00007783
0.00008077
0.00006018
0.00010241
0.00005155
0.00008177
0.00006213
0.00005853
0.00008454
0.00012269
0.00007867
0.00006797
0.00006035
0.00012903
0.00007960
0.00008331
0.00010157
0.00005805
0.00006163
0.00007270
0.00008137
0.00008520
0.00010369
0.00005864
0.00010877
0.00005891
0.00005544
0.00007977
0.00009345
0.00007498
0.00009233
0.00008350
0.00011877
0.00006880
0.00005610
0.00006462
0.00006019
0.00007358
0.00011374
0.00007216
0.00006717
0.00005279
0.00008558
0.00010021
0.00003823
0.00008017
0.00006586
0.00007344
0.00006601
0.00009094
0.00007448
0.00007328
0.00008684
0.00008437
0.00010005
0.00007581
0.00010798
0.00005452
0.00006934
0.00007646
0.00007511
0.00005701
0.00007113
0.00005433
0.00004402
0.00009277
0.00009554
0.00008550
0.00009329
0.00005832
0.00008727
0.00006829
0.00009238
0.00006183
0.00009002
0.00007983
0.00007301
0.00006785
0.00006111
0.00006688
0.00009486
0.00008251
0.00008685
0.00007050
0.00005808
0.00007268
0.00009126
0.00008400
0.00007925
0.00007563
0.00007399
0.00008889
0.00010621
0.00008260
0.00006342
0.00006075
0.00010050
0.00008394
0.00006351
0.00008405
0.00009835
0.00006451
0.00007731
0.00006616
0.00007948
0.00008062
0.00006013
0.00014808
0.00008646
0.00005627
0.00008603
0.00013739
0.00008708
0.00005738
0.00007700
0.00006065
0.00008433
0.00014187
0.00007853
0.00005813
0.00007433
0.00007715
0.00006844
0.00007295
0.00007719
0.00011129
0.00007532
0.00005167
0.00005866
0.00008567
0.00005077
0.00008939
0.00011077
0.00007160
0.00007812
0.00007498
0.00008052
0.00006743
0.00007498
0.00007093
0.00007334
0.00008375
0.00007884
0.00005611
0.00014645
0.00007550
0.00006468
0.00007146
0.00010200
0.00006738
0.00006766
0.00007904
0.00007761
0.00007635
0.00007989
0.00007290
0.00007441
0.00018367
0.00009137
0.00013210
0.00007916
0.00010065
0.00008915
0.00008957
0.00006765
0.00008440
0.00009437
0.00007967
0.00010404
0.00007086
0.00006302
0.00007157
0.00007482
0.00007486
0.00007754
0.00005023
0.00007209
0.00012044
0.00006685
0.00008152
0.00006545
0.00009203
0.00007509
0.00008071
0.00010698
0.00010560
0.00006856
0.00009959
0.00008316
0.00008120
0.00006651
0.00007081
0.00007186
0.00006820
0.00007360
0.00007520
0.00006795
0.00007615
0.00008281
0.00008184
0.00008558
0.00007251
0.00007987
0.00007242
0.00010557
0.00009240
0.00007654
0.00008110
0.00010340
0.00005238
0.00006491
0.00005925
0.00006179
0.00005584
0.00006543
0.00012075
0.00007103
0.00008855
0.00007952
0.00010723
0.00007403
0.00006711
0.00011720
0.00008457
0.00007273
0.00005863
0.00008659
0.00008619
0.00007894
0.00007680
0.00005627
0.00008850
0.00008103
0.00009083
0.00007234
0.00007926
0.00008071
0.00008472
0.00006958
0.00005397
0.00009630
0.00006991
0.00009506
0.00006413
0.00007072
0.00006725
0.00009196
0.00007956
0.00008964
0.00014931
0.00007964
0.00006372
0.00006925
0.00007583
0.00006669
0.00007432
0.00010281
0.00008043
0.00008395
0.00006104
0.00011470
0.00011152
0.00007573
0.00007500
0.00007511
0.00008185
0.00009804
0.00014506
0.00005801
0.00013184
0.00007260
0.00006195
0.00007102
0.00013113
0.00009396
0.00007483
0.00005806
0.00010187
0.00007775
0.00010309
0.00006720
0.00005198
0.00010564
0.00006096
0.00009893
0.00007978
0.00007263
0.00009931
0.00010291
0.00007392
0.00008060
0.00009715
0.00004776
0.00008127
0.00011928
0.00007567
0.00011512
0.00007265
0.00005782
0.00008041
0.00006437
0.00006001
0.00007168
0.00005735
0.00009095
0.00010137
0.00005778
0.00013034
0.00008015
0.00006817
0.00009819
0.00010241
0.00007936
0.00009738
0.00008389
0.00006664
0.00005362
0.00009346
0.00009412
0.00012536
0.00009898
0.00007934
0.00007581
0.00007021
0.00005714
0.00006729
0.00007943
0.00005997
0.00006584
0.00007908
0.00006023
0.00009818
0.00006700
0.00005622
0.00007772
0.00007847
0.00007692
0.00006699
0.00008291
0.00009146
0.00006880
0.00008222
0.00007385
0.00006018
0.00006536
0.00005016
0.00007567
0.00006939
0.00009315
0.00016095
0.00006132
0.00004847
0.00008093
0.00007360
0.00005432
0.00007281
0.00006246
0.00007440
0.00009382
0.00009561
0.00007011
0.00009965
0.00013016
0.00007851
0.00005512
0.00007953
0.00009814
0.00011455
0.00007213
0.00006717
0.00007410
0.00007288
0.00011023
0.00009338
0.00007709
0.00007193
0.00007182
0.00007101
0.00007141
0.00015804
0.00005727
0.00009851
0.00010742
0.00008642
0.00010085
0.00007250
0.00010506
0.00007895
0.00008058
0.00006122
0.00006059
0.00007658
0.00003654
0.00007020
0.00006522
0.00005736
0.00008684
0.00007689
0.00007682
0.00009429
0.00008905
0.00008326
0.00006766
0.00007918
0.00007881
0.00013990
0.00008673
0.00008819
0.00009224
0.00009368
0.00006774
0.00008189
0.00006188
0.00009597
0.00009587
0.00006659
0.00007483
0.00009812
0.00009374
0.00010806
0.00006880
0.00008640
0.00007659
0.00005888
0.00006226
0.00009757
0.00010480
0.00010366
0.00008764
0.00006586
0.00010714
0.00009861
0.00006817
0.00010392
0.00005180
0.00010052
0.00014111
0.00010261
0.00008760
0.00006766
0.00008944
0.00006060
0.00004862
0.00009198
0.00007485
0.00007429
0.00008495
0.00008135
0.00009890
0.00006768
0.00007296
0.00006739
0.00007971
0.00006803
0.00008406
0.00005489
0.00012301
0.00006978
0.00007110
0.00007602
0.00006054
0.00005626
0.00005914
0.00007985
0.00005835
0.00006972
0.00006490
0.00006460
0.00012032
0.00005113
0.00007556
0.00007405
0.00007851
0.00007044
0.00008765
0.00016409
0.00007437
0.00007539
0.00011568
0.00008243
0.00012508
0.00006195
0.00007314
0.00010159
0.00007491
0.00007932
