2103
-42
-834
-2807
1735
-2785
606
243
-287
-1827
-1985
4232
-2168
-2394
-214
-427
353
2203
-709
702
-4034
1738
1036
-2094
-1600
76
1117
-95
-417
423
1719
2753
1584
1959
3529
54
-3242
553
-627
-54
2556
3211
-1681
-2548
-2272
386
-549
-701
-4733
1533
-16
-1462
-1307
-414
120
635
-934
-1024
1385
1241
1128
956
-1104
3541
2390
1464
2260
-1306
-2922
-314
-972
-2101
1330
-59
-2495
6630
2779
-243
-3938
2498
-1074
-3202
-380
2507
-1958
-3210
-1696
-1162
3166
1664
-1339
-686
2382
-2980
364
708
-56
-2353
-2652
-2231
1921
1961
-1345
1398
-2228
585
-2042
-3019
-61
-942
-1052
-1460
