-34
7
-29
15
18
-3
-34
-13
42
1
13
32
22
36
7
-9
75
76
51
-52
20
-27
-25
-14
3
-62
8
5
33
-38
-35
18
18
18
-14
-70
18
6
-17
29
33
-40
18
-9
45
58
38
-16
-44
50
46
21
6
2
52
-6
-20
38
34
-81
-3
63
28
33
3
44
5
6
76
8
-19
12
54
25
41
36
22
-15
-35
15
-25
42
13
32
-62
33
39
35
-28
40
-6
-7
6
-12
7
3
28
-34
-4
3
4
-3
66
-21
12
-12
10
-41
15
-15
19
22
-50
-46
4
23
17
1
-53
-11
-21
12
28
-17
65
35
36
-14
52
2
66
-5
32
24
32
45
-13
-45
47
-22
-3
24
28
-11
-23
36
18
-10
-26
-50
-6
-12
-14
1
28
-12
-7
24
10
48
36
0
-23
-8
20
-27
-22
34
-32
-11
-8
-46
7
-18
3
4
18
13
29
10
15
45
-11
51
32
22
7
-39
19
30
-1
-14
18
43
0
34
-19
31
-34
16
24
-25
41
33
26
-4
-29
46
34
-29
44
30
-7
28
33
33
-35
19
62
57
6
9
9
21
2
-7
45
-7
51
3
9
6
20
48
-20
60
13
24
-7
27
-26
32
1
-62
9
15
25
2
-5
-39
-31
45
-56
-14
14
-32
45
29
6
-10
-41
33
31
33
7
4
22
-5
60
-31
16
47
38
16
-39
-39
14
55
22
-58
-47
-26
5
-49
69
-56
-50
-41
-34
20
6
17
44
-29
-9
46
23
-46
-23
-16
12
1
-7
32
-53
-18
-3
10
50
8
30
16
53
-4
23
-3
17
-9
-33
-7
43
36
10
-57
-42
19
-10
-10
29
-30
-12
49
16
-13
50
-8
13
-19
26
-14
24
61
23
8
-48
2
-69
3
-63
-27
-54
-64
28
22
36
18
36
17
25
46
25
9
34
40
34
-23
14
9
-4
6
-6
-9
27
-21
45
-63
59
-73
21
0
1
-19
-12
2
20
12
36
10
0
21
18
25
56
16
31
57
-27
23
18
-15
-6
19
21
41
26
64
-12
-4
30
-42
-37
-10
6
36
44
-14
25
-58
-17
-10
-18
15
14
-62
43
40
13
23
64
-33
-50
10
28
-46
17
5
7
3
16
17
16
27
-19
-4
-72
-69
25
11
54
40
-11
-3
-11
32
-8
-32
29
8
22
1
-1
-3
42
-5
28
-4
17
36
-60
44
-77
66
-13
20
35
40
-9
-14
51
-110
12
44
26
-60
-19
45
42
27
-9
51
-22
16
33
32
21
-8
-46
-23
1
18
16
-33
5
-61
-15
-2
-76
49
-3
-17
-7
-5
-27
-6
-51
-21
-14
-25
8
2
50
-16
-29
-9
-14
5
-17
15
-37
8
4
27
66
-16
20
-11
-41
1
27
39
29
-45
16
-8
16
31
72
-22
29
-20
17
-42
-6
-53
11
19
-40
9
1
20
-14
15
-9
-59
4
-61
-14
-35
-29
45
-25
-52
14
-19
28
-23
-7
-26
-24
66
-10
7
3
3
-20
32
-6
-1
7
-16
35
12
4
-8
-71
-58
16
31
-67
-7
-8
31
-19
-47
-37
33
-11
16
14
-23
-11
22
-37
4
18
19
13
31
-13
8
-17
-20
22
22
-14
27
-46
65
-41
-17
-28
27
-46
-24
-6
-5
30
-11
5
39
38
6
7
-20
41
-88
45
-24
-35
-3
33
-14
13
-21
7
-2
-14
-15
23
-2
-13
8
-8
21
-8
1
-33
23
18
-63
6
27
