0.00003448
0.00002532
0.00002290
0.00017470
0.00004032
0.00003277
0.00010394
0.00002655
0.00003132
0.00004315
0.00014439
0.00016730
0.00002003
0.00014202
0.00011090
0.00004941
0.00002919
0.00004577
0.00015802
0.00009912
0.00008081
0.00008237
0.00009167
0.00027583
0.00017202
0.00010606
0.00005344
0.00003639
0.00029111
0.00011742
0.00034509
0.00018699
0.00010252
0.00007731
0.00004031
0.00025160
0.00003341
0.00012967
0.00055765
0.00001997
0.00007073
0.00012907
0.00014309
0.00003268
0.00002579
0.00020051
0.00003688
0.00005333
0.00032497
0.00005343
0.00024651
0.00006582
0.00005027
0.00021328
0.00004972
0.00012298
0.00003752
0.00004690
0.00005722
0.00003517
0.00003952
0.00010477
0.00029203
0.00011873
0.00016887
0.00011655
0.00007283
0.00018777
0.00043942
0.00003654
0.00017188
0.00021747
0.00008051
0.00005033
0.00005271
0.00014364
0.00004480
0.00024354
0.00009826
0.00005882
0.00002694
0.00005736
0.00007674
0.00007511
0.00019940
0.00013604
0.00003271
0.00017940
0.00014561
0.00002366
0.00002597
0.00006975
0.00003282
0.00013516
0.00006864
0.00005533
0.00002128
0.00002476
0.00017156
0.00006184
0.00014954
0.00010235
0.00012777
0.00011885
0.00002587
0.00002366
0.00004523
0.00005689
0.00015026
0.00007345
0.00020863
0.00012287
0.00020333
0.00005182
0.00027384
0.00012731
0.00016675
0.00010737
0.00007837
0.00014833
0.00004592
0.00003567
0.00016388
0.00012670
0.00012085
0.00020880
0.00013662
0.00006369
0.00012897
0.00011374
0.00006073
0.00007095
0.00003185
0.00027203
0.00006991
0.00011273
0.00005048
0.00025464
0.00024673
0.00007385
0.00006884
0.00005258
0.00023952
0.00022778
0.00004529
0.00013025
0.00020058
0.00010780
0.00005274
0.00026798
0.00023421
0.00009213
0.00007232
0.00002834
0.00004597
0.00016858
0.00018952
0.00006058
0.00003921
0.00028373
0.00007973
0.00004106
0.00002852
0.00004105
0.00002739
0.00011351
0.00017611
0.00008264
0.00012861
0.00011926
0.00005939
0.00004446
0.00013581
0.00010120
0.00017931
0.00015718
0.00008238
0.00009186
0.00017549
0.00006844
0.00008535
0.00004679
0.00011688
0.00004648
0.00005185
0.00019543
0.00015878
0.00010803
0.00012390
0.00015824
0.00012334
0.00005530
0.00002366
0.00014949
0.00011815
0.00009813
0.00002650
0.00002779
0.00005452
0.00010990
0.00006439
0.00020105
0.00018736
0.00008695
0.00004433
0.00006026
0.00010313
0.00015979
0.00010641
0.00005587
0.00003139
0.00002625
0.00002603
0.00007232
0.00017578
0.00004032
0.00002882
0.00017649
0.00002325
0.00005909
0.00013564
0.00018429
0.00002617
0.00004138
0.00002099
0.00002985
0.00018637
0.00008012
0.00003880
0.00006807
0.00003654
0.00027975
0.00005993
0.00018604
0.00004664
0.00003627
0.00005511
0.00013407
0.00008844
0.00004843
0.00003780
0.00005731
0.00016203
0.00018290
0.00044345
0.00006568
0.00015780
0.00003471
0.00013021
0.00011928
0.00019301
0.00022036
0.00004582
0.00013791
0.00008623
0.00004559
0.00008305
0.00008054
0.00018955
0.00018126
0.00015609
0.00010115
0.00002414
0.00014406
0.00018284
0.00012973
0.00020933
0.00003399
0.00004642
0.00002599
0.00009352
0.00006038
0.00015293
0.00021617
0.00005882
0.00020641
0.00008466
0.00006369
0.00007964
0.00017123
0.00002637
0.00003680
0.00004321
0.00002518
0.00019572
0.00005404
0.00005372
0.00007134
0.00008350
0.00017897
0.00004892
0.00002899
0.00019428
0.00006920
0.00009353
0.00006821
0.00020342
0.00004541
0.00011920
0.00006380
0.00005906
0.00019896
0.00015809
0.00003151
0.00002784
0.00009815
0.00007380
0.00002728
0.00013599
0.00006611
0.00016961
0.00007257
0.00005306
0.00010450
0.00004338
0.00004038
0.00010136
0.00015593
0.00004839
0.00006361
0.00005508
0.00019275
0.00003539
0.00005266
0.00004075
0.00016036
0.00003163
0.00007040
0.00009764
0.00018046
0.00015603
0.00006508
0.00014305
0.00016217
0.00011189
0.00005559
0.00015474
0.00008812
0.00005457
0.00003473
0.00022669
0.00009281
0.00015898
0.00001654
0.00014696
0.00006356
0.00002487
0.00003209
0.00001803
0.00003519
0.00009378
0.00015148
0.00007837
0.00007805
0.00017738
0.00003793
0.00015265
0.00005762
0.00032959
0.00013041
0.00008722
0.00002722
0.00019633
0.00011699
0.00011470
0.00002663
0.00003292
0.00006674
0.00009227
0.00009525
0.00007378
0.00006980
0.00016608
0.00006115
0.00014119
0.00003023
0.00023559
0.00009105
0.00004912
0.00003746
0.00004075
0.00008513
0.00003081
0.00011151
