1611274411
1183184065
2139813610
2040910547
1884235642
1531333408
1214308907
1240504824
1463604696
2016216413
1686847595
1954456321
1871935333
1659155398
1295559156
1154369657
1364146029
2138867432
1846096984
1157961831
1888020352
1924635224
2141815986
1611139636
2009571165
1238975536
1248503325
1700347129
1700446147
1371709949
2015746074
1092221743
1197646280
1806407035
1883861572
1469622825
1561126999
1514802805
1628665925
1865950210
1652499148
1507783488
1671659245
1526932582
1204968154
1171205567
1723297436
1246148883
1898208264
1248459316
1439922751
1537813624
1174558446
1245774813
1161631020
1436677142
1753487102
1095805666
1336838904
1643620482
1846960646
1223935714
1705804153
1386991817
1972747254
1361610053
1701700383
1096812355
1283346864
1707476467
2007937359
1270295665
1880990033
1175944707
1231571147
1678012937
2093604937
1422564243
1147889441
1374289933
1258812260
1340128521
1792995517
1754950377
1164711598
1589314290
1528670908
2095783346
1701084267
1105773537
1213373731
1629592849
1533445804
1578977850
1603771003
1292687617
1989261353
1157175184
2004229663
1444956196
1746913369
1195687912
1492611640
1388471595
1208950901
1105597503
2113540679
1329126456
1755384959
1716069080
1218635469
1435378898
1187692161
1210821252
1599548961
1487297643
1948053119
1254317916
1831194687
1732825224
2145864746
1666790831
1914535329
1480091290
1411757465
1219655910
1596091562
1488051284
1506633772
1328697376
1418870300
1657714127
1488095292
1588997980
1633443572
1316892160
1179366349
1487391160
1441185238
1725497849
1608501891
1228402552
1399099589
1330496213
2116423220
1521679096
1171607142
1259389868
1232264277
1565329788
1368032508
1076315508
1689719134
1324252542
1074109594
1969463138
1107025021
1415393647
1832107858
1657307051
1862759611
1918848138
1332658119
1918254027
1279672175
1326034876
2057342131
1930741370
1502469490
1393180478
1387558423
2077783968
1586519765
1182248890
2094705144
1836239134
1924690234
2146315830
2050108274
1599161138
1994278295
1093308197
1365466277
1085903807
1211547389
1141541250
1854964648
1262041366
1447470168
1848616457
1440846925
1291972483
1105421470
1746357764
1380291559
1146393160
1238348419
1298551718
1273841080
1283880464
1504422357
1174374162
1094386399
2031476277
2071336758
1407967254
1204847131
1866764363
1243123315
1305461015
1466861307
1226862263
1216300281
1689697130
2053546419
1884059609
1346762766
2061814471
1086585935
1380506100
1584550396
1076458535
1222989536
1933854955
1962108257
1394797782
1088640571
1872067358
1813008274
1590469506
1707388450
1634076191
1400342823
1086671201
1089732526
1695022129
1287648672
1566220955
2066407833
1131496364
1766447535
1339050319
1892916271
2136733032
1295123200
1534667033
1843423482
1621924410
1521145495
1393422524
1127389844
1287128824
2140913816
1611076374
2014632115
2130483859
1940412185
1881727171
1107184551
2117490420
1823465736
1181643776
1128173741
1682974868
2136045403
1515523440
1222725487
1588280096
1084693580
1214627967
1092554556
1410750776
1786575813
1262679485
1374201916
1205666785
1977940229
1488205313
1860735231
2000318429
1232033234
1719666755
2018988933
1176428797
1143208062
1262629976
1255258593
1666757825
1950963166
2090788409
1143081539
1354464212
1134827239
1616819452
1092653574
1593693111
1188203757
2122122289
1392487348
1490680778
1379900986
1162156369
1846905636
1472230315
1300752131
1146646208
1724199606
1274809262
1588676170
1544744925
1981422382
1695594237
1239624658
1220833131
2027152465
1886766117
1184146746
1821622890
1130539185
1486323960
1286922535
1125860557
1653852402
1230382924
1904369421
1873376604
1477907380
1644951732
1140661084
2108199176
1822783608
1520529380
1671180655
1894555579
1307138830
1298771759
1807716280
2058937431
1274952289
1622694555
1324131519
1084192986
1857286084
1546054170
1716789715
1485157741
1162236134
1499493432
1685384320
1644280606
1095558119
1769616129
1831051660
1823669274
2072222424
1772234621
1783341205
1346223665
1925174325
1523433925
2037780460
1272058746
1146811239
1366764520
1340001998
1244509575
1538264708
1559421679
1077960316
1112688334
1723935556
1630792074
1940192144
1428761156
1649462579
1412445094
1376132779
2127249252
1147702406
1750340512
1904413429
1988942294
1439576186
1302655488
