0.00073226
0.00053771
0.00048623
0.00371005
0.00085631
0.00069593
0.00220742
0.00056376
0.00066515
0.00091629
0.00306642
0.00355289
0.00042536
0.00301608
0.00235512
0.00104923
0.00061995
0.00097203
0.00335591
0.00210499
0.00171606
0.00174934
0.00194674
0.00585759
0.00365308
0.00225226
0.00113479
0.00077274
0.00618228
0.00249355
0.00732861
0.00397097
0.00217713
0.00164188
0.00085614
0.00534308
0.00070947
0.00275367
0.01184262
0.00042400
0.00150199
0.00274091
0.00303881
0.00069393
0.00054761
0.00425813
0.00078317
0.00113265
0.00690128
0.00113475
0.00523510
0.00139775
0.00106758
0.00452924
0.00105583
0.00261165
0.00079689
0.00099600
0.00121508
0.00074696
0.00083937
0.00222492
0.00620176
0.00252133
0.00358614
0.00247519
0.00154671
0.00398766
0.00933168
0.00077598
0.00365011
0.00461839
0.00170967
0.00106884
0.00111940
0.00305036
0.00095146
0.00517199
0.00208668
0.00124912
0.00057208
0.00121807
0.00162969
0.00159511
0.00423452
0.00288912
0.00069472
0.00380980
0.00309230
0.00050253
0.00055143
0.00148117
0.00069689
0.00287033
0.00145770
0.00117495
0.00045202
0.00052589
0.00364337
0.00131335
0.00317561
0.00217357
0.00271333
0.00252402
0.00054942
0.00050245
0.00096052
0.00120807
0.00319101
0.00155977
0.00443057
0.00260929
0.00431807
0.00110054
0.00581545
0.00270367
0.00354125
0.00228015
0.00166441
0.00315000
0.00097521
0.00075749
0.00348032
0.00269057
0.00256635
0.00443428
0.00290144
0.00135252
0.00273882
0.00241536
0.00128964
0.00150673
0.00067628
0.00577709
0.00148467
0.00239390
0.00107195
0.00540768
0.00523969
0.00156834
0.00146200
0.00111652
0.00508668
0.00483726
0.00096183
0.00276617
0.00425959
0.00228937
0.00112003
0.00569104
0.00497373
0.00195657
0.00153582
0.00060182
0.00097628
0.00358017
0.00402479
0.00128648
0.00083262
0.00602544
0.00169310
0.00087204
0.00060564
0.00087177
0.00058156
0.00241052
0.00373992
0.00175489
0.00273125
0.00253258
0.00126118
0.00094427
0.00288404
0.00214914
0.00380784
0.00333799
0.00174939
0.00195083
0.00372677
0.00145351
0.00181264
0.00099373
0.00248220
0.00098700
0.00110120
0.00415028
0.00337203
0.00229419
0.00263127
0.00336049
0.00261923
0.00117430
0.00050237
0.00317460
0.00250915
0.00208396
0.00056278
0.00059014
0.00115782
0.00233389
0.00136740
0.00426965
0.00397884
0.00184645
0.00094134
0.00127973
0.00219022
0.00339348
0.00225980
0.00118656
0.00066663
0.00055756
0.00055276
0.00153580
0.00373302
0.00085623
0.00061205
0.00374805
0.00049381
0.00125477
0.00288046
0.00391366
0.00055580
0.00087886
0.00044585
0.00063388
0.00395795
0.00170156
0.00082394
0.00144561
0.00077594
0.00594098
0.00127280
0.00395079
0.00099048
0.00077032
0.00117037
0.00284714
0.00187820
0.00102844
0.00080278
0.00121709
0.00344102
0.00388424
0.00941731
0.00139489
0.00335105
0.00073710
0.00276520
0.00253302
0.00409883
0.00467959
0.00097296
0.00292868
0.00183114
0.00096822
0.00176368
0.00171034
0.00402537
0.00384926
0.00331477
0.00214804
0.00051271
0.00305938
0.00388299
0.00275498
0.00444544
0.00072181
0.00098590
0.00055200
0.00198609
0.00128226
0.00324771
0.00459070
0.00124904
0.00438342
0.00179779
0.00135266
0.00169126
0.00363626
0.00055991
0.00078152
0.00091755
0.00053464
0.00415634
0.00114763
0.00114093
0.00151495
0.00177327
0.00380072
0.00103897
0.00061555
0.00412587
0.00146956
0.00198627
0.00144854
0.00431993
0.00096442
0.00253132
0.00135491
0.00125422
0.00422523
0.00335738
0.00066907
0.00059114
0.00208442
0.00156716
0.00057935
0.00288796
0.00140405
0.00360191
0.00154116
0.00112672
0.00221928
0.00092126
0.00085746
0.00215259
0.00331142
0.00102757
0.00135095
0.00116971
0.00409327
0.00075161
0.00111832
0.00086546
0.00340550
0.00067165
0.00149513
0.00207354
0.00383237
0.00331353
0.00138204
0.00303794
0.00344400
0.00237617
0.00118048
0.00328614
0.00187141
0.00115883
0.00073745
0.00481412
0.00197089
0.00337625
0.00035131
0.00312085
0.00134989
0.00052819
0.00068146
0.00038297
0.00074726
0.00199155
0.00321688
0.00166428
0.00165757
0.00376697
0.00080541
0.00324183
0.00122361
0.00699932
0.00276936
0.00185218
0.00057810
0.00416944
0.00248456
0.00243591
0.00056558
0.00069908
0.00141739
0.00195956
0.00202269
0.00156692
0.00148226
0.00352696
0.00129863
0.00299846
0.00064190
0.00500318
0.00193350
0.00104317
0.00079546
0.00086548
0.00180779
0.00065423
0.00236802
