0.00719172
0.00425143
0.00504301
0.00517384
0.00515005
0.00535587
0.00550449
0.00440515
0.00575899
0.00375030
0.00506734
0.00402495
0.00403721
0.00634997
0.00424231
0.00526420
0.00752435
0.00635187
0.00542594
0.00495323
0.00461055
0.00624455
0.00330543
0.00644177
0.00664025
0.00371101
0.00671262
0.00490270
0.00411037
0.00466313
0.00474540
0.00479273
0.00520010
0.00582332
0.00508608
0.00430918
0.00627456
0.00456669
0.00813274
0.00699910
0.00473260
0.00464426
0.00648006
0.00890816
0.00444374
0.00534537
0.00425596
0.00498591
0.00387155
0.00524609
0.00546546
0.00616097
0.00492934
0.00784137
0.00630334
0.00549603
0.00598891
0.00530086
0.00430991
0.00551377
0.00539151
0.00478857
0.00588814
0.01229928
0.00560330
0.00441910
0.00425758
0.00541151
0.00826315
0.00638779
0.01040604
0.00412495
0.00557320
0.00546391
0.00906624
0.00465392
0.00473164
0.00582485
0.00674652
0.00494579
0.00686463
0.00655054
0.00428792
0.00446238
0.00469698
0.00675515
0.00572052
0.00514007
0.00486372
0.00753179
0.00502808
0.00504310
0.00359980
0.00553415
0.00773556
0.00631701
0.00478674
0.00507424
0.00681394
0.00526921
0.00563318
0.00450441
0.00741999
0.00443716
0.00478232
0.00573727
0.00411279
0.00602899
0.00650719
0.00559671
0.00660224
0.00545108
0.00675394
0.00682742
0.00697481
0.00485258
0.00496534
0.00384768
0.00418546
0.00500567
0.00596551
0.00890554
0.00452402
0.00483481
0.00590051
0.00405446
0.00876412
0.00470595
0.00711828
0.00390124
0.00662814
0.00718430
0.00609153
0.00661170
0.00539747
0.00461659
0.00689952
0.00527337
0.00550125
0.00522747
0.00693002
0.00415941
0.00469027
0.00584552
0.00595021
0.00591494
0.00656542
0.00464622
0.00523542
0.00510771
0.00830037
0.00408819
0.00547701
0.00520587
0.00606072
0.00384722
0.00526068
0.00429278
0.00558442
0.00561779
0.00681917
0.00425031
0.00380604
0.00436910
0.00468933
0.00581143
0.00470344
0.00417688
0.00558131
0.00673777
0.00415630
0.00473480
0.00577621
0.00457444
0.00406983
0.00480939
0.00434794
0.00646613
0.00419829
0.00733975
0.00384477
0.00419735
0.00509291
0.00504924
0.00555398
0.00550812
0.00612017
0.00662538
0.00581386
0.00657752
0.00504351
0.00491398
