1616122895
1143273929
1989687214
1444173986
1440783228
1443164133
2021647329
2047713876
1489516533
1472789998
1300439254
1106526419
2043180825
1549055717
1389694602
2093300233
1601131621
1129348193
1817133296
1347718733
1339274195
1227228678
1673187864
1995537137
1700881313
1322681604
1922972205
1574998854
1524623597
1079866151
1453054973
1199136405
1129924607
1380301916
1221441965
1474117405
1128237505
1260039116
1362833417
1214230020
1130276776
1618430056
1941870451
1106743139
1892422272
1601218911
1825160949
1385768065
