3.4481138e-05
2.5319987e-05
2.2895756e-05
0.00017470107
4.0322426e-05
3.2770567e-05
0.000103944396
2.654672e-05
3.132111e-05
4.3146923e-05
0.00014439349
0.00016730066
2.0029409e-05
0.00014202276
0.000110898996
4.940667e-05
2.9192326e-05
4.5771572e-05
0.00015802482
9.9121135e-05
8.0806814e-05
8.237368e-05
9.166896e-05
0.00027582556
0.00017201834
0.00010605587
5.3435684e-05
3.63874e-05
0.00029111461
0.00011741775
0.00034509352
0.00018698731
0.0001025178
7.731394e-05
4.0314553e-05
0.00025159796
3.3408e-05
0.00012966644
0.0005576519
1.996565e-05
7.0726615e-05
0.00012906536
0.00014309339
3.267605e-05
2.5786021e-05
0.0002005094
3.6878566e-05
5.333469e-05
0.0003249711
5.3433552e-05
0.00024651331
6.5818196e-05
5.027099e-05
0.00021327558
4.971767e-05
0.00012297869
3.7524253e-05
4.6900248e-05
5.7216406e-05
3.5173474e-05
3.9524726e-05
0.00010476842
0.00029203203
0.00011872587
0.00016886604
0.00011655327
7.283235e-05
0.00018777329
0.00043941516
3.6539965e-05
0.00017187822
0.00021747334
8.050594e-05
5.0330214e-05
5.2710915e-05
0.00014363714
4.480278e-05
0.00024354144
9.825868e-05
5.881904e-05
2.6938415e-05
5.735703e-05
7.6739656e-05
7.511156e-05
0.0001993974
0.00013604465
3.271317e-05
0.00017939786
0.00014561214
2.366336e-05
2.5966261e-05
6.9745925e-05
3.2815584e-05
0.00013515989
6.864087e-05
5.5326513e-05
2.1284837e-05
2.476327e-05
0.00017156123
6.184381e-05
0.0001495351
0.00010235048
0.00012776669
0.00011885248
2.5871492e-05
2.3659548e-05
4.5229463e-05
5.6886085e-05
0.00015025988
7.344726e-05
0.00020862927
0.00012286784
0.00020333154
5.1822808e-05
0.00027384103
0.00012731213
0.00016675229
0.000107369204
7.837445e-05
0.00014832897
4.592146e-05
3.5669294e-05
0.00016388336
0.00012669504
0.00012084569
0.00020880406
0.00013662454
6.368834e-05
0.00012896712
0.00011373598
6.0727052e-05
7.094983e-05
3.1845117e-05
0.00027203496
6.991096e-05
0.00011272542
5.047667e-05
0.0002546398
0.0002467296
7.38508e-05
6.884348e-05
5.2575208e-05
0.00023952448
0.00022777944
4.5291235e-05
0.00013025488
0.00020057794
0.000107803
5.274067e-05
0.00026798295
0.0002342057
9.213186e-05
7.231967e-05
2.8338796e-05
4.597172e-05
0.00016858499
0.00018952141
6.057848e-05
3.920698e-05
0.00028372917
7.972571e-05
4.1063122e-05
2.8518733e-05
4.1050473e-05
2.7385033e-05
0.0001135079
0.00017610761
8.263507e-05
0.00012861058
0.00011925576
5.938711e-05
4.446422e-05
0.00013580517
0.00010119979
0.00017930579
0.00015718113
8.237636e-05
9.1861795e-05
0.0001754882
6.844363e-05
8.5354695e-05
4.6793128e-05
0.000116883246
4.6476434e-05
5.185411e-05
0.00019543062
0.00015878407
0.00010803033
0.0001239025
0.00015824047
0.00012333573
5.5296194e-05
2.3655854e-05
0.00014948712
0.00011815239
9.8130724e-05
2.6500687e-05
2.7788608e-05
5.4519962e-05
0.000109899454
6.438883e-05
0.00020105162
0.00018735786
8.694668e-05
4.43264e-05
6.026049e-05
0.00010313446
0.00015979401
0.00010641088
5.5873625e-05
3.139081e-05
2.6254704e-05
2.6028718e-05
7.231883e-05
0.00017578233
4.0318664e-05
2.8820767e-05
0.00017649007
2.32528e-05
5.9085218e-05
0.00013563664
0.00018428867
2.6171947e-05
4.1384268e-05
2.0994552e-05
2.9848698e-05
0.00018637418
8.0124046e-05
3.8798225e-05
6.807182e-05
3.6537796e-05
0.00027975196
5.9934293e-05
0.0001860369
4.6640216e-05
3.6273144e-05
5.5110948e-05
0.00013406777
8.844196e-05
4.8427857e-05
3.780192e-05
5.7310823e-05
0.00016203258
0.00018290324
0.00044344747
6.568328e-05
0.00015779589
3.4708755e-05
0.00013020924
0.000119276316
0.00019300819
0.00022035532
4.58155e-05
0.00013790718
8.622581e-05
4.559201e-05
8.304932e-05
8.053723e-05
0.00018954901
0.00018125601
0.00015608757
0.000101148216
2.4142859e-05
0.0001440617
0.00018284429
0.00012972816
0.00020932929
3.3988967e-05
4.642484e-05
2.5992798e-05
9.352204e-05
6.0379614e-05
0.00015292985
0.00021616963
5.881561e-05
0.00020640873
8.465536e-05
6.3694766e-05
7.963901e-05
0.00017122625
2.6365175e-05
3.6800542e-05
4.320622e-05
2.5175466e-05
0.00019571595
5.4040247e-05
5.372458e-05
7.133672e-05
8.350086e-05
0.00017897031
4.892347e-05
2.8985527e-05
0.00019428134
6.9199494e-05
9.3530805e-05
6.820969e-05
0.00020341904
4.5412984e-05
0.0001191964
6.380069e-05
5.9059195e-05
0.00019895988
0.00015809429
3.1505628e-05
2.7835924e-05
9.815211e-05
7.3795454e-05
2.7280958e-05
0.00013599
6.6114604e-05
0.00016960877
7.2570765e-05
5.3055457e-05
0.00010450291
4.338071e-05
4.0376683e-05
0.00010136229
0.0001559299
4.838667e-05
6.3614076e-05
5.5079767e-05
0.00019274597
3.5392208e-05
5.2659845e-05
4.0753337e-05
0.00016036029
3.162704e-05
7.040342e-05
9.7640186e-05
0.0001804606
0.00015602939
6.507835e-05
0.0001430521
0.00016217289
0.00011189046
5.5587254e-05
0.0001547396
8.812197e-05
5.456783e-05
3.472564e-05
0.00022668985
9.280625e-05
0.00015898269
1.6542861e-05
0.00014695636
6.35644e-05
2.4871526e-05
3.2088745e-05
1.803353e-05
3.5187477e-05
9.377933e-05
0.00015147844
7.83685e-05
7.805238e-05
0.000177381
3.7925733e-05
0.00015265308
5.7618094e-05
0.00032958805
0.00013040527
8.7216315e-05
2.722213e-05
0.0001963331
0.00011699445
0.000114703435
2.6632202e-05
3.291857e-05
6.674264e-05
9.2272676e-05
9.524569e-05
7.378409e-05
6.9797476e-05
0.00016607929
6.1150546e-05
0.00014119322
3.0226349e-05
0.0002355926
9.1045586e-05
4.9121474e-05
3.745705e-05
4.0754287e-05
8.512636e-05
3.0806976e-05
0.0001115068
