103666
156953
164891
7597
66897
116905
22479
145428
122219
95261
14555
4685
172530
19745
21340
59375
119445
59395
17666
27525
44486
51449
18664
10312
6593
20450
78670
113164
-220
14118
5162
10215
27786
41380
93978
2479
115156
26099
603
186821
52078
7868
28825
114979
140638
5361
101225
74135
1629
59194
11978
30885
66394
12851
66226
14394
92396
84330
38911
117902
88406
20092
4311
25168
11428
13031
44583
6293
6851
89999
10971
7219
20581
74356
70009
13691
90856
9214
18125
66061
124556
43384
40241
45820
7084
13788
127841
812
17211
153753
146092
53166
124978
12603
53941
48037
174307
156948
12958
61991
24556
36414
17926
27892
153810
163408
78128
67819
11030
22774
10298
16026
10691
70606
17012
27778
16646
24076
33684
8578
88229
105692
14996
15745
21285
11480
25780
49614
21583
8719
62763
42132
125876
1561
38668
19088
54732
13268
5980
22353
48944
74595
7986
6252
73811
18737
9379
16192
73976
13472
7575
38990
47124
122823
80525
20522
9315
58783
93831
2672
41338
92706
128511
110621
128715
30260
12868
40830
19500
16309
51097
83912
21319
18755
18726
18211
40915
20515
2526
53342
31112
65394
23148
80342
83825
13491
10262
20516
32658
21478
15964
63141
164601
10406
19105
7543
141910
122355
66961
30098
49463
6547
14697
20077
66578
72286
21268
14152
22706
31696
124070
151701
166763
43231
14258
88619
144881
15583
161804
56034
20797
11039
151060
90223
171472
130064
11016
20940
88779
57339
118272
9858
56384
8729
57081
105749
41383
15717
20269
84707
71447
65497
11965
12313
1718
60100
18245
121192
22492
17973
9546
7540
86884
24713
26457
75778
36877
41605
4585
21730
12607
14929
147578
19939
17053
17388
13805
112235
84549
158035
26842
46298
13297
8427
46349
9284
28958
62282
42615
7765
140141
99380
94401
157353
12694
53612
56886
33499
20958
4023
67309
145885
6198
51994
16161
23158
14687
70394
15254
42876
63890
14555
21160
121199
147722
23398
35957
144407
7174
51575
22444
57684
77932
24202
93697
67300
20227
11192
83064
58469
72584
11280
122549
38632
93946
11802
105255
50294
34837
9337
15474
53154
17360
15533
27379
62658
18694
36957
48811
89686
6387
42246
9129
246649
14585
64049
147947
113373
212882
111936
6894
4424
34140
20150
17827
88290
17745
73023
8998
7045
40840
136100
11749
27032
31172
132967
117303
53780
18910
25738
51806
48187
13512
53024
22616
124497
7765
22615
70422
87606
79340
21870
119712
17522
