1611277438
1183183864
2139802816
2040912181
1884236510
1531343863
1214310791
1240508133
1463611709
2016223111
1686849674
1954458354
1871918204
1659154071
1295556571
1154368141
1364135301
2138871029
1846095185
1157963890
1888020691
1924629726
2141810561
1611139912
2009571704
1238977636
1248504543
1700355641
1700445693
1371710651
2015744824
1092221915
1197644756
1806411018
1883868645
1469622851
1561130607
1514803648
1628665786
1865959487
1652500628
1507781691
1671661601
1526927041
1204961260
1171206578
1723307485
1246144930
1898206841
1248454703
1439922671
1537817323
1174562648
1245775784
1161634563
1436675303
1753479983
1095806580
1336839777
1643629797
1846960486
1223937156
1705804468
1386992516
1972745654
1361611472
1701700204
1096812993
1283346096
1707484890
2007934817
1270295586
1880990813
1175946487
1231570607
1678013752
2093599960
1422563369
1147888421
1374284638
1258811716
1340125213
1792993122
1754953159
1164711208
1589315835
1528661714
2095781505
1701086343
1105770928
1213383735
1629587181
1533447304
1578979782
1603767980
1292683107
1989248693
1157168914
2004231633
1444957271
1746915602
1195690129
1492610176
1388471579
1208955207
1105592805
2113538559
1329121830
1755382680
1716067468
1218635949
1435380305
1187691134
1210820276
1599548139
1487299920
1948052183
1254320453
1831189205
1732825040
2145875163
1666799129
1914536488
1480090874
1411756950
1219657023
1596090410
1488054112
1506634011
1328699020
1418864668
1657715826
1488098252
1588998453
1633443184
1316893422
1179368239
1487390632
1441186093
1725496126
1608501838
1228399813
1399099709
1330495162
2116425281
1521677957
1171606943
1259388224
1232265828
1565330072
1368031918
1076313014
1689721707
1324250556
1074111832
1969462253
1107024008
1415393297
1832112608
1657306137
1862761055
1918848692
1332658773
1918257441
1279681859
1326034596
2057343982
1930737191
1502468795
1393182882
1387557307
2077779434
1586518175
1182247424
2094706053
1836238822
1924692548
2146316126
2050107650
1599159436
1994280267
1093303720
1365466430
1085904283
1211551694
1141540615
1854964883
1262043902
1447467556
1848614382
1440846405
1291974684
1105420182
1746355157
1380292975
1146393626
1238357076
1298540605
1273838333
1283879586
1504420671
1174373770
1094386351
2031476371
2071339046
1407963604
1204848797
1866763330
1243125029
1305466074
1466868847
1226862495
1216302274
1689702014
2053543869
1884060609
1346772659
2061811810
1086585751
1380503775
1584549411
1076458764
1222995269
1933855506
1962119014
1394807095
1088640523
1872068030
1813011706
1590472427
1707383539
1634074538
1400342145
1086670384
1089731020
1695016560
1287646472
1566221294
2066412873
1131498592
1766455156
1339045691
1892914849
2136732558
1295122773
1534665012
1843420693
1621913792
1521144797
1393423057
1127390890
1287129623
2140923794
1611074450
2014633423
2130480196
1940416146
1881722010
1107185188
2117489070
1823463556
1181644896
1128177510
1682973702
2136043939
1515524723
1222724921
1588278615
1084698897
1214623800
1092553545
1410746906
1786574079
1262680371
1374204543
1205665480
1977940443
1488204180
1860735355
2000318254
1232024663
1719661402
2018993981
1176430490
1143207318
1262629982
1255254529
1666755451
1950966135
2090786733
1143078374
1354471683
1134827514
1616820057
1092655974
1593693611
1188202263
2122114447
1392489312
1490678984
1379895801
1162155621
1846906697
1472234157
1300751690
1146643482
1724202943
1274818507
1588677495
1544742792
1981422486
1695588448
1239620707
1220835509
2027147852
1886771869
1184145830
1821621481
1130536242
1486318866
1286917916
1125859155
1653851153
1230377434
1904372618
1873378706
1477907789
1644949142
1140662981
2108196783
1822783849
1520530992
1671178995
1894554046
1307139158
1298775169
1807716138
2058936531
1274956693
1622702794
1324130661
1084191482
1857285218
1546070719
1716789863
1485158149
1162227575
1499482835
1685386455
1644284155
1095559308
1769618194
1831050359
1823664234
2072220036
1772240789
1783340792
1346224977
1925174988
1523434986
2037776263
1272069532
1146812144
1366765553
1340001220
1244502652
1538259980
1559416573
1077958043
1112689796
1723937243
1630791577
1940189889
1428759373
1649463123
1412454448
1376133040
2127245700
1147704631
1750339774
1904416934
1988945146
1439586723
1302657137
