0.00015983061
0.00028137627
0.00020180024
0.00024375727
0.00012867866
0.00015092884
0.00014563618
0.000964126
0.00015065909
8.8489476e-05
0.00021001972
0.00016507893
0.00013292025
0.00051213126
0.00014123956
0.00020863861
0.00030883096
0.00017684176
0.0001818079
0.00014193941
0.00016746052
0.00017193072
0.0001126791
3.929469e-05
3.2122876e-05
0.00018173843
0.00029324534
0.00017912182
0.00016546156
0.0002789522
0.00015336783
0.00025512953
0.00026668268
0.00016787271
0.00030518847
0.00027136307
0.0001962445
0.00011561326
0.0002036632
0.00018852264
0.00013541225
0.0005592629
0.0004100177
0.0003231023
0.00025795
0.0001753204
0.00012792689
0.00013583255
0.00020958736
0.00027394382
0.00034221367
0.00019642452
0.00016246035
0.00016495113
0.00033730487
0.00022250583
0.00016567601
0.0002498793
0.00015641017
0.00024059489
0.0001145706
0.00022184863
9.42327e-05
0.00022753938
0.0002388575
0.00023870474
0.00013073214
0.00014519789
0.0001904891
0.00019799775
0.000125599
0.00015668622
0.00014709512
0.00015662154
3.0057672e-05
0.00023585894
0.00016364866
4.8408237e-05
0.0001847347
0.00032085527
0.00016107572
0.0001592648
0.000322294
0.00016228449
0.00021662077
0.00020734328
0.00024736696
0.00014352311
0.00018285136
0.00016219575
0.00032366137
0.0001914216
0.00019420756
2.9600455e-05
0.00018060098
0.00037195205
0.00021456784
0.00020578507
0.00013290578
0.00011645598
0.00026372762
0.00019910566
0.00017883927
0.00015124532
8.273946e-05
0.00018018512
0.00018952817
0.0003408734
0.00013658244
0.0001364048
0.00031974027
4.099177e-05
0.0001606428
0.0004131353
0.00013211319
0.00015945756
4.0829193e-05
0.00015954375
0.00013916602
0.00042326844
0.0001562593
0.00023327535
4.6221445e-05
0.00016445637
0.0001304003
0.00022298144
0.00021593952
0.00012399889
0.0001225929
0.00029194565
0.00017520452
0.00026515528
0.00013056268
0.00059733813
0.0001508339
0.00021300123
0.00020900214
0.00019619851
0.00020343174
0.00027850238
0.00013466526
0.00014616342
0.00011174818
0.00016443811
0.00018576412
0.00020294536
8.632418e-05
0.00012728432
0.00024300799
0.00021831108
0.00016116015
0.00013358743
0.00020687688
0.00017909745
0.00019449819
0.00061814877
0.00016909333
2.44059e-05
0.00016941513
0.00021651063
0.00027805852
0.00014898331
0.00016186583
9.4972034e-05
0.00012965755
0.00013388037
0.000119948454
0.00024775811
0.00021467173
0.00010036853
0.00016228227
0.00015834172
0.00024997193
0.00033520197
0.0002202557
0.00019158363
0.0002096863
9.980864e-05
0.00023770567
0.00029921904
0.00024482387
6.47085e-05
0.00014327341
0.00011224767
0.00032092808
0.00025586187
0.00054128264
0.00013684887
0.0006666555
0.00021594735
0.00023960337
0.0003407938
0.00016487618
0.0003147234
9.744664e-05
0.00033744547
0.00013770357
0.00013425642
0.00013128246
0.0006528419
0.0001577109
0.00014216539
0.00022728497
0.00027406187
0.00016430228
0.00018738353
0.00019993556
0.00016373464
0.00025416666
0.00016299414
0.0003058479
0.0001962302
0.00027157928
0.00018749535
0.00019552621
0.0001456243
0.0002075654
0.0002105631
0.00014737836
0.00015170712
0.00019154047
0.00013717344
0.00014635349
0.00018249205
0.00018835552
0.00014853146
0.00011935942
0.00017220348
0.00018014865
4.2262596e-05
0.00015231465
0.00022799555
0.00019575184
0.00021395163
0.00016954879
0.00016078986
0.0002956164
0.00014841926
0.00011646159
0.00015816068
0.00024692627
0.00023395968
0.00012598693
0.00021518263
3.2673208e-05
0.00012382463
0.00023592445
0.00014483974
0.0002419558
0.00030160166
0.00034347057
0.00016424699
0.0001328536
0.00019442325
0.00032303232
0.00013380621
0.0001622709
0.00018047572
0.00020050173
0.00016173703
0.00014749239
0.00013668506
0.00016246292
0.00018710662
0.00057681213
0.00017349194
0.00016550127
0.00039194713
0.00016387196
0.00031250776
0.00018612757
0.00017215594
0.00018581968
0.00017029776
0.0002739053
0.00017915457
0.00014140423
0.00027843646
0.00014952802
0.00018066632
0.00031334985
0.00014486474
4.2567524e-05
9.552455e-05
3.8683338e-05
0.00020182125
0.00012805595
0.00018995795
0.00011607292
0.00019626007
0.00016967798
0.00019826092
0.00012951986
0.00012063639
0.00011454359
0.000121546436
0.00017619961
0.000201
0.00015364427
0.0006192577
0.0001449012
0.00015251986
0.0001304711
0.00020620838
6.966938e-05
5.3101245e-05
0.0001757903
0.00014853048
9.1501985e-05
0.0002578066
0.000237702
0.00022362915
0.00019963246
0.00012002938
0.0001745781
0.00016270447
0.00013322345
0.00014910995
0.00020136547
0.00014861231
0.00026174015
0.0006803009
0.0002801857
3.2378022e-05
0.00014018499
0.000104207415
0.00014276164
0.00016404051
0.0002467421
0.00015014267
0.00012344772
8.287258e-05
0.00020486298
0.0001391075
5.0908217e-05
0.00014418848
0.00019421263
0.00015011727
0.00012281448
0.00012177284
0.00021758793
0.00019204992
0.00014267476
0.0003898604
0.00011319027
0.0003554324
0.00049498805
0.00024892238
0.00012742395
0.00023202234
0.00013019571
0.0001639658
0.0003618189
0.00015475377
0.00011637499
0.00022026834
0.00019290054
0.00018335073
2.9642932e-05
0.0004242201
0.00019179644
3.3589e-05
0.00025317888
0.00017294433
3.974002e-05
0.00017878965
0.00015232824
0.00012798987
0.00014771496
0.0001712179
4.598377e-05
5.3045485e-05
0.00018291152
0.00030898993
0.0010814827
0.00026248605
0.00046839987
0.00019365053
0.00015348634
2.854636e-05
0.00013761721
0.0006128124
0.0001417967
0.00019134124
0.00015178895
0.00019343276
0.00017408386
0.00019397835
0.0001226185
0.00019882066
0.00014044878
0.00010863653
0.00015945773
9.060578e-05
0.00049207936
0.00016969831
0.00020535545
0.00020509101
0.00014069093
0.00034371062
0.00011909478
0.00017450987
0.00017082944
0.00017579785
0.00015223125
0.00013303821
0.000244104
0.00020409895
0.00013934336
0.000108270775
0.000119826116
0.00019392234
2.4258663e-05
0.0005416196
0.0002403708
0.00021252283
3.7401704e-05
0.0003102242
0.00012790208
0.00011416073
0.0002637969
0.0001786838
0.00017008842
0.0001721468
0.00036649808
6.9762005e-05
0.0001567288
0.00016917312
0.00013539438
0.00027782124
0.0007391148
0.00022768139
0.00013070164
0.00016481554
0.00013630495
0.00019431875
0.00024529974
0.00039641952
0.00015800857
0.00041930983
0.00032141618
0.00018888585
2.7469221e-05
0.0002143792
0.00026991602
0.00011495208
0.00025820584
0.0002611045
0.0001570055
0.00020096886
0.000109572895
0.00041558692
0.0001661616
0.00013059433
0.00021068682
5.58687e-05
0.00016013233
0.00017280645
2.8262144e-05
0.00023561827
0.00021160599
0.0003371188
0.00015124348
0.00013327991
0.00020426902
0.000121404446
3.275779e-05
0.00029336024
0.00026195045
0.00015803147
8.933766e-05
0.00017843503
0.00018736614
0.000100665166
0.00013852229
0.0002661509
0.00020661949
0.00025097362
0.00013328537
0.00011418958
0.00019248069
0.00015771431
0.0001605763
0.00016327878
0.00022931093
0.00014664428
0.00019095252
0.0002895713
9.184639e-05
0.00014735878
0.00015426458
0.00020966212
0.00014861018
0.00012138244
0.00025997
0.00013912242
0.00016402378
0.00026829887
0.00015783966
0.00016834738
0.0003583258
0.0001793724
0.00024286004
0.00033106745
0.000262112
0.00021774741
0.0001351158
0.0002156728
0.0006679184
0.00022287571
0.0001807297
0.00012744147
0.00014751703
0.00019865025
0.00018121098
0.00014415533
0.00015301084
0.0003879465
0.00016668423
0.00024255467
0.00013234945
0.00017048899
0.0003408707
0.00036123634
0.0002145556
0.00017247883
0.0001705747
3.7485137e-05
0.00016526353
0.00011819399
0.0001278953
0.00018781162
0.00035205611
2.9980489e-05
0.00015059579
0.00018620942
0.0001191663
4.117493e-05
0.0002788327
0.00020475766
0.000448892
0.00028918378
0.0005049586
0.00011793227
0.00047137804
0.00022601135
0.00017423055
0.00014154652
0.0003929739
0.00016252193
4.0921594e-05
0.0002534487
0.00043431073
0.0001774306
0.000224066
0.00012059876
0.00015497771
0.00027427857
0.00015976385
9.9610676e-05
0.00023271126
0.00022360549
0.0006053862
0.0003848354
0.0001851927
0.00017895394
0.00023751445
0.00012040292
0.00016021654
0.00013895256
0.000138712
0.0001856525
0.00019306192
0.0001968974
0.00019832561
0.00016313406
0.00013389716
0.00020064953
0.0001363996
3.8125603e-05
0.00014020583
0.00025473326
0.00017194376
0.00015934824
0.0005215107
0.00021893356
0.00011007344
0.00012958751
0.00016036513
0.00014520186
0.00022255685
0.0001165929
0.0001360739
0.0002057947
4.2162672e-05
0.00017594118
0.00011646009
0.0001812141
5.069354e-05
0.00016552393
0.0001308041
0.00037801615
0.00018661609
0.0001358336
0.00016247522
0.00011738278
0.00014334019
0.00018686255
0.00015944273
0.00061738817
0.00027542742
0.00017190725
8.1920174e-05
0.00013791017
7.492484e-05
0.00020047557
0.00015000084
0.00015627911
0.00023685452
0.00014316375
0.00016237161
0.00024287406
0.000119693075
0.00020577644
0.00012836102
0.00036503127
0.00014710068
0.0007162277
0.00020985185
0.0003374822
0.00020517653
0.00024154146
0.000146729
0.00016618709
0.00011947087
0.00015771751
0.0001685032
0.00015501773
0.0007302694
0.00019029748
6.174618e-05
0.00018888888
0.00015519813
0.00013629996
0.0002354714
0.00017576154
4.6580888e-05
3.0234052e-05
0.00011458219
6.863777e-05
0.00011569657
0.00020534973
0.00018152945
2.7697888e-05
0.00014390014
0.00016555168
0.0002227532
0.0002629692
0.00014712072
0.00013501104
0.00031635625
3.083616e-05
0.00016606018
0.00037954704
0.00018642652
0.00024150778
0.00017988354
0.00012198747
0.00023723414
0.00012334182
0.00026810268
4.9843024e-05
