0.00473862
0.00122537
0.00282800
0.00167397
0.00061702
0.00238783
0.00030582
0.00101111
0.00105056
0.00200725
0.00427383
0.00206975
0.00156906
0.00319180
0.00048810
0.00059841
0.00193905
0.00130097
0.00408637
0.00103656
0.00124345
0.00155303
0.00138202
0.00355139
0.00143303
0.00602770
0.00735315
0.00080381
0.00328577
0.00174290
0.00266643
0.00385284
0.00323475
0.00381693
0.00363587
0.00061179
0.00558410
0.00196357
0.00092915
0.00219876
0.00193116
0.00628651
0.00241159
0.00169965
0.00035764
0.00064895
0.00470995
0.00474755
0.00200323
0.00275909
0.00220685
0.00176426
0.00103638
0.00082572
0.00376794
0.00287771
0.00218642
0.00552385
0.00099411
0.00263609
0.00239510
0.00118908
0.00076754
0.00139836
0.00276830
0.00479847
0.00111061
0.00108141
0.00107370
0.00571509
0.00139604
0.00195171
0.00058209
0.00465571
0.00204043
0.00339247
0.00115738
0.00171004
0.00942620
0.00260750
0.00369521
0.00170122
0.00465390
0.00209166
0.00277363
0.00447714
0.00212131
0.00447560
0.00211623
0.00546469
0.00458965
0.00215334
0.00185280
0.00245982
0.00036972
0.00473396
0.00433250
0.00078679
0.00140357
0.00097989
0.00155946
0.00162302
0.00224279
0.00185025
0.00320499
0.00210934
0.00099033
0.00040976
0.00064517
0.00675588
0.00088885
0.00069690
0.00506655
0.00012352
0.00155336
0.00369553
0.00354242
0.00055594
0.00328696
0.00111336
0.00117941
0.00487275
0.00172740
0.00250886
0.00207339
0.00081126
0.00233106
0.00047907
0.00154336
0.00202450
0.00152617
0.00553251
0.00036680
0.00181235
0.00251948
0.00087431
0.00128779
0.00279686
0.00060186
0.00525978
0.00182725
0.00220923
0.00323947
0.00180334
0.00155248
0.00232840
0.00172333
0.00234414
0.00192576
0.00156804
0.00101350
0.00246561
0.00470453
0.00212355
0.00094854
0.00553896
0.00147351
0.00189644
0.00217118
0.00247811
0.00087652
0.00174343
0.00081992
0.00051127
0.00120358
0.00196334
0.00177718
0.00109262
0.00492678
0.00972351
0.00372801
0.00267934
0.00182226
0.00041088
0.00168482
0.00239210
0.00393808
0.00119578
0.00301406
0.00155672
0.00602620
0.00060578
0.00270308
0.00143346
0.00217870
0.00082792
0.00053408
0.00050253
0.00162643
0.00154728
0.00166334
0.00145908
0.00102397
0.00229193
0.00135321
0.00068737
0.00290692
0.00111630
0.00186316
0.00219810
0.00101128
0.00092952
0.00288559
0.00042021
0.00464445
0.00479385
0.00400039
0.00099970
0.00227254
0.00122143
0.00177550
0.00355489
0.00051451
0.00068167
0.00235633
0.00080357
0.00348590
0.00494494
0.00130898
0.00140503
0.00192601
0.00136390
0.00218762
0.00099556
0.00326138
0.00325955
0.00028159
0.00184128
0.00184979
0.00199778
0.00166506
0.00272151
0.00058272
0.00093638
0.00045742
0.00177364
0.00122764
0.00184648
0.00292747
0.00275988
0.00220105
0.00142358
0.00313799
0.00241856
0.00129164
0.00442340
0.00138107
0.00079009
0.00028267
0.00346098
0.00127022
0.00150837
0.00215587
0.00084915
0.00132377
0.00588509
0.00223906
0.00075995
0.00189970
0.00313773
0.00080504
0.00355639
0.00224806
0.00104378
0.00164856
0.00255221
0.00127423
0.00368993
0.00110008
0.00021001
0.00149059
0.00491403
0.00508394
0.00165374
0.00218453
0.00172783
0.00097915
0.00273991
0.00138036
0.00142819
0.00077516
0.00119151
0.00153268
0.00489989
0.00147543
0.00112692
0.00191894
0.00044740
0.00055772
0.00109982
0.00176464
0.00790946
0.00438162
0.00148996
0.00635791
0.00203127
0.00197125
0.00255778
0.00145515
0.00293162
0.00240701
0.00343518
0.00124290
0.00081083
0.00388580
0.00529949
0.00292954
0.00418557
0.00293026
0.01050754
0.00292683
0.00189115
0.00085066
0.00027721
0.00203021
0.00060154
0.00733747
0.00200467
0.00127058
0.00141088
0.00458010
0.00066966
0.00052513
0.00258503
0.00147638
0.00107730
0.00086522
0.00074357
0.00108456
0.00163090
0.00055575
0.00310041
0.00429389
0.00274301
0.00205983
0.00172748
0.00113815
0.00226568
0.00577665
0.00117969
0.00442442
0.00124040
0.00271361
0.00861949
0.00062713
0.00205860
0.00411448
0.00137198
0.00348565
0.00099658
0.00314173
0.00184412
0.00060422
0.00170386
0.00475352
0.00081153
0.00113896
0.00401492
0.00192092
0.00078720
0.00116400
0.00210554
0.00247713
0.00131781
0.00218705
0.00534148
0.00379769
0.00087025
0.00370901
0.00081797
0.00237140
0.00157802
0.00131117
0.00278007
0.00035427
0.00069967
0.00598798
0.00182845
0.00152444
0.00132127
0.00235180
0.00182447
0.00431245
0.00050510
0.00249176
0.00164114
0.00093416
0.00207778
0.00289495
0.00206091
0.00268541
0.00035851
0.00137343
0.00120535
0.00076364
0.00109625
0.00443081
0.00175400
0.00474153
0.00452093
0.00087901
0.00207976
0.00274790
0.00385447
0.00179799
0.00581588
0.00376491
0.00110087
0.00596684
0.00564243
0.00444506
0.00251805
0.00136277
0.00542616
0.00060038
0.00056590
0.00059594
0.00533054
0.00128822
0.00263522
0.00573043
0.00136964
0.00353684
0.00086845
0.00315427
0.00426443
0.00166933
0.00159100
0.00234621
0.00278335
0.00128088
0.00324334
0.00236263
0.00376471
0.00134968
0.00372480
0.00118652
0.01175579
0.00156600
0.00154958
0.00149996
0.00122873
0.00127052
0.00051845
0.01034467
0.00121989
0.00344621
0.00704921
0.00276061
0.00191653
0.00610401
0.00349646
0.00083732
0.00487027
0.00117264
0.00078943
0.00379847
0.00391762
0.00317800
0.00175344
0.00337760
0.00397656
0.00536025
0.00354583
0.00127660
0.00052635
0.00123181
0.00330213
0.00470583
0.00169732
0.00251403
0.00197060
0.00098696
0.00279609
0.00095090
0.00277153
0.00184822
0.00143122
0.00056980
0.00203382
0.00118372
0.00148654
0.00512925
0.00095692
0.00242173
0.00193628
0.00491273
0.00174285
0.00128882
0.00191952
0.00267950
0.00240605
0.00134004
0.00094233
0.00321063
0.00280396
0.00136138
0.00107586
0.00278023
0.00312445
0.00661671
0.00150021
0.00117418
0.00160883
0.00123292
0.00380427
0.00214104
0.00318946
0.00163234
0.00223723
0.00169295
0.00131263
0.00190927
0.00559216
0.00112592
0.00272579
0.00105951
0.00077631
0.00315422
0.00196258
0.00178907
0.00647740
0.00370454
0.00140925
0.00056026
0.00048686
0.00232206
0.00069416
0.00058794
0.00228353
0.00435582
0.00182104
0.00639410
0.00146306
0.00405600
0.00030152
0.00461052
0.00133338
0.00083667
0.00615748
0.00274758
0.00737096
0.00455613
0.00225467
0.00051796
0.00099955
0.00312918
0.00243523
0.00396765
0.00107452
0.00293741
0.00083413
0.00454447
0.00356971
0.00239536
0.00228549
0.00189819
0.00258660
0.00179064
0.00150435
0.00616670
0.00627256
0.00170157
0.00175745
0.00153969
0.00682851
0.00205806
0.00049402
0.00089535
0.00082766
0.00362517
0.00096112
0.00477658
0.00373216
0.00058740
0.00107219
0.00694805
0.00095807
0.00619564
0.00418763
0.00142275
0.00096927
0.00395004
0.00510935
0.00576170
0.00412785
0.00137105
0.00440099
0.00106798
0.00154470
0.00059716
0.00162655
0.00309250
0.00150151
0.00467605
0.00241224
0.00570687
0.00104952
0.00206384
0.00209806
0.00438298
0.00173947
0.00111874
0.00537469
0.00215658
0.00260833
0.00131964
0.00087177
0.00623816
0.00035842
0.00153818
0.00203553
0.00118829
0.00477433
0.00472159
0.00157794
0.00193152
0.00067857
0.00536853
0.00334438
0.00276711
0.00588792
0.00171888
0.00113526
0.00200116
0.00992600
0.00101660
0.00131450
0.00208336
0.00130844
0.00049399
0.00243286
0.00038087
0.00171269
0.00922623
0.00238839
0.00146403
0.00058464
0.00256046
0.00219666
0.00064834
0.00453833
0.00383285
0.00181078
0.00163946
0.00058435
0.00268090
0.00096538
0.00782202
0.00264706
0.00436934
0.00194328
0.00379832
0.00594164
0.00223862
0.00384742
0.00331546
0.00377640
0.00180602
0.00070532
0.00445852
0.00066229
0.00120725
0.00106993
0.00090557
0.00106263
0.00518624
0.00071308
0.00168070
0.00073502
0.00089403
0.00248052
0.00035898
0.00139094
0.00209464
0.00128428
0.00189779
0.00376629
0.00190210
0.00088918
0.00125268
0.00099668
0.00201696
0.00216174
0.00101423
0.00165656
0.00154533
0.00212043
0.00162276
0.00619068
0.00233471
0.00411080
0.00114737
0.00179547
0.00301321
0.00044902
0.00509428
0.00512928
0.00062399
0.00157977
0.00160355
0.00330625
0.00138265
0.00303057
0.00290472
0.00029247
0.00402721
0.00061991
0.00443475
0.00036279
0.00055950
0.00080016
0.00062485
0.00190618
0.00166601
0.00044553
0.00289873
0.00173461
0.00099231
0.00166884
0.00232357
0.00040093
0.00475027
0.00085847
0.00341385
0.00198665
0.00341839
0.00162280
0.00058963
0.00064491
0.00202035
0.00276004
0.00209437
0.00228282
0.00081635
0.00374594
0.00197035
0.00124405
0.00032979
0.00135601
0.00300586
0.00328304
0.00095070
0.00099887
0.00071591
0.00281449
0.00675710
0.00049951
0.00151048
0.00112827
0.00095648
0.00196418
0.00144413
0.00134347
0.00207218
0.00174710
0.00369957
0.00330521
0.00098418
0.00372409
0.00234107
0.00105508
0.00236701
0.00299575
0.00386066
0.00039632
0.00475716
0.00228550
0.00444920
0.00187567
0.00152195
0.00248042
0.00058148
0.00668972
0.00222564
0.00533496
0.00119692
0.00298644
0.00196647
0.00122591
0.00118001
0.00233126
0.00038005
0.00123957
0.00052812
0.00138108
0.00084035
0.00039998
0.00598792
0.00454841
0.00224302
0.00475216
0.00205660
0.00084501
0.00220923
0.00172709
0.00084890
0.00140768
0.00127412
0.00621820
0.00120224
0.00247859
0.00070066
0.00173809
0.00043030
0.00152345
0.00249550
0.00095640
0.00473322
0.00443981
0.00441358
0.00300542
0.00251843
0.00296955
0.00123671
0.00057465
0.00372606
0.00072234
0.00093784
0.00080766
0.00029850
0.00130140
0.00063431
0.00064611
0.00087597
0.00151444
0.00571822
0.00249707
0.00205852
0.00111680
0.00726183
0.00216670
0.00402459
0.01884028
0.00241018
0.00390868
0.00079136
0.00367938
0.00146562
0.00303178
0.00154154
0.00160484
0.00515058
0.00104537
0.00237407
0.00080999
0.00106451
0.00041368
0.00095825
0.00235535
0.00153812
0.00079295
0.00253983
0.00168540
0.00224478
0.00126963
0.00421999
0.00715540
0.00085330
0.00189540
0.00089624
0.00189379
0.00596947
0.00184521
0.00084278
0.00241192
0.00231569
0.00163376
0.00103367
0.00097344
0.00624865
0.00704239
0.00159988
0.00134971
0.00069917
0.00356924
0.00151475
0.00079943
0.00059556
0.00094556
0.00387469
0.00559191
0.00140281
0.00166593
0.00182120
0.00204143
0.00049164
0.00626500
0.00363301
0.00026898
0.00155172
0.00528475
0.00080021
0.00189844
0.00558301
0.00793537
0.00197782
0.00027754
0.00100220
0.00117704
0.00091102
0.00163749
0.00212220
0.00463250
0.00175753
0.00122013
0.00189126
0.00164631
0.00566595
0.00089097
0.00332098
0.00221474
0.00522358
0.00103520
0.00113933
0.00092787
0.00274556
0.00245023
0.00547308
0.00064472
0.00200515
0.00226336
0.00181007
0.00093519
0.00080884
0.00331864
0.00166505
0.00041724
0.00080526
0.00182593
0.00179216
0.00264366
0.00092513
0.00216747
0.00295775
0.00140922
0.00089864
0.00057100
0.00172193
0.00136048
0.00163336
0.00172472
0.00083662
0.00056488
0.00566291
0.00613295
0.00032602
0.00036006
0.00272017
0.00090009
0.00102678
0.00518665
0.00130797
0.00571017
0.00585850
0.00373469
0.00441918
0.00087775
0.00118243
0.00168958
0.00069513
0.00316603
0.00186401
0.00095689
0.00442826
0.00078501
0.00198472
0.00189738
0.00174209
0.00374184
0.00240156
0.00171805
0.00445733
0.00173008
0.00146224
0.00125373
0.00161016
0.00149945
0.00565387
0.00640916
0.00475072
0.00222486
0.00063480
0.00219451
0.00122723
0.00182464
0.00130930
0.00067197
0.00355455
0.00247749
0.00315647
0.00353506
0.00066834
0.00173991
0.00307890
0.00463021
0.00189719
0.00300121
0.00417088
0.00136575
0.00073042
0.00133538
0.00100722
0.00328265
0.00080945
0.00239052
0.00066585
0.00184827
0.00093804
0.00034460
0.00145906
0.00242742
0.00099209
0.00276142
0.00513483
0.00059020
0.00259972
0.00093951
0.00536897
0.00169504
0.00065577
0.00319171
0.00143361
0.00075594
0.00152091
0.00164830
0.00116891
0.00155473
0.00088001
0.00167004
0.00493144
0.00371667
0.00110918
0.00219709
0.00161711
0.00168241
0.00042737
0.00343676
0.00174107
0.00105670
0.00268324
0.00118420
0.00180627
0.00165568
0.00132066
0.00191630
0.00561270
0.00612018
0.00123449
0.00384612
0.00206045
0.00129387
0.00481046
0.00136245
0.00194658
0.00526012
0.00144966
0.00087689
0.00255322
0.00288142
0.00091855
0.00126174
0.00311780
0.00090171
0.00391526
0.00138922
0.00419699
0.00225650
0.00511817
0.00650636
0.00167077
0.00613050
0.00448229
0.00681118
0.00190727
0.00202088
0.00185047
0.00257585
0.00579556
0.00384883
0.00405387
0.00554683
0.00211732
0.00118181
0.00113077
0.00188845
0.00255951
0.00088400
0.00283994
0.00278376
0.00031096
0.00222406
0.00305206
0.00182502
0.00189825
0.00117806
0.00412941
0.00131849
0.00037100
0.00492550
0.00494258
0.00103890
0.00156604
0.00413619
0.00145548
0.00197679
0.00181096
0.00239238
0.00218736
0.00157317
0.00068598
0.00194076
0.00068568
0.00111592
0.00558085
0.00104709
0.00080266
0.00576409
0.00107872
0.00541687
0.00081063
0.00443264
0.00245701
0.00158433
0.00384195
0.00034623
0.00118252
0.00164848
0.00156482
0.00269101
0.00155329
0.00241656
0.00148817
0.00186081
0.00054404
0.00222312
0.00449765
0.00145966
0.00458330
0.00339071
0.00065255
0.00087115
0.00071738
0.00140629
0.00248328
0.00241287
0.00255898
0.00183688
0.00503090
0.00260412
0.00110154
0.00194596
