5.672684e-05
2.9806464e-05
3.2377247e-05
0.000110793764
2.3857241e-05
0.0001275891
0.00015923743
0.00012209226
3.9285078e-05
5.092172e-05
0.00019973106
0.00020066985
3.5315898e-05
9.367129e-05
0.00010310206
0.00022584255
5.2191677e-05
0.0001999977
6.90111e-05
0.0005097123
0.000108021995
0.0003260379
0.0001770152
0.00016378958
0.00018714867
0.0002444611
0.00029155673
0.00010547295
0.00024282513
0.00016601884
0.0002494234
1.7908797e-05
4.3254255e-05
6.69002e-05
0.00015055829
0.00010544508
2.0089705e-05
8.432971e-05
3.1420386e-05
0.00020628823
5.2110398e-05
6.401666e-05
9.1307054e-05
3.9353672e-05
0.00012506527
0.000102920836
3.08734e-05
3.2394655e-05
0.00013656283
0.00014996933
0.00020463551
0.00034173997
4.0004074e-05
8.546627e-05
2.6740046e-05
0.0002077404
9.700854e-05
0.00010645877
3.777668e-05
2.5771367e-05
6.202417e-05
9.9303084e-05
0.00021336648
0.00017658433
9.4938245e-05
6.955393e-05
4.0809267e-05
0.00013454084
0.00017882138
4.960257e-05
0.0001518796
1.7578359e-05
0.00016214796
0.00021184189
0.00016811147
0.00019462609
0.00010557988
0.00020334637
5.306219e-05
6.2241525e-05
3.8213024e-05
0.00010861019
8.539407e-05
0.00019951415
4.8859205e-05
7.277878e-05
4.8188907e-05
9.7007316e-05
0.0001363408
5.9145917e-05
0.00017432011
6.272676e-05
0.00014298198
9.8843644e-05
0.00021876536
6.8355774e-05
8.022485e-05
8.4830426e-05
0.0001242568
4.8128855e-05
0.00015291925
0.00013828176
7.4064475e-05
0.00014207143
2.8369259e-05
4.2293614e-05
4.9564307e-05
3.4621436e-05
0.00018820782
0.00023301717
0.00018032355
5.270331e-05
9.241794e-05
4.4396475e-05
2.4105215e-05
0.00016189119
0.00022332343
9.190098e-05
0.0003255488
1.2876983e-05
8.0855374e-05
4.1383795e-05
9.455737e-05
2.7574019e-05
0.00025260804
1.5936075e-05
0.00015726927
8.2496794e-05
0.00034686585
5.8517373e-05
0.00016249077
5.2108564e-05
0.00012220461
0.00013563117
0.00021311986
7.059336e-05
3.4923938e-05
2.00381e-05
0.0001218794
0.00012900059
3.9287184e-05
2.5415946e-05
4.1273885e-05
6.930559e-05
0.00019222152
0.00016797129
0.00018352574
0.00017675439
0.00023170514
5.8746173e-05
0.00018797767
5.5680295e-05
6.700142e-05
9.365263e-05
8.265137e-05
5.097833e-05
0.00019211447
0.00016637753
2.413402e-05
0.00023692661
0.00015806268
0.00015108123
0.00020525261
0.00028839018
3.5817215e-05
0.0001944329
1.589708e-05
4.3777018e-05
9.9357545e-05
0.00026964056
0.000120418284
4.6361973e-05
7.744836e-05
0.00017850104
0.00013199031
0.00012482941
0.00020361418
0.00018075916
2.41675e-05
8.727976e-05
0.00023943996
0.00016410221
7.9974e-05
3.5356683e-05
0.000116669864
7.060734e-05
0.00015375558
0.00010506271
7.662499e-05
0.00017653938
6.4201486e-05
6.1932245e-05
5.114065e-05
0.000123259
0.00019720489
0.0001653651
4.1857467e-05
3.0575062e-05
4.5334265e-05
0.00019346892
0.00029179227
0.00013606131
0.00010785238
0.0001662686
2.7378099e-05
0.00012228302
0.0001449819
0.0001662113
4.547797e-05
4.4152453e-05
4.1938612e-05
3.280009e-05
9.540726e-05
0.00010197559
0.00016913727
8.086319e-05
3.4466117e-05
8.9633504e-05
6.399356e-05
8.079953e-05
0.00018408876
0.0001787457
2.7911596e-05
9.95421e-05
3.7599406e-05
4.9908784e-05
0.00013104395
8.556874e-05
0.00016515984
0.00013755355
3.56569e-05
0.00020701831
2.6766022e-05
0.00016884346
3.4704466e-05
2.9252531e-05
2.8670378e-05
0.00014979973
0.00011936352
3.763495e-05
6.490382e-05
3.5861845e-05
0.00024441915
0.00015530107
0.0003418374
0.00025648833
0.00017060443
5.6817764e-05
7.382239e-05
8.6995635e-05
3.210228e-05
7.052152e-05
8.843056e-05
7.1830036e-05
0.0004107793
4.763971e-05
5.225699e-05
0.00010179831
8.605511e-05
0.00024319842
0.0001746319
0.00014941489
0.00014861676
0.00013203768
0.00019604107
6.458571e-05
7.8486075e-05
3.3803484e-05
0.00010136845
3.1902015e-05
0.000106510284
0.00033365557
0.00016966513
0.00013313307
5.264324e-05
0.00014590622
0.00017589067
4.1341078e-05
0.00016783999
5.2146355e-05
0.00012269647
2.865877e-05
4.4571494e-05
4.7365997e-05
0.00013327911
2.8164115e-05
0.00015427989
0.00018848381
6.39568e-05
1.2899737e-05
9.717152e-05
4.3786422e-05
0.000112397436
0.00014399645
6.156479e-05
0.0002174796
7.576856e-05
2.635007e-05
0.00015026059
0.00018731916
0.00014659538
0.00014038399
6.711687e-05
6.3107786e-05
0.000101818194
0.000114626084
3.5259745e-05
4.651411e-05
0.000265111
0.0001916996
9.689793e-05
0.00012891999
2.603245e-05
0.00015169362
0.00016301121
4.4808345e-05
0.00015559499
0.0001106992
0.00011618492
5.856991e-05
0.0001642687
0.00013202718
5.364593e-05
0.00016378683
3.195382e-05
8.9121255e-05
4.970249e-05
2.5329096e-05
7.183518e-05
0.00020812945
0.00011415259
0.00019839859
0.00013456302
0.0001275675
8.7446766e-05
5.815916e-05
0.00018952794
0.00019235365
0.00020364091
4.9463153e-05
9.102111e-05
0.00010122705
0.00017198664
3.5887162e-05
0.00012508073
0.00011864225
8.5045736e-05
2.9837802e-05
6.252192e-05
4.0069637e-05
0.000101858685
0.00015196514
0.00023896748
0.00014218659
0.00020575762
4.8930106e-05
6.7365174e-05
0.0001294997
9.640251e-05
7.926952e-05
0.00010373092
3.3305954e-05
0.00022753299
0.00021427358
2.5424868e-05
3.415687e-05
3.138747e-05
0.00010395413
5.9814727e-05
0.00021183398
7.407292e-05
9.8570556e-05
0.00022909403
7.815807e-05
0.00011292482
0.00010254379
6.740519e-05
6.229841e-05
0.00010987551
3.873452e-05
4.0179944e-05
0.00017768958
6.103873e-05
0.00026863077
