0.00016801071
8.8279296e-05
9.589331e-05
0.00032814342
7.065918e-05
0.000377887
0.00047162146
0.00036160674
0.00011635258
0.0001508174
0.00059155346
0.0005943339
0.00010459685
0.00027743093
0.0003053625
0.00066888914
0.0001545787
0.00059234316
0.00020439361
0.0015096404
0.00031993413
0.00096564274
0.0005242748
0.00048510375
0.0005542876
0.00072403264
0.00086351816
0.0003123845
0.0007191873
0.0004917063
0.0007387298
5.3041374e-05
0.00012810828
0.00019814164
0.00044591603
0.00031230194
5.9500682e-05
0.0002497635
9.305932e-05
0.00061097415
0.00015433796
0.00018960134
0.00027042866
0.00011655573
0.00037041208
0.00030482578
9.1439295e-05
9.5944866e-05
0.00040446492
0.00044417166
0.0006060792
0.0010121483
0.00011848206
0.00025312972
7.919733e-05
0.0006152751
0.00028731502
0.00031530426
0.000111885085
7.6328346e-05
0.00018370007
0.0002941109
0.00063193816
0.0005229986
0.00028118334
0.00020600134
0.00012086684
0.00039847632
0.00052962423
0.00014691042
0.00044982941
5.2062704e-05
0.00048024172
0.0006274227
0.00049790414
0.0005764338
0.0003127012
0.0006022611
0.00015715694
0.00018434384
0.00011317742
0.00032167623
0.0002529159
0.000590911
0.00014470874
0.00021555253
0.0001427235
0.0002873114
0.00040380735
0.00017517542
0.0005162926
0.00018578097
0.0004234769
0.00029275016
0.0006479283
0.0002024527
0.00023760593
0.0002512465
0.00036801756
0.00014254563
0.0004529086
0.000409556
0.00021936046
0.00042078004
8.402265e-05
0.0001252631
0.00014679709
0.000102540034
0.0005574245
0.0006901386
0.0005340733
0.00015609403
0.00027371882
0.00013149125
7.139362e-05
0.00047948124
0.00066142814
0.00027218772
0.0009641942
3.8138405e-05
0.0002394734
0.00012256845
0.00028005528
8.166735e-05
0.0007481618
4.7198668e-05
0.00046579225
0.00024433486
0.0010273299
0.00017331382
0.00048125704
0.00015433253
0.00036193948
0.00040170562
0.0006312077
0.0002090799
0.00010343597
5.9347843e-05
0.0003609763
0.0003820675
0.00011635882
7.5275675e-05
0.00012224293
0.00020526584
0.0005693121
0.00049748895
0.00054355734
0.0005235023
0.00068625266
0.00017399147
0.00055674283
0.00016491111
0.00019844146
0.00027737566
0.0002447927
0.00015098507
0.000568995
0.00049276865
7.1478935e-05
0.0007017174
0.00046814213
0.00044746482
0.0006079069
0.0008541396
0.00010608163
0.0005758616
4.7083173e-05
0.00012965658
0.0002942722
0.0007986079
0.00035664884
0.00013731257
0.00022938268
0.00052867545
0.00039092227
0.00036971353
0.0006030543
0.00053536345
7.157809e-05
0.00025850083
0.0007091613
0.0004860297
0.000236863
0.000104717656
0.00034554696
0.00020912128
0.0004553856
0.00031116948
0.00022694406
0.0005228655
0.00019014874
0.00018342782
0.00015146582
0.00036506233
0.00058407156
0.0004897701
0.00012397135
9.055569e-05
0.00013426876
0.0005730066
0.0008642157
0.00040297958
0.00031943177
0.000492446
8.1087084e-05
0.00036217173
0.00042940013
0.00049227633
0.00013469438
0.00013076853
0.00012421169
9.714567e-05
0.00028257244
0.0003020262
0.0005009423
0.00023949654
0.00010208002
0.00026547202
0.00018953292
0.000239308
0.0005452249
0.0005294001
8.266717e-05
0.0002948188
0.00011136004
0.00014781734
0.00038811943
0.00025343322
0.00048916216
0.0004073992
0.00010560682
0.00061313645
7.9274265e-05
0.0005000721
0.00010278595
8.663868e-05
8.491449e-05
0.00044366936
0.0003535249
0.000111465306
0.00019222888
0.00010621382
0.00072390836
0.00045996293
0.0010124369
0.0007596543
0.00050528767
0.00016828
0.00021864346
0.00025765933
9.507893e-05
0.0002088671
0.0002619092
0.00021274261
0.0012166256
0.00014109691
0.00015477213
0.00030150113
0.0002548737
0.0007202929
0.00051721605
0.00044252953
0.0004401657
0.00039106258
0.0005806246
0.00019128672
0.00023245614
0.00010011747
0.000300228
9.448579e-05
0.00031545683
0.0009882044
0.0005025057
0.00039430687
0.00015591612
0.00043213772
0.0005209442
0.00012244194
0.00049710006
0.00015444447
0.00036339625
8.488011e-05
0.00013200962
0.00014028624
0.0003947394
8.341506e-05
0.00045693843
0.0005582419
0.00018942406
3.8205795e-05
0.00028779774
0.00012968443
0.0003328931
0.0004264815
0.0001823395
0.00064412015
0.00022440754
7.8042314e-05
0.00044503427
0.0005547925
0.00043417886
0.00041578224
0.00019878338
0.00018690948
0.00030156004
0.0003394938
0.000104430546
0.00013776316
0.00078519253
0.00056776626
0.00028698743
0.00038182878
7.7101606e-05
0.00044927857
0.00048279844
0.00013271111
0.00046083343
0.00032786335
0.00034411068
0.00017346942
0.0004865228
0.0003910315
0.00015888583
0.00048509563
9.463922e-05
0.00026395486
0.00014720634
7.501845e-05
0.00021275783
0.0006164274
0.00033809143
0.000587607
0.000398542
0.00037782305
0.00025899545
0.00017225288
0.00056133437
0.0005697034
0.00060313346
0.00014649749
0.00026958177
0.0002998092
0.0005093814
0.0001062888
0.00037045783
0.00035138868
0.0002518842
8.837211e-05
0.00018517429
0.000118676246
0.00030167995
0.00045008276
0.0007077619
0.00042112113
0.0006094026
0.00014491874
0.0001995188
0.00038354576
0.00028552013
0.0002347765
0.00030722504
9.864391e-05
0.0006738958
0.00063462474
7.53021e-05
0.00010116411
9.296184e-05
0.00030788613
0.00017715627
0.00062739925
0.00021938547
0.00029194134
0.00067851925
0.00023148465
0.00033445508
0.00030370906
0.00019963733
0.0001845123
0.00032542378
0.00011472196
0.00011900295
0.0005262721
0.00018078144
0.0007956172
