2062655665
1120088066
1778514907
1188144991
1077464728
1539897919
1193510632
1392747812
1581819180
1345403726
1641238343
1748627424
1829559983
1531593723
1554638345
1128827486
1185895805
1143405894
1239008988
1664060588
1614788175
1326698635
1440501707
1352650043
1078331999
1376266491
1746956419
1301160212
2101686024
1253082282
1783743946
2117195239
1650984814
1166539466
1367326932
1310207784
1124144860
1300061034
1111625029
1623613369
1357968032
1898700202
1245445217
1080755910
1929655095
1852699909
2096685716
1872612191
