0.00324642
0.00176291
0.00279921
0.00374005
0.00339165
0.00242365
0.00187847
0.00219205
0.00248963
0.00423507
0.00258315
0.00275217
0.00287955
0.00241058
0.00244685
0.00355333
0.00373297
0.00179961
0.00195008
0.00261907
0.00254152
0.00417619
0.00226721
0.00212894
0.00339438
0.00216611
0.00274954
0.00204790
0.00330785
0.00197223
0.00280744
0.00333226
0.00259849
0.00367204
0.00215204
0.00206214
0.00353859
0.00204617
0.00349918
0.00255541
0.00213731
0.00298837
0.00392042
0.00340201
0.00303709
0.00291597
0.00329998
0.00294731
