1333617711
1976387382
1793251467
1264798541
1135166966
1655411697
1748106393
2032371806
1214133078
1705479171
1702319267
1542533276
1456866533
1115527726
1404835136
1621282223
1562792537
1509716232
1840360465
1458452779
1351985437
1106217971
1283109614
1581537940
1431851680
1308628037
1151111260
1688798406
1390332312
1592880860
2079040180
1806073625
2084793470
1492399709
1350059280
1790595134
1466182583
1646146005
1673401745
1611424835
1809321653
2065557086
1220962749
2130907916
1946928522
1161358914
1726843139
1784690773
1698945347
1859307296
1183119444
1679696373
1296982975
2075641080
1785786038
1609246894
1330961378
1732407590
2054925459
2137076652
1545230524
1154384466
1130952713
1951876099
1995825194
1135827902
1751140404
1749252016
2043765083
1597538885
1747011128
1756025036
1950692709
1191743085
1152181346
1832139681
1590186759
1732395001
1227628761
1250069111
1099740798
1382401080
1454990734
1670789474
1110372426
1406282900
1508822395
1679860034
1677682092
1421981703
1252744328
1169674118
1268078042
1318069980
1307186567
1136545490
1880545372
1128217697
1291393345
1721102438
2095645409
1214875844
1755244502
1682749268
1168679567
1361452558
1531080200
1597060494
1711685674
1332919008
1392787217
1139176644
1805809251
1550555780
1224456268
1729121794
1688886531
1942622996
1243091515
1696956244
1905446921
2142905478
1915077703
1109853119
1761085917
1182726030
1497303225
1971830071
1248212195
1346313977
1840775911
1463551428
1210192640
1311762762
1118095934
1773851423
1731841074
1432518911
1076935360
1566393065
1564617979
1838749040
1927918744
1120834098
1676171382
1084010522
1337331542
1391364631
1651093583
1656557320
1229888532
1583331909
1719742798
1129117828
1371385481
1369711110
1445913880
1430089184
1308898706
1079226605
1687186981
2021771652
1928120172
1375476989
1449753603
2131046398
1234096491
1949647801
1286886391
1869831915
1715663879
1296340923
1200886033
1214989147
1873004407
1127024865
1646737700
1220144448
2053247940
1168547380
1132680588
1091746620
1657551871
1085499202
1154258574
1262224038
2015615505
2020109870
1449980210
1469682396
1710917730
1912799047
1084841413
1289416832
1790897276
1425720712
1674320761
1987100839
1645818684
1895790962
1550700556
1752928079
1643049048
1106306096
1209147732
1715160309
1188199209
1501432501
1442212638
1092873359
1152288355
1178096331
1394499356
1339131806
1780070516
1792735308
1307709022
1784073899
1077363395
1529556900
1824661662
1687703140
2105741993
1183994398
1123169405
1216166243
2117802500
1461455317
2056093112
1989385789
1930260346
1567626812
1749151302
1091589255
1856285875
1354792841
1534126800
1680716103
1282266134
1238971681
1170083269
1227062244
2031522031
1591193900
2046962754
1236730793
1347642143
1655915268
1668466757
1396916493
1205534616
1298594400
1355057215
1250969242
1970369717
1750825673
1184737164
1701123288
1839328146
1364348087
1787687016
1305430366
1193083841
1571504303
1398301311
1881514745
1386417053
1938581845
2065569675
1315967574
1288466343
1768450632
1355353063
1714241293
1483404686
1976349614
1476455416
1932677483
1779466231
1353483558
2077973240
1314507220
1467504455
1378555063
1257339406
1890566420
1723972789
1499009069
1772114105
1322753183
1178080594
2008124898
1256571462
1462015539
1550832744
1250427904
1127959617
2049820515
1451944134
1748798802
1777215902
1857985424
1713696808
1344859918
1542379058
1642740611
1793981644
2012065335
2007042221
1616825626
1436257920
1167275865
1827683084
1667277072
1922832685
1746494968
1773385620
1100445797
2006815615
1438184076
1527681101
1687759792
1413169223
1705296626
1463236697
1431486592
1217374811
1209676481
1322501398
1453064577
1649670997
1509237840
1300998948
1557542817
1486740839
1652214026
1076636365
1366702278
1493035467
1776041954
2120225932
1133832505
1899479614
1981133532
1940599273
1241325872
1687577248
1517826860
1956169036
1617241072
1762835823
2106031546
1553589791
1424172234
1525263964
1617568392
1162831857
1193448929
1788668978
1085086904
1552683364
1076274424
2076616748
1312845438
1180847084
1083695791
1087718058
1117554596
1468738202
1631857199
2056140322
1641991550
1976790238
1246197914
1092823002
1986257359
1976488096
1897012119
1282983722
1292727806
1197968472
1729474294
1868849953
1724111270
1922278757
1663154090
1414931719
2105156592
1452132972
1242005692
1618499997
1508734270
1675095000
1505863919
1173797100
2118205357
1733943480
1419703048
1425500400
1151363045
1308927032
1408158699
1651622331
1299148327
1217016018
2135792548
1901216931
1095366032
1156631649
1540490669
1449438871
1599729416
1524055395
1855492751
2009811858
1534945102
1641412444
1381658314
1958498048
1266806527
1174892365
1108704349
1318787567
2062623789
1905925313
1632581081
1894066233
1447147627
1804820994
1143633241
1266630277
2112552780
1275505703
2039799467
1740011501
1219256905
1346206968
1812764815
2057462194
1289882634
1523853967
1758555476
1327461565
1216235484
1460190097
1560356516
1538130184
1140057892
1966378923
2059891920
1564466908
1574160636
1421182285
1575507686
1232588928
2042783121
1715122541
1837049491
1094887640
1474655152
1524747804
1681924672
1716897626
1153591343
1605721902
1878871001
1752449687
1317201321
1303850414
1763452697
2119804192
2011763193
1960852239
1720674403
1948338518
1600409236
1679104678
1337054578
1981360138
1229359784
1309962498
1621244455
1175011963
1130615950
1869114327
1091035327
2041448660
2076736346
1586409982
1938317470
1442848396
1110951531
1596531745
1927780262
1713020135
1490844936
1272937495
1990594358
1209311393
1654517860
1421676414
1411205299
1847523752
1086729802
1160748335
1481113441
1477626217
1223851984
1239865518
1879903320
1367400981
1250396431
2114806257
1707279434
1603103337
1357405112
2122372401
1228119742
1471117571
1295346372
1241269220
1129501801
1536002599
1115061924
2095330678
1350972002
1485356020
1948678428
2042178836
1511881584
1757649050
1095391210
1260977701
1576609246
1134518620
1423643485
1436742606
1279792345
1294376999
2030420471
1151948445
1488490745
1191340229
2022715846
1891384722
1086654266
1681720096
1805186082
1587089802
1434168103
1260058686
1596556923
1676662363
1279987479
1917734036
1193851786
1558927635
1250295717
2085183737
2036564028
1631391396
1389589546
1877335112
1192869824
1596047058
1106513818
1497680902
1143727661
1863902375
1267706659
1200159003
1206806130
1372568871
1548893998
1954154755
1513876981
1080070085
1723557343
1496484923
1766738493
1248980140
2049430248
1438360326
1385315493
1641425033
1935547834
1563711553
1974574529
1530866183
1611815102
1726352158
1592899744
1492179397
2006085438
2115611970
1226756955
1408731511
1317349245
1243541581
1865601924
1812135352
1337205650
1477575860
1629339347
1579649552
1351601464
1626494175
1550077388
1094572909
2007898291
1946903343
2133450946
1520140136
1900310505
2048876321
2126262481
1463589196
1554357735
1562383386
1644937436
1560872676
1232538571
1528461635
1605042082
1909034859
1196124146
1199202220
1086912346
1687728319
1819814798
1556604918
1725533856
1538633754
1385926072
1714430132
1323042736
1960952953
1555201216
1898258456
1318951228
2127433282
1643930296
1198088070
1527032754
1143998330
1304977153
1186789213
1874049316
1877586897
1268128399
1335115833
2014683900
2032787251
1874288511
1613048849
1633462329
1994176001
1713888794
1171014874
1780208997
1735019861
1143274447
1756176107
1402619426
1257905923
1173312414
2021192546
1469128469
1833260124
1534151979
1165614083
1827922280
