0.0025760138
0.0026024934
0.018139834
0.012739072
0.0020565582
0.0007634487
0.00023198921
0.005176296
0.0019078068
0.0004916016
0.0009977804
0.011204096
0.008900237
0.020125112
0.00067624735
0.00032020797
0.0007615256
0.00031088386
0.0012059291
0.01785614
0.009364556
0.0007375286
0.010657168
0.00071696384
0.0074858423
0.00025789766
0.010587523
0.0014114955
0.0040714857
0.002365596
0.010583448
0.0018243233
0.00037876974
0.00020383655
0.00068093557
0.0006205664
0.00017853426
0.00081721024
0.0009798718
0.00051401096
0.00015274956
0.0011240459
0.0008848643
0.015391774
0.00087808847
0.0009945472
0.011167236
0.00055803003
0.022224775
0.008932484
0.009028716
0.00085990765
0.0016852547
0.0005708195
0.0007973421
0.0011119725
0.0009391519
0.001934808
0.0019946
0.016078874
0.0005278045
0.012184747
0.004334477
0.0023924678
0.00062547444
0.00037531334
0.0018007093
0.00057362334
0.0009599357
0.005406335
0.001127903
0.014636085
0.00046811978
0.012280639
0.006186603
0.0011366849
0.00032998994
0.0008174288
0.0005623235
0.004535541
0.0007041522
0.0005432444
0.0012784349
0.0007177673
0.0013020803
0.0006449973
0.0016078156
0.0101286275
0.0011703399
0.013701217
0.0015989579
0.001938881
0.00068284076
0.0003052966
0.0003247362
0.012116192
0.013157979
0.018776694
0.0012127061
0.0048293658
0.0021117877
0.01571942
0.00080305117
0.011359113
0.00055982516
0.0005945594
0.0003580351
0.00094376487
0.016940601
0.0012985859
0.01654907
0.00028811433
0.0016560792
0.0035109343
0.000491173
0.0008850543
0.0018292007
0.015570849
0.00036361263
0.00049154274
0.001567638
0.00015653629
0.009987931
0.0015492849
0.00057953957
0.0040067453
0.0010432027
0.00076055055
0.0016319134
0.00084447645
0.0010042874
0.0012516292
0.005664487
0.00041784032
0.0064009298
0.0014365921
0.0006079138
0.0055012787
0.00046927528
0.0069850683
0.007762746
0.013387758
0.00054885325
0.0007023069
0.014235052
0.0010613281
0.013320938
0.014215554
0.0007047578
0.0012107163
0.00067120296
0.000494412
0.013123881
0.0005801258
0.0011321413
0.0076170093
0.0013108088
0.0025882241
0.0013248383
0.0016928137
0.0012317786
0.0012612327
0.00077341934
0.0023960294
0.021013688
0.00084128743
0.0014118828
0.0016383419
0.00040597978
0.00034991346
0.0007067087
0.0002489108
0.0010580459
0.00056149706
0.0012943365
0.010564453
0.0002683369
0.0015216734
0.020489853
0.0020367408
0.018922148
0.0006409652
0.00050157035
0.0008939763
0.00080518046
0.015779622
0.011808413
0.00016834919
0.00021562046
0.0048356527
0.0014629893
0.02025268
