-7
-7
-4
-4
-7
-8
-10
-6
-7
-9
-8
-4
-5
-4
-9
-10
-8
-10
-8
-4
-5
-8
-5
-8
-5
-10
-5
-7
-6
-7
-5
-7
-9
-10
-9
-9
-10
-8
-8
-9
-11
-8
-8
-4
-8
-8
-4
-9
-3
-5
-5
-8
-7
-9
-8
-8
-8
-7
-7
-4
-9
-4
-6
-7
-9
-9
-7
-9
-8
-6
-8
-4
-9
-4
-5
-8
-10
-8
-9
-6
-8
-9
-8
-8
-8
-9
-7
-5
-8
-4
-7
-7
-9
-10
-10
-4
-4
-4
-8
-6
-7
-4
-8
-4
-9
-9
-9
-8
-4
-8
-4
-10
-7
-6
-9
-8
-7
-4
-9
-9
-7
-11
-5
-7
-9
-6
-8
-8
-7
-8
-8
-8
-5
-9
-5
-7
-9
-6
-9
-5
-5
-4
-9
-8
-4
-8
-4
-4
-8
-8
-9
-9
-4
-9
-8
-5
-8
-7
-8
-7
-8
-8
-8
-7
-4
-8
-7
-7
-9
-9
-8
-10
-8
-9
-8
-5
-10
-7
-4
-7
-4
-9
-9
-8
-8
-4
-4
-11
-10
-6
-7
-4
