1697900539
1324055475
1232222163
1737037531
1541036024
1943422464
1482217483
1392457378
1886972806
1674469130
1305003541
2145365309
1213250235
2059097652
1143783900
1791674873
1800586879
1204797396
1188820487
2043332933
1390982479
2056120026
1685009090
1920568492
1867708681
1540343795
1907962283
1369464264
1726441915
2113334962
1561152389
1252411577
1803272307
1854949417
1357922487
1320674339
1576277057
1944152956
1303125132
1550341104
1634020731
1234305805
1655260663
1496482953
2067585276
1871423756
1554386639
1276371723
1767610371
1541415184
2046227074
1771276747
1249141755
1947478435
1456907666
1994118627
1458719982
1252815087
1215427798
1510866694
1450166266
1735719167
1634333799
1902911451
1161997507
1578558976
1225139866
1652651762
1763554400
2043986898
1176301241
1261654043
1339388855
1160536523
1268614591
1673620368
1266353544
1423026739
1485410778
1450368021
2067752246
1800113798
1308749923
1400388437
1190702374
1978312166
1600146761
1333047486
2042651141
1998557237
1813986194
1147373748
1396847288
1219278536
1743956336
1388171823
1088600428
2114775076
1995092616
2012944456
1228715800
1494350612
1387977025
1203684265
1099512591
1179793690
1877385964
1887877225
1401195457
1456044989
1341329877
1121883047
1721665887
1521956262
1583303697
2073811853
1191738978
1360336590
1335882492
2105543045
1115169475
1550292404
1251242789
1788711162
1352162034
1582594076
1684330776
1141265441
1225393799
1561166303
1819357051
1706235108
1111600499
1665967592
1267341447
1847018358
1419662996
1296797678
1148883432
1347097287
1779423475
2097236305
1266659655
1124540647
1227407871
1351257615
1081559874
1337656545
1201277119
1123580572
1670392288
1882471582
1236813828
1718006469
2147132404
1310252649
1757039105
1108135878
1432933606
1543717974
1218968946
1791361805
1864244061
1705334167
1481243493
2024674074
1740129948
1170039879
1674886554
1814153163
1587241398
1111419615
1690539960
1841327475
1144646577
1875403200
1836666239
1155910072
2069018432
1299691819
1227171330
1720441443
1669195672
1370027787
1979745322
1668277339
1965747699
1563604756
1669056531
1534221575
1617741189
1250240971
1557096418
1507551650
1323909376
1661570724
1157698039
1415506148
1766566811
1117374866
1123552743
1257451974
2064941590
1160306939
1555044082
1127573929
2050317831
1717860370
2141024097
1588514542
1983161243
1746057371
2027797798
1763617014
1432098757
1970269794
1255110920
1387316104
1107304509
1263288955
1609566633
2001771403
1533894592
1381228668
1646644332
1976906838
1374055930
2133503506
1863033531
1316319214
1505690634
1723405154
1866665121
1518602954
1559747061
1302502474
1425112121
1805609883
1916373380
1808490109
1712524298
2056690506
1413634696
1730167425
1532739719
1170791243
1453846555
1473773341
1484638543
1190222336
2029634464
1360065264
1450051474
1694157636
1841501402
2006502210
1642139630
1666913753
1338602706
1640762131
1075048058
1515152248
1154609100
2135444528
2045712251
2066086028
1450628911
1086659406
1576750138
1490983390
1840172602
1087869936
1189526630
1810758114
1606616835
1353351692
1103676397
1512077224
1751289087
1857760072
1499791040
1229585433
1377430109
1826174979
1075216767
1079180557
1139178321
1650975108
1504866222
1239255759
1725694030
1283389666
1743545869
2114253296
1632625838
1148466008
1386383856
1087320328
1551064639
1371412244
1907503116
1610422352
2020235464
1962175244
1904080238
1105951359
1657111243
1584333343
1520074375
1813627905
1325878227
1859318456
1178360534
1378776301
1151339277
1753612748
1522123231
1354374382
2101532295
1809422356
1232249991
1136179824
1372254049
1415527019
1128248765
1804896783
1508584775
1453359561
1705748113
1580687839
1075785507
1310697902
1350408852
1884697844
1088398673
1498330055
1132708246
1310489190
1528287195
1474369909
1968989693
1152048898
1112017923
1880259234
1849098521
1083438283
1264193374
1451522894
1131633379
2085047520
1474829076
1440809008
1862602193
1560296670
1209702130
1274117633
1372226221
1520098724
1188550901
1226308654
1314301664
1469374734
1419562119
1854128482
2065087688
1692369669
1213945942
1490023315
1428321069
1869623615
1128436606
1247527715
1158522451
1408660392
1085257557
1270211238
1489104982
1811408600
1344411859
1531550060
1839379496
1123573615
1201374518
1116567846
