1697901786
1324056927
1232220945
1737037036
1541035893
1943422577
1482218053
1392463103
1886973167
1674467666
1305001691
2145371388
1213249993
2059108608
1143778794
1791675973
1800586447
1204797294
1188821256
2043334290
1390985839
2056126113
1685009503
1920560815
1867707966
1540340395
1907963930
1369463452
1726441420
2113336731
1561155248
1252418149
1803270971
1854950650
1357919171
1320673044
1576278315
1944159470
1303123630
1550343894
1634018713
1234305839
1655261913
1496481191
2067586840
1871422206
1554385464
1276373702
1767604377
1541417697
2046220639
1771275970
1249139840
1947484253
1456906151
1994118353
1458721458
1252811919
1215425802
1510865174
1450165969
1735716932
1634335051
1902916576
1161997930
1578562320
1225143435
1652655795
1763554007
2043989646
1176302533
1261653484
1339382104
1160531693
1268615805
1673626626
1266349582
1423028427
1485408912
1450374159
2067756940
1800119906
1308750368
1400387622
1190703595
1978305875
1600144399
1333049112
2042641644
1998558597
1813984370
1147372398
1396848109
1219279441
1743955353
1388173027
1088601449
2114776079
1995080480
2012943728
1228712704
1494354659
1387978786
1203683398
1099512046
1179788497
1877386570
1887873586
1401199373
1456048066
1341333033
1121880030
1721665184
1521956272
1583303215
2073812442
1191739224
1360336474
1335878622
2105550213
1115168198
1550293838
1251240248
1788712401
1352155184
1582591159
1684330980
1141261935
1225394043
1561163388
1819347518
1706228423
1111598595
1665968007
1267341159
1847022236
1419663224
1296790680
1148881595
1347096477
1779426802
2097239396
1266663582
1124547370
1227406166
1351258195
1081560269
1337652952
1201278617
1123574716
1670392215
1882477266
1236820207
1718005627
2147137509
1310253651
1757038260
1108136202
1432932301
1543714782
1218969538
1791356783
1864249746
1705334161
1481240028
2024678772
1740140013
1170045902
1674885021
1814155235
1587239663
1111421399
1690542947
1841321057
1144648706
1875409580
1836662604
1155911574
2069018952
1299686282
1227173452
1720437401
1669196643
1370032819
1979739031
1668278032
1965749341
1563605180
1669059450
1534224088
1617741747
1250241004
1557095798
1507553157
1323906759
1661571835
1157696549
1415504984
1766563460
1117377276
1123550422
1257450823
2064938632
1160304336
1555041585
1127569798
2050320857
1717860920
2141024055
1588515798
1983159961
1746054162
2027799434
1763619090
1432093348
1970266148
1255107752
1387314942
1107304936
1263288604
1609564618
2001768171
1533892514
1381229594
1646644193
1976903191
1374052543
2133503603
1863037964
1316323346
1505692454
1723402642
1866663710
1518606860
1559745259
1302500207
1425112348
1805610147
1916372730
1808488286
1712517891
2056693810
1413633185
1730172566
1532733327
1170786190
1453840170
1473773215
1484635634
1190220705
2029635683
1360066053
1450052047
1694163892
1841499854
2006501204
1642137543
1666909020
1338599740
1640761991
1075053810
1515153233
1154609941
2135441842
2045710546
2066084635
1450629309
1086662097
1576755848
1490985629
1840175924
1087869844
1189526876
1810758934
1606619969
1353351856
1103676999
1512076643
1751288243
1857769098
1499797730
1229587973
1377424148
1826179694
1075216501
1079178169
1139183511
1650975942
1504866685
1239256837
1725692840
1283388775
1743548504
2114258041
1632624865
1148468902
1386383391
1087322740
1551062907
1371411605
1907500311
1610416789
2020230144
1962173407
1904086616
1105953421
1657110545
1584332374
1520075498
1813627751
1325877696
1859325533
1178358138
1378777923
1151345942
1753612599
1522117954
1354377884
2101532568
1809425959
1232244376
1136182023
1372253098
1415524672
1128245538
1804897117
1508587917
1453352480
1705748664
1580680887
1075786285
1310692503
1350410964
1884698623
1088395311
1498330902
1132710335
1310488104
1528283586
1474372775
1968994674
1152047075
1112017063
1880260187
1849095790
1083440696
1264192223
1451521867
1131631787
2085045603
1474828116
1440808538
1862607322
1560295841
1209702932
1274120585
1372226800
1520098491
1188551547
1226309941
1314304265
1469373565
1419560885
1854132221
2065089739
1692366534
1213943543
1490028615
1428319904
1869623282
1128435188
1247529417
1158521727
1408658881
1085257569
1270211548
1489099846
1811408967
1344409170
1531553061
1839380453
1123570875
1201373025
1116562742
