0.002440542
0.0038063645
0.0008855892
0.004993589
0.00443013
0.0027934504
0.0010652605
0.0010007542
0.0054246215
0.0024068581
0.003751585
0.0015418645
0.0034878196
0.000739934
0.0008220264
0.0025753318
0.0025881396
0.00173176
0.0034175925
0.0029370622
0.0009996925
0.0014777245
0.0024220108
0.0006901473
0.0013423096
0.0022140653
0.0013712413
0.001968449
0.004963129
0.0015188414
0.0022439843
0.0009001048
0.0051839966
0.001333141
0.0019518554
0.0037966366
0.004531444
0.0013972548
0.003746186
0.0022284442
0.0023487173
0.0035483504
0.004758504
0.0043020453
0.0029719225
0.002689958
0.004468507
0.0009173215
0.0012703658
0.0022156138
0.0014706055
0.0025460091
0.0008977487
0.0013996443
0.004188276
0.0057326397
0.0041934946
0.0009003878
0.00087351864
0.002171698
0.008337799
0.0012474485
0.002349172
0.0013676138
0.0033404815
0.0011345025
0.00044025132
0.001187753
0.0050698193
0.0014690021
0.003381604
0.0036269687
0.00096260523
0.0008340666
0.0018234919
0.0012028246
0.00091011723
0.0010227213
0.004270215
0.0010423745
0.0014860835
0.0012937345
0.0037623616
0.004025798
0.0017115019
0.0014217956
0.0023000268
0.003832215
0.00073401665
0.0014363511
0.0013036988
0.0008246091
0.0040156227
0.0035051529
0.0025067388
0.0019953419
0.0015647416
0.0030397517
0.0007169257
0.0057867584
0.0017661357
0.001073983
0.0019950627
0.0017301589
0.0031608487
0.00084790634
0.0026985311
0.002713605
0.0010070329
0.0010464523
0.0019280147
0.0016125758
0.0024746992
0.0010938201
0.004551639
0.0029808711
0.0017129905
0.00195533
0.0009600873
0.00075662264
0.0016029283
0.0044567445
0.0017985165
0.002571072
0.00097178516
0.001137398
0.004842071
0.0016404351
0.003522731
0.001121998
0.00065377663
0.0012262553
0.0007988987
0.0047892816
0.00091082987
0.0013274429
0.004081211
0.00093199505
0.0016513875
0.0009681495
0.0012788625
0.0030145447
0.0009103429
0.0008082049
0.0017642577
0.0009711405
0.0031092414
0.001922725
0.0017267023
0.00080750586
0.0024010001
0.0013529242
0.00088889466
0.0012347195
0.0015431338
0.0018833416
0.010102176
0.0015928206
0.0020596783
0.0011094578
0.001752131
0.0012874365
0.0013398242
0.0049024504
0.0010645576
0.0014551235
0.00062531367
0.0008409044
0.002407458
0.0013038216
0.0022814777
0.0015975427
0.0024299645
0.0013233455
0.0016453032
0.0013478447
0.0013199975
0.0016614923
0.0014869905
0.0009340761
0.0008819616
0.0012364672
0.0011996408
0.0009846337
0.0014228256
0.0005994903
0.0014127713
0.0044950116
0.0011995422
0.0022052738
0.0011626605
0.0008985401
0.0022381493
0.0043338747
0.0019029664
0.0023883218
0.001664058
0.004069257
0.0012696177
0.0016061036
0.0016149768
0.003614887
0.002968116
0.0016678064
0.0011175983
0.0008103771
0.0014735523
0.004938462
0.0030774802
0.002283312
0.0028505684
0.0012548778
0.0029147326
0.0025350032
0.0010292362
0.0014160175
0.0018040756
0.0019941085
0.0031832515
0.0036316693
0.0023135673
0.0014386578
0.0011023986
0.003970723
0.00473373
0.0014207875
0.0019750453
0.0030666704
0.0013389533
0.00094603305
0.0021642628
0.0012385983
0.0026831182
0.0010914129
0.0011209788
0.00093609845
0.008193752
0.0025953606
0.0055091386
0.0012997488
0.0012307755
0.002956265
0.002031938
0.0012434638
0.0011015655
0.00084143644
0.0010448655
0.00847353
0.001066998
0.0017108078
0.005834744
0.0019549413
0.004168572
0.0012175846
0.002646948
0.0007210297
0.0023603872
0.0011979967
0.0019240859
0.00471682
0.0007726342
0.0010889308
0.0033192427
0.0015347282
0.0014702389
0.0059395265
0.0041702315
0.001561954
0.0011332042
0.0021431234
0.0013225225
0.00312738
0.0017098105
0.0013013807
0.0023093347
0.0019452904
0.003172822
0.0043468787
0.0012586395
0.0006675833
0.0010778949
0.0017673938
0.0009899458
0.0013124635
0.006182009
0.0015511967
0.0008187238
0.0023730914
0.0043261517
0.0017812917
0.004960977
0.0073789055
0.002506154
0.00075975177
0.0046934276
0.0016507943
0.003985539
0.0015629036
0.0022294777
0.0039424985
0.0027418162
0.0011573961
0.0014519263
0.0056408052
0.0013684547
0.0015896831
0.0023819092
0.0022772988
0.0043698736
0.00521377
0.0019057994
0.0006681426
0.0016937567
0.003963675
0.00082746486
0.00252062
0.0010939363
0.0009733826
0.0060414313
0.0013004227
0.00088560604
0.0016331333
0.0019724588
0.0010173284
0.0016217255
0.0051886714
0.0021684247
0.001044515
0.004903642
0.0011360251
0.006185285
0.0009419862
0.0019410632
0.0054180827
0.0015644453
0.0021536814
0.00081407157
0.0037673572
0.002196735
0.0021192443
0.0014151037
0.00082796876
0.00079919945
0.0013513308
0.0026578663
0.0007786618
0.003634267
0.0020863987
0.0032531857
0.0029970175
0.0042397976
0.004141999
0.0013386438
0.002242749
0.0017388113
0.0009157022
0.003944842
0.0043699397
0.0068336343
0.003525364
0.0018891639
0.004224117
0.0010202292
0.0013325528
0.0029683332
0.0024325857
0.0017449067
0.0010708739
0.0020530485
0.010749489
0.0016219981
0.0017931826
0.0033304882
0.002024788
0.0031198703
0.0036515712
0.0010702064
0.0052073915
0.0019324363
0.0022014345
0.0052878032
0.0016150062
0.001726838
0.0008024664
