-52
22
34
5
11
-99
-80
-127
-9
9
-60
-8
-12
-6
-59
59
-23
113
3
-19
-59
39
4
31
6
-30
0
-6
127
-4
-22
7
37
-6
-5
-127
-30
80
-8
-14
4
11
6
-32
-71
-22
-6
-27
-86
49
19
96
19
-53
-57
-44
66
-30
44
-23
-2
-47
-81
91
45
127
-55
-101
-95
-57
27
-76
-4
17
-1
-5
34
3
12
-17
3
-6
18
19
-4
-127
-4
-2
-3
1
-11
-25
1
29
3
5
20
-9
0
-5
-127
-5
2
15
27
-8
-3
118
-20
26
-27
-9
-6
23
11
-38
-13
-6
5
-5
-10
4
-10
-34
-6
-32
19
-6
-1
-8
-8
-12
-7
-12
-14
-10
-6
5
3
-10
-22
6
-127
-58
-30
-14
3
-55
32
29
-75
50
-28
-48
24
4
10
-10
-18
-68
-52
67
45
24
-46
127
-25
68
47
73
-19
59
-12
32
59
12
28
-17
53
-115
-64
36
-120
-33
-18
127
-21
-71
-114
-23
-41
-79
9
4
-24
-7
-33
16
3
-20
8
-7
19
-4
127
31
6
-8
-2
-14
-22
-34
-82
3
-2
-4
-16
-18
-9
51
-15
-18
-16
-32
-8
127
-1
-21
-20
-26
-17
-99
-99
-3
89
-56
-18
-3
-9
34
-33
-16
-13
127
-25
-45
21
-38
-16
-27
47
-19
-24
-18
-19
11
-6
-50
-22
-27
-10
-27
-12
-41
-34
59
69
21
-35
-56
62
-127
-18
-59
-67
-37
-14
-36
-16
-12
-72
2
-107
-45
-51
8
-125
19
-21
6
10
3
46
2
-13
-30
-12
-15
9
91
30
-127
-11
-5
-14
-32
-8
-64
-84
-38
-6
2
72
68
37
-48
-22
-86
40
24
-30
-55
127
-38
95
22
-80
-50
63
87
-75
-41
-13
-16
-26
115
97
20
-44
54
-10
66
-63
-9
-18
13
14
-45
127
-29
-57
6
6
-55
-74
-33
-97
96
13
69
-32
68
-78
11
-30
-90
-29
-15
30
12
-8
-35
-65
-37
24
-75
35
-113
-48
-39
-60
-2
-4
-127
-11
-74
-127
14
-4
-7
76
9
53
60
72
-10
-28
-9
-25
9
29
-29
40
-31
-17
-11
25
61
24
42
27
6
25
51
49
-29
-24
11
4
8
-127
36
23
16
-21
-5
49
78
81
31
-12
68
-2
-98
18
54
3
127
81
45
-9
-33
-54
0
-3
-12
-7
18
-4
-5
7
-15
-11
15
-6
66
9
-14
-44
0
-33
-87
6
-52
9
127
68
-42
-36
-32
-27
-43
31
-46
71
-46
-35
-40
39
29
96
-14
29
11
-127
-18
44
-1
29
0
18
-45
6
117
-4
31
65
-26
7
40
-26
42
41
21
24
-3
14
37
-39
30
23
18
23
-13
25
31
23
-127
-53
17
-14
16
-38
-83
0
83
10
8
127
-14
86
84
-3
2
-41
73
-25
-10
6
-17
28
-13
-50
13
-10
58
-39
-55
-17
22
24
-20
45
-108
86
-56
68
-33
18
35
-19
-15
111
68
44
36
-127
45
-7
-32
26
48
48
42
-71
-105
-8
75
6
46
-50
89
48
-20
-8
-9
17
-127
58
48
-122
25
-21
57
-40
-95
-14
-55
-2
24
-74
49
89
-68
-8
35
15
-72
111
-96
6
-8
8
-8
-33
127
-115
71
-73
-16
-18
9
-108
-105
-6
-37
-5
-37
-13
7
-32
-14
-21
-38
6
-22
-127
62
-60
4
-20
-15
-8
-97
-113
-47
-9
-49
56
-1
-37
-5
-48
-17
0
-25
1
9
29
-53
50
-77
11
-7
-2
11
-52
-47
-36
127
-1
-11
-40
-5
19
127
-14
21
7
-22
-19
9
36
-14
-20
-15
1
-3
1
-19
14
-27
-10
3
-14
9
19
50
33
55
31
45
-46
-20
-20
-25
45
-47
111
-127
-56
-7
-4
-20
-10
-110
-44
32
-12
72
127
-21
-31
-19
-31
73
17
-50
0
-41
12
-39
22
-40
-19
3
4
58
-39
35
-25
-47
-56
-4
41
18
-7
-21
-54
41
-43
-1
45
15
-20
-3
4
-35
-127
-7
-8
16
-28
-71
25
-59
-15
-24
9
-5
-26
-48
12
69
28
-127
10
-6
-4
15
17
16
-28
-11
-9
8
18
17
35
4
-11
-76
-13
-21
92
-9
-46
8
-38
-54
-44
-127
80
-65
-90
-87
-74
-99
-23
-115
-43
-30
-121
2
-60
-92
-43
51
48
-49
2
-18
5
-49
67
66
11
-4
-11
-8
-72
-90
-27
-26
15
-39
-7
7
-51
-127
4
-7
-57
20
0
-80
23
-62
-24
-100
-1
0
-3
3
-20
127
-29
33
-25
10
-31
-2
102
-10
23
15
0
7
14
11
-1
6
-2
-3
-10
127
-59
-91
-22
7
-5
31
10
-43
45
-49
1
3
70
24
-19
23
5
59
-13
5
-20
-18
-32
-80
-76
-116
-122
-14
-38
127
-13
-33
61
-70
-27
22
-78
-33
-3
-44
-2
-37
8
-81
3
-14
4
13
-28
13
127
9
-11
-25
4
23
4
-22
-39
-28
8
-9
-60
-75
-9
12
4
-7
-7
-51
-31
-17
-6
-21
-30
1
68
18
-30
-21
-20
-9
-127
-58
34
-33
10
5
14
2
-127
10
14
-49
62
0
-15
-10
-81
-3
-4
26
-39
-47
1
1
-20
42
29
4
10
18
72
-12
0
18
-11
-12
25
105
60
-127
-7
-9
1
8
-2
-63
-72
-40
-2
5
25
14
6
5
3
32
26
-25
3
-5
-1
9
-127
4
-1
-12
3
67
-8
-27
50
-25
-4
9
-5
26
-2
11
-30
-17
37
-38
-5
-24
30
-22
-32
-17
-69
-28
-13
-127
-13
-2
-28
-12
-17
-35
-4
-4
-2
17
121
17
9
-25
-13
-19
-13
-127
-55
97
-21
-13
-15
-17
-14
-39
-36
-1
-13
-8
32
7
14
14
-28
24
11
11
7
-21
-1
-80
9
127
-49
-7
-2
41
0
-39
-53
-52
-2
10
8
-9
-55
11
2
-8
3
-7
-127
-4
-7
-2
-15
-7
2
-3
7
-7
-32
-5
-8
-6
4
18
16
46
100
59
-46
9
-1
59
25
-9
4
-11
93
84
40
55
2
-22
-1
85
-42
-127
3
38
-63
-56
-105
-35
-41
-7
-89
1
-34
32
-9
-42
-87
-49
55
-38
-20
-73
-42
-37
-31
-5
-5
-127
-63
7
-126
82
-19
127
25
-70
14
-36
61
-21
5
-13
-4
54
-50
51
21
-5
6
-46
13
-16
34
9
-35
12
-74
-127
-14
-102
-28
30
73
-33
-32
-116
-56
-38
-1
-10
-61
-73
-54
-26
-16
27
-75
-23
-3
-30
-27
5
-5
-78
18
33
80
-41
-28
-40
-51
16
-127
97
34
-90
-76
24
42
-50
127
79
1
35
9
-21
-118
56
26
48
-31
-53
-5
-79
-34
35
-19
46
-11
-31
-30
-81
-14
3
-91
14
4
9
127
-5
-37
-32
-29
-23
24
2
100
-117
13
13
7
-19
6
75
-25
47
4
-1
23
0
-23
57
2
14
-127
32
4
14
0
-3
12
-4
12
8
7
76
9
-20
-6
-8
-7
-76
14
-23
-7
-4
52
-4
-35
-1
-18
-3
3
68
-37
50
-1
4
-7
-15
0
-127
-61
-26
0
-38
19
-11
11
22
1
-11
-29
-23
-1
-10
28
-4
29
-7
-127
-25
7
-2
8
41
38
21
-8
-15
103
125
-69
97
-63
82
97
-47
104
-116
-71
-34
-13
-84
-118
-104
9
-2
-84
-127
-68
59
42
5
-87
-47
65
-41
47
-123
87
-127
15
-60
126
-31
-81
-33
107
-9
-16
2
-4
-2
9
22
-26
-34
35
15
2
17
32
19
-2
-16
28
-6
10
-60
-49
31
-61
5
7
42
-7
-60
-27
-127
-8
-7
-14
3
-13
-1
-4
-10
-7
13
15
4
-2
-6
27
3
5
0
-1
-9
-10
-127
68
12
4
5
76
47
-21
7
-29
-1
2
-7
-13
-10
83
102
-38
-127
-98
-40
-30
86
-7
-90
-32
-41
-48
4
-127
-30
1
-18
-13
14
-7
-84
-34
-15
22
-12
-21
-10
-20
0
-4
-66
5
-47
-19
1
-10
-77
41
12
-85
33
-28
-4
-99
-9
15
-32
-61
-36
7
-54
-66
8
-59
-127
-57
-84
-102
4
-7
-61
127
17
-10
23
2
14
-23
20
9
-6
35
-4
86
-9
-85
-3
3
29
-22
-41
-106
29
-6
6
22
55
-5
33
2
39
-52
8
-127
-52
-6
-62
89
24
-51
6
-11
-51
-25
47
-98
102
8
59
-64
65
72
23
-35
-55
90
-32
86
38
-13
-67
-39
14
38
68
84
64
62
42
-35
127
20
-109
-39
-48
-13
64
-26
-127
-55
-49
18
60
-88
-34
-30
-37
10
1
10
-24
31
0
-39
15
-67
89
-6
-43
-38
-9
6
25
12
12
-1
127
47
3
4
3
-2
-79
43
14
-12
6
-5
-14
-85
14
-41
-18
93
-43
-44
-127
39
12
-18
-5
82
-77
-64
-70
-24
-20
-4
16
-58
-95
-70
-6
-21
-62
114
-1
-16
42
-41
-7
15
33
-16
-30
-6
-42
31
-30
-127
3
-13
-57
-34
-49
19
-59
-15
103
4
21
14
8
-13
19
6
-13
-7
-3
1
127
20
-77
2
6
10
-33
8
-43
-30
-42
5
13
7
25
34
50
81
27
-72
57
30
-31
86
38
-101
-23
-32
-4
9
91
19
-107
120
-127
-19
-65
29
-78
-35
-8
-46
-121
93
-30
97
-10
98
-102
-40
39
-127
-74
-25
50
-114
-66
-98
16
36
22
-3
-58
-40
102
-68
22
22
79
44
-30
-42
-92
-27
-83
-56
-67
-39
-50
-24
-82
-36
-18
-29
127
-127
56
36
-83
20
61
-17
-5
63
-1
-12
24
-3
22
-11
-18
-62
27
-47
2
-4
26
2
-91
-113
81
-8
52
31
40
-45
48
-75
-100
71
55
68
48
-9
-21
-48
49
-41
66
-41
127
-24
-83
60
-36
-68
-45
14
-127
29
-92
-20
-18
15
-17
11
-79
-107
22
19
18
-32
-47
-52
3
50
-23
-4
5
-2
24
-12
-9
-13
-11
77
70
-6
-17
-13
-15
-11
-31
-127
1
3
-22
-11
-3
82
24
127
2
-13
63
-9
-20
-79
32
13
28
20
-73
1
-23
-110
6
13
94
18
-50
52
-20
25
-25
44
31
-37
-11
-100
127
52
-103
6
-65
16
-68
59
-47
8
-20
19
-18
36
37
109
58
-59
14
38
1
-19
31
16
21
0
28
60
-47
-8
-127
-63
-45
-96
-11
11
55
-1
-32
29
-31
-16
27
-10
-29
-77
-6
-5
33
-4
1
-18
-42
98
0
-9
2
-15
125
-34
27
-81
-3
4
-24
127
82
-1
23
15
5
86
3
29
7
-9
-16
22
-127
0
-7
-22
-14
5
27
7
-19
-4
-23
-1
2
19
6
8
14
-8
28
-29
-17
-9
-14
18
33
-79
-90
-127
-10
-29
67
12
-50
52
-50
-30
17
43
-2
-24
-10
-21
51
-9
46
-40
-22
18
-32
-80
-54
-1
5
20
-96
-1
-61
-127
-29
18
-53
21
-4
-10
7
-23
23
-23
8
2
-2
-12
-74
-78
-47
-127
-6
-9
88
-8
5
37
-40
-6
6
127
-14
-1
-1
17
27
24
-48
3
2
39
13
39
8
-58
7
-6
22
-5
16
10
6
-5
-24
114
102
107
50
23
53
53
-26
-34
-32
111
-20
-32
-56
-92
-82
12
127
-47
40
51
-34
-35
45
52
-3
-36
52
6
35
-17
21
14
-19
25
-127
-71
40
-96
-10
-34
115
-13
-41
-43
-29
-18
-16
23
10
-49
6
11
1
47
12
9
-35
16
-127
-19
76
-79
-44
-10
115
-20
-32
-47
-33
-37
-35
29
92
40
19
-48
-79
20
-74
50
6
26
-31
35
-17
40
-11
-12
-18
-127
-81
29
-5
-33
-86
1
-11
-5
-1
98
15
-13
0
23
2
2
-127
38
84
-4
-3
0
-28
-8
-35
-95
16
-1
-3
-4
-4
-57
20
26
12
-127
-3
29
29
41
43
5
45
-31
-3
13
39
-12
-55
37
9
5
-11
-68
19
-10
-2
-25
42
51
-113
-18
-19
-32
-20
-127
-33
38
8
-5
-38
-10
34
-18
-14
3
-18
75
34
-13
-22
-1
-109
-10
53
-14
-12
-27
-18
-13
-25
-127
-4
26
16
-48
20
-52
101
-4
-23
41
-88
12
-52
0
18
-10
30
10
39
-24
-27
-29
-27
-9
-63
-127
-31
18
-45
-36
-4
-8
-26
52
11
-25
4
-13
9
12
-17
0
-12
-5
-85
106
127
-33
-13
-7
-21
-16
-68
-95
-27
-4
-15
-30
-17
-90
4
51
-35
123
-31
-7
-43
127
38
85
-112
-119
109
45
49
24
-61
-38
14
16
-26
12
-20
-4
-1
59
-13
7
-12
-3
-18
-16
57
-49
31
-24
-3
-15
-12
-12
-83
-127
-44
-13
-38
-12
25
-37
-47
-60
11
-44
-29
8
-127
-49
-49
-40
-55
-41
-38
11
-34
-87
-44
-48
-5
-37
-121
-127
6
68
18
41
-10
14
-14
17
29
14
32
107
41
61
58
24
12
89
32
-100
43
42
6
1
-15
-64
-95
-2
-47
-18
3
-23
-5
26
-6
9
-1
-21
-47
-55
127
-19
1
17
38
-22
29
-28
-105
-16
-96
-7
-9
27
-96
-41
66
-85
-27
-46
-31
-14
-127
-11
-37
20
-71
-45
1
-25
-30
-127
8
-32
-11
11
32
12
-43
-6
-28
-38
19
-5
10
-17
-7
2
-14
-15
18
-9
-11
-3
-20
-36
-46
-34
-106
27
-113
42
-2
21
-23
-12
9
-127
-29
-122
-88
-51
-47
-81
-100
-97
-35
-88
-58
-4
-35
-9
-8
-38
-27
13
-58
7
-22
13
-40
-16
-35
10
-21
1
-49
-5
-15
-13
-17
-4
127
-58
-47
-28
127
-16
-38
15
-29
5
-66
68
-1
-19
-3
11
-60
-8
33
-30
-4
-20
-40
-65
-63
88
-75
127
-110
-10
-7
-94
-57
43
-47
23
-4
42
-3
-65
-82
-51
117
53
43
-12
-36
-31
2
13
88
-21
24
-58
48
48
-51
17
-13
-15
28
-38
78
-75
5
-30
-6
-48
-127
-38
-17
7
-30
-9
-25
14
-18
4
1
-28
-8
-18
-20
11
-59
-36
9
-43
-2
-4
-9
-18
-127
-56
3
-7
-21
-39
-91
-44
-50
-13
-16
-97
-69
13
-86
-55
-21
-52
-39
-54
-8
-127
13
74
-23
-13
59
-23
65
-13
63
41
-19
-32
-62
-61
37
-13
-91
44
-17
-46
-14
-40
-39
-15
-102
21
119
-122
-24
-12
-127
-61
-4
-78
-29
13
32
-6
-45
-19
29
36
38
-8
34
-6
21
12
-9
-127
14
-25
55
54
14
-18
31
31
24
0
-4
-3
-35
103
-31
-24
5
-2
6
-8
-49
8
4
-127
12
2
-13
20
5
-127
-15
52
-17
-30
-13
41
-36
-25
-3
-13
-28
-1
-24
35
-18
-5
14
-19
-9
-4
34
-33
-20
-127
42
-43
-60
-19
71
-3
58
30
-118
-60
-25
-32
-34
18
-1
37
-29
-14
28
-74
-78
17
-94
-127
-9
-7
25
-17
-4
-22
-65
9
-10
15
-5
49
-11
42
2
-14
5
-30
-27
-65
6
3
-11
-19
16
88
-42
-10
-63
10
88
-16
9
127
-28
17
0
44
-15
64
45
-23
-34
59
95
32
-59
-58
19
96
37
-64
-31
42
-63
-60
7
127
3
14
-11
9
-16
-18
0
-17
-96
-109
13
-47
-15
49
-15
-16
-21
3
-10
5
-5
-13
-11
43
-15
72
-12
31
-20
-21
-29
-31
-44
-22
127
17
-17
23
-127
-22
-15
-5
57
33
-17
11
-19
-66
-12
5
-18
23
11
16
25
11
-5
-23
-6
2
14
-23
-22
-3
-3
-31
-37
-79
-76
-9
-12
-21
-48
-127
-43
-15
-7
-2
7
0
-74
45
-85
-10
-79
-72
-26
-107
28
-24
-19
-6
-101
47
44
42
-21
-16
-20
-46
-124
-127
-18
28
-3
-22
-11
113
108
44
-44
43
-26
-47
1
50
-127
-10
-36
46
-66
65
-30
30
-20
-48
122
-43
-70
-70
-89
54
-20
48
-28
42
127
11
-110
-28
-6
39
-67
-62
-8
3
-6
-8
-61
-33
70
33
2
-51
-15
45
-37
30
-41
0
-16
115
4
-41
22
43
-10
16
127
-98
93
-24
-1
8
8
10
-94
-124
30
-2
-50
127
30
54
6
-18
35
97
41
3
-6
10
-20
34
-8
-66
-39
1
37
20
-32
-66
-43
13
52
12
11
14
16
107
17
-19
4
11
-2
-20
-127
-91
71
-36
-1
-10
15
0
-11
-13
-102
-2
6
21
10
-34
18
-49
11
12
15
37
7
5
-40
23
-44
-107
-6
40
-2
-25
-67
-127
-29
-72
-47
21
125
-38
32
67
-56
77
-67
-1
0
-7
-24
-127
22
-99
-32
-43
36
-17
-78
-57
-5
-2
-62
73
4
-15
11
-14
13
8
2
5
-21
40
27
42
-127
-112
-16
-8
47
-15
-75
-9
23
-28
-9
-68
-37
7
-97
-27
-27
-2
53
51
-83
90
-85
18
-107
127
-18
19
-29
73
-69
-9
-13
49
-32
-22
-21
15
-36
3
-67
127
58
0
-3
0
-6
4
-8
-9
6
-7
-11
12
0
6
-27
3
-6
58
82
27
38
-62
66
14
70
-127
-28
19
37
121
-7
-94
26
2
64
-18
95
14
80
15
103
16
-15
28
53
0
-110
-22
-113
-32
-5
49
-13
4
6
25
-91
21
-59
3
-127
-8
-52
10
0
13
-1
-2
-2
-91
-8
6
8
12
-4
-9
127
-34
16
-14
-3
2
37
7
-34
-10
-72
1
-4
79
2
-31
22
51
49
57
-32
40
15
51
3
105
-120
17
20
17
2
-50
-14
10
127
33
-41
101
-5
-54
-72
-51
-78
-41
-32
-127
46
22
-60
-6
-54
-57
27
-21
-37
-66
-79
-32
-79
-17
22
104
-48
-64
-6
-39
-127
29
-26
-78
-55
43
-22
33
-18
-76
34
-41
32
-6
-74
-63
-14
0
7
-106
-120
55
-86
-20
-19
-71
-76
73
-68
127
-22
-15
-28
-64
-44
9
27
-85
-5
-38
-24
-2
-17
-26
14
45
1
-27
71
-24
-1
37
-107
-29
-34
-18
-25
-21
127
-109
-24
-12
-44
-5
-16
110
-48
-65
-64
102
61
-31
-51
-41
-73
-42
-26
55
-26
-25
-25
-30
24
76
-91
-81
-23
-53
2
-32
-127
49
81
45
-18
-13
46
-127
1
5
-30
120
-2
53
6
-72
23
4
101
-19
5
67
-28
70
19
-6
-48
3
37
-37
-47
32
-21
-39
-43
-4
-32
-28
-23
-21
60
-3
16
-127
-12
-71
-12
-14
-85
-14
-69
61
-27
13
-46
-6
-58
-15
-35
127
14
-47
-24
67
0
-2
87
-8
9
45
14
-49
-17
-16
4
-10
-4
-127
-25
-8
18
-2
-9
12
44
43
-77
-20
-6
0
30
-5
-33
34
38
-3
-22
14
9
40
18
-1
41
-9
-2
5
-9
36
-87
-120
17
-127
-14
-4
66
6
16
29
-26
-16
26
113
-34
13
21
10
-17
112
-77
-53
-1
68
1
17
-6
-24
-55
-69
127
56
-33
-37
14
-106
77
-70
56
84
42
123
103
61
-127
-65
-35
80
-15
-13
-108
62
36
3
-24
46
-39
-82
-99
-34
105
-30
7
-23
-28
-38
26
17
-14
7
-10
5
-73
107
-44
28
-5
3
-22
-29
-25
-54
127
-9
10
-14
-18
-53
-31
-10
-55
56
-87
44
26
-58
-23
-34
-16
-76
74
-127
94
-43
-20
-18
-7
-20
-4
53
24
24
30
-51
20
-20
30
-21
-3
-9
-79
-5
-45
-91
-17
-17
121
-29
-127
-27
-67
-39
35
29
-43
8
-57
-52
0
-70
-60
3
-17
27
-97
-69
-94
-94
-50
4
-5
42
6
127
-48
-39
-18
21
8
-16
30
42
2
-31
-28
22
-13
25
34
-41
-127
-23
1
-1
35
-17
-47
52
-24
-5
-10
-127
0
-38
20
-26
45
-25
-28
-1
-15
8
-27
-9
-6
-8
19
0
-24
-5
-14
-9
4
10
5
-1
0
34
3
1
-26
-14
-14
127
9
-28
0
2
0
-7
10
-4
6
-2
-4
-10
1
-3
4
35
-17
-9
-11
-8
2
7
1
-4
3
-17
-9
52
-19
-127
-5
-21
95
-17
-60
-107
-114
-4
-18
-41
37
13
77
-93
-67
69
-55
-17
65
48
-91
-75
-83
-75
8
-15
-17
-127
-116
-100
-58
33
9
24
-11
127
43
0
-55
17
-60
3
30
3
-5
62
-35
57
28
-77
-29
-24
16
-7
13
22
-61
-50
-81
-20
17
-18
0
-23
-85
12
60
19
-25
-17
-26
-30
-127
-51
-26
-110
1
9
-15
14
-37
-6
-49
-116
29
-94
70
22
-17
-4
-18
-35
-114
32
-98
104
-21
6
24
17
107
127
32
11
51
-15
-42
-22
-33
-62
-127
-15
-10
-2
1
-25
-50
10
-85
-44
5
-29
-76
-42
-18
-7
-32
-8
-27
-1
3
-7
7
-52
3
-3
-1
-5
-1
-11
127
-10
-34
-24
-5
-1
14
-5
-36
12
-8
0
-15
127
70
16
65
-63
80
-92
-59
36
29
-31
-80
-60
-65
12
14
25
-105
-8
-9
-81
-34
24
34
39
14
17
65
0
21
9
51
11
-41
25
-127
28
113
-80
0
-21
56
-30
-20
-48
16
-7
-12
105
112
117
-79
-6
11
-96
72
-86
-61
53
-3
127
-52
-112
-45
-122
78
34
-107
-113
-18
-59
22
-100
-37
93
32
17
29
-127
-13
38
-53
125
-17
76
2
-113
20
20
53
80
74
95
86
-15
34
22
17
23
20
18
6
2
-3
-3
-21
20
99
16
-127
-24
-5
6
5
-2
-72
-52
-87
-3
6
-49
10
127
-5
27
-50
53
-26
25
40
12
17
23
-22
9
-33
-5
11
45
-9
6
-41
-58
-89
27
24
14
13
-23
6
31
1
-1
-9
15
-127
-48
15
-9
-11
6
29
-8
-61
33
10
21
-14
98
8
34
39
-40
71
66
127
30
38
-76
-83
15
-88
1
-15
23
125
14
-61
-61
-54
8
-23
104
-4
24
17
-48
10
-26
13
28
-43
16
-53
43
-51
-127
-26
-16
3
-18
69
-33
-18
1
8
11
-9
-30
5
0
92
-3
92
-47
21
44
-39
31
-35
-98
-24
-17
104
33
-70
-127
59
2
16
-17
42
27
39
127
27
-10
-11
9
-12
44
-8
-11
-105
-36
2
-17
-41
5
41
3
116
-11
63
36
6
-16
40
81
35
-17
30
-26
-7
46
78
19
-127
-106
-9
-12
54
-10
42
-17
-46
-10
54
-37
-1
-56
-6
17
39
98
-75
-4
-71
45
59
-127
16
2
-32
-41
39
-21
-68
10
88
-48
25
-16
28
46
-15
-51
-102
-16
-88
-9
11
58
-53
-44
-52
-56
-6
-34
11
5
-74
-69
-29
-127
-37
3
44
127
57
13
-101
-24
-69
-32
-58
-127
10
-3
7
28
-72
-9
98
-126
-35
-73
-13
63
9
-95
-30
95
-127
45
117
-100
-48
-30
16
-1
40
13
13
-60
86
12
-5
95
97
20
-12
-58
-47
29
94
73
32
7
24
-15
-18
-9
0
86
-60
16
-31
23
-4
37
50
-22
127
11
-5
20
0
35
22
-23
8
21
34
-36
22
15
-20
-11
-127
30
34
-112
2
3
14
2
-61
-43
-12
21
15
0
36
5
12
-56
46
-10
15
-25
-3
14
30
11
-64
-127
-3
-15
70
-4
-7
-44
12
-4
-3
80
41
66
37
-74
-24
-70
-59
-33
-58
-127
-44
27
26
-23
-24
-93
-41
-36
36
-13
24
-68
-24
-79
47
48
-19
-5
-15
-24
-4
-14
5
46
-19
-15
-11
18
6
-23
127
36
12
7
95
-2
-13
-65
71
4
-11
31
21
-68
62
46
17
-14
-98
127
-28
-116
-69
8
13
-20
-20
26
-22
-14
-53
-7
-13
-42
-2
-31
-97
23
-25
45
-127
31
-30
2
13
-66
18
-1
61
-63
-45
-25
4
-13
15
0
9
9
9
-122
5
21
1
-18
-2
2
75
-28
127
-28
-3
-5
30
11
-38
-31
-33
-2
2
-103
-1
14
-4
-95
18
11
-43
-14
-28
52
45
71
66
50
-15
-22
-56
-9
6
-83
127
-39
10
-127
-3
-25
9
-34
25
-44
-52
26
-46
-1
-38
-28
-43
-50
-28
58
-9
39
61
-27
26
-34
-21
-77
116
-79
-80
-59
-53
20
-127
-23
-45
-10
-60
-56
-43
-4
24
-51
-113
-65
-69
-53
9
50
-77
59
7
15
70
127
33
-34
-20
30
-20
58
-9
53
41
59
71
-22
29
-6
-53
3
89
22
-1
-127
4
14
4
-12
37
13
-36
-3
-28
7
13
-17
19
-46
-13
-6
-9
9
-1
42
-8
-24
4
27
23
-27
1
-27
9
5
-31
9
15
12
-20
127
5
-50
10
-5
-59
-25
0
-23
-3
-9
3
-111
-43
38
-46
1
-106
-10
-127
51
16
-55
-34
14
-40
-4
10
-27
-1
-3
-37
-6
17
-55
21
-77
-50
40
-12
-14
-12
-8
-50
-23
20
118
-3
-19
14
-18
52
45
65
7
0
-9
-27
19
127
-34
19
94
-121
-29
-5
-72
-30
-11
27
-7
-52
11
-48
-77
-68
-65
-43
17
-23
-13
-23
-8
-127
127
-2
-31
-5
28
61
-40
-103
16
6
6
21
-2
13
-13
-1
-4
43
-18
-22
1
-38
-6
1
87
39
-40
7
22
33
-40
22
-36
-25
0
-19
82
-60
-120
-30
-35
18
22
-6
-127
-21
-28
34
-14
-44
16
24
2
-127
62
-25
-35
-49
65
-25
52
-27
-16
-23
24
75
23
10
-10
-31
-36
-22
48
-8
-27
8
-38
-50
-107
124
85
72
-111
-52
-49
-46
-63
-12
40
-10
-127
-77
-73
-11
28
57
-13
14
10
8
32
25
9
-10
-1
-8
-7
-105
8
127
0
-1
11
-37
-6
-20
-85
-43
-4
7
55
54
1
73
-35
-42
-44
67
37
5
15
-38
-17
-28
-17
18
3
-66
-46
-33
-21
-31
14
127
-18
19
53
-6
-127
28
23
-11
-8
14
26
-30
-35
86
9
-3
-16
22
13
57
-44
8
-9
1
82
-36
36
-9
-109
-10
-3
-10
-2
-26
42
-20
69
20
-47
6
-34
3
-36
-73
-127
123
-28
17
-74
24
51
25
11
-51
12
7
-24
-24
78
19
-57
21
-127
-25
-10
64
22
39
-54
-8
-8
-46
-34
-3
-30
-1
-85
6
-76
-31
-33
-22
26
-109
16
-127
-28
0
-5
-27
-30
-23
-18
-49
-5
-10
-9
-1
-8
2
35
1
-2
11
14
1
-3
-127
9
-15
-9
-2
-1
0
-5
0
-10
14
-4
-7
-77
-30
-69
-14
-23
-64
16
90
-4
5
-52
-22
14
-21
-127
3
2
10
-34
20
-12
11
-2
1
-50
90
-60
58
-25
127
-27
74
-6
-34
15
-23
-40
-33
-66
-66
-8
97
-35
-75
-13
66
3
116
17
8
-1
-2
-40
41
-27
20
2
-5
-5
-11
-4
26
-127
-19
-11
5
4
-26
-13
-30
-13
3
31
-1
27
-2
-127
-3
55
-28
-7
-5
90
1
-4
76
44
-8
1
80
-9
-23
46
2
15
-86
-77
-19
94
-42
-4
5
127
-38
-14
-23
35
7
40
16
42
-33
2
69
22
-24
51
4
5
19
17
5
16
1
-127
-1
-27
-10
4
-26
15
3
-37
-13
-44
-6
-17
30
-13
-15
10
6
-15
-9
-41
127
33
13
-101
-87
-37
-55
1
3
64
-89
-71
-44
-103
-101
19
-33
-82
-31
-119
17
-64
-119
34
45
10
23
-4
-1
68
-15
10
2
-20
-127
-26
53
-20
0
25
11
-7
-16
-23
-58
24
-20
-15
-44
-127
-10
-30
-46
18
-1
6
-19
-19
-24
-9
3
-36
48
57
19
53
-19
-40
25
-66
-6
33
-18
-17
-3
-46
6
-18
35
-1
7
5
-55
-100
-37
-127
-12
-13
91
-3
28
65
-46
-14
5
60
-2
-81
25
-8
15
6
49
-127
-8
18
-10
-31
-16
-30
-33
-22
-53
-50
0
-12
17
5
47
48
16
-5
14
-127
4
22
10
3
-20
8
-9
-57
-9
-46
-20
-2
30
-9
-31
19
39
-9
31
35
5
-10
2
53
46
-24
12
5
-8
-4
-5
11
-67
-127
-17
-24
-6
-9
-43
-27
-30
-17
4
7
18
51
10
36
-21
31
32
-5
-11
42
-6
63
-127
39
23
-4
-33
-1
-2
-7
-26
-15
-14
30
-43
-46
-28
-19
-100
7
-70
-30
53
2
-63
-85
-63
-127
69
7
81
-64
-74
-34
0
-26
-35
12
-2
8
17
127
-8
13
-5
-6
-8
-2
-75
-33
26
-28
-10
-4
17
0
-28
-43
-79
-11
2
-7
1
4
10
-10
1
17
-21
26
122
-25
-13
-1
-12
-5
-79
127
1
14
-8
-7
8
-90
27
25
0
0
0
-64
-5
-6
-4
4
-26
12
9
-121
-33
-127
-18
-11
60
-16
-49
82
27
-32
-7
-52
-29
-15
15
-48
6
5
-11
28
127
-9
-60
-60
-74
-20
-96
-71
-85
38
-85
-61
-20
-1
-83
127
2
-32
-1
1
50
-97
-52
28
-13
47
-1
22
-9
-53
-2
16
30
3
1
2
-10
21
-28
-46
127
35
29
-15
29
-80
0
-34
-41
38
4
15
-6
26
-47
41
105
22
41
71
16
7
-94
74
-1
34
12
61
12
27
39
-32
-17
-28
68
26
45
-72
-32
2
29
-25
-127
-19
-26
0
50
-15
-38
-73
-26
-30
-46
-13
-72
-20
-52
1
-27
-43
-29
-55
-127
-55
2
-22
35
-65
-30
-66
-120
59
-87
77
-73
8
-46
-3
4
38
-65
56
-34
40
-29
-127
-61
27
-16
17
1
-70
39
-22
121
27
27
8
27
-127
48
-11
-15
11
-18
37
-66
11
78
-48
-13
-8
-27
0
-44
-55
53
-9
40
4
-31
64
49
-19
-57
-32
-34
46
-37
127
-113
33
30
-23
-38
-3
114
-21
10
12
0
-7
6
-27
59
94
36
-35
-19
-32
103
-3
-17
67
-36
10
-8
-6
32
-9
127
23
102
-34
-33
45
-23
101
7
36
6
57
30
28
22
-3
-19
65
-51
127
-121
-16
-5
20
31
-15
-83
-123
98
-19
33
-25
127
-34
-30
-6
-45
-28
-5
-3
36
20
-7
-11
2
-3
-12
3
8
-26
3
-9
0
8
-20
-127
8
-71
8
6
33
30
-34
-33
0
-52
8
-58
1
48
14
-53
65
-30
-36
-9
28
-18
-40
20
127
13
-48
-12
-31
27
14
-11
3
52
-12
-30
-8
-22
27
6
-59
-39
-20
-34
0
24
-29
39
41
-40
7
-125
11
11
1
52
4
43
67
36
-96
49
1
6
1
-37
-127
4
68
10
-20
-90
-124
-41
-127
-31
-9
41
-54
82
-37
-54
-31
-55
-42
-3
20
-43
-43
-66
-60
-48
73
-82
-52
-53
2
33
-22
-16
-27
8
-22
-1
1
51
-31
-39
-27
-39
48
-33
35
-41
-31
-35
9
-127
-42
127
67
-6
29
-17
27
19
26
38
8
44
-15
41
-20
27
-23
24
41
31
35
-5
-1
29
22
52
-13
-30
29
-18
-1
-10
-29
-13
-15
33
-68
-102
-123
-28
8
7
70
-19
34
29
127
0
-11
-43
-57
14
-95
-14
-27
-16
-18
-7
-106
64
-31
6
-21
-21
-86
-126
-23
39
-54
39
-1
-53
-127
106
49
-39
31
19
74
-60
17
19
5
-6
-55
127
-48
-80
48
-4
6
-72
-51
-97
77
-3
48
32
35
11
46
-26
23
25
-52
-10
46
33
-57
2
-71
-127
5
-15
12
12
-70
-51
18
28
93
8
10
-1
-1
34
10
-21
-18
-29
-8
8
47
8
45
-18
1
-9
-10
-4
-127
5
-11
-6
-20
-84
-36
68
127
1
-31
-38
-121
-31
-44
36
-16
-10
-20
-15
-36
4
-7
-99
-10
-20
-37
0
-112
55
38
35
19
48
15
46
-45
-7
67
15
70
-127
36
47
-4
50
6
12
26
-34
37
32
-21
12
-5
17
-15
-4
-3
-11
-5
-23
9
31
-1
2
1
-4
-32
127
-16
-7
-8
0
-4
-70
-9
18
41
22
1
20
34
44
35
13
0
18
10
84
4
-58
-5
1
44
-11
-11
-127
-77
-9
17
-23
-21
-16
-15
-21
3
-31
-81
23
-2
22
-32
-32
-30
127
-4
3
-16
-4
-26
32
11
-1
-21
22
1
-41
41
8
127
9
-34
46
-20
-31
-54
-106
-66
-105
-5
-33
-16
-59
-40
-25
-58
-50
29
-87
-43
41
-27
-15
112
-12
25
65
127
12
-18
10
-22
-12
-40
18
41
-16
-14
-7
-19
-35
50
-101
-111
-19
-76
-78
22
-78
-95
37
-19
-13
-127
-71
-4
-45
-54
-13
22
2
15
10
-58
-32
-84
35
15
7
2
-13
-26
16
-35
1
4
-77
-16
6
-15
-24
67
-127
67
-5
-34
-37
12
-46
-50
-4
9
-2
-10
35
36
-66
-26
-56
-56
-35
16
-66
-6
-127
-21
-4
70
66
-38
55
-84
-21
17
-28
9
23
54
-21
-57
-125
-127
-85
54
-31
-43
-27
-25
-74
-28
-53
5
30
-66
-57
-10
-86
-71
-19
19
14
11
93
3
11
-3
-8
-8
-7
-71
-20
36
-7
-3
-2
24
8
-9
-28
-127
-4
8
79
33
-27
27
-30
54
11
-18
125
15
51
-102
5
6
-5
57
19
-36
-30
-127
-50
15
20
-18
5
1
-38
25
-17
-78
99
-124
100
-21
-127
-15
-81
-72
-107
-75
6
48
-58
-43
-37
61
34
6
-37
10
47
-43
-7
20
-37
-24
3
49
-7
-6
-3
-4
-48
-64
-115
2
14
-29
0
7
127
-78
-109
21
-1
-48
-54
72
7
-127
-41
-34
-18
-70
48
-54
-32
12
6
-10
-52
-7
-30
-13
12
-31
89
-127
18
-25
9
38
-41
24
88
-10
48
-18
32
-9
-83
33
14
59
23
-47
-33
-1
12
45
-4
-21
2
-79
3
-59
-8
-11
11
-27
22
2
1
3
-1
-17
1
14
1
-1
-6
-8
-18
127
25
-2
19
10
-29
-4
3
19
-4
-8
12
-71
-45
127
-18
-7
-3
25
8
-39
-39
-6
-3
3
-127
25
61
15
-110
90
47
-7
-29
18
66
-98
18
-126
-42
33
-3
10
31
95
-53
55
-30
64
-110
-96
-59
-33
-76
-63
-79
-17
-60
-23
-21
-96
-85
-95
-53
83
-80
99
-100
-127
-92
-21
-5
-26
-59
55
-51
29
22
95
3
-52
-4
-54
56
19
99
28
56
-57
-16
73
-22
-42
-127
117
-18
63
20
30
-16
-2
91
12
4
-67
9
-9
-2
-127
-44
-88
-75
-22
-7
-19
-17
-71
-37
-24
-18
-19
-42
17
-32
21
-18
-54
77
9
-50
22
14
-6
-54
-12
12
-127
-19
-54
-63
-10
-78
-20
-26
-43
6
23
15
5
77
25
-10
-11
3
-32
9
-127
-22
-77
-56
-10
-16
5
-24
12
15
2
-16
-7
97
21
4
58
-15
13
19
28
39
2
10
-37
-65
23
24
-12
19
127
-44
-87
31
-67
0
1
-32
27
127
45
-24
57
-44
-59
67
-79
-84
-24
-15
-18
-20
-82
-39
48
-92
-6
-39
-7
-31
45
13
5
-4
-3
53
15
9
-4
-2
-18
-11
127
-73
-17
-52
17
-16
-4
3
-61
-49
-86
5
-33
-25
-21
-45
21
-8
-9
2
-2
-127
-11
13
-12
-34
-14
-9
-25
-24
-21
-38
-30
-23
-8
11
38
19
4
6
2
14
14
10
5
-10
-4
-20
-91
-52
127
-18
0
-7
32
4
-16
-14
-36
4
-15
127
4
-19
11
-84
-10
98
14
2
28
-17
-66
-80
0
-58
29
27
127
-27
-65
47
-78
3
-54
102
66
7
59
-59
124
20
81
44
-14
-80
38
62
107
-35
28
23
127
-15
56
-81
-103
67
-9
110
-63
10
-81
-60
1
68
-80
44
23
-37
-77
37
-83
-127
34
-2
109
-58
118
-59
1
-36
-53
34
4
12
46
-56
111
-127
-80
-28
27
89
-54
-11
-25
-13
-35
22
35
22
2
-16
-28
4
31
49
3
-27
-20
89
-11
-25
-11
23
-15
48
-82
-47
16
22
-12
-25
-3
44
-31
-127
-104
-33
-46
-74
-33
78
11
22
17
-17
127
57
-18
-78
-21
-24
11
-26
19
35
49
-9
16
-34
-18
-12
-25
-14
-11
-22
127
-2
-29
28
-14
5
4
17
-4
-7
-4
0
-3
-7
1
10
-1
-2
14
-13
-19
12
34
-42
23
-126
0
-27
29
6
21
-11
-2
98
-46
10
0
-15
27
-52
26
-33
127
-13
15
-112
-74
108
80
-13
32
85
42
40
-56
78
-43
88
-90
62
-29
2
127
6
51
-57
-6
33
2
-2
0
-29
-2
-6
-4
-39
3
10
-127
-17
1
-12
-9
0
4
44
-7
-21
-1
-8
9
-67
-14
0
20
-3
-4
49
-11
-12
9
-14
-4
4
113
34
-119
-7
-3
-3
-3
-5
-127
34
21
4
-2
45
-21
-104
8
-16
-15
66
41
11
-60
-30
-4
47
-17
-76
-47
-37
48
-21
-47
-127
66
-12
-58
-11
-5
-17
-9
42
-17
-13
5
19
-3
2
16
26
-8
-1
0
2
-8
-6
-127
9
-5
0
1
14
-3
-7
7
-5
-8
9
42
5
5
-16
-12
50
-10
-127
-2
0
9
-5
19
2
-6
-1
15
-18
-47
-1
42
-8
-24
-7
-53
-6
-44
51
-8
-9
-17
-24
-127
-60
-2
27
-28
-34
-6
-42
9
-73
-46
-77
-40
-94
-29
39
-41
-48
5
83
91
127
95
81
-42
-46
95
-7
-55
12
98
27
-19
-1
10
1
10
-28
8
-12
1
1
-6
14
127
66
-73
-5
5
-1
-14
-5
-50
-46
-7
4
5
-4
-71
-3
127
-79
5
-16
-77
41
-30
89
-78
-27
-74
-109
46
33
-41
-44
-45
-17
-58
-50
115
-22
-8
-9
34
-7
2
-23
-28
26
-47
18
-5
-5
1
-18
127
110
38
-126
2
1
9
-60
29
-45
2
53
23
-107
17
-14
2
-32
-10
14
-28
-30
72
-37
7
15
36
44
127
-10
15
15
18
-4
-19
16
-3
-13
19
-37
-15
-30
-22
18
3
-25
-16
-20
-3
-4
-17
-18
-75
-127
-1
-11
-35
-18
-10
21
12
0
23
-13
-15
-9
-19
19
-73
-2
109
-11
-9
-2
-13
9
9
-127
-52
-11
6
-29
32
0
-23
-28
-6
-4
-45
-4
-32
18
-32
-2
-28
-24
92
51
-2
-28
-27
-4
-6
-127
-83
53
27
-30
31
-118
6
-15
35
14
-23
9
57
-69
-99
-127
13
30
91
-12
-49
77
-38
6
48
-87
-31
1
2
-38
3
-97
12
3
-75
49
-42
-55
-45
-6
-52
-36
-127
22
-74
-61
-12
-15
-99
6
127
-31
-36
-11
-23
-70
7
-20
0
3
-21
26
-5
-26
2
-31
44
-21
17
21
-3
-7
-38
-42
-83
-17
-32
-39
-17
-6
-103
-1
-10
46
-78
127
-57
13
-12
35
31
9
15
10
-22
-19
-47
-91
32
18
0
127
19
-38
-23
-7
-15
16
-31
35
-34
-13
-10
-2
-10
16
91
53
37
2
11
57
21
-14
6
-85
11
11
26
-1
-6
-18
-127
21
-100
-44
-7
-13
26
-30
39
-17
43
-17
-5
-44
4
-127
-40
-7
-3
28
-72
13
7
123
-32
-38
-49
-55
-22
79
96
-19
-45
-67
0
25
-98
-35
18
15
4
-19
-25
-9
-33
-35
-52
38
-23
-13
-16
-26
127
-66
-1
-48
-42
-15
-14
61
-30
-31
0
11
-17
-7
7
3
-17
-127
7
-7
-12
-1
-12
0
-25
10
8
7
-8
-4
6
-4
-26
127
32
15
26
-5
72
-10
-39
18
-12
57
-16
-14
-3
-63
3
28
4
-26
-86
-55
-8
-43
51
125
-36
-10
-23
-45
-55
53
-58
56
-12
-127
19
74
-27
-108
5
-6
-21
-36
-91
-5
-50
44
-65
-89
-36
-70
-50
14
78
112
-127
-46
3
9
-2
-27
-6
32
-31
-2
-14
-2
-5
-12
-44
15
8
39
3
-13
6
10
3
0
-14
4
-8
-1
127
26
-98
-26
-7
-5
3
-8
-43
-53
-30
-4
-16
-61
35
36
30
22
28
1
1
-15
-40
65
127
77
4
-96
-39
29
-114
-32
111
27
22
-9
31
-31
-80
-14
127
10
83
-63
3
-1
4
8
11
29
11
1
-24
7
23
20
7
70
10
6
-60
30
30
-41
46
-6
-127
115
-87
89
-90
-53
-19
13
-38
-78
-107
38
2
-126
-25
-64
7
100
-19
108
75
-72
44
-58
86
-9
84
50
33
1
-70
-61
-47
-127
20
-23
-52
-59
-59
-67
46
-11
14
-9
8
-3
2
26
15
1
-15
4
-1
-2
15
-127
-14
-36
-10
-3
42
6
20
45
2
-4
12
63
13
-4
-10
-38
4
3
4
0
-5
29
99
116
-127
-109
-11
-3
45
-22
-83
-79
25
-14
12
72
-20
40
43
-127
65
13
90
-49
11
65
-69
72
-23
-80
32
-13
44
33
79
-3
12
-6
47
-113
-68
9
-40
-15
-11
-36
-60
-43
-101
12
-28
-49
-27
-13
3
-127
-37
-63
-53
-15
9
23
29
18
11
59
28
-18
29
19
30
-21
-19
58
-25
-98
-19
-127
-1
-13
53
14
-9
24
-41
-18
26
10
98
15
5
-33
6
48
27
17
-32
66
-15
-20
-104
-10
11
-28
90
-6
9
127
-9
-6
-7
-8
-16
-14
-32
-36
83
-15
-89
-51
-64
36
-46
-11
-40
-95
-18
-60
15
-28
-69
-42
22
22
-127
0
3
0
-4
-2
-8
-4
11
-5
-2
-3
-72
-11
127
-12
-5
-6
3
-8
-77
-1
23
4
-4
-31
9
124
-34
-9
-33
-7
-10
-26
-14
127
-24
2
-17
-60
20
-17
80
72
-54
-33
-15
0
-89
-46
-66
-112
-32
-61
28
5
22
71
-52
-52
-108
-111
-97
-86
-30
-56
85
27
62
127
91
-46
6
13
16
9
8
-22
1
0
4
2
2
-11
103
-38
-21
-19
0
-4
24
3
-1
-40
-127
0
-7
-28
-49
39
-70
-9
-127
-77
50
26
19
-17
14
5
16
104
-33
9
-2
-11
-69
-39
-61
-16
34
-5
2
7
-24
-1
8
-13
-6
-1
-2
7
-5
2
-6
-7
11
-103
24
10
-2
-4
8
127
-7
80
3
-7
67
39
-25
-36
17
-3
-100
34
-67
95
-110
-127
-90
-26
18
24
-52
-84
-65
-55
12
76
82
-56
-71
20
77
122
48
-7
91
-26
31
44
44
81
33
127
6
16
-4
48
26
43
-100
-4
-22
12
-127
-13
-10
-29
-6
0
-34
3
-26
-27
-25
-14
-21
-15
-19
-16
-34
-30
8
2
121
117
43
15
-26
-33
-26
33
49
-30
28
-127
-40
28
-66
-31
9
44
-124
10
-45
-2
-114
50
-92
-61
-68
-91
2
-13
-91
-92
-67
66
-36
34
-7
-17
-5
-51
4
46
9
24
-58
-21
-8
5
127
-94
9
67
17
76
-102
44
15
5
-14
125
39
-48
66
79
15
19
65
-26
117
24
127
-6
75
-93
-56
17
-41
0
-9
-44
-37
-12
11
-2
6
-28
9
127
14
-9
16
7
9
-1
5
-18
-40
24
-44
-20
-55
10
-57
-1
3
117
7
9
-8
-127
-11
-37
-5
6
-22
-23
-45
71
119
11
-98
29
77
20
9
-40
-42
19
-93
81
22
-127
-55
-4
-57
-47
6
-27
5
47
-53
-64
-11
-44
-32
27
-13
25
27
11
-19
17
-4
-5
-6
53
-19
104
-127
18
40
2
10
2
19
8
36
3
10
-36
110
127
48
-44
25
-52
-23
-21
39
70
-54
-3
-15
9
-21
53
77
-67
15
23
80
9
-79
-80
29
31
12
-9
34
-53
11
-6
-19
46
30
-75
44
-127
3
-59
33
-34
32
-46
-82
-4
15
25
-51
39
29
17
-127
-6
-18
0
-15
16
-16
65
-34
16
-14
64
116
92
-15
-17
-88
-26
11
-23
0
-6
127
-22
45
29
-18
17
-5
6
-25
-42
-27
-32
-13
37
-57
-4
-37
-43
0
7
-115
10
-30
-7
-2
-76
-54
127
40
34
-28
21
-85
21
-67
-24
-100
-12
51
-46
-45
-33
113
19
-19
0
-32
-14
15
-18
-9
4
-32
1
127
41
-24
-13
-23
-17
-118
-66
3
57
-32
-28
-9
124
34
-38
23
27
21
-127
40
-11
6
0
-18
12
-6
-42
102
-55
10
-9
4
6
32
-7
88
-15
39
-7
-3
-65
-36
-27
58
53
-5
37
-59
42
-31
-4
-40
-16
-65
-5
89
-45
-75
-13
5
-30
127
41
-13
27
2
-3
58
-14
-78
3
-17
81
-11
22
-3
-101
-9
-11
127
6
-33
-1
3
-22
40
7
-2
-30
-26
-4
-14
-29
-5
-36
-105
15
-15
-13
-14
-5
124
127
17
54
-16
-21
13
-33
12
23
-51
-127
-17
-35
54
28
85
77
-19
83
-29
-27
-43
24
-71
-26
-35
-18
78
-29
-26
-7
0
26
24
127
-45
6
-16
3
4
25
-59
99
-15
-5
-14
-31
-39
-3
-50
-14
-85
-34
-30
4
-20
-78
6
69
2
-35
-39
127
88
-3
6
-18
-48
-25
-66
-3
13
27
76
-81
-82
-75
41
9
1
13
64
43
37
108
37
4
48
35
-10
32
26
54
-109
-21
14
17
127
7
-26
-3
-76
16
14
76
44
45
24
14
-24
42
104
-10
12
1
11
-20
25
-88
23
7
60
-51
-79
-127
-3
11
-32
29
-19
-2
-6
127
-1
6
-5
34
14
-18
-102
-80
61
-2
0
1
1
-8
-21
-38
-45
-1
-13
-28
-5
8
2
-13
7
3
-39
14
127
20
-10
-4
-5
-9
-63
-85
-14
-16
-13
-1
-10
116
60
-4
-8
17
9
3
30
-2
2
21
16
1
7
-1
4
-2
-19
-15
18
-127
6
5
2
21
-13
-15
7
-44
-9
-17
-12
24
-45
-9
-127
-78
-15
1
-13
-19
-32
0
25
-77
-36
-13
-16
11
27
31
4
-8
-12
-30
-10
2
-19
22
-11
5
53
-14
-127
-37
-7
-11
23
-12
-42
-1
-25
0
-28
114
0
1
3
8
-7
23
15
0
11
-28
5
-109
-4
-127
6
-14
33
-19
-2
37
-11
4
5
58
14
-14
25
-71
11
-59
-19
28
-16
28
104
-6
-127
-95
-3
-20
49
-10
-117
3
-21
17
12
12
117
-36
-9
2
102
-34
-34
-26
-32
36
-4
-10
5
-31
-32
25
127
-60
27
-11
59
-7
95
-60
-20
-65
-11
11
-127
60
82
-13
10
4
11
5
15
49
-27
10
67
-12
20
-35
28
13
-69
32
127
37
-35
29
96
-5
51
11
89
-71
31
-32
26
6
125
17
-3
18
-34
-59
46
18
-95
7
-27
43
-10
-3
57
-41
-52
1
-69
-23
-5
7
-9
-60
-27
-22
75
-4
-127
13
43
-40
7
-127
60
8
62
65
30
-5
17
-22
-13
-44
3
-29
-28
-62
-9
-41
-30
-18
10
-9
40
-14
39
127
25
-11
66
5
-36
3
99
-102
-119
-4
-12
2
-14
-126
-110
15
23
-48
-63
-24
16
-18
-2
0
11
-11
7
7
-11
-15
-10
127
14
-22
7
2
6
-4
-11
3
13
-13
3
-6
0
-2
10
66
-13
-25
-12
-72
6
24
4
13
4
-30
-127
65
26
-50
-10
-19
54
-33
-41
-73
-39
8
-17
5
1
30
20
4
-9
9
14
-19
-15
77
-7
31
-7
-14
2
24
127
-58
-51
-35
-6
-12
26
-26
127
-18
-38
-14
-65
-46
-38
1
21
66
-12
-42
-10
-36
-14
1
-16
-26
-19
-19
13
11
-46
5
42
-13
21
-16
4
4
-92
85
-28
-127
-31
2
-28
-42
-33
-37
75
29
-35
-56
17
-54
47
-37
-36
16
-11
7
-14
-20
-13
6
-16
31
14
0
18
-16
-80
80
-64
-127
6
18
-24
-7
6
-40
10
-122
-9
-17
19
-2
-42
-9
-17
46
-22
-13
-22
-29
44
127
33
85
-19
-25
7
-38
-14
41
23
-46
31
-44
61
23
1
33
-34
52
-52
20
15
-127
-6
-18
54
-12
-50
3
81
-21
-18
-127
-1
-32
1
2
7
1
59
-2
-7
-31
-1
-22
-6
9
-11
-4
36
3
-8
-23
19
-6
24
5
-13
-5
-1
3
9
-29
2
28
-6
9
-14
5
-17
-31
7
11
37
0
-88
-43
-127
-8
-4
-127
13
-44
-12
-6
78
-95
-123
-30
-6
0
10
-9
15
42
-4
-46
-29
11
17
18
-15
-45
-67
0
-11
3
-8
-24
-22
-20
10
30
0
9
23
10
69
1
-2
6
0
6
-127
6
9
1
-5
26
-10
24
7
-27
12
-26
16
8
-22
7
-24
-58
-38
-127
-22
-14
75
5
-32
-23
-55
-29
16
46
-11
-10
1
-127
-19
-1
4
10
-18
3
7
-73
40
-89
-4
-20
53
-19
-52
10
-21
-16
-2
-127
-7
59
-61
-43
51
-95
-73
-13
-22
8
-73
44
-23
-97
1
-40
42
2
-21
9
-42
45
5
