1825571106
1190908391
1098519524
1699359287
1752783660
1417607291
1678549092
1205561220
1154162819
1443326354
1393936900
1640600421
1810997727
1981071558
1710970320
1930649255
1499100174
1496560615
2046816338
1678827166
1455289237
2036260853
2145294472
1193933162
1860006956
1428611100
2120733107
1326801746
1469425642
2073642025
1380197745
1713251667
1988250422
1652205779
1964046582
1703059381
1397705095
1486093093
1128897755
1981843356
1970062073
1514683702
1200272128
1091513746
2090088151
1097634225
1378449847
1293608719
