-127
-128
-121
-127
-125
-124
-124
-124
-127
-125
-112
-127
-126
-121
-128
-122
-128
-122
-107
-124
-127
-120
-128
-127
-128
-127
-112
-128
-127
-128
-120
-125
-126
-112
-127
-122
-127
-118
-125
-124
-121
-125
-127
-128
-123
-122
-127
-125
-126
-125
-124
-123
-125
-127
-125
-128
-121
-128
-126
-126
-128
-126
-126
-128
-128
-126
-128
-127
-118
-126
-114
-126
-125
-128
-127
-128
-124
-120
-126
-122
-125
-127
-128
-128
-126
-116
-123
-128
-124
-124
-128
-127
-120
-125
-127
-90
-121
-127
-127
-124
-128
-127
-110
-128
-126
-127
-123
-128
-125
-126
-126
-125
-126
-125
-121
-128
-124
-126
-127
-111
-126
-126
-125
-127
-88
-127
-125
-126
-128
-126
-124
-126
-128
-126
-128
-125
-125
-127
-124
-127
-127
-128
-126
-127
-108
-127
-124
-126
-126
-126
-122
-124
-128
-128
-128
-126
-128
-126
-128
-124
-127
-126
-127
-128
-125
-126
-128
-128
-115
-128
-127
-128
-126
-127
-127
-116
-109
-128
-126
-128
-126
-127
-128
-125
-128
-125
-125
-125
-125
-124
-128
-123
-124
-118
-126
-98
-127
-126
-126
-115
-124
-124
-126
-127
-128
-128
-125
-127
-119
-126
-126
-127
-128
-127
-128
-126
-122
-126
-126
-127
-127
-121
-128
-126
-128
-128
-126
-127
-121
-127
-128
-126
-124
-127
-122
-123
-125
-113
-127
-128
-126
-121
-128
-126
-127
-120
-125
-127
-128
-119
-127
-122
-119
-124
-128
-125
-125
-118
-126
-127
-128
-124
-124
-126
-122
-125
-126
-126
-123
-120
-127
-127
-125
-125
-124
-124
-127
-107
-125
-123
-124
-124
-127
-120
-127
-125
-127
-128
-126
-127
-127
-128
-128
-126
-124
-127
-125
-98
-128
-125
-103
-125
-124
-122
-124
-128
-124
-126
-127
-128
-121
-120
-127
-105
-122
-126
-128
-123
-126
-125
-128
-100
-126
-126
-128
-127
-128
-127
-128
-127
-127
-123
-116
-125
-128
-124
-124
-122
-128
-126
-128
-125
-123
-125
-125
-128
-125
-126
-127
-128
-124
-117
-126
-124
-126
-102
-127
-119
-128
-127
-128
-127
-125
-127
-117
-125
-125
-126
-112
-128
-125
-125
-125
-126
-118
-118
-128
-128
-127
-128
-122
-118
-126
-122
-120
-125
-120
-121
-125
-125
-125
-125
-124
-126
-125
-122
-128
-124
-125
-123
-121
-91
-120
-127
-117
-126
-124
-127
-125
-122
-126
-127
-125
-128
-126
-128
-126
-128
-126
-126
-125
-124
-122
-124
-118
-128
-112
-124
-127
-123
-122
-127
-92
-125
-128
-109
-127
-127
-124
-124
-124
-128
-124
-126
-124
-125
-120
-128
-124
-124
-106
-126
-126
-127
-127
-127
-124
-127
-125
-127
-128
-128
-128
-127
-127
-128
-127
-124
-126
-110
-122
-120
-128
-128
-125
-128
-125
-127
-109
-126
-128
-124
-128
-126
-126
-126
-128
-109
-125
-121
-125
-128
-128
-113
-118
-123
-127
-126
-117
-125
-127
-126
-126
-127
-125
-126
-126
-118
-126
-128
-128
-127
-126
-126
-109
-125
-124
-120
-124
-127
-127
-126
-128
-126
-125
-125
-126
-127
-126
-125
-128
-127
-127
-124
-125
-125
-127
-96
-126
-127
-105
-126
-115
-126
-123
-128
-126
-127
-127
-126
-127
-124
-127
-126
-128
-127
-128
-128
-120
-127
-128
-126
-125
-128
-128
-123
-126
-124
-123
-125
-125
-128
-128
-124
-127
-125
-127
-128
-127
-128
-113
-105
-116
-125
-127
-110
-123
-125
-128
-119
-124
-128
-128
-124
-124
-128
-115
-127
-128
-124
-125
-124
-128
-128
-125
-128
-125
-127
-126
-128
-125
-128
-122
-90
-121
-127
-128
-122
-125
-125
-124
-126
-127
-126
-127
-126
-128
-128
-118
-124
-127
-124
-128
-125
-125
-127
-125
-127
-124
-122
-128
-125
-90
-114
-128
-111
-128
-123
-125
-109
-116
-126
-128
-128
-126
-124
-126
-104
-125
-128
-128
-107
-126
-128
-128
-118
-128
-124
-126
-127
-120
-121
-126
-126
-124
-127
-127
-117
-124
-127
-114
-125
-128
-128
-128
-126
-119
-128
-127
-128
-127
-128
-122
-126
-124
-124
-125
-120
-125
-126
-128
-128
-127
-126
-128
-116
-125
-126
-126
-103
-123
-125
-121
-126
-128
-127
-127
-121
-127
-126
-125
-126
-123
-127
-124
-123
-125
-116
-128
-125
-125
-124
-125
-122
-126
-127
-124
-127
-126
-123
-122
-124
-127
-126
-124
-128
-125
-128
-128
-124
-127
-126
-126
-125
-127
-116
-123
-125
-125
-128
-127
-127
-127
-124
-124
-114
-123
-125
-126
-126
-126
-128
-127
-126
-128
-124
-123
-124
-125
-124
-123
-124
-128
-128
-98
-125
-128
-127
-123
-126
-111
-125
-113
-128
-124
-126
-128
-126
-127
-128
-125
-127
-124
-128
-125
-122
-128
-122
-124
-122
-127
-120
-127
-99
-126
-123
-125
-124
-127
-125
-127
-122
-126
-127
-128
-127
-122
-125
-122
-128
-126
-128
-128
-126
-128
-127
-125
-127
-127
-127
-128
-127
-127
-128
-127
-124
-128
-127
-127
-126
-128
-128
-128
-127
-120
-120
-119
-124
-128
-128
-124
-125
-127
-126
-112
-126
-125
-127
-125
-123
-117
-125
-127
-126
-127
-124
-127
-125
-124
-108
-124
-127
-113
-122
-111
-124
-113
-124
-127
-122
-108
-127
-124
-125
-126
-126
-120
-126
-126
-125
-109
-127
-128
-124
-128
-126
-128
-100
-125
-128
-127
-123
-125
-124
-128
-128
-126
-124
-126
-128
-120
-127
-126
-125
-116
-128
-126
-120
-127
-127
-126
-125
-126
-128
-126
-128
-124
-127
-127
-127
-128
-128
-126
-128
-105
-125
-128
-124
-125
-128
-126
-126
-119
-128
-113
-124
-125
-123
-128
-127
-119
-126
-126
-126
-113
-128
-128
-125
-127
-128
-125
-124
-126
-126
-125
-125
-125
-128
-128
-127
-127
-127
-126
-127
-126
-125
-127
-127
-126
-126
-128
-128
-128
-127
-127
-113
-125
-125
-128
-128
-124
-119
-127
-126
-113
-124
-124
-126
-126
-128
-126
-124
-128
-127
-128
-128
-123
-126
-128
-128
-121
-127
-126
-121
-126
-111
-126
-127
-127
-127
-102
-120
-126
-126
-117
-121
-124
-127
-127
-127
-126
-127
-115
-126
-127
-122
-126
-127
-128
-128
-124
-124
-128
-128
-109
-126
-125
-119
-122
-127
-124
-128
-124
-125
-127
-126
-122
-127
-127
-117
-127
-124
-128
-125
-127
-127
-128
-124
-128
-127
-127
-113
-126
-126
-120
-128
-128
-126
-124
-128
-126
-125
-122
-124
-127
-127
-122
-126
-127
-128
-128
-126
-125
-128
-124
-128
-128
-127
-127
-128
-128
-128
-127
-126
-126
-128
-123
-119
-128
-126
-122
-128
-124
-119
-127
-120
-112
-127
-128
-125
-126
-120
-127
-124
-127
-124
-121
-110
-127
-125
-127
-127
-123
-93
-127
-127
-127
-126
-126
-117
-128
-122
