125
100
161
255
140
255
231
231
164
244
199
95
161
161
221
195
201
143
183
251
168
152
165
202
204
200
228
242
203
120
220
211
222
75
149
170
159
182
225
255
255
244
235
211
137
35
182
198
148
92
201
178
161
208
232
90
238
102
98
229
131
218
96
30
208
255
2
194
192
181
131
125
215
245
213
182
114
46
94
174
72
167
249
96
178
249
124
107
177
193
161
182
107
27
181
206
232
189
158
102
255
26
197
0
196
213
90
224
116
249
247
133
203
222
232
229
82
241
112
183
172
231
181
246
194
142
154
247
143
29
202
252
255
234
109
216
121
238
166
237
214
192
66
131
211
205
27
187
135
169
244
219
148
201
155
225
182
255
91
133
211
171
122
206
147
175
90
250
176
38
232
255
152
144
241
205
227
231
173
205
142
156
219
0
189
94
162
178
192
144
154
174
182
0
183
187
193
187
132
44
64
162
214
203
85
195
207
226
123
255
190
200
147
181
136
177
210
176
229
105
149
73
109
201
105
220
118
162
23
118
219
181
255
203
157
180
152
149
241
118
215
180
80
226
168
212
158
160
145
232
243
248
174
155
107
185
140
255
185
211
251
130
164
134
134
134
82
15
170
151
211
127
147
142
103
0
217
115
206
129
163
109
42
181
191
98
197
147
241
152
125
200
239
195
178
209
164
219
16
210
204
28
155
114
226
127
156
203
214
196
255
209
114
255
62
133
128
192
205
210
201
221
202
177
189
185
197
117
163
255
173
0
181
86
143
89
213
150
234
184
64
147
100
177
218
154
160
122
173
100
100
231
183
103
153
144
94
242
150
221
88
153
146
198
128
130
41
184
218
146
207
196
254
107
190
207
239
129
132
116
179
222
141
138
182
252
45
255
207
214
200
115
176
147
144
0
13
234
137
56
168
170
141
246
173
253
158
190
159
158
39
183
125
134
206
186
7
160
217
101
235
129
92
188
188
243
217
227
208
172
135
47
173
200
39
255
147
145
69
90
211
227
188
135
112
42
210
255
187
142
228
125
216
163
107
255
158
219
190
136
190
73
170
171
93
213
225
230
40
137
197
183
179
173
154
218
161
212
181
208
219
210
34
143
203
192
103
172
236
188
187
182
18
243
193
159
81
39
99
152
178
202
114
226
200
216
81
243
187
51
250
223
255
220
193
251
223
233
152
143
86
165
175
130
115
106
119
153
210
123
208
173
110
207
221
199
173
186
17
252
134
199
161
255
227
74
225
167
204
84
173
219
151
180
225
204
192
122
152
189
32
238
215
72
203
163
131
132
179
211
214
185
110
109
69
131
