-6
-7
-4
17
3
-16
14
14
3
13
8
-12
2
3
9
-1
13
-5
3
12
0
-1
-2
7
7
9
9
14
12
-14
12
9
10
-17
-7
3
-3
7
11
21
16
17
5
8
1
-7
3
6
1
-7
7
8
-9
10
15
-10
16
-8
-10
10
4
9
-24
-26
6
14
-22
7
5
-6
3
-2
11
14
8
4
-8
-1
-13
8
-9
5
18
-11
6
13
-6
-9
9
-32
-2
-1
-18
-25
4
7
13
6
0
-1
17
-23
8
-34
5
12
1
3
-6
16
16
0
4
11
12
14
-14
7
-7
3
9
15
5
14
5
-3
7
16
-2
-22
5
19
16
12
-4
7
-2
14
3
15
10
5
-23
1
1
6
-22
7
-14
2
15
10
-2
4
-1
9
4
17
-1
-12
8
13
-4
3
-4
1
-1
13
5
-27
11
17
-11
-6
16
9
16
4
5
9
-3
2
8
-37
10
-12
2
5
7
-2
2
3
10
-34
6
-3
5
2
-3
-28
-14
-5
8
10
-10
6
10
11
10
18
6
9
-5
4
0
4
13
4
14
-7
-5
-16
-8
9
2
7
-7
-1
-22
-9
11
2
18
7
2
10
3
2
15
-7
12
4
-19
11
2
9
0
0
0
14
11
16
5
-5
-7
5
9
18
6
7
12
-4
1
0
-3
5
-9
-25
2
-6
8
-5
0
-1
-10
-31
15
-7
4
-15
0
-14
-22
4
9
-15
6
3
13
-9
-3
8
14
8
8
8
-20
11
-27
10
6
-19
2
-10
13
-6
-4
7
9
11
16
5
-9
19
-16
-10
-6
6
6
8
7
9
9
6
6
6
6
0
0
17
0
-30
7
-18
-2
-22
6
-2
13
4
-19
-5
-19
4
12
2
-5
-6
-1
-4
-4
11
6
-12
0
-2
-10
11
3
11
-8
-3
-2
6
-7
-2
-20
-3
10
-2
-3
6
17
-9
2
8
13
-4
-18
-15
-1
14
-8
-6
3
15
-19
21
6
11
5
-9
3
-5
-3
-36
-24
15
4
-15
-1
3
-2
15
0
17
5
-24
3
-11
-23
3
1
-5
6
9
-34
3
7
-4
10
-8
1
5
7
10
13
13
7
7
-3
-18
-1
7
-24
25
0
2
-11
-13
6
11
14
-7
-11
-23
7
14
3
-1
10
-4
6
2
-13
18
-6
11
-1
0
6
-22
5
5
-15
11
11
12
-18
0
4
5
2
8
1
18
0
11
1
9
10
10
-24
-11
6
4
-8
2
13
4
11
-2
-27
13
4
-3
4
-19
-13
4
0
5
-8
10
5
10
-4
15
4
-17
16
10
22
2
8
15
11
9
-2
-1
-32
-4
4
-5
5
-16
-5
-1
9
-9
6
6
-6
2
14
-1
4
2
-32
14
-4
5
-7
22
9
-2
12
2
1
-6
4
9
-5
5
10
5
7
-4
3
2
-29
14
16
-16
10
-3
-5
-6
6
9
0
8
1
-7
-21
-1
