1805847098
1500978710
2031493714
1222931369
1553029309
1644299085
1443165108
1246813741
1201326117
1174853984
1818657821
1866108028
1672586642
1921523250
1807636227
1214463313
1171287395
1560369734
1144971608
1384504304
1566992849
1756789452
1111254383
1969398034
1571223630
1193202750
1989790855
1495402967
1162198234
1376340333
1941906250
1789304147
1487732849
1913807828
1825652713
1633562408
1507313001
1788333759
1887621299
2018734895
1316946510
1075778311
1902693884
1436920184
1098724591
1846513514
1117073990
1638637117
1879231495
1375003713
2009463621
1538949499
1114875385
1518429955
1084354293
1524714717
1174747536
1277241823
1282271175
1396981321
2137168029
1746038519
1481607917
1667132554
1227581526
1555288531
1298251578
1287738357
1298241281
1889682673
1920794271
2112672313
1603123661
1886181082
1211205982
1782620204
1621377542
1222704163
1517182042
1706965655
1979187556
1534019626
1352620061
1162590418
1244971335
1385114585
1122819728
1702708368
1537666843
1689245545
2068083372
1574930619
1268094685
1801003449
1610154352
1470950443
1924940147
1075872113
1922994830
1714111401
1190061752
1515680734
1872173611
1281196662
1856560813
1180196714
1635368540
1601676053
1335038185
2087910529
1577055566
1914136676
1864012702
1700436421
1271040909
1205958612
1526815693
2077479099
1663217738
1544823888
1587173830
1673069249
1135684520
1470346604
2142624968
1173818968
1802429462
1698196947
1567445887
1179924390
1184976710
1128223100
1589716438
1563169486
1289215376
1839620055
1937889400
1714219750
2098713736
1542696723
1869886140
1696739465
1087625590
2038302480
1822494121
1541872068
1429092876
1818088620
1394425724
1118241513
1951119389
1205542800
1181190836
1937870518
1519946839
1774177229
1245586580
2058723233
2136423315
1120691375
1536107718
2126845423
1625585566
1938863695
1733524330
1096104681
1884687853
1156247124
1988259398
1089767011
1890211164
2015482844
1476828422
1496018423
1490024069
1992724195
1570515191
1167771284
1672070374
1824905412
1879059890
1077355838
1417760333
1529463798
1398870457
1726917742
2035950327
1171824387
2030087924
1484246518
1361407460
1087090947
1150225367
1231216097
1325004087
1074515271
1173922247
1682736693
1999186002
1181782874
1210624874
1697810492
1476406273
1400822109
1155235552
2095820705
1222341839
1114800538
1602563542
1115699908
1637676709
1125754794
1182035661
1085789309
1248568708
1573469071
1083874723
1900965371
1455082930
1780994496
1570690651
1106900601
1100888612
2100282207
1475726453
1242742664
1846598525
1132169861
1440617088
1233821539
1132940183
1354744533
1085839259
1397103715
1107208936
1410120259
1920207328
1487111850
1438412780
2087395766
1178967942
1355313576
1763607933
1770030244
1927869685
1189674864
2041402197
1932802515
1696741471
1697161561
2128293031
2087590288
1998579153
1223910416
1926904736
1946944789
1607472612
1166998744
1276199466
1287044228
1934871704
1494849079
1290273098
1632999807
1102674995
1746031286
1111248337
1768861903
1158530529
1603956712
1183399263
2108809031
1189803172
1206382966
1907563247
1615247805
1110206668
1151506914
1909690095
1976584067
1132650514
1244312503
1154315484
1412124555
1116324894
1524726862
1873836967
1566619436
1224576297
1365786223
2013608124
1093227734
2034935058
2078105642
1853194922
1712102617
1983160031
1748960454
1193282375
1933718412
1761969922
1086333271
1346804097
1469180745
1845386332
1301629771
1750556963
1710834217
1271404237
1365208489
1253819616
1414912532
1191543935
2063510014
1090749359
1670413856
1120668723
2098571963
1308402315
1127680405
1367561750
1268998121
1463369295
1529787578
1601623515
1334602150
1479447698
1411856428
1815535980
1542032690
1959275546
2002735061
1929339048
1089000174
2027608520
1209561793
1218642453
1870941222
1985828729
1720510532
1971527311
1090792075
1966598441
1160222715
1558517665
1527446408
1265973170
1391630935
1586410742
1772033801
1927372927
1790150715
1436238146
2125068015
1197992884
1645016817
1790451156
1623322436
1169679586
1099553101
1454315300
1419053444
1616714528
2110890312
1938501603
1742630203
1780366843
1788279954
1366557939
2056696813
1945830253
1755425798
1309416475
1468234857
1338928950
2047558441
1896203195
1156326432
1834283186
1332985365
1176430904
1631830146
1319720020
1325433047
1307210952
1570154450
2025329444
1300321875
1857755924
1078421902
1696516325
1101651278
1199477665
1853396202
1884632993
1441316287
1845593024
1723562623
1274571118
1829537484
2011281633
1137001418
1568166629
1220744379
1881644317
1736360673
2052549037
1314928328
2043248247
1710663774
1764287173
1213137729
1925400154
1451660911
1501265951
1232948623
1987344874
1314191798
1252293333
1127223671
1906021440
1329658336
2052616623
1428863136
1602540256
1480093778
1695965921
1582549995
1244095515
1357614141
1647252806
1204048831
2120854342
1175522136
1697771102
2097822286
1097080296
1562336646
1097241183
1769330993
1340212900
1398024945
1780961706
1830591615
1932160501
1190824197
1980334142
2022150736
1408711988
1963660930
1847221320
1417501711
1562313255
1467424828
1659609066
1388244558
1609348019
1171145623
1975995963
1460836614
1232111032
1871426680
2025927950
1700882225
1304073640
1402655909
1345402346
1545036700
1321879130
1351090398
1988960709
1126931573
1849179889
1449502435
1078799592
2088641250
1636203703
1118164290
1092025072
1082481975
1746742945
1480284181
1395731402
1607431268
1128498724
1085188796
1295140956
1162716825
1544942164
1873862227
1903027062
1737151166
1302354948
1440667461
1305474572
1866825549
2130200858
1256484776
1892487758
1696799975
1183131163
1575684467
1735805306
1595503335
1211759079
1669214732
1435316336
1816110567
1404283095
1582556859
1367240558
1329552627
1155530712
1177625171
1436587270
1504430192
1342778794
1998190955
1201780950
1076013885
1098232533
1427428728
1722160212
1286129651
1520267872
1443113283
1150568154
1332189539
1738142780
1490375569
1759821109
1712088361
2075848480
1192523642
1959621185
1105406844
1643009195
1968833902
1316545271
1685539507
1261432866
1095627777
1223467938
1949949834
1451961669
1595858637
1966170695
1664114732
1770825172
1194274675
1645436405
2038407924
1365059483
1529527477
1915714863
1417537246
1638394969
1300532870
1575597186
2090033945
1074458562
1429978622
1497393799
1909129078
1138632132
1261133772
1988220325
1750998912
1331088256
1213262446
2040470513
1679715702
1138438889
1121830226
1393597795
1636708275
1485487250
1196642668
2006283518
1396082374
1200008612
1509745993
1680189438
1587339522
2147458638
1832294572
1509459439
1577139732
1452898317
1160964498
1524500607
1613077976
1284368401
1230327130
1401310313
1960653667
1489365633
1662917482
1371015608
1684498893
1311471935
1417309196
1531456003
1582051759
1650499735
1182095274
1529978614
1617466106
1923591066
2004633384
1949364581
1940773972
1579440086
1610059098
1283326731
1082543595
1510600745
1309833080
1199680371
1169821676
1088376587
1834953344
1621587693
1892181245
1615642920
1576304252
1164823160
1976201435
1565368408
1619643538
1484055456
1358545984
1478759297
2019631466
1155208438
1303928119
1810526428
1704774706
1509576077
1075280260
2057297695
1239196346
1876842117
1468420032
1123058682
1975205629
1129332303
1683029425
2001170338
1926499800
2020882230
1194672166
1232419551
1860325778
1183812884
1958316141
1573860330
1169502648
1790781958
1184260694
1296161426
1524012878
1887792746
2005442410
1690599009
1693334079
1568914405
1896057515
1993810429
1085548270
1312185734
1977436655
