0.00017100308
0.00028426768
0.00038474097
0.00023160879
0.0005882509
0.00062282174
0.00054663693
0.00023613183
0.00022751701
0.000445007
8.610809e-05
0.00035341887
0.0006335364
0.00036391386
0.000342345
0.00023000504
0.00044365606
0.00029551564
0.00043368826
0.0005244176
0.00029676998
0.00033271522
0.00042091697
9.3245195e-05
0.00014878562
0.00022597854
0.00018842147
0.0002832117
0.00022010665
0.00026066264
0.00036777416
8.471828e-05
0.00028175907
0.0007249053
0.00034575711
0.00030937747
7.136683e-05
0.00033868934
0.00035749323
0.0001911623
0.00024941415
0.00040747947
0.0003603478
0.0005442715
0.00083234196
0.00017485395
0.00021156065
0.00015516928
0.0007118086
0.0002604095
0.00038056873
0.0002914589
0.00021114426
0.00028757274
0.0008214557
0.000288763
0.00022248334
0.00024189455
0.00024284705
0.0002645718
0.00020237722
8.266978e-05
0.00056119816
0.00031573526
0.00046497895
0.00014727666
0.0004917471
0.00024388247
0.0004917432
0.00035788363
0.0001818879
0.00010002881
0.00030361273
0.00035722047
0.00011469407
0.00033760726
0.0001535349
0.00023156576
0.0002873364
0.00032327918
0.0003748348
7.263131e-05
0.0002561703
0.00044036185
0.0002357829
0.00026232438
0.00042529765
0.0006449458
0.00029121598
7.99808e-05
0.00019583531
0.0002982733
0.000120081095
0.00034108883
0.00015247213
0.00013929034
0.00018228049
0.0002037575
9.104814e-05
0.00016231625
5.6345918e-05
0.00028705207
0.00017728381
0.0009705742
0.00035161074
0.0004470307
0.00030971953
0.00030333857
0.0002528405
0.00039542565
0.00014933787
0.00036251493
0.00035302204
0.00032204262
0.00024072017
0.0004567887
0.0002891609
0.00039345006
0.00015749692
0.00029257144
0.00030059202
0.0003168596
0.00043017053
0.00027846632
0.00020289396
0.00022230748
0.0003413589
0.00032161849
0.00014842789
0.0008938551
0.00044884125
0.00042734432
0.00015053678
0.00029604588
0.0002441622
0.00034840236
9.1753354e-05
0.00016232651
0.00039747165
0.00058433716
0.0003541344
0.00032134246
0.00020598347
0.00038603047
0.00034515891
0.0002920124
0.0005413067
8.608114e-05
0.0005281756
0.00042356353
0.00036951902
5.70789e-05
0.00044740725
0.00018350492
0.00057572004
0.00033600826
0.00023589942
9.747448e-05
0.0002023067
0.00021224574
0.00014546035
0.00040279946
0.0006157335
9.1799484e-05
0.00032830908
0.00020758931
0.00035693767
0.00043795916
0.0003765529
0.00041277806
0.00017899186
0.0003817087
0.0005593878
0.00014166413
0.0001410965
0.00075479696
0.00029743707
0.00044232424
0.00063334085
0.00034561558
0.0003558718
0.000408077
0.0002685071
0.00028966242
0.00026492958
0.00032705787
0.000385585
0.00022192973
0.00038447473
0.0001405494
0.00051566906
0.00041176443
0.00043567826
0.00011658891
0.00012547008
0.000101750265
0.00044465408
0.000637381
0.00037862227
0.0004476315
0.00091711234
0.0003215453
0.00027961395
0.0001326496
0.000218788
4.9615468e-05
0.00011574857
0.00042226017
0.00030350665
0.00042260083
0.00031015667
5.3301173e-05
0.00044772725
0.0004112714
0.0002364642
0.0002979965
0.0004105462
0.00036002044
6.889389e-05
0.00033729937
0.0005949406
0.00041926786
0.00041699066
0.0007955374
0.0005589704
5.8840204e-05
0.000174862
0.00021441963
0.0005456718
0.00011683563
0.00010728276
0.00025657265
0.00020564516
0.00013229749
0.00041938465
6.676504e-05
0.00036366464
0.00028164146
0.00054483686
0.00019766408
0.00044656527
0.00025668042
0.00033400656
0.00033522287
0.0003651158
5.63276e-05
9.665438e-05
0.00036605002
8.033571e-05
8.03556e-05
0.00020153681
0.000395365
0.00018925367
0.00023179421
0.00036493305
0.0007374568
0.00030443637
0.00022101581
0.00048339428
0.00024375101
0.0003664419
7.07767e-05
0.00012218126
0.00030927092
0.0004176673
0.00033067775
0.00021045734
0.0003350016
0.00043882406
0.0003037705
0.00044824375
0.00019969179
0.0002253347
0.00091389887
0.00036127
0.0006118178
0.00021026006
0.00043616368
0.0003616728
0.00037434173
0.00021451066
0.00047131625
0.0004372275
0.00026743975
0.00021141878
0.0002887653
0.00017744132
7.4174815e-05
0.00011596016
6.4665954e-05
0.0007627073
0.0004140889
0.00019269636
9.839218e-05
0.00035097328
0.00016212603
0.00037558714
0.0003312325
0.00022599362
9.155587e-05
0.00016684817
0.00010286936
0.0010202753
0.00013912276
0.00069898885
0.00024651334
8.2883715e-05
8.100296e-05
0.00024078898
0.0002585544
0.00047491732
0.00026796776
0.00022566438
9.770112e-05
0.00041315015
0.0003163567
0.0004244829
0.0003974448
6.1948995e-05
0.00042713876
0.00012950004
0.00048066658
0.00013857245
0.00014486187
0.00030332862
0.00050551584
0.00014009498
0.00026738897
0.00034384112
0.00029204282
0.0003710637
0.00037929442
0.00036539408
0.0004124876
0.00019200258
0.0004581535
0.00011539826
0.00017716711
9.402314e-05
0.00032584442
4.6673005e-05
0.00041316633
0.00037245057
0.00043946502
0.00014758244
0.00028928035
0.0004795208
0.0002635585
0.0003004475
0.00033560232
0.00018251086
0.0006780669
0.00027200658
0.00040246284
0.00045377147
0.0003115468
0.0006781807
0.00015371907
0.00044304706
0.0002082424
0.00055086036
0.000537504
0.00015309334
0.00039977775
0.00018356468
0.00066006725
0.0003371805
0.00033867915
0.00025880997
0.00038951414
9.212933e-05
0.00033245696
0.0004959761
0.00055613276
0.00050715473
9.694586e-05
0.00035911854
0.0008759784
0.00017369581
0.00050490344
0.00022280215
0.0003090494
0.00024993942
0.0002510214
0.0004951407
0.0005947375
0.00038357353
0.00024626564
8.795927e-05
0.0004084808
0.0003213002
0.00020863977
0.00045433387
0.0003510114
0.00035692728
0.00054593664
0.00034953357
0.00032642245
0.0004827775
0.00017324642
9.522826e-05
0.00021533467
0.00014849614
0.0004623892
0.00017818063
0.00032884625
0.0001943643
0.00024903193
0.00019348357
0.00032397956
8.35338e-05
0.000114876995
0.0003646481
0.00054985494
0.00014216104
0.00023350594
0.00018818985
0.00012444622
0.0002371696
0.00021348288
9.02445e-05
0.00025182162
0.0003887414
6.765246e-05
7.587556e-05
7.007808e-05
8.029899e-05
7.492908e-05
0.000117808515
6.427903e-05
0.00031197027
0.00045606532
0.00020083241
0.00044526008
8.038446e-05
0.00039730282
0.00010388704
0.0005917763
0.0004156091
0.00016754522
0.00050764106
0.00026476945
0.00016864658
8.667312e-05
0.00036592843
0.000112764035
0.00037505195
0.00019148576
0.00026679345
0.00018594712
0.0006996839
0.00013422906
0.00014794186
0.00055582594
0.0003143104
6.572929e-05
0.00030479155
0.00044360236
0.00037423035
0.00013833262
0.000116673655
0.00035442616
0.00019184344
0.00032212705
0.00049395236
0.0002656465
0.0005096067
7.3152936e-05
0.00025034833
0.0002558806
0.00018834286
0.00010671378
0.00035021288
6.862967e-05
0.00020431193
0.00039556404
0.0003098777
0.00021176714
0.00041363336
0.00041001866
0.00066162506
0.00028034838
0.00013216754
0.00030442854
0.00010686218
0.00020552197
0.00049056887
0.00044040973
0.00014629692
8.8721856e-05
0.00018020545
0.00032899596
0.00012332534
0.00027284544
0.0002472415
0.00035355476
0.00040343494
0.00047592682
8.960372e-05
8.033848e-05
0.0002240711
0.00029841607
0.00032874107
0.00030216953
0.00022949289
0.0003161296
0.000543664
0.00034394994
0.00026595467
0.00029971762
0.00025893925
0.0002518016
0.0002188439
0.00044605666
0.0002720727
0.0005698427
0.00025430648
0.00037843382
0.0004552063
0.0004075687
0.0002079923
0.00013516909
0.00032615685
0.0002435778
0.00028792082
0.0005466173
0.0004358081
0.000504602
0.00032918376
0.00056451914
0.00033328938
8.106234e-05
0.00019657062
0.0009033997
0.00018556458
0.00020935103
0.00015558329
0.00037287394
0.00024933816
0.00031922132
0.00023890052
0.00041499798
0.00023171041
0.00036929752
0.00027498443
7.5559205e-05
0.00018618478
0.00031516372
0.00016768671
0.00022618155
0.00062325253
0.00038605044
0.00025852618
7.241862e-05
0.00018140691
0.0005369297
0.0003102927
0.0002463056
0.00029839954
0.0003958278
0.00040697958
0.00013541055
0.00014179437
0.00036156655
5.3910877e-05
0.00047768775
0.000753091
0.00033161856
0.00025209243
0.00022977761
0.00038644107
7.952959e-05
0.00021560691
0.00042492285
0.000263931
0.00030997326
0.00014066689
0.00011331501
9.4991614e-05
0.0005288031
0.00045453498
0.00014296405
7.955202e-05
0.0001503117
5.083792e-05
0.000347015
0.00057174766
0.00014934584
0.00027516182
0.00043974599
0.00028872245
0.00015274898
0.00048648848
0.00023300946
0.00026539166
0.0003713247
0.0002820683
0.00062987395
0.0002596542
7.975606e-05
0.00024837733
0.00013421083
0.00029003972
0.00029962196
0.0003125852
0.00044774983
0.00057951984
0.00015316451
9.107637e-05
0.00037965394
0.00018459334
9.188993e-05
0.00029912734
0.00030492622
0.00024304696
0.000410042
0.00028608998
0.0004961339
0.00045441065
0.00022155044
0.0004122514
0.00034751854
0.0003071096
0.00035835683
0.00030598373
0.0005970669
0.00022060378
9.3567316e-05
0.00029646233
0.0003067414
0.00056212523
0.0005145852
0.00056011917
0.0003824944
0.00043756573
0.00049389724
0.00034289237
8.071606e-05
0.00028589592
0.00040729082
0.00038962794
0.00093875674
0.00035545178
0.00027810145
0.00010634704
0.00037408067
0.00042776446
0.00031874594
9.474952e-05
0.00036485636
9.568282e-05
0.00045251366
0.00023340574
0.00035232378
0.00022420021
0.000370882
0.0002980706
0.00011074501
0.000339153
0.00011214251
0.0004909554
7.215752e-05
0.0007150514
9.495179e-05
0.00032017953
0.00032069752
7.4283475e-05
0.00035909095
0.0003776042
0.0004111801
0.00049702503
0.0003745032
