1322442500
2091750338
2090292274
1556904087
1077220146
1309884477
1339756592
1242198290
1426305424
1412869261
1214789861
1440114925
1527268153
2137752792
1298027030
1509064540
1341886209
1550643287
2075103815
1761460550
1271732922
1283617117
1750491487
1859060966
1134724636
1518636433
1842993799
1945869882
1159358361
1314765750
1955140715
1640547034
1137581862
1233215997
1614930168
1435638290
1146445211
1253542967
1261516794
1184725955
1123863989
1577127479
2007799502
1547291218
1121442418
1216447684
1205052925
1219904469
1945858500
1200307101
1883837822
1482961653
1304361815
1724445511
1544289722
1167595686
1540921148
1414100250
1088683767
1896777151
1363152783
1149179225
1490253684
1107893571
1459632618
1307161846
1194172074
1406668787
2120800087
2015847883
1189580479
1178687108
1641514524
1296592868
1204683002
1326243599
1667823429
2115924505
1118472792
1171133855
1361132435
1425044841
1482354411
1489133103
1253249305
1363049774
2143514481
2063401736
1165219644
1457164948
1227029181
1127407849
1673805934
1306472082
1141983374
1341365471
1720632462
1911498938
1314174443
1552221434
1704116834
1758328158
1298022478
1208948496
1611747695
1112318416
1239932087
1794655710
1759456138
2037996580
1176556922
1474479894
2089544461
1978069096
1278321531
1558744026
1976815912
1390546985
1380968262
1974312957
1195459975
2071455808
1857748025
1909131432
2106777169
1256187630
1096167589
1515090297
1586574167
1227829353
1309449106
1666772849
1455829243
2097509751
1287345938
1217508508
1548669607
1390606741
1151311118
1857085010
1238322069
1312306048
1748543986
1532219427
1947339329
1085096086
1714185562
1448722742
1799194946
1937539222
1129386651
1498891095
1848159059
1213455862
1156036454
1678188095
1665507713
1256835991
1370564896
2036027453
1369041953
1387396950
1442484707
1703203979
1202229561
1618145651
1807497151
1150465418
1191303750
1799673000
1216058411
1213653344
1355892053
1134392559
2023418210
1462483868
1163689302
1162367824
1093555365
1480683498
1248403887
1706457022
1546809180
1075295409
1303477984
1085471699
1601077984
1568857145
1092321530
1099997712
1169156760
1717183643
1268699555
1337779497
1310721641
1189677228
1363207987
1615059926
2079168412
1820179241
1169468065
1406628949
1502293815
1549762302
1155175957
1437735468
1270532665
1405409342
1707227600
1469898827
1394374262
1475055550
1999432419
1560475264
1754419498
1356957431
1280351553
1418473306
1610447274
1208415807
2101712073
1105617123
1325820180
1149206542
1340731481
1232069236
1169906281
1576658531
1162235790
1242553843
1107609584
1787606689
1861517253
1286201454
1288531967
1287359597
1804353377
1563804000
1199477336
1397301205
1792447555
1099449088
1324096340
1303630506
1307459491
1285708034
1124805300
1128975752
1136779415
1088396935
1289796534
1728582955
1550899387
1575603397
1241529584
1374311360
1304137585
1350077437
1491294020
1576013158
1352587789
1310496272
1478489572
1888399823
1553743809
1589126634
1152566579
1540863668
1309476993
1300930639
1620955356
1976307126
1182748291
1314973476
1243560744
1863706058
1557514175
1204301128
1407030173
1393844988
1328792082
1630464647
1199378168
1245781988
1450896465
1419180143
1708170049
1595526867
1514406224
1216197843
1447693219
1233446487
1655989316
1670698583
1194466305
1174443241
1363697992
2062110990
1448274282
1792556825
1450459103
1363882953
1384956598
1891386523
1764554812
2133886815
1304148398
1224688424
1380247766
1704000735
1432632241
1460911981
1363861896
1643905363
1435577964
1310151391
1165235010
1160761221
1742479530
1562119429
1511909530
1385518881
2051667787
1512626042
1164285162
1215218402
1630658145
1839053268
1537594120
1490621330
1916076874
1478725753
1096924508
1082943135
1382686980
2010724737
1760035494
1444471476
1175543903
1283798094
1361011215
1227218696
1222357911
1241148848
1807415199
1720193107
1935303751
1317568626
1505218482
1126174583
1934052843
1811820125
1676970196
1911920081
2129369774
1687413969
2044099736
1327808088
1403350295
1662594429
2080717535
2092329410
1443658784
2038145688
1798494085
1662011658
1488805294
1379401497
1085635035
1150299237
2054235619
1464673242
2023933825
1157728424
1632536214
1546122262
1910269656
1199951406
1591070721
1771645946
1494371778
1276026302
1920801641
1972997171
1201960940
1888257546
1125346525
1804241831
1169488553
1413746262
1112407197
1403288831
1414467327
1497088718
1762944794
1138601711
1183182523
1137536333
1406699519
1405538531
1900754105
1283147600
1565418570
1276359802
1077911048
1329331031
1145588129
1435922277
1091192412
1500186963
1146229518
1497312948
1965386722
2060043976
1354530168
1117236681
1576555806
2116008164
1345796577
1079411796
1142814846
1989021086
1577581061
1135677614
1342815000
1664721200
2025758398
1308684220
1255683966
1252208969
2059884624
1175747645
1494474218
1265752694
2112027796
1155891331
1223874594
1296896774
1218469738
1633683544
1742636605
1118032299
1455629769
1170041160
1594559377
1774955332
1304107422
1322390711
1985852271
1522480215
1809439814
1475213194
1524291129
1159933733
2109059308
1725398489
1434172827
1079318461
1589881561
1122800319
1512462707
2139609235
1177631975
1424092717
1394361742
2126488929
1194289881
1581818099
1476208002
1270030708
2062856527
2012965900
1422076923
1469087274
1158144445
1358105898
1520964670
1364231250
1225157372
1303934412
1116590739
1887768109
2000446576
1083414360
2070927672
1851455355
1114879988
1700137604
1821182016
1372833945
1955249985
1536655654
1803430277
1290243287
1939803149
1557238156
1345834707
1407972622
1315024696
1598596657
1539395359
1407539528
2027288171
1553329495
1772919049
1348894253
1832217096
1137526089
1899276690
1268436626
1963202755
1345157464
1379217674
1228031957
1424208816
1259211322
1951245714
1544847451
1166512097
1117002776
1234878942
1323998452
1750201809
2083536915
1242919924
1391020486
2063983368
1717431776
1960679313
1804941838
1137566496
1178053118
1308261370
1149585002
1873072502
1254462652
1491543292
1631152703
1910948037
1336624200
1284506070
1714159383
1467179611
1957644808
1771868469
1223969067
1179594842
1571267903
1247873474
1269776884
1877834830
1136926246
1589784528
1348199367
1817386039
1418036797
1394131251
1248098843
1556770915
1388660948
1103958162
1962623399
1116624885
2044309170
2078526454
1169738393
1446780363
1110355549
2120436993
1794969859
1703423656
1719107242
1252344986
1364630197
1225489734
1250622285
1448871850
1184083997
1371539216
1080233024
1261994848
1866685928
1184842054
1331536340
1715116629
2093333608
1879813632
1409911017
1320693620
1455265822
1316259100
1480558293
1347519848
1450730569
1487969269
1293412102
1480534960
1409566705
1994181792
1076131435
1304326530
1809979617
1126843859
1336814284
1302266914
1184142046
1425661759
1190068208
1831629772
1471336404
1777732598
1293213482
1346512520
1418541599
1401461413
1753297209
1107330719
1234164137
1909222490
1351479159
2067108931
1960343537
1471652830
1623925551
1798298026
1838827900
1449257138
1659967408
1221484893
1371164171
1206217328
1343142239
1439174183
2050402082
1692278168
2026083930
1285447381
1278904870
1798807950
1395522161
1122028034
1934299837
1297033930
1309812769
1546329419
2131102151
1339842528
2125814390
1283382074
1617241332
1381836727
1383953823
1371806698
1603177438
1902722094
1347035533
2075123734
1887271844
1281201806
1334125230
1788800686
1650542346
1571818803
1551874845
1494132751
1423237342
1544435983
1474618472
2063788732
1898253427
1821716981
1388978512
