0.020995
0.057088
0.023374
0.046838
0.032627
0.018815
0.025993
0.018509
0.018278
0.029738
0.010386
0.042570
0.016347
0.015315
0.009548
0.007691
0.033465
0.013931
0.038524
0.012516
0.012903
0.008228
0.018642
0.006955
0.029811
0.018848
0.012582
0.007971
0.034201
0.022635
0.014207
0.022248
0.001693
0.017286
0.035225
0.016268
0.009741
0.046328
0.031393
0.008264
0.054466
0.011160
0.023427
0.011097
0.015342
0.016320
0.058507
0.031920
0.045609
0.032180
0.025566
0.013095
0.016850
0.016500
0.016885
0.028328
0.049806
0.024401
0.034881
0.020281
0.036467
0.017100
0.012610
0.008657
0.025309
0.016389
0.016777
0.053693
0.009971
0.024197
0.021537
0.008882
0.009679
0.015057
0.009646
0.014189
0.048188
0.012370
0.036902
0.025381
0.045303
0.023971
0.019528
0.017308
0.047455
0.033058
0.013891
0.020894
0.041369
0.013649
0.058208
0.023634
0.012818
0.042870
0.033671
0.048158
0.028407
0.046380
0.063541
0.013478
0.009359
0.035122
0.052488
0.023363
0.029024
0.036356
0.046327
0.036702
0.008828
0.015605
0.039041
0.024728
0.045059
0.030002
0.031270
0.016395
0.019783
0.023308
0.030980
0.029986
0.023642
0.004292
0.037620
0.024562
0.021627
0.032967
0.058027
0.044290
0.019407
0.013585
0.027775
0.029542
0.027980
0.009761
0.017030
0.036766
0.011433
0.019934
0.019674
0.017387
0.024640
0.020999
0.039949
0.019855
0.015164
0.010007
0.017069
0.040795
0.046112
0.029847
0.020735
0.039119
0.016170
0.008435
0.039794
0.032740
0.007736
0.008147
0.021026
0.022072
0.008335
0.028440
0.015114
0.037881
0.015074
0.014173
0.007542
0.017492
0.017127
0.025255
0.022100
0.026836
0.025635
0.014944
0.020146
0.031155
0.021965
0.012610
0.037545
0.038652
0.003484
0.030389
0.035077
0.018153
0.023485
0.019689
0.035461
0.003637
0.015970
0.023559
0.057572
0.034201
0.020160
0.014525
0.026646
0.020577
0.021924
0.029082
0.036882
0.005915
0.016538
0.010483
0.020187
0.020560
0.027778
0.028354
0.032162
0.016962
0.036199
0.027914
0.021594
0.011384
0.034705
0.034353
0.027233
0.019421
0.030013
0.011113
0.019298
0.018746
0.035282
0.030242
0.007606
0.028261
0.023720
0.060206
0.022082
0.026409
0.023799
0.012171
0.018049
0.038469
0.030828
0.020751
0.020334
0.023366
0.020193
0.027922
0.019627
0.035799
0.016887
0.022846
0.021578
0.033552
0.019692
0.009975
0.015792
0.031633
0.017840
0.004694
0.014961
0.017456
0.015700
0.024596
0.023642
0.030681
0.034615
0.012960
0.012700
0.014730
0.019066
0.019738
0.013568
0.029382
0.057557
0.012169
0.022489
0.018254
0.028984
0.024795
0.030379
0.010422
0.046769
0.046538
0.012628
0.008263
0.004727
0.048649
0.012365
0.011768
0.079130
0.004534
0.033396
0.040138
0.010772
0.017064
0.004343
0.019035
0.012608
0.010361
0.023517
0.034591
0.016646
0.010226
0.014155
0.050369
0.029123
0.014064
0.007334
0.011252
0.014528
0.026974
0.024104
0.013784
0.052929
0.009249
0.023021
0.013866
0.024753
0.021853
0.005644
0.027152
0.019323
0.017590
0.014297
0.013743
0.025182
0.024849
0.016102
0.028572
0.030076
0.022565
0.017531
0.006950
0.019956
0.011298
0.022448
0.021175
0.013889
0.020218
0.036206
0.021036
0.011063
0.053926
0.011610
0.040515
0.016585
0.023239
0.009866
0.022528
0.006779
0.010239
0.014266
0.047906
0.020263
0.014388
0.040761
0.006423
0.029247
0.031628
0.023784
0.022242
0.038615
0.012858
0.022500
0.029195
0.030816
0.020088
0.019167
0.025799
0.047590
0.036250
0.020965
0.025390
0.028261
0.032481
0.011480
0.009451
0.020321
0.021441
0.028803
0.007236
0.043040
0.010292
0.016478
0.025540
0.037096
0.017276
0.050939
0.007669
0.040259
0.028099
0.022853
0.017562
0.015762
0.040388
0.013910
0.025474
0.014270
0.006924
0.016208
0.011771
0.019958
0.027641
0.018441
0.008524
0.002930
0.045996
0.022826
0.029672
0.007054
0.033134
0.015566
0.014455
0.006433
0.016569
0.005820
0.012378
0.014340
0.018649
0.019217
0.021724
0.026349
0.018900
0.019334
0.029406
0.018767
0.077824
0.042678
0.018096
0.027373
0.036692
0.004888
0.022248
0.023542
0.035583
0.024193
0.021688
0.021152
0.034535
0.016465
0.016201
0.023990
0.024755
0.051836
0.020841
0.028474
0.050020
0.019602
0.024761
0.017153
0.017574
0.025918
0.024113
0.018482
0.022808
0.010498
0.010352
0.030373
0.040105
0.025251
0.011792
0.012520
0.014102
0.017498
0.042610
0.026494
0.016564
0.032871
0.020641
0.022421
0.043012
0.026727
0.018314
0.024613
0.016883
0.010891
0.029456
0.017657
0.022577
0.023898
0.041047
0.016040
0.014515
0.058199
0.030666
0.014359
0.006325
0.032579
0.019864
0.026714
0.014465
0.049098
0.025592
0.029201
0.017347
0.008444
0.023498
0.021468
0.044374
0.019369
0.025178
0.016944
0.026250
0.033627
0.054210
0.024344
0.029417
0.035599
0.006431
0.034782
0.012607
0.039059
0.016297
0.016292
0.023098
0.054764
0.040715
0.018388
0.003998
0.055692
0.027465
0.028828
0.012215
0.028729
0.034434
0.014550
0.015334
0.008309
0.017135
0.008422
0.011152
0.028848
0.034097
0.007913
0.016349
0.011336
0.033006
0.061440
0.021892
0.029094
0.042028
0.015578
0.072426
0.010012
0.031909
0.014237
0.042931
0.033939
0.017584
0.014646
0.007499
0.028014
0.040688
0.017326
0.010119
0.023473
0.032554
0.003555
0.012737
0.044965
0.014323
0.032173
0.041742
0.012113
0.021725
0.033050
0.032909
0.050483
0.037335
0.009409
0.008565
0.004817
0.005388
0.010788
0.028902
0.016071
0.022860
0.024693
0.035953
0.011636
0.005832
0.037245
0.027308
0.010269
0.018863
0.040529
0.017406
0.021761
0.029494
0.014354
0.027392
0.035420
0.009069
0.009341
0.024006
0.011875
0.031524
0.008328
0.029644
0.045665
0.015690
0.018298
0.028559
0.035975
0.014577
0.004623
0.046982
0.018563
0.009438
0.024158
0.011643
0.029246
0.032315
0.036110
0.062114
0.018298
0.022691
0.007287
0.025706
0.012306
0.037165
0.019935
0.007282
0.017257
0.016997
0.042582
0.016461
0.017221
0.029145
0.018666
0.025339
0.032532
0.012968
0.018487
0.062176
0.039412
0.030867
0.022800
0.031422
0.009103
0.031626
0.024801
0.009898
0.014484
0.008319
0.036334
0.021352
0.030819
0.029509
0.026071
0.029545
0.013564
0.029826
0.011330
0.023594
0.031316
0.062676
0.037422
0.013702
0.007537
0.013502
0.034656
0.047356
0.013772
0.004691
0.033152
0.035011
0.018124
0.022535
0.009303
0.021769
0.027135
0.037147
0.010976
0.048935
0.014038
0.015439
0.021201
0.009042
0.020949
0.041821
0.021005
0.048659
0.018880
0.030870
0.003640
0.050734
0.070275
0.018466
0.026029
0.016115
0.010989
0.014664
0.017370
0.023513
0.033549
0.039774
0.029239
0.024194
0.032336
0.023376
0.046093
0.029709
0.018263
0.029023
0.040654
0.026088
0.015871
0.022561
0.036638
0.032718
0.048585
0.043314
0.014863
0.046616
0.011072
0.034775
0.013122
0.020458
0.035874
0.018665
0.042861
0.044486
0.018493
0.011818
0.028581
0.028965
0.043973
0.036732
0.028778
0.003111
0.017296
0.027742
0.015854
0.023506
0.017098
0.025498
0.008813
0.017772
0.016093
0.012852
0.030505
0.020637
0.047025
0.015310
0.008187
0.018941
0.028137
0.017271
0.025204
0.022063
0.040395
0.009952
0.031415
0.010509
0.031671
0.041504
0.021198
0.019968
0.020331
0.019775
0.018502
0.016838
0.023434
0.043107
0.016685
0.011182
0.033510
0.027920
0.034365
0.020267
0.028804
0.013498
0.023759
0.011708
0.008121
0.020505
0.045395
0.058172
0.022648
0.013728
0.023384
0.029689
0.039055
0.021867
0.015970
0.016702
0.046549
0.052138
0.031581
0.035434
0.016027
0.042110
0.013077
0.019732
0.030742
0.021486
0.013776
0.021562
0.030162
0.034547
0.024811
0.015800
0.036667
0.017757
0.016080
0.039300
0.018360
0.022225
0.049895
0.021642
0.024006
0.025697
0.021730
0.017422
0.004638
0.010177
0.034229
0.014153
0.042344
0.052578
0.020173
0.053508
0.027301
0.033040
0.008092
0.018456
0.016007
0.012996
0.017082
0.024401
0.041484
0.005530
0.009162
0.023727
0.005473
0.041146
0.009872
0.021381
0.022791
0.029388
0.018469
0.009615
0.001626
0.038952
0.012077
0.003187
0.018312
0.013782
0.017479
0.032051
0.020500
0.013150
0.029852
0.017131
0.013946
0.047632
0.005349
0.024538
0.018606
0.020311
0.026172
0.019813
0.008337
0.006936
0.008640
0.025613
0.013094
0.029045
0.026523
0.026071
0.025318
0.010692
0.007465
0.017841
0.018176
0.015220
0.016135
0.020819
0.027148
0.035438
0.026223
0.013415
0.027325
0.022442
0.022916
0.011551
0.009616
0.027878
0.016130
0.016140
0.025905
0.020733
0.016685
0.023133
0.022188
0.026211
0.027952
0.032778
0.006495
0.017529
0.037929
0.031558
0.047980
0.040491
0.046674
0.035183
0.020665
0.039342
0.020759
0.026497
0.028662
0.008006
0.020040
0.014836
0.011612
0.012093
0.013275
0.013288
0.041766
0.018205
0.032060
0.027652
0.036392
0.017166
0.037963
0.035306
0.007872
0.023173
0.030491
0.030296
0.040915
0.049506
0.040096
0.010866
0.009697
0.040237
0.041881
0.024232
0.033588
0.025585
0.030359
0.007218
0.020004
0.021660
0.025462
0.017139
0.028344
0.018023
0.007323
0.023591
0.009729
0.021270
0.051774
0.043322
0.041920
0.022070
0.026399
0.012886
0.019274
0.029688
0.013521
0.013541
0.006484
0.043959
0.031984
0.021984
0.019325
0.029367
0.053264
0.039109
0.012875
0.048367
0.010010
0.029298
0.038352
0.027202
0.011640
0.002977
0.018297
0.035681
0.020794
0.030434
0.031815
0.018078
0.022280
0.030273
0.023242
0.034644
0.021329
0.032732
0.003271
0.020727
0.022950
0.019862
0.040644
0.014884
0.016877
0.008009
0.012866
0.016649
0.022681
0.040709
0.014492
0.079900
0.030083
0.041467
0.053992
0.034949
0.021857
0.011156
0.028429
0.027460
0.025189
0.057941
0.017864
0.036705
0.054521
0.014071
0.013580
0.012980
0.029106
0.015040
0.039883
0.051145
0.041897
0.021712
0.062337
0.010954
0.022792
0.020304
0.035934
0.009792
0.007530
0.040072
0.006382
0.008749
0.018890
0.019537
0.030199
0.021897
0.017198
0.015246
0.021257
0.048310
0.023558
0.034049
0.023066
0.035072
0.047383
0.014717
0.004502
0.012253
0.038780
0.012360
0.031778
0.035106
0.020786
0.037148
0.016617
0.029466
0.036166
0.026988
0.014891
0.029007
0.024501
0.002198
0.022214
0.022930
0.024767
0.032690
0.009800
0.040325
0.033899
0.018855
0.009311
0.021552
0.010795
0.044271
0.017974
0.025955
0.029474
0.024997
0.026396
0.026871
0.028815
0.019616
0.028591
0.007768
0.026997
0.035664
0.022754
0.008532
0.022042
0.030252
0.037998
0.027463
0.061197
0.047531
0.018065
0.032610
0.014717
0.019001
0.011420
0.047109
0.016019
0.025035
0.021420
0.014123
0.035500
0.024067
0.015686
0.015569
0.011082
0.032420
0.025279
0.031315
0.033605
0.037155
0.005184
0.021575
0.025163
0.027965
0.029179
0.028843
0.044809
0.046506
0.039346
0.010512
0.038822
0.009339
0.008684
0.031685
0.009954
0.025929
0.069191
0.030751
0.010621
0.033347
0.026264
0.008675
0.029194
0.027851
0.037114
0.018520
0.022979
0.033938
0.045743
0.006332
0.025149
0.037162
0.013222
0.044099
0.022309
0.032710
0.016354
0.017179
0.035300
0.043610
0.017368
0.021627
