0.00037426857
0.00024610816
0.00022485225
0.000348438
0.00035850354
0.00029261265
0.00034627182
0.00024703133
0.00023592614
0.0002947007
0.00028407236
0.0003355983
0.00037140935
0.00020482199
0.00034977833
0.00079040264
0.00030607497
0.0006156225
0.00042240863
0.000345372
0.0002993123
0.00041648105
0.0002200095
0.00024462896
0.00038269424
0.00029597062
0.00021566261
0.00026798595
0.00030120986
0.00042604178
0.00028383255
0.000353741
0.00040852794
0.00034191547
0.00020098961
0.0003491353
0.00028738365
0.00030472194
0.00023282031
0.0004063864
0.0004063006
0.00031049718
0.00024497983
0.0004489903
0.00021313375
0.00022554593
0.0002829756
0.0002656443
