1301981158
1712290093
1564402796
1212123495
1247138902
2035843657
1204587880
1718713028
1641449061
2050371201
1976424836
1167457504
1292034641
1425042859
1216786119
1374800690
2129507453
2141587514
1469447713
1201457726
2082456272
1448827234
1530709539
1701998732
1331291828
2059206620
1500466174
1864504256
2095658544
1482086386
1974756302
1230571174
1421160482
1189433307
1398379246
1214549200
1999463193
2120093794
1619840366
1413710560
1413412071
1080137478
1704439848
1561918245
1482871662
1569228981
1968794320
1848212223
