0.00031207
0.00038837
0.00018664
0.00026903
0.00032068
0.00028258
0.00029152
0.00017631
0.00030082
0.00021330
0.00030519
0.00033935
0.00021732
0.00036877
0.00029505
0.00023071
0.00047920
0.00015723
0.00037494
0.00044346
0.00031940
0.00028262
0.00008023
0.00040353
0.00026610
0.00024482
0.00028848
0.00021163
0.00032692
0.00036764
0.00013898
0.00032144
0.00020732
0.00025545
0.00012449
0.00017712
0.00032648
0.00027390
0.00005870
0.00033419
0.00021941
0.00029648
0.00026392
0.00032305
0.00019808
0.00029393
0.00032835
0.00006077
0.00030451
0.00006707
0.00008311
0.00037365
0.00016146
0.00026576
0.00040085
0.00009280
0.00029393
0.00027204
0.00029135
0.00034912
0.00037357
0.00031389
0.00033300
0.00020067
0.00006576
0.00025748
0.00014742
0.00029493
0.00026996
0.00032509
0.00028884
0.00038332
0.00025170
0.00043009
0.00037668
0.00029850
0.00025899
0.00029793
0.00031723
0.00025145
0.00030228
0.00031139
0.00026163
0.00024549
0.00026819
0.00024184
0.00030838
0.00045793
0.00008517
0.00021047
0.00018992
0.00037180
0.00022922
0.00022641
0.00029806
0.00045413
0.00010311
0.00031374
0.00010848
0.00025200
0.00041839
0.00018054
0.00036351
0.00007799
0.00027294
0.00017947
0.00029404
0.00022290
0.00009440
0.00026169
0.00037072
0.00041193
0.00038017
0.00029715
0.00038099
0.00018264
0.00033408
0.00028503
0.00009783
0.00033633
0.00018043
0.00039082
0.00029524
0.00027327
0.00026588
0.00010408
0.00027050
0.00014074
0.00026231
0.00036403
0.00027689
0.00021054
0.00027767
0.00025273
0.00027844
0.00031472
0.00034555
0.00029078
0.00028978
0.00025320
0.00023132
0.00028274
0.00016318
0.00023704
0.00028835
0.00027148
0.00032283
0.00012339
0.00027867
0.00006958
0.00034074
0.00028087
0.00030385
0.00038694
0.00040673
0.00044001
0.00028047
0.00014568
0.00030643
0.00034984
0.00028091
0.00008252
0.00033488
0.00017018
0.00032302
0.00022253
0.00028066
0.00040583
0.00028597
0.00031384
0.00023036
0.00035389
0.00024893
0.00008718
0.00031568
0.00037886
0.00028498
0.00022511
0.00016534
0.00012021
0.00026775
0.00035247
0.00026177
0.00026679
0.00033964
0.00038462
0.00007983
0.00029800
0.00024482
0.00024031
0.00013029
0.00023907
0.00016032
0.00019968
0.00031216
0.00007975
0.00029977
0.00029229
0.00013323
0.00026230
0.00023183
0.00030504
0.00024905
0.00015845
0.00022823
0.00027553
0.00027948
0.00030446
0.00026702
0.00031665
0.00024217
0.00025681
0.00017014
0.00020368
0.00031687
0.00009725
0.00019351
0.00040277
0.00023588
0.00036082
0.00041231
0.00031484
0.00030011
0.00026578
0.00048445
0.00017534
0.00032064
0.00006709
0.00023663
0.00035745
0.00010077
0.00035862
0.00018934
0.00035495
0.00007513
0.00006911
0.00028265
0.00034325
0.00033593
0.00010194
0.00032673
0.00036798
0.00024232
0.00025530
0.00006985
0.00014722
0.00028996
0.00023897
0.00027982
0.00055139
0.00023589
0.00048051
0.00024135
0.00034208
0.00006916
0.00032006
0.00029290
0.00017909
0.00023007
0.00028745
0.00026846
0.00020648
0.00029325
0.00029525
0.00031450
0.00028183
0.00015406
0.00040158
0.00027253
0.00033454
0.00024331
0.00032300
0.00033048
0.00022760
0.00011934
0.00022823
0.00012359
0.00029065
0.00010240
0.00011101
0.00027684
0.00033164
0.00028306
0.00016231
0.00026990
0.00034323
0.00022090
0.00024902
0.00018440
0.00046892
0.00028620
0.00029839
0.00025158
0.00008021
0.00030061
0.00043827
0.00014820
0.00020942
0.00025235
0.00026681
0.00012536
0.00010184
0.00005636
0.00041432
0.00006870
0.00027005
0.00034925
0.00006038
0.00027934
0.00018839
0.00007076
0.00019676
0.00049450
0.00011969
0.00033112
0.00017231
0.00010256
0.00028974
0.00009286
0.00009059
0.00030091
0.00015654
0.00017276
0.00039724
0.00031515
0.00005805
0.00030010
0.00036107
0.00039759
0.00007049
0.00009000
0.00027265
0.00007946
0.00031855
0.00041891
0.00035434
0.00023134
0.00035665
0.00035619
0.00026205
0.00028234
0.00034114
0.00027561
0.00023669
0.00037717
0.00033267
0.00031305
0.00025838
0.00024319
0.00033344
0.00008940
0.00030546
0.00034459
0.00021927
0.00031356
0.00039425
0.00030567
0.00024728
0.00037674
0.00047408
0.00047372
0.00029752
0.00034398
0.00009227
0.00040005
0.00027883
0.00030452
0.00018208
0.00018545
0.00032958
0.00022840
0.00033165
0.00020319
0.00024049
0.00015462
0.00020401
0.00023406
0.00029320
0.00020966
0.00032815
0.00008182
0.00032429
0.00034884
0.00033937
0.00036836
0.00016787
0.00027070
0.00025123
0.00033769
0.00007254
0.00028661
0.00030792
0.00011692
0.00030568
0.00037110
0.00010978
0.00005932
0.00028557
0.00033915
0.00042459
0.00034130
0.00024492
0.00028630
0.00027370
0.00018488
0.00017656
0.00029992
0.00038097
0.00026627
0.00033170
0.00009542
0.00024043
0.00030457
0.00025126
0.00058802
0.00012806
0.00030014
0.00031536
0.00022187
0.00025441
0.00013945
0.00007561
0.00019533
0.00036757
0.00018091
0.00033052
0.00015093
0.00026570
0.00044692
0.00021733
0.00034456
0.00018650
0.00014075
0.00047475
0.00022110
0.00007724
0.00033906
0.00025234
0.00012286
0.00013411
0.00034407
0.00028718
0.00017204
0.00022973
0.00018839
0.00009086
0.00042329
0.00017852
0.00039248
0.00021668
0.00029336
0.00019002
0.00015906
0.00035530
0.00006079
0.00036558
0.00019473
0.00008026
0.00042197
0.00052633
0.00018361
0.00038176
0.00028175
0.00024895
0.00024168
0.00043043
0.00017191
0.00025709
0.00038429
0.00032388
0.00023276
0.00030403
0.00013492
0.00045919
0.00030851
0.00064863
0.00044669
0.00019100
0.00029105
0.00036215
0.00007011
0.00024013
0.00007514
0.00041157
0.00026409
0.00028041
0.00028728
0.00005148
0.00040890
0.00011291
0.00029228
0.00026417
0.00013004
0.00010023
0.00048170
0.00029981
0.00021804
0.00033487
0.00030845
0.00014654
0.00019958
0.00039757
0.00028117
0.00035675
0.00017096
0.00023506
0.00012502
0.00024666
0.00035104
0.00100498
0.00038212
0.00023900
0.00007991
0.00032453
0.00032869
0.00028786
0.00030603
0.00014415
0.00020356
0.00023364
0.00042070
0.00020316
0.00024278
0.00009186
0.00037088
0.00019204
0.00019530
0.00047464
0.00036186
0.00035912
0.00036661
0.00026935
0.00028807
0.00028192
0.00041248
0.00014213
0.00024318
0.00027083
0.00037681
0.00023568
0.00015441
0.00030624
0.00007526
0.00016727
0.00027801
0.00031639
0.00016952
0.00012001
0.00037965
0.00027291
0.00037848
0.00029518
0.00026672
0.00008647
0.00036571
0.00039612
0.00030156
0.00024035
0.00025288
0.00024952
0.00027747
0.00022543
0.00026875
0.00026620
0.00025477
0.00023866
0.00031775
0.00018456
0.00021509
0.00029430
0.00031795
0.00025875
0.00036538
0.00023386
0.00017174
0.00033992
0.00006048
0.00031751
0.00034102
0.00031448
0.00033616
0.00030636
0.00014209
0.00025035
0.00028404
0.00024200
0.00006688
0.00028345
0.00028925
0.00033843
0.00018236
0.00028080
0.00032652
0.00021627
0.00015861
0.00006233
0.00022428
0.00026739
0.00030799
0.00025154
0.00020504
0.00026754
0.00029466
0.00020059
0.00020578
0.00024211
0.00033346
0.00030972
0.00008374
0.00017549
0.00034751
0.00022260
0.00038326
0.00030554
0.00007544
0.00050039
0.00024869
0.00009190
0.00028664
0.00042771
0.00023936
0.00026997
0.00030610
0.00026540
0.00023401
0.00026279
0.00028613
0.00047830
0.00024602
0.00039129
0.00037203
0.00020361
0.00016936
0.00024091
0.00011329
0.00029625
0.00019178
0.00005246
0.00031328
0.00045925
0.00033107
0.00026384
0.00025632
0.00029629
0.00036359
0.00036759
0.00022672
0.00023986
0.00018348
0.00032020
0.00027894
0.00008920
0.00007783
0.00008656
0.00032507
0.00009822
0.00026235
0.00026220
0.00017728
0.00031459
0.00037779
0.00035127
0.00010844
0.00028791
0.00024257
0.00014532
0.00033704
0.00037079
0.00038737
0.00020866
0.00028668
0.00017647
0.00006356
0.00032136
0.00011541
0.00026936
0.00022523
0.00031919
0.00033103
0.00039531
0.00012344
0.00033259
0.00031155
0.00026636
0.00027848
0.00027715
0.00027771
0.00027693
0.00010530
0.00027453
0.00012853
0.00016155
0.00010656
0.00033173
0.00008066
0.00025737
0.00022043
0.00006526
0.00032456
0.00008487
0.00036244
0.00026311
0.00026986
0.00028823
0.00010567
0.00023669
0.00017512
0.00006240
0.00024763
0.00035209
0.00035648
0.00035000
0.00020371
0.00036949
0.00024820
0.00010289
0.00028326
0.00015641
0.00022739
0.00031241
0.00037988
0.00034054
0.00028587
0.00033853
0.00024166
0.00023939
0.00022796
0.00021287
0.00025221
0.00033554
0.00026013
0.00028990
0.00034052
0.00007872
0.00005891
0.00025323
0.00044538
0.00020050
0.00015812
0.00009783
0.00025823
0.00021288
0.00015391
0.00023434
0.00026953
0.00022819
0.00041052
0.00032361
0.00027225
0.00050980
0.00025693
0.00031887
0.00030100
0.00029115
0.00033726
0.00028500
0.00021789
0.00023254
0.00022015
0.00030332
0.00004785
0.00035445
0.00021288
0.00018193
0.00009846
0.00031684
0.00028579
0.00030093
0.00025022
0.00009264
0.00026300
0.00031374
0.00022937
0.00028606
0.00022729
0.00038734
0.00018748
0.00024706
0.00007495
0.00024481
0.00026312
0.00030775
0.00011138
0.00025420
0.00029942
0.00008054
0.00040149
0.00026591
0.00034320
0.00023798
0.00033359
0.00026470
0.00031174
0.00027151
0.00027123
0.00027854
0.00028909
0.00006524
0.00032122
0.00023680
0.00030318
0.00027218
0.00007273
0.00012690
0.00020673
0.00005503
0.00009376
0.00025232
0.00035807
0.00041557
0.00030013
0.00020458
0.00008149
0.00031449
0.00024424
0.00014153
0.00025640
0.00034319
0.00018575
0.00031639
0.00023534
0.00025494
0.00005910
0.00022923
0.00031000
0.00019571
0.00026562
0.00038376
0.00032461
0.00037492
0.00034240
0.00032316
0.00018362
0.00019001
0.00039025
0.00052510
0.00017080
0.00026238
0.00015454
0.00028878
0.00011368
0.00029682
0.00034842
0.00039543
0.00013301
0.00011636
0.00050081
0.00006448
0.00032473
0.00007730
0.00017550
0.00021239
0.00024469
0.00029615
0.00015131
0.00017844
0.00028417
0.00007202
0.00024552
0.00007822
0.00019007
0.00020209
0.00022217
0.00026059
0.00017854
0.00011125
0.00022488
0.00032356
0.00008444
0.00028251
0.00007870
0.00028977
0.00008269
0.00023340
0.00036422
0.00030898
0.00024883
0.00038182
0.00051119
0.00010349
0.00023614
0.00016896
0.00025042
0.00028707
0.00028177
0.00009755
0.00029412
0.00009719
0.00034469
0.00013034
0.00047132
0.00015822
0.00018646
0.00024079
0.00032783
0.00028250
0.00015585
0.00028812
0.00020448
0.00006888
0.00022987
0.00022336
0.00028897
0.00012102
0.00028878
0.00030362
0.00011640
0.00028759
0.00006894
0.00019748
0.00008939
0.00011335
0.00030100
0.00009166
0.00031946
0.00028547
0.00051216
0.00027117
0.00013667
0.00037907
0.00012717
0.00030829
0.00028115
0.00017289
0.00014433
0.00021187
0.00048083
0.00025705
0.00030482
0.00010924
0.00052408
0.00011388
0.00031216
0.00026102
0.00007398
0.00032274
0.00029588
0.00033972
0.00031094
0.00044535
0.00029830
0.00027150
0.00013533
0.00030259
0.00035577
0.00027075
0.00022706
0.00045257
0.00039748
0.00022039
0.00025371
0.00030216
0.00007955
0.00020785
0.00032145
0.00026304
0.00050884
0.00010223
0.00032823
0.00031786
0.00031760
0.00039061
0.00030059
0.00012753
0.00030482
0.00035454
0.00025784
0.00013752
0.00021108
0.00029640
0.00015865
0.00025875
0.00028500
0.00034452
0.00012080
0.00021007
0.00006802
0.00047372
0.00032306
0.00023093
0.00008506
0.00028882
0.00009619
0.00027200
0.00031850
0.00016441
0.00012842
0.00035334
0.00042092
0.00009132
0.00044291
0.00013169
0.00018061
0.00022866
0.00024478
0.00030358
0.00006164
0.00032205
0.00028145
0.00020088
0.00010354
0.00016098
0.00028859
0.00022714
0.00031682
0.00023285
0.00025085
0.00049406
0.00014314
0.00007813
0.00028228
0.00028368
0.00024656
0.00020001
0.00044389
0.00020801
0.00032296
0.00026103
0.00006912
0.00053291
0.00021623
0.00029838
0.00028067
0.00036821
0.00011392
0.00035566
0.00022953
0.00026256
0.00036480
0.00020762
0.00034648
0.00033894
0.00007133
0.00041080
0.00008379
0.00028110
0.00025715
0.00029425
0.00007432
0.00036629
0.00020048
0.00018457
0.00017654
0.00032419
0.00030631
0.00018499
0.00050150
0.00027262
0.00030157
0.00019139
0.00028243
0.00023570
0.00018048
0.00030751
0.00009238
0.00022036
0.00022733
0.00009307
0.00029875
0.00028996
0.00028685
0.00033253
0.00006588
0.00035873
0.00016199
0.00021281
0.00018649
0.00023257
0.00027242
0.00032613
0.00011007
0.00033314
0.00021539
0.00037065
0.00025498
0.00022641
0.00041373
0.00029338
0.00030126
0.00032292
0.00022075
0.00016496
0.00024247
0.00030063
0.00015006
0.00024065
0.00011876
0.00032547
0.00023103
0.00017373
0.00030419
0.00019966
0.00039458
0.00029293
0.00033097
0.00022040
0.00028054
0.00020311
0.00029657
0.00018560
0.00032013
0.00017455
0.00018775
0.00016262
0.00007797
0.00015356
0.00009860
0.00035376
0.00031870
0.00021939
0.00012935
0.00042238
0.00008284
0.00029342
0.00015275
0.00014990
0.00037032
0.00034226
0.00039335
0.00015216
0.00018750
0.00026048
0.00024731
0.00023303
0.00035825
0.00021188
0.00027646
0.00042972
0.00024350
0.00024416
0.00041201
0.00069535
0.00033554
0.00033709
0.00029588
0.00033183
0.00041592
0.00010732
0.00016374
0.00027686
0.00034809
0.00033929
0.00029755
0.00030207
0.00014459
0.00016952
0.00028401
0.00034486
0.00028423
0.00019698
0.00042644
0.00031143
