1184660528
1578880839
2122624352
1431841452
1191735153
1269392020
1153583491
1210719237
1604989245
1470575362
1318467406
1661890345
1115955506
1277391033
2060298890
1242701912
1996517672
1846198693
1581505642
1262294275
2008203770
2043046077
2035064084
1112336914
2038863030
2078592687
1427078251
1383279049
1114013118
1340588866
1535510972
1942197232
1379477508
1440559014
1366076068
1258103037
1574247613
1718043360
1567547621
1343290443
1845344389
2128353445
2103484261
1218244498
1152398061
1093580559
1353905795
1283257793
1290749149
1717012571
2131607098
1326649549
1096039434
1809534461
2014141889
1237323742
1496811923
1719650662
2123473922
1352338495
1840860434
2029315239
1229815821
1399951981
1316890503
1605827256
1823335565
1567500246
1452535508
1206990739
1522422182
1312795108
1383024833
1262675553
1424444119
1767317622
1722440574
1885955928
1289564674
1285377031
2033500743
1567555449
1103794426
1173629948
1158450727
1368792345
1619661036
1442148295
1258469115
1250799863
1306457326
2130982708
1169089470
1205086897
1352467059
1349598143
1913342057
1822687693
1087073800
1872144994
1464519966
1704953659
1394396005
1368232260
1094710877
1752775169
1275584763
1115738563
1417121740
1268916719
1861346194
1324676351
1367051017
1123338549
1164021720
1563057705
1833137936
1702268420
1203853409
1158197239
1799836762
1612699183
1393594402
1463673490
1119030443
1578858994
2039104321
1358130801
1102576411
1318372109
1542673568
1368285324
1211931518
1280852300
1712207046
1348851106
1686322547
1447104547
2055599494
1088429708
1226369937
1169242109
1866516385
1175567922
2035435714
1402542470
1415803604
2032360913
1213892702
1204214709
1211984082
1251176954
2091235030
1976766572
1191356606
1292080118
1367956746
1837773711
1302807013
1640180791
1162387840
1084632491
1100093780
1123380145
1926230788
1371589037
1283202271
1368458442
1238723067
1985578020
1135571626
1234356207
1747428665
1117245699
1838080353
1191970528
1190201531
1253891775
1514094773
1767516972
1975190762
1674553667
1314318491
2109448730
1246917361
1091094196
1666130005
1960885413
1086028812
1294483199
1206036315
1550365074
1407535311
1267203926
1924975273
1322351728
1328595533
1776673090
1480793598
1962210011
1131301155
1446701197
2112848376
1248639348
1193298585
1896386511
1364505491
1465397616
1244478965
1246741467
1269675453
1398021561
1935736346
1824715230
1358820861
1872445538
1856095632
1714580728
1927115765
1748845610
1868036765
1370763632
2121594018
1536529565
1302400659
1515746083
1768813791
1529768226
1117251479
1321202068
1291988371
1981985596
1153846991
1767354576
1374098974
1147362031
2051177705
1379746651
1373070733
1948809026
2088882601
1376669438
1189013506
1160171666
1766009589
1659588704
1772154275
1348270314
1133521425
2109510076
1424675807
1686461988
1624602816
1322430368
1184588441
1429202814
1588281999
1706743546
1717188419
1343793868
1392376296
1180423143
1117850201
1365102393
1956866201
1208771797
1361682449
1869678882
1444779333
1441181948
1101980283
1846929665
1170807543
1116719610
1136107499
1704075782
1752502704
1697096635
1702917385
1490010627
1104745155
2005702389
1503120806
1616554015
2040338538
1943016584
1351639015
1580163386
2060808414
1942663339
1762431000
1772839101
1164444321
1219041095
1256639453
1496361880
1750289443
2043991763
1951594933
1355844588
1399554774
1218840489
1210847301
1329727808
1578205752
1481399875
1266510544
1375687162
1623655582
1195593262
1334819769
1276607224
1381717346
1462237758
1342015614
1645725389
1421827280
1228956375
1764195537
1385768734
1323211174
1443352794
1233816465
1218688169
2145441788
1098033522
1097088755
2078115384
1254994150
1159798580
1620562851
1162036871
1993258650
1198857655
1075261595
1086322166
1290341748
1327921538
1832880444
1116111558
1917726438
2137437040
1945311898
1090235205
1737443309
1895840034
1143825219
1127070324
1131556145
1981101620
1088849442
1079682565
1890622540
1263533998
1343898267
1215896938
1285430641
1146897016
1653020189
1408548943
1306985372
1235257158
1104360655
1932785241
1075266829
1139511606
1634527698
1244523200
2058043715
1514269802
1921268438
2000791647
1975146891
1138951294
1121240518
1237420450
1308949833
1201494609
1811093387
1607449895
1795290004
2033705262
2137084160
1449157797
1201972868
1256627257
1297926990
2095599386
1335013731
1233850506
1164482640
1209179880
1473153563
1281401508
1457692639
1093195185
1892123095
1599122531
2053851066
2145770776
1544948995
2116803694
1317231369
1542095279
1249642649
1205614306
1094469540
1152195544
1375187560
1115815383
1632831561
1875619367
1141707801
1670850882
1127639329
1674790635
1106546200
1200740017
1254753087
1784547499
1161758035
1374659605
1323570107
1094358224
1860779738
1155946114
1115185805
1220257472
1735719411
1476100528
1372007997
1327907704
1406203887
1991151016
1332034682
1239394740
2085121836
1135622095
1610520190
1927318191
1657379157
1427459211
1763279933
2105091018
1493099808
1088547851
1131714563
2087997943
1373713782
1896389242
1382055026
1408301235
1181342980
1599143830
1998093756
1607408436
2049922463
1255766491
2063736765
1126538592
1435304493
1522422728
1577306121
1207836305
2109751641
1239038857
1660353217
1226902761
1556801748
1262122750
1464371287
1152366250
1452821125
2032044350
2024557499
1592379078
2027027297
1210132621
1228372671
1670905311
2116939221
1164884625
1112985969
1693805392
1443718599
1139945903
1320667469
1132577240
2126248269
1577911579
1146319000
1937352587
1199771530
1469611927
1430939000
1312884443
1081190839
1437118910
1439486311
1116827558
1087262209
1257164496
1333924872
1739677960
1139453854
1516729679
1086956795
1453757437
1152755674
1448384682
2008533168
1201255002
1449206674
1762723352
1147319935
1243297494
1554332861
1221958888
2099207557
1398316735
1291538282
1357282687
2008056866
1329191935
1225065363
1349648659
1506666265
2082108292
1716663877
2010148935
1582118063
1104828310
1712959518
1213718128
1147962437
1150399650
1461417359
1429389266
2056716204
1782309390
1129261194
1454658205
1111908488
1407290789
1096020275
2133837880
1546573136
1166697357
2108196037
1308560227
1983495417
1178253890
2043580449
1133542223
1637229321
1981332717
1243241472
1321722560
1496928791
1121762375
1099556086
1680106502
1855574276
1207637338
1820102938
1200050640
1906943702
1667657529
1969880356
1393549120
1162705177
2083822087
2044144948
1296708065
1149020168
1773231256
1337854704
1666561662
1294998639
1153151971
2000905375
1236509305
1692568582
1661440438
1673751017
1687245797
1942508789
1447840480
1185748659
1804018534
1225366908
1826301689
1109718118
1644717992
2011683241
1320097691
1189651867
1346227941
2021812552
1866545511
1253546631
2029180804
1314740728
1264149878
1075143726
1633489173
1749839264
1600957609
1914960483
2086288062
1143124510
2108924552
1269330264
1181668282
1123653111
1077491467
1751900204
1600300270
1472047957
1253842261
1396766410
1464774955
2083750000
2093295970
1285247693
1296306489
1877441565
1275130807
1130099843
1206950054
1445350385
1161739876
1400956738
1818297851
1995111886
1310774125
1444030793
1173593631
1469551399
2039725252
1180593075
1128825806
1261107116
1733462325
1202730964
1330024985
1276215433
2127557485
1455597384
1379944480
1458323855
1207245820
1338530610
1154616192
1846242382
1344245959
1379124127
1482002329
1095652877
1539846020
1877791442
1849621367
1076834902
1518487253
2092888843
1138850172
1210969995
1637463831
1517356799
1871100006
2063220961
1235009177
1989072873
1321589991
1829814381
1182205657
1448359379
1878094990
2122507666
1352219033
1380649240
1169154640
1564313174
1111084949
1998184046
1477343418
2027459182
1329311169
1522526991
1497516454
1231545362
1147558586
1876560867
1224841547
1339291528
1436200210
1934962959
1388206857
2079781985
1287495132
1399343610
1554080648
1324667840
1342656405
1234063491
1292545588
1776320392
1339650233
1622474475
1969821375
1283326922
1241457365
1154440434
1963616890
1119779893
1490294515
1301037879
1641948469
1340017950
1431338755
1127220141
1398547195
1600227136
1279696178
1377503991
1656102453
1817742090
1108592851
1380673906
1599747831
1315482077
1182377683
1265298354
2047779969
1334260686
2133633087
1291693105
1537708715
1972504794
1275276073
1821401414
1130635352
1268073202
1594082633
1551422277
1434093487
1945893873
1690539316
1366769450
2006390765
1583406253
1324345497
1483748026
1190971732
1081996129
1429934697
1626288031
1088016392
1485722362
1554101218
1237957643
1995105651
1688408336
1300453856
1822211482
1638770908
1164869561
1147508799
1868514705
1470048071
1236451417
1654368179
1314285907
1434780088
1129266064
1315353467
1122056685
1787524818
1128010595
1380947964
1457791849
1279548272
1619780089
1217292304
1336287176
1767006884
1184444813
1298848374
1881201738
1167705300
1846943227
1247812332
1172266485
1298875133
2025242326
1560288864
1619831423
1978484099
1477523562
1297642647
1322752120
1085334292
1166997401
1901672343
1838449617
1869990122
1116092581
1170620954
1561104667
2015039654
1196411522
1662367739
1221398758
1113529170
1181790429
1720243378
1367369856
1340110607
1631178976
1208343326
2010927465
1202019196
2074399629
1225179428
1403910939
1074346855
1435782752
1413889704
1850286624
1427632556
1350283516
1163879094
1748321432
1416057228
1365024026
1124988221
1764704743
1510598919
1232048787
1947449750
1874232876
1300018149
1239421591
1974734848
1184194966
1377085395
1205759072
1812539450
1718737652
1087231081
1370926510
1355204998
1428320386
1769480777
1581204278
1416606618
1822001319
1418838811
1566815192
1129563605
1792922876
1136012430
1148670382
2048527143
1395313658
1206323753
1171188457
1511238918
1145815029
1910367378
1113966152
1355725535
1427535803
1393697253
1132171478
1212277754
1144823241
1796220035
1432767933
1311268175
1168706736
1248678804
1468374616
1776411911
1847509456
2018067761
1368564797
1167393788
2010019925
1305440781
1253217780
1331553192
1155853502
1902534838
1230030261
1088346972
1816156814
1230306049
1141727825
1358570968
1100540865
1832801803
2122620347
1307961095
1652607919
1292764580
1267047783
1748527590
1555461859
1515670583
1395762199
2084277454
1288703453
1233431865
1450907999
1206616015
1206474571
1906022363
1226455312
1317502059
1602576289
1623730127
1500637356
1261722131
1128647955
1567201385
1367057388
1139889698
1305758665
1132618199
1361149716
1996401532
1162744771
1215933892
1196852891
1238871564
1231852096
2145980347
1446448938
1318478965
1124427955
1182210436
1147688652
2106757665
1141075447
1092607567
1283653816
1107800122
1084914149
1224181296
1484886354
1387910591
1457466275
1092299377
1666513740
1308933723
1276836865
1724590212
1668968429
1834974242
1857110584
1365952236
1075494240
2105466744
1388688711
1223448412
1274005358
1480351793
1291608094
1245817489
1141952505
1155315399
1675372518
1397549355
1295842384
1447793879
1265331030
1088647517
1078721997
1936608216
1158432250
1577243773
1249423430
1544812102
1092038790
2087563145
1579162542
1361524941
1366615673
1160140492
1811684418
1512264018
1236238205
1476132293
2041977697
1110455644
1144756752
1547890361
1702264579
1421832332
2121949629
1100230399
1857328756
1260423564
1258503020
1169175347
1321113780
1145930623
1266084211
1245073864
1693641012
1312735036
1295142267
1510202896
1098792847
1481364833
1131139688
1383906487
1651757575
1234815307
1082351512
1489148769
1239604812
1082926888
1644339717
1275487601
1164861324
2141267479
1143853116
1286877250
2076228107
1176549242
1653421582
1819216050
2111957757
1482600961
1375944245
1559812289
1087873629
1271464202
1157809817
1609688187
1717066909
1197463701
1814127639
1333896474
1329586365
1110470025
1476290165
1457991909
1494562027
1837347196
1834131225
1417758690
1139785391
1160316432
1361757904
1241634351
1700037638
1411688367
1597636693
1690838131
1289459502
2109632861
1628684376
1198583688
1498173793
1879355966
1407944805
1226228539
1262782865
1207778417
1529993726
1380646372
2053327844
1259169779
1414347984
1861247029
1405546002
1268379162
1657197865
2057621934
1469059715
1176381313
1198375255
1962104338
1774988695
1426730286
1268766447
1972946418
1153359585
1633811152
1564294651
1364397543
1548224765
1796048009
1847027056
1711757413
1350437565
1434727525
1097736573
1086515763
1459677761
1662700731
1460579075
1409551380
1839762291
1384544120
1138395441
1865950293
1130464692
1325728893
1139024109
1363410716
1090112557
1475555916
1582730893
2012729685
2031507793
1434761975
1829005041
1438849452
1520824255
2096316979
1112687564
1377576169
1233964280
1716212469
1227916803
1737222224
1597417338
1251835112
1286700309
1306243932
1256472297
1238031186
1116856912
1488759208
1353534711
1117587566
1534079154
1181730812
1834837304
1518006583
1299169807
2062299486
2063232065
1316690808
1137031887
2077338538
1396486846
2128471224
