0.0002603109
0.00017346737
0.000233207
0.00015731255
6.546636e-05
0.00027892934
0.0002534822
0.0002660369
0.00035267166
0.00032313628
0.0002897129
0.0001825874
0.00024521403
0.000280687
0.00022635947
0.0002730646
0.000219352
0.00020283686
0.0003475115
0.00027736972
0.00022063592
0.00022446395
0.00022358699
0.0002444189
0.00022400437
0.00022836936
0.00031357846
0.00030395426
0.00024478722
0.00029457375
8.435122e-05
0.00021338396
0.00030311893
0.00031654065
0.00030017417
0.00027644876
0.00017295833
0.00018875678
0.00034444444
0.00029516738
0.000202743
0.00023383644
0.00023110413
0.00026769046
0.00025322172
0.00024029748
0.00029749994
0.00028197613
0.00028362224
0.00018864353
0.00023419391
0.0002915108
0.00024083778
0.00019880866
0.00044257665
0.00027188283
0.00016445068
0.00018893337
0.00023330034
0.00029715555
0.00040450072
0.00022295538
6.755827e-05
0.00030761788
0.0002893664
0.0001764279
0.00020032495
0.00034443403
0.0003191723
0.00026521762
0.00016726441
0.0002884665
7.59746e-05
0.0002774535
0.00031299965
0.00019417041
0.00018923989
0.00020720488
0.00028336197
0.0002824418
0.00022341523
0.00034444616
0.00012127091
0.0002578871
0.0002545517
0.00030077103
0.00017794778
0.00031688987
0.0002765292
0.000274844
0.00028707387
0.00023412531
0.0002568894
0.00026479928
0.0001485919
0.0002965534
0.00021021372
0.00020025377
0.00023886772
0.00020568751
0.0003218057
0.0003746373
0.00030639704
7.516199e-05
0.00024054585
0.00019257267
0.0002802901
0.00024516636
0.00031139067
0.0005576498
0.00040900215
0.00029107722
0.0003003884
0.00024683634
0.00025577584
0.00034345785
0.00020140191
0.00018702363
0.00026452824
0.000254496
0.0001977432
0.0001771829
0.0003062209
0.0003216197
0.0002458897
0.00034692994
0.00022403088
0.00029842832
0.00024227418
0.00028969196
0.00033897875
0.00030065962
0.00026630328
7.036189e-05
0.00018811556
0.00029638925
0.0003705434
0.00031797893
0.00022584316
0.00023916566
0.0002694759
0.00025692294
0.00020506911
0.00025831294
0.00022362782
0.00015409355
0.00062220206
0.00022329
0.00026673422
0.00026460763
0.00026631483
0.00027492686
0.00022975834
0.000217182
0.00026178226
0.00014195735
0.00030058742
0.00020191123
0.00028627177
0.00036040446
0.00025541682
0.00023833128
0.00024172866
0.00024684548
0.00042325954
0.00030138556
0.00028196393
0.00030069766
0.00027219031
0.00021815009
0.00024952437
0.00027123076
4.7996316e-05
0.00024549753
0.00020194492
0.00026191716
0.00026152845
0.0002755234
0.000332699
9.7096156e-05
0.00043401774
0.00036795737
0.00028880124
0.00023175943
0.00027399088
0.00023975114
0.0003661064
0.00021543718
0.0002386381
0.00028444274
0.0002650079
0.00017033442
0.0001546421
0.00027844854
0.00021149183
0.00014528321
0.0001459692
0.00019519827
0.00032538158
0.00021558271
0.000248586
0.0003178903
0.00023213294
0.00027436926
0.00026220898
0.00020835086
7.4957265e-05
0.00032199855
0.00027345508
0.00027395223
0.00027899162
0.0003071937
5.316853e-05
0.00020047653
0.00029857995
0.00020572053
0.00020392421
0.00018837635
0.000211727
0.00019214094
0.00020523615
0.00030120419
0.0001165469
0.0003376287
7.154562e-05
0.00033306185
0.00038866958
8.403575e-05
0.0002454988
7.257845e-05
0.00028389454
0.0002177554
0.0002535401
0.00038834894
0.00030193708
0.00025211513
0.00022535735
0.00030317807
0.00030171114
0.00021411038
0.00045899977
0.0003025019
6.531685e-05
0.00025492985
9.701335e-05
0.00036466905
0.0001947018
0.00029626163
0.00024907387
0.00046353234
0.00015652528
0.00018528702
0.00035698144
0.0002905837
0.00026029506
0.0003140453
0.0003490005
0.0001875153
0.00018866285
0.000295278
0.00015297662
6.484495e-05
0.00024563036
0.00014998011
0.0002149956
0.00026560898
0.00029920874
0.00041083313
0.000317468
0.00031667753
0.00024214319
0.00020291717
0.00025726692
0.00024538193
0.00024964212
4.680555e-05
0.00038508547
0.00037291084
0.00018709493
8.185172e-05
0.000121375364
0.0002203611
0.00016514382
0.00017760642
0.00022416648
0.00021347398
0.00029700185
0.00034721656
0.00022641545
0.00021343517
0.00019363353
0.00019477704
0.0002558687
0.0002678655
0.00013806358
0.00032880247
0.00019229957
0.00022456785
0.00021441646
0.00029792596
0.0003075306
0.00026782142
0.00026606504
0.0002921872
0.0001733932
0.0001627574
0.00027829618
0.00030228606
0.00017838665
0.0002627132
0.00029330608
0.00028051477
0.0003036111
0.00032130422
7.3721814e-05
0.0003616228
0.00031242464
0.00027004423
0.00038765479
0.00030450133
0.00029075527
0.00031715454
0.00027111216
0.00026778795
0.00023571389
0.00024127595
6.0267088e-05
0.00022831692
0.00027576563
0.00025484787
0.00035609372
0.0002553397
0.00021899394
0.0002634305
0.00023627217
0.00023870256
0.00028353272
0.0002917903
0.00020137362
0.00024524832
5.2673855e-05
0.00023483443
0.00021372616
0.00023956239
0.0001908882
0.00020829082
0.00025133797
0.00024765634
0.00024864203
0.00021765828
0.00023925789
0.00023724361
0.000103858794
0.00027764213
0.00029530094
0.00026717462
0.00014122679
0.00025201295
0.00018161286
0.00030950693
0.0002871899
0.00027142873
0.00024266624
0.00021234989
0.00023627332
0.00025039012
0.00035916228
0.0002734648
0.0002261117
0.00033273746
0.00021108457
0.00021982157
0.00021700405
0.000250267
0.00024637533
0.00027190408
7.190539e-05
0.00026400993
0.00039795987
0.00035321235
0.00019724366
0.0002234377
0.00023479566
0.0003184301
0.00026411502
0.00027612448
0.00028519946
0.00023023784
0.0002933487
0.00027111964
0.00025587712
0.00026569865
0.0003237028
0.00028156824
0.0003203055
0.0002402128
0.00020788245
0.00035138254
0.00045130213
0.00047150007
0.00016973937
0.0002325675
0.0002894413
0.00033885168
0.00027458972
0.00026491517
0.00024049282
0.00012658861
0.00015108814
0.00024518324
0.00035878958
0.00020606923
0.0002508727
0.00036714374
0.00024778137
0.00036800944
0.00024314648
0.00052768824
0.00027571266
0.00019606341
0.00025527843
0.00030206027
0.00029083414
0.00024046836
0.00040887768
0.00025400135
0.0002450449
0.00026813278
0.0003813976
0.00032435035
0.00030147762
0.00029178726
0.00030899164
0.00021876238
0.0002926941
0.0002723379
0.0002290867
0.00024953546
8.847175e-05
2.6468655e-05
9.1045884e-05
0.00031366217
9.68634e-05
0.00023128066
0.00032808568
0.00023919162
0.00024867684
0.00022940269
0.00030185244
0.00020835116
0.0003036853
0.0003094525
0.00025958192
8.7846805e-05
5.488129e-05
0.00017660162
0.00045043888
0.00027593534
0.00011336859
0.0002475395
0.00031538605
0.00016726447
0.00017329436
0.00026540342
0.00023179271
0.0002722597
0.00018241852
0.00013479649
0.0003420832
0.00027733203
0.00032177303
0.00025321473
0.00031923506
0.00022325522
0.00022243266
0.00034990077
0.00022270401
0.000265908
0.00026991597
0.0003671557
0.00023258239
0.00025596545
0.00024456152
0.00018609382
0.00031723492
0.00025048555
0.00029019633
0.0002488664
0.00023360515
0.00034672176
0.00025188594
5.3212923e-05
0.00026363131
0.00032292458
7.86067e-05
0.00028848613
0.00023757503
0.00031578474
7.9076235e-05
0.00024540565
0.00023890912
0.00027624253
7.327736e-05
0.00038226743
0.00025037743
0.00016663899
0.00023884201
0.0003194408
0.0002533003
0.00031826022
0.00022067211
0.00026395728
0.00015922042
0.0003873313
0.00025210588
0.00027319547
0.0003415407
0.00026850664
0.00023063426
0.00015362928
0.00028379564
0.00014912098
0.00022061978
0.00029206945
0.00026918924
0.0002965645
0.0003310667
0.00022875561
4.7151305e-05
0.00022084963
0.00034764607
0.000242769
9.4099116e-05
0.00026669586
0.00025224706
0.0002527826
0.00032112395
0.00031408627
0.00022596585
0.00039163503
0.00024813775
0.00031963873
0.00024432476
0.00030923047
0.00024083357
0.000234439
0.00033983562
0.00025636377
0.0002316218
0.00028753595
0.00021792128
0.00025890314
0.00022452266
0.00024907844
0.00017987796
0.00021768367
0.00027318316
0.00029042817
0.00016446352
0.00024649
0.00024161051
0.00036917752
0.00020386693
0.0002653597
0.00019996979
0.00013184632
0.00020951075
0.00036644205
0.00021642543
0.00030621095
0.00025548655
0.0002289439
0.00022458468
0.00028493162
0.00025247948
0.00038964025
0.00029397296
0.00036620125
7.1139e-05
0.00025338738
0.00043966813
0.00027170387
0.00037191587
0.00018253797
4.5972625e-05
0.00037074627
0.00021341819
0.00031814064
0.000130275
0.00019820264
0.0002692555
0.00020065083
0.00024384346
0.00036140144
0.0002210182
0.00029007113
0.00026140767
0.00029581285
5.553277e-05
0.00020507231
0.00027544756
0.00022294061
0.00028889402
0.00027777746
0.00023624627
0.00017946704
9.6125055e-05
0.00035178577
0.000105195766
0.00022921483
0.000251184
0.00023170184
0.00027891577
0.0002596534
0.00024690546
0.00023676215
0.00019247654
0.00035164133
0.00032345986
0.00027551252
0.00015345895
0.00032186173
0.00022893598
0.00022998477
0.00028241338
0.00028484338
0.00020626943
0.00028019035
0.00024832203
0.00026520868
0.00031759348
0.00025527444
0.00015391933
0.00019977147
0.00021919755
7.2005605e-05
7.932588e-05
6.446978e-05
0.00032291128
0.0002240991
0.00025941714
0.00024804208
0.00027710886
0.00019045082
0.0002642816
0.0002922525
0.00028042868
0.00023374899
7.9961275e-05
0.00015161077
0.0003204442
0.00026527367
0.00029412148
0.00025370912
0.00020284166
0.00029537734
0.00030304128
0.00032564718
0.00024075284
8.458936e-05
0.00020630787
0.0002032129
0.00023661788
0.00033366418
0.00022994004
0.00025024478
0.000266092
0.00035980745
0.00016670789
0.0002055727
0.00022668051
0.00027137424
0.00021853406
0.00029039904
0.00040207352
0.00025977148
0.00031825466
0.00020634122
0.00023319418
0.0002971293
0.0003033764
6.422593e-05
0.00017186686
0.0002441438
0.00021953508
4.0577932e-05
0.00022275146
0.00029209565
0.00033455185
0.00032905617
0.00027061312
0.00025215832
0.00020617267
0.00026914006
0.00029428868
0.00031558287
0.00021258915
0.00030503707
0.00045700005
0.00028290722
0.0003074842
0.00034148528
0.00029107535
0.00029502806
0.00027116644
0.00028401698
0.00039031904
0.0002943675
0.00035651377
0.00021641895
0.00028199132
0.00027279113
0.0002536705
0.00021573728
0.00024605438
0.00032746926
0.00028588303
0.00018039644
0.0002944483
7.862866e-05
0.00024768926
0.0003073092
0.00035162526
0.00014059676
0.00030268528
0.0001819515
0.00019971041
0.0002435962
0.00030338182
0.00035151994
0.00028905692
0.00025980928
0.00027802982
0.00022498405
0.00029318323
0.0002344165
0.00014191483
0.0003378878
0.00021671377
0.00028022227
0.00020011245
0.0004968794
0.00027863955
0.0003502751
4.2612643e-05
0.00031511995
0.0002137901
0.00037146997
0.00030032653
0.00022043673
0.00034792913
0.00029100452
0.00032603077
0.00026169769
0.00023775198
0.00031420612
0.00017867587
0.00023907484
0.0003264646
0.0003414898
0.00027202212
0.00043839373
0.00018550086
0.0002857547
0.00020020145
0.00018004733
0.00012798107
0.00025214738
0.00020528866
8.0755104e-05
0.00027169115
9.088048e-05
0.00028879408
0.00031527082
0.00049627764
0.00028902866
0.00024655467
0.00019639052
0.00024786295
0.00015172102
0.0003203273
0.00028116102
0.00017796086
0.00026748123
0.00029362852
0.00019413627
0.0002602635
0.00014270096
0.00020668255
0.00025658525
0.00020291866
6.8546884e-05
0.0002575875
7.135195e-05
0.0004450158
0.00034284944
0.000355933
0.0002173707
0.00016233152
0.00028513698
0.0002906544
0.00023848549
0.0002564297
0.0002089316
0.00020198549
0.00020545076
0.00024524415
6.430648e-05
0.0003430287
0.00022138696
0.000262893
0.0003652797
0.00026838356
0.00024468088
0.00025968024
0.00018899849
0.00030045846
0.00029446866
0.00035842645
0.00026551483
0.00044187033
0.0002641252
0.00022790868
6.7303576e-05
0.0003084878
0.00023607117
0.00031549114
0.00031068048
0.00020328599
0.00031370026
0.000296704
0.0002557445
0.0003841667
0.00031115676
0.000299943
0.00024719883
0.00019388334
0.00016596542
0.00027072374
0.00021396104
0.0002059169
0.00028565896
0.0002723438
0.00021695878
0.0002602086
0.0003025933
0.00026494698
0.00019913881
0.00037766612
0.00023890228
0.00030123998
0.00029778542
0.0003138514
0.00019440807
0.00034744528
7.781937e-05
0.00020017836
0.00031176797
8.6070875e-05
0.0002482042
0.00019698359
0.00024962123
0.00025240262
0.00011253307
7.664967e-05
0.00013253553
0.00025735062
0.00033207147
0.0002517752
0.0002098869
0.0002447769
7.447495e-05
0.000313679
0.0003062435
0.00012438862
0.00026637936
0.00025155727
0.00019734584
0.00031482868
0.00014406549
0.0002568053
0.00027437793
0.0003226527
0.00039033915
0.00020298087
0.00022171965
0.00030072103
0.0002565168
5.5208864e-05
0.0002868505
0.0002753753
0.0002925883
0.000253981
0.00020902636
0.0002702802
0.00023914748
0.00019953624
0.0002703408
0.0002508771
0.00014926252
0.0002418269
0.00040272996
0.00023320656
0.0002874043
0.00036313513
0.0002840651
0.00027841423
0.000192106
0.00034178878
0.00033304526
0.00015334862
0.00045798786
0.00028317273
0.00027102765
0.00015940734
0.00026513528
0.0001325521
0.00041881905
0.00026949466
0.00028950078
0.00035214145
0.00035678968
0.00016487097
0.000277244
0.000248003
0.00017218418
7.509745e-05
0.0002504732
0.00028692035
0.0002488754
0.00029909168
0.00021933924
0.00025549525
0.00026718274
6.5747496e-05
0.00027222294
0.00027068052
0.00023577306
0.00031783487
0.00014485772
0.00024707572
0.00025977253
0.0002521869
0.00023146377
0.00025073375
0.00024008368
0.00028206315
0.00024342201
0.00023839317
0.00026899498
0.0003262809
0.00030497197
0.00032025576
0.00012000798
0.00018309536
0.00028761802
0.00028056523
0.00037895213
0.0003667301
0.00020160366
0.00040807144
0.00030014696
0.00023632329
0.00023132194
0.00030514295
0.00013441697
0.00027994305
0.0003252845
7.0952745e-05
0.0001368746
0.00025092647
0.00025386276
0.00018406865
0.00030708994
0.0002847414
0.0003181304
6.950925e-05
0.00023921352
0.00023703254
0.00021276991
0.00012727382
0.00034657502
0.00027454155
0.00033944866
0.0002399587
0.00022935492
0.00017349832
0.00029917413
0.00030029274
0.000254923
0.00019904487
8.307418e-05
0.0002716443
0.00032435733
0.00022434657
0.00012200276
0.00025154266
0.00034012506
4.6755802e-05
0.00031242575
0.00023313287
0.00024175868
0.00020405969
0.00027695866
0.00027653665
0.00025690827
0.0002902944
0.0002518006
0.0002782025
0.0002735858
0.00037215152
0.0002884533
0.00014229378
0.00033184382
0.0002414428
0.0003255071
0.00024855052
0.00030409213
0.00018147414
0.00027133164
0.000118915035
0.0003272175
0.00027238406
0.0002379565
0.00036131832
0.00028026875
0.00025596033
0.00023525527
0.0002513441
0.00028277145
0.00022810957
0.00025852857
0.00018165696
0.00019987235
0.00023203509
8.144468e-05
0.00030234255
0.00017137236
0.00023904347
0.00027938467
0.00025441087
0.00017685209
9.432475e-05
0.0002631242
0.0003986266
0.0002931032
0.00029215612
0.00024400868
0.00032439202
0.00016018563
0.00032840698
0.00040372874
0.00020151104
0.00031153063
0.00025045028
0.00025496166
0.00014961266
0.00027283002
9.338927e-05
0.00031019677
0.00035105605
0.00037153563
0.00028333886
0.00023177966
0.0003578783
0.0002633703
0.00032920061
0.00020647976
0.00030937418
0.00026944483
0.00027747708
0.0002653907
0.00033619255
0.00030337577
0.00022559358
0.00027668316
0.00015539059
0.00040898036
0.00030884708
0.00027870678
0.00018207185
0.00022606536
0.00032280324
0.00025849167
0.0002633245
0.0002155711
0.00019501321
0.000313502
0.00027879188
0.00021676229
0.000253433
0.00035900483
0.00034372965
0.00029980534
0.00017009927
4.9331735e-05
0.00020292787
9.403308e-05
0.00029673785
0.00031525927
0.0002412107
0.0002387451
0.0003207417
0.00036535287
0.00032093975
0.0003097272
0.00020212971
0.00030423224
0.00025014486
0.00041001383
0.0002484022
0.0002913085
0.000250283
0.0002995885
0.00011976772
0.00016211534
0.00034778073
0.00022113317
0.00022319627
0.00031526684
5.023696e-05
0.000316165
0.0003341777
0.00023031668
0.00024449595
7.5675285e-05
0.00027114464
0.00037711125
0.0002698158
0.00019086391
0.00035100785
0.00027507148
0.00028273257
0.00014351349
0.00027609043
0.00027203828
0.0002454121
0.0003271319
0.0002974184
0.00024557265
0.00033709026
0.00025966714
0.00040317723
0.00033355856
0.00028547255
0.00022657927
0.00022668173
0.00028932252
0.00024984524
0.000114115785
0.00030685647
0.00023384938
