0.00048371
0.00106334
0.00055470
0.00058297
0.00050051
0.00051653
0.00070277
0.00052597
0.00054041
0.00059865
0.00073346
0.00067247
0.00065721
0.00056045
0.00060215
0.00062903
0.00049684
0.00062547
0.00069776
0.00060480
0.00065291
0.00080841
0.00064246
0.00057908
0.00058424
0.00059770
0.00099803
0.00068181
0.00062956
0.00062132
0.00048661
0.00063392
0.00060534
0.00052633
0.00063442
0.00112653
0.00068609
0.00066567
0.00050834
0.00056282
0.00052883
0.00056287
0.00044281
0.00053615
0.00069552
0.00056508
0.00060146
0.00054873
0.00059143
0.00060135
0.00085929
0.00042624
0.00052782
0.00048048
0.00057680
0.00110502
0.00109753
0.00073835
0.00062069
0.00087789
0.00081318
0.00049770
0.00061778
0.00048621
0.00050605
0.00068338
0.00057331
0.00058919
0.00049143
0.00073756
0.00062440
0.00055752
0.00059476
0.00073937
0.00056517
0.00049248
0.00069749
0.00055499
0.00094211
0.00093091
0.00050670
0.00054156
0.00053172
0.00047195
0.00053490
0.00057261
0.00125307
0.00055494
0.00058316
0.00062625
0.00094592
0.00060763
0.00066595
0.00061933
0.00061324
0.00066923
0.00061120
0.00058901
0.00047442
0.00043891
0.00050555
0.00051447
0.00053790
0.00060895
0.00056403
0.00063333
0.00045912
0.00062519
0.00059171
0.00050190
0.00060772
0.00056442
