5946
-2350
-1217
4313
2130
4071
3231
-2079
48
269
2386
-1654
551
748
2520
-4339
-7685
6381
2586
-4088
-7651
-2124
-3255
-2403
3155
9262
-286
-382
-557
6980
6934
-5167
5473
4420
10551
2184
4096
-2055
-196
-2428
-4867
12164
6598
-45
-1704
-3148
-3447
-1415
6395
-2488
3091
7487
-3761
245
7950
-1507
-774
2061
-3321
3804
5125
-1649
465
-8759
1292
-11200
1502
-7564
4188
4161
-5310
6751
-7237
1439
-1451
5864
4909
-6009
-1056
-3835
631
-4001
3821
-824
7967
-3823
-1111
-1619
-11984
-4182
12834
-6731
-2123
-1955
-6106
-5443
284
-3635
9118
-3668
-1898
7138
4319
11575
2564
-4605
2325
-3671
-3570
-1350
2487
980
