0.00013985911
0.0001035124
0.00012127044
0.00019126454
0.00013655546
0.0001399748
0.00013170543
0.000116379364
0.00015710307
0.0001679339
8.818203e-05
4.2787677e-05
0.00011854148
0.00014641888
0.00013370362
0.00013437154
0.00015063425
0.00012969614
0.00013603794
7.159236e-05
0.00013635073
8.6930624e-05
3.644016e-05
0.0001791328
2.3318922e-05
0.00012815914
0.00017780422
8.963631e-05
0.0001737499
9.938402e-05
0.00012403032
0.00013916868
0.00012352108
0.00013373634
0.00010592309
0.00011613161
0.00013255607
0.000111754314
0.00011656187
0.00013519723
0.00015806926
0.00012986897
7.250342e-05
0.000120678495
7.022394e-05
0.00012885997
0.00014797258
0.00012647186
0.00015758321
0.00014221626
0.0001313876
9.0033594e-05
0.00012314902
0.0001578216
4.434893e-05
0.00012538413
7.8499164e-05
0.00016551896
0.000120499964
9.7301585e-05
0.000111308625
0.00013384999
0.00014481184
0.00010057726
0.00011522539
0.00010136269
0.00015113072
8.176703e-05
0.00010986099
0.00014119915
0.00012387555
0.00011514945
0.00013765061
0.000121482
0.00011512878
0.00011279263
9.525344e-05
9.122462e-05
0.0001183558
0.00011297118
0.00014475962
0.00013699419
7.7539255e-05
0.00017178379
0.00014005836
0.00010575461
0.00012507882
9.093402e-05
0.00017429465
0.00013058816
6.239683e-05
0.00011747407
0.00011812132
0.000112040434
0.00011399538
0.00013165675
0.00022002021
9.262341e-05
0.00011466024
0.00010989133
4.85379e-05
0.00015152525
0.00010440173
0.00012826483
0.00022240361
2.265383e-05
0.00014378282
0.00015076788
6.345702e-05
0.00010255548
9.894075e-05
0.00010518335
2.5908477e-05
0.000115707815
0.00011233752
0.000101216065
0.00015238888
0.00013050533
0.00013727024
8.566289e-05
6.0896553e-05
6.9751055e-05
0.00011210337
0.00019242009
6.378312e-05
0.00017115788
0.00015831878
0.0001225868
4.858212e-05
0.00012685668
0.00014000124
0.000114499286
0.00013953574
0.00013427682
0.000105907704
0.00014000083
0.00018881877
0.00011388881
7.258763e-05
3.768694e-05
0.00018690898
0.00011929185
8.5190106e-05
0.00016954931
0.00012008476
0.00012272323
0.00018967445
0.00016298147
4.4207798e-05
0.00014863056
0.00012472332
0.00012851856
0.00012606954
4.074159e-05
0.00013422697
8.619085e-05
0.00013014846
0.00013471542
0.00013090306
0.00012472956
0.00010492331
5.7185043e-05
0.00013846357
0.00013852253
5.335521e-05
0.00010572435
0.00016662238
0.00017241901
0.00010159119
9.4388204e-05
9.621768e-05
0.00011973921
0.00013236945
0.00013726838
0.00014765678
8.814038e-05
0.00012800422
0.00013148632
0.00010621436
0.00012143835
9.662368e-05
0.000101571764
0.00012265428
6.9666545e-05
0.0001096068
8.832714e-05
0.00015222594
7.2396535e-05
0.0001459994
7.1348455e-05
0.00012029209
9.342621e-05
4.761622e-05
8.386523e-05
0.00012755451
0.000105729276
4.939125e-05
0.00014427266
3.3710145e-05
0.00015134361
0.00012993118
0.00013377247
9.532715e-05
1.3810361e-05
0.0001585502
7.400737e-05
0.00014354952
0.000126461
0.0001126938
0.00013776164
0.00014451113
8.583926e-05
0.00010146155
0.0001356034
0.00012932146
0.00012946
0.00011311264
5.3763844e-05
0.00023279
0.00014102952
0.000110728804
0.00011900451
0.00014855512
0.00020912384
0.000103546176
5.862477e-05
0.00017517904
0.00011053529
0.000120595105
0.000101679885
7.816349e-05
0.00010975568
0.00013919976
0.00015309447
0.00013689906
0.00017031188
0.00013404744
0.00012737246
0.00010637661
8.893393e-05
9.408842e-05
0.00012958756
6.416518e-05
6.5103864e-05
0.00010819442
0.00016023102
0.000107169886
0.00011389685
0.00017615008
0.000103566
0.00015179052
3.0406112e-05
0.00012584412
0.00012127555
0.00016362613
0.00012502361
0.00014180804
0.00017742402
8.302892e-05
0.0001595652
0.00014379047
9.8607445e-05
0.00015502666
0.00012572967
0.00014300649
0.000114191236
0.00011351143
0.000111059366
0.00015606031
7.823633e-05
0.000117849006
9.229128e-05
0.00013006986
0.00013901913
0.00012356797
3.1506795e-05
7.034376e-05
0.00012539614
0.00012145669
0.00013640684
0.000114741735
0.000103876526
6.84319e-05
0.00016237491
9.921115e-05
0.00012390858
0.00019334999
0.00031562752
0.00010479508
7.793159e-05
0.00012112576
0.00011773829
0.00012916834
0.00019279328
7.3339455e-05
0.00011478526
0.000115857714
0.0002171183
0.00017122902
0.00011359038
8.569969e-05
0.00011609255
0.00013088113
0.0001656009
0.000118375654
9.523146e-05
0.00013478563
0.00017059858
0.00011697966
0.0001012123
9.286588e-05
0.000111968955
0.00011181266
0.0001235899
0.00010691802
0.00014405986
0.00012795701
0.00016640517
0.00011240058
0.00015500406
0.00015208397
0.0001726532
0.00010772437
0.00020502436
0.00012096103
0.00015433365
0.00017031882
0.00014883617
0.00011215351
0.000123645
0.0001399561
0.00010646949
0.00014613234
0.000119458775
6.278174e-05
0.00011410587
0.00013384497
0.00010323349
0.00010430942
0.0001144494
0.000103763276
0.00017093334
0.00018962123
4.6362635e-05
8.805579e-05
0.00011273626
0.00010976578
0.00018109156
0.00014552391
8.928144e-05
0.00016805436
0.00013369876
0.00011664908
5.768616e-05
0.000119954406
0.00011986016
0.00011904244
0.000141114
8.7397835e-05
0.00013622771
0.00015297273
3.299743e-05
0.00014762816
0.00010835314
0.00012400887
0.00018756217
0.00014211303
0.000110175286
0.00015472327
0.000113592396
0.00014890252
4.8053524e-05
0.00016582014
9.095349e-05
0.00014728196
0.0001889945
0.00013126481
0.00013495643
0.00010121402
0.00010320734
0.00010872877
0.0001295655
0.00014871241
0.00015732538
0.00010581312
0.00015779403
0.00012612187
0.00019701256
0.00014222047
0.00012180368
3.4560882e-05
9.567459e-05
0.000108550594
3.8735325e-05
0.00010636713
0.00014702164
0.00013970633
0.00011033528
0.000117993084
0.000110525856
0.00010500484
0.00014479637
8.6207336e-05
0.000101093145
0.00011002554
0.00013253548
0.0001770732
0.00014359673
0.00015309209
6.323121e-05
0.0001445085
0.00013080079
0.00012818871
0.00012369384
0.000114690236
0.00012931394
0.00022261297
0.00014463227
0.00012467346
0.00015134233
0.00011567224
0.00013714436
0.000104378014
0.00013737037
0.00012353301
0.0001368971
0.00013802398
0.00011004634
0.00012840216
9.778832e-05
0.00012742213
0.0001262519
5.8998332e-05
4.480048e-05
0.00014403855
0.00016751923
0.0001473738
0.00014264003
0.00011907588
0.00014162177
0.00023035725
7.507299e-05
0.00010451334
0.0001006026
0.00010754432
0.00014509363
2.341696e-05
0.00015249076
0.00015246576
8.11463e-05
0.0001233475
0.00011999899
0.0001238699
0.00012218811
6.637443e-05
9.726719e-05
7.440112e-05
0.00011541397
0.00011703238
8.077967e-05
0.000117879754
0.00012352789
8.383757e-05
0.00018537842
0.00015510706
0.0001638426
8.7241104e-05
8.074141e-05
0.00013307821
0.00011513575
0.00011062464
0.00012999016
0.00014437355
0.00010057127
0.00013258104
0.00012709244
0.00014959046
0.00010779924
0.0001325903
0.00011382002
0.0001530856
8.855934e-05
0.00010444653
0.000100675905
0.00010632107
0.00011602076
0.00012383856
0.00015824122
7.3594245e-05
0.00014833825
0.0001386544
0.00014543817
0.00011073772
0.00015352955
0.00013169264
0.00013379402
0.00010646539
0.0001093688
8.0491125e-05
0.0001332615
0.00011929363
9.324445e-05
0.00016471837
0.00010890238
0.0001542091
7.256752e-05
0.00012010929
0.00010486381
0.000113946306
0.00014686087
9.9436096e-05
0.00013266562
8.453692e-05
0.00012913128
0.00014926
0.00012704074
9.193182e-05
0.00010304569
0.00011648676
0.00013243979
0.00012684004
0.00015074706
9.2282135e-05
0.00012920923
0.000115856
0.00010371951
0.00020508953
0.00017194319
0.0001945945
0.00011370525
0.00011661816
0.00012709796
0.00016230589
0.00013768744
0.00016282941
0.00014488447
0.00011752121
7.362597e-05
0.00015141598
9.567064e-05
4.192508e-05
0.00012666828
0.00010731345
0.00016704376
0.00013332703
0.00013581611
0.000105053296
0.00017275815
9.636282e-05
0.00013401872
7.190851e-05
0.00011559784
0.00010350209
0.00015002559
0.00015147055
0.00014121277
0.00013381039
0.00011124498
9.583816e-05
3.2945598e-05
0.00010574668
0.00018482977
0.00011296906
0.00010275494
0.000114877126
0.00012244699
0.00014731455
0.00015099124
6.9730486e-05
0.00010379778
0.00014904555
0.00012053051
0.00014857334
0.00012156478
0.000120467266
0.00012576373
0.00014452667
0.0001459055
0.00012917441
0.00012164729
0.00011798005
0.00015139488
0.00010065863
0.00013769983
0.00012612178
0.0001792646
2.4160532e-05
0.000109088396
0.00015053808
7.703918e-05
6.0099468e-05
0.00010599946
0.00013721976
9.636441e-05
5.4696073e-05
0.00014598377
0.00012238284
0.000117667994
0.0001453296
8.8287816e-05
0.00011207487
0.00013181371
0.00014869332
4.9933707e-05
0.00017165407
0.00012212836
8.114362e-05
4.0392784e-05
9.9892146e-05
0.00015384343
9.425437e-05
0.00014389618
0.00016218885
2.3422966e-05
0.00013089285
0.00010306751
0.000114031725
0.00012507294
0.00016758763
0.000105641164
0.00011860709
0.0001625018
8.757542e-05
0.00011209263
9.446791e-05
0.00014850037
8.61968e-05
9.472629e-05
0.00011368335
2.9608844e-05
9.582109e-05
0.0001169152
2.6543456e-05
0.00014703406
0.00012298686
0.00013049209
0.00017071076
9.2420014e-05
0.00015156053
9.107904e-05
0.00010127992
0.00018811856
9.244719e-05
5.530248e-05
0.00011088664
0.00013559502
8.6039465e-05
9.770868e-05
5.354423e-05
9.374069e-05
0.00013395355
0.000113881855
0.00010183591
2.8304095e-05
0.00011676402
0.00013434833
0.00013229807
0.00016568841
6.67988e-05
8.408552e-05
0.00014444736
9.716488e-05
0.00010705078
9.672263e-05
0.00011548184
0.00013064888
0.00015508858
0.000113115675
0.00011248729
4.8732356e-05
6.712009e-05
0.0001309125
0.00010811009
6.539416e-05
9.062036e-05
0.00014066657
0.000111277135
0.00011131771
0.00011014385
0.000107032705
0.00010675334
0.00012268909
0.00012429239
0.00012456856
0.0001598643
0.00012423535
0.00012901878
9.2061164e-05
9.6707525e-05
0.0001577351
0.00011135348
0.00012159456
0.00017227691
3.0032572e-05
6.7562374e-05
0.000112601665
0.0001300643
0.00016923144
4.1704407e-05
9.737701e-05
0.00012429262
0.00013526027
7.5697295e-05
9.127942e-05
0.00013558446
0.00010606454
0.000102305494
4.146023e-05
0.00011372865
0.00011618972
5.7649053e-05
0.00013892027
0.00011193558
0.00011499357
2.4465682e-05
0.00012395131
9.903022e-05
0.00017071597
9.387046e-05
0.00014680563
0.0001271542
0.000121547135
0.0001598428
2.9090119e-05
0.0001270958
0.00015410486
0.00013230412
0.0001155512
0.00013955637
0.00011197541
0.00010394831
0.00013715755
0.00014579958
8.864339e-05
0.00012585861
9.115435e-05
0.00018738033
0.00014366652
3.2897737e-05
0.000105192725
0.0002575436
3.391094e-05
0.0001358897
0.00011044501
0.00010617227
0.000116257645
8.5349755e-05
0.00010406163
0.00011743491
7.4411946e-05
6.4536995e-05
0.00014038602
0.00013117243
0.00020459008
9.9585515e-05
0.000150858
0.0001069179
0.00013479673
7.218318e-05
6.765923e-05
2.9921974e-05
0.00011368708
0.00015927707
0.00012651531
0.000104116916
0.00013161883
8.414311e-05
0.00013390387
0.00010342555
9.0411035e-05
9.1649905e-05
0.00012345446
0.00013510218
0.00015062965
0.00011823543
0.00013939857
5.408281e-05
0.00021088401
0.00015037858
0.00010171125
8.109297e-05
0.00012035496
0.000119711076
0.0001303593
0.00013476673
0.00011499166
0.00012522734
0.00014674502
0.0001082017
9.0484245e-05
0.0001259856
0.00021647572
0.0001287396
0.00010681929
0.0001381836
0.000114185765
4.2170515e-05
0.00017387631
9.18371e-05
0.000114944094
0.0001173966
0.000114234
9.8958735e-05
0.00019063726
1.967241e-05
0.000111951784
9.5434916e-05
0.00011256044
0.00012449989
0.00017226477
8.2300256e-05
0.00015041832
9.763235e-05
0.000118920194
0.00012767751
2.7904165e-05
0.00013059202
8.6145184e-05
0.00014229948
9.813507e-05
0.00013524224
0.00012841637
0.00018801814
0.0001264226
0.00012612631
0.000107701075
0.00014413572
0.00014316312
9.799472e-05
0.0001318839
8.861705e-05
0.0001304069
0.00022788081
0.00013678808
0.00016025054
0.00010314881
0.00011647153
3.8433547e-05
9.7023294e-05
0.00014152596
9.58228e-05
0.00014144211
0.00015526684
0.00015477637
0.00014512266
7.732749e-05
0.00011877306
9.840135e-05
0.000100057085
9.2061586e-05
8.666866e-05
0.0001542524
0.00013755182
0.000113635244
0.00014147782
0.00012127123
0.00011776402
8.653178e-05
8.755888e-05
9.6150274e-05
0.00012498394
0.00014519773
9.14825e-05
0.00016093014
0.000102945996
0.00014691944
0.00012341514
0.00011813918
0.00012101183
0.00013049343
0.00011744323
0.00014173677
8.792291e-05
0.00017993267
0.00011311934
0.00014496926
0.00011846394
0.00015859792
0.00013432898
0.00015776197
0.00014902436
0.00013236536
0.00013335976
9.120581e-05
0.00014925642
0.00012294667
0.000163944
0.00013203293
0.00012255392
0.00013947852
8.925098e-05
0.000108822656
0.00013318806
9.295899e-05
3.978339e-05
0.00014246903
0.00012774814
0.00013861987
9.734617e-05
0.00012721197
0.0001806573
9.076068e-05
7.829144e-05
0.000143216
0.00014023506
4.2449046e-05
9.282305e-05
0.00011940301
0.00015943925
0.00010976241
0.00010925158
3.2030097e-05
0.00010165572
0.00016643276
0.00011003772
0.00014740287
0.00015440336
0.0001057911
0.00014108408
9.8736135e-05
0.00013842066
8.53099e-05
0.00011467484
0.00017094637
0.00015842375
0.00013720155
0.00012713565
9.168641e-05
0.0001299428
0.00012240293
0.00012353408
0.00014240041
0.00013475839
8.492388e-05
0.00012765639
0.00011096746
8.334523e-05
0.00010022071
9.411442e-05
0.000108410975
0.00012768123
8.675154e-05
3.0896972e-05
8.375824e-05
0.00010662409
0.0001927137
0.00017914633
0.000111589165
8.0776015e-05
0.000117606614
8.405804e-05
0.0001470421
6.2938685e-05
0.00012542143
6.3780906e-05
0.00010989863
0.00011732803
5.9903025e-05
0.00010655602
0.00012942319
0.00016459686
0.00017957718
8.267977e-05
0.00015266325
4.4629018e-05
6.957948e-05
0.0001232635
9.832501e-05
8.368246e-05
9.329367e-05
0.00010293429
0.00010290144
0.00014304782
5.230765e-05
9.714829e-05
6.871317e-05
2.935817e-05
0.00012513594
0.000119974036
2.846911e-05
0.00014086392
7.770909e-05
4.1826625e-05
0.00011033708
0.00012617782
0.00012857192
0.00018535995
0.00012935293
0.0001219804
9.4297764e-05
2.4395222e-05
0.00010823573
0.00011182221
7.3914074e-05
0.00012297201
8.425516e-05
0.00012712205
8.1038124e-05
0.00012548281
0.00012704791
6.950257e-05
0.000101232385
9.305922e-05
8.4030056e-05
0.00010099665
0.00011056624
0.00014349922
0.00012983425
0.00014828033
0.0001324453
0.00011455279
7.132436e-05
0.00013212152
0.00016994738
0.00013189821
0.00017336431
0.00014954554
0.000101596255
0.000103233535
7.800607e-05
5.285019e-05
0.000117099145
0.00011143677
0.00013705889
0.00015305512
0.00014199752
0.00010504014
0.00016359189
5.933491e-05
0.00014290355
0.00015381942
0.00019157382
8.078099e-05
0.00022672737
0.00012975614
9.14387e-05
0.0001688314
9.280112e-05
0.00011763231
0.00012463688
0.0001071647
0.00017126558
9.9253615e-05
0.00019623223
0.000119432654
9.69983e-06
0.00011747328
0.00011156349
0.00010274227
0.00012921654
0.00014471562
9.989315e-05
8.661103e-05
0.00010160213
0.00011736296
9.18591e-05
2.9635774e-05
0.00012441982
4.7427595e-05
0.00010074286
5.7863308e-05
0.00013475565
0.0001240872
0.00014840439
0.00010173084
0.00013776794
0.000118148964
9.163782e-05
0.00013083837
9.880502e-05
0.00012003508
5.1115683e-05
0.00010160453
0.00012554154
0.000103067694
3.2260094e-05
0.00010977084
0.00013424299
9.067095e-05
0.000113987226
9.88301e-05
2.6346368e-05
0.0001325587
0.000106526706
2.2416976e-05
0.00020116298
7.8039535e-05
0.000119288874
0.00013026962
9.184723e-05
0.00013077281
0.00014045827
0.00010231328
6.111915e-05
0.000110771914
0.000101963335
0.00018652141
0.0001504908
0.00014165691
0.00017325558
0.00016831931
0.00013961583
6.0496775e-05
6.797204e-05
0.00012443367
0.000110225046
0.00018907014
0.00013137175
0.00012484212
0.00015585781
0.00015231791
0.00010553476
4.4699213e-05
0.00010023039
0.000100487865
0.00012160365
9.202273e-05
0.00016879813
9.856447e-05
0.00013147565
0.000109545086
0.00018476087
8.785154e-05
9.4091665e-05
8.901039e-05
0.0001394204
2.8606046e-05
0.00016663151
0.000111620604
0.00013366135
0.00014593972
0.0001488603
0.00015685528
0.00014485586
7.289682e-05
0.0001446679
0.00014009024
0.00016794338
0.00011269147
0.000108651795
0.00014374373
0.00012283765
5.7174955e-05
0.000107444255
0.00014595877
0.00012301773
0.00013235208
9.7627526e-05
0.00010263998
9.661465e-05
0.00017017321
0.0001366219
