-75
-59
-115
-117
-113
-120
-40
-120
-116
-118
-114
-118
-118
-125
-122
-83
-126
-86
-112
-118
-121
-126
-120
11
-121
-114
-118
8
-64
-32
-122
-7
-116
-76
-123
-106
-51
-114
-122
-100
-126
-77
-101
-125
-101
-121
-122
-125
-124
-122
-126
-114
-69
-122
-115
-116
-125
-124
-121
-126
-126
-120
-37
-107
-102
-94
-123
-99
-110
-126
-119
-123
-126
-124
-125
-108
-108
-115
1
-109
-124
-126
-126
-125
-92
-113
-47
-126
-126
-116
-125
-126
5
-106
-75
-124
-125
-125
-126
-125
-124
-125
-102
-122
-117
-110
-117
-108
-119
38
-126
-108
-103
-17
-105
-119
-84
-126
-116
-58
-115
-73
-121
-107
-120
-120
-78
-123
-117
-114
15
-120
-123
-108
-123
-48
-107
-21
-36
-16
-125
-123
-124
-101
-126
-117
-124
-122
-114
-7
-119
-114
-126
-57
-96
-121
-124
-123
-121
-124
-124
-123
-117
-123
-126
-118
-126
-118
-117
-113
-123
-84
-115
-107
-54
-123
-75
-106
-125
-124
-126
-61
-60
-75
-122
-119
-126
-47
-63
-21
-94
-118
