0.00375030
0.00097088
0.00223820
0.00132580
0.00048887
0.00188924
0.00024244
0.00080013
0.00083196
0.00158838
0.00338242
0.00163793
0.00124186
0.00252593
0.00038681
0.00047315
0.00153548
0.00102829
0.00323360
0.00082027
0.00098433
0.00122881
0.00109294
0.00281049
0.00113500
0.00477082
0.00581977
0.00063529
0.00259962
0.00138014
0.00211019
0.00304946
0.00255984
0.00302151
0.00287733
0.00048426
0.00441919
0.00155322
0.00073506
0.00174023
0.00152814
0.00497446
0.00190885
0.00134541
0.00028287
0.00051399
0.00372800
0.00375765
0.00158567
0.00218328
0.00174693
0.00139591
0.00082045
0.00065326
0.00298256
0.00227695
0.00173151
0.00437173
0.00078644
0.00208674
0.00189564
0.00094116
0.00060717
0.00110593
0.00219132
0.00379821
0.00087951
0.00085660
0.00084923
0.00452331
0.00110403
0.00154438
0.00046051
0.00368452
0.00161444
0.00268522
0.00091581
0.00135282
0.00745969
0.00206388
0.00292469
0.00134651
0.00368305
0.00165516
0.00219557
0.00354316
0.00167887
0.00354237
0.00167513
0.00432434
0.00363251
0.00170431
0.00146642
0.00194716
0.00029235
0.00374690
0.00342918
0.00062220
0.00111109
0.00077582
0.00123484
0.00128485
0.00177490
0.00146408
0.00253629
0.00166922
0.00078339
0.00032457
0.00051081
0.00534697
0.00070303
0.00055092
0.00401044
0.00009762
0.00122891
0.00292516
0.00280378
0.00044024
0.00260147
0.00088119
0.00093361
0.00385540
0.00136646
0.00198585
0.00163989
0.00064150
0.00184590
0.00037889
0.00122134
0.00160302
0.00120735
0.00437902
0.00028949
0.00143466
0.00199396
0.00069227
0.00101995
0.00221326
0.00047648
0.00416294
0.00144646
0.00174913
0.00256375
0.00142713
0.00122934
0.00184193
0.00136313
0.00185461
0.00152506
0.00124115
0.00080232
0.00195247
0.00372281
0.00167975
0.00075090
0.00438363
0.00116620
0.00150118
0.00171859
0.00196084
0.00069381
0.00138010
0.00064864
0.00040468
0.00095330
0.00155398
0.00140654
0.00086454
0.00389852
0.00769548
0.00294996
0.00211973
0.00144176
0.00032462
0.00133307
0.00189294
0.00311559
0.00094628
0.00238547
0.00123248
0.00476837
0.00047930
0.00213960
0.00113460
0.00172394
0.00065564
0.00042241
0.00039751
0.00128583
0.00122459
0.00131633
0.00115435
0.00081044
0.00181429
0.00107033
0.00054483
0.00230027
0.00088359
0.00147523
0.00173979
0.00080047
0.00073444
0.00228364
0.00033250
0.00367626
0.00379414
0.00316672
0.00079116
0.00179870
0.00096648
0.00140504
0.00281311
0.00040767
0.00054011
0.00186526
0.00063700
0.00275893
0.00391383
0.00103507
0.00111238
0.00152379
0.00108038
0.00173161
0.00078798
0.00258096
0.00257972
0.00022275
0.00145754
0.00146426
0.00158108
0.00131770
0.00215385
0.00046073
0.00074070
0.00036212
0.00140408
0.00097174
0.00146125
0.00231668
0.00218350
0.00174214
0.00112610
0.00248345
0.00191306
0.00102272
0.00350175
0.00109282
0.00062539
0.00022358
0.00273828
0.00100572
0.00119352
0.00170650
0.00067244
0.00104636
0.00465745
0.00177210
0.00060240
0.00150339
0.00248361
0.00063682
0.00281476
0.00177909
0.00082513
0.00130476
0.00201968
0.00100886
0.00292028
0.00087060
0.00016633
0.00117973
0.00388939
0.00402375
0.00130963
0.00172853
0.00136709
0.00077507
0.00216900
0.00109322
0.00113042
0.00061365
0.00094280
0.00121258
0.00387693
0.00116780
0.00089220
0.00151900
0.00035410
0.00044134
0.00087108
0.00139635
0.00626042
0.00346763
0.00117953
0.00503185
0.00160813
0.00156061
0.00202418
0.00115158
0.00231994
0.00190539
0.00271943
0.00098414
0.00064130
0.00307695
0.00419352
0.00231864
0.00331273
0.00231913
0.00831676
0.00231577
0.00149670
0.00067262
0.00021999
0.00160616
0.00047664
0.00580671
0.00158733
0.00100486
0.00111693
0.00362542
0.00053019
0.00041524
0.00204594
0.00116794
0.00085158
0.00068390
0.00058906
0.00085839
0.00129037
0.00043938
0.00245373
0.00339840
0.00217160
0.00163055
0.00136751
0.00090120
0.00179375
0.00457217
0.00093411
0.00350148
0.00098075
0.00214865
0.00682192
0.00049630
0.00162931
0.00325538
0.00108583
0.00275943
0.00078877
0.00248615
0.00145950
0.00047859
0.00134814
0.00376201
0.00064329
0.00090119
0.00317684
0.00152131
0.00062301
0.00092103
0.00166655
0.00196012
0.00104251
0.00173053
0.00422748
0.00300621
0.00068909
0.00293488
0.00064785
0.00187719
0.00124869
0.00103723
0.00220031
0.00028020
0.00055413
0.00473874
0.00144725
0.00120644
0.00104524
0.00186131
0.00144367
0.00341253
0.00040068
0.00197304
0.00129874
0.00073934
0.00164480
0.00229039
0.00163108
0.00212498
0.00028336
0.00108696
0.00095419
0.00060493
0.00086732
0.00350605
0.00138695
0.00375262
0.00357814
0.00069505
0.00164588
0.00217499
0.00305082
0.00142176
0.00460255
0.00297979
0.00087137
0.00472228
0.00446432
0.00351727
0.00199286
0.00107821
0.00429431
0.00047585
0.00044682
0.00047238
0.00421846
0.00101976
0.00208595
0.00453509
0.00108503
0.00279915
0.00068732
0.00249616
0.00337485
0.00132153
0.00125825
0.00185605
0.00220231
0.00101403
0.00256683
0.00186973
0.00297935
0.00106727
0.00294720
0.00093938
0.00930400
0.00123910
0.00122710
0.00118798
0.00097122
0.00100565
0.00041048
0.00818718
0.00096506
0.00272772
0.00557927
0.00218493
0.00151712
0.00483115
0.00276674
0.00066318
0.00385459
0.00092759
0.00062476
0.00300623
0.00310048
0.00251573
0.00138803
0.00267201
0.00314721
0.00424273
0.00280636
0.00101033
0.00041525
0.00097549
0.00261429
0.00372417
0.00134262
0.00199001
0.00155923
0.00078059
0.00221382
0.00075292
0.00219313
0.00146342
0.00113287
0.00045081
0.00161001
0.00093674
0.00117564
0.00405947
0.00075698
0.00191665
0.00153315
0.00388755
0.00138007
0.00102044
0.00151914
0.00211939
0.00190379
0.00105965
0.00074462
0.00254137
0.00221856
0.00107824
0.00085140
0.00219971
0.00247277
0.00523680
0.00118733
0.00093012
0.00127333
0.00097606
0.00301150
0.00169434
0.00252345
0.00129154
0.00176970
0.00133935
0.00103921
0.00151089
0.00442609
0.00089099
0.00215698
0.00083898
0.00061398
0.00249587
0.00155310
0.00141568
0.00512683
0.00293244
0.00111582
0.00044342
0.00038564
0.00183822
0.00054970
0.00046581
0.00180764
0.00344698
0.00144151
0.00506111
0.00115795
0.00320981
0.00023835
0.00364867
0.00105565
0.00066234
0.00487348
0.00217502
0.00583368
0.00360617
0.00178489
0.00041008
0.00079117
0.00247616
0.00192744
0.00314001
0.00084941
0.00232388
0.00066040
0.00359656
0.00282494
0.00189571
0.00180870
0.00150304
0.00204752
0.00141720
0.00119076
0.00487962
0.00496428
0.00134628
0.00139092
0.00121847
0.00540416
0.00162812
0.00039117
0.00070910
0.00065456
0.00286891
0.00076055
0.00378022
0.00295271
0.00046428
0.00084858
0.00549778
0.00075876
0.00490388
0.00331415
0.00112563
0.00076753
0.00312566
0.00404226
0.00456007
0.00326699
0.00108448
0.00348316
0.00084547
0.00122170
0.00047299
0.00128722
0.00244745
0.00118901
0.00370042
0.00190897
0.00451669
0.00083068
0.00163303
0.00166112
0.00346910
0.00137672
0.00088563
0.00425365
0.00170699
0.00206432
0.00104403
0.00069045
0.00493642
0.00028406
0.00121753
0.00161093
0.00094105
0.00377927
0.00373661
0.00124898
0.00152868
0.00053774
0.00424897
0.00264697
0.00219037
0.00465979
0.00136055
0.00089794
0.00158356
0.00785564
0.00080506
0.00104047
0.00164976
0.00103535
0.00039100
0.00192534
0.00030124
0.00135483
0.00730086
0.00189033
0.00115849
0.00046226
0.00202681
0.00173842
0.00051365
0.00359079
0.00303349
0.00143376
0.00129698
0.00046275
0.00212203
0.00076416
0.00619094
0.00209478
0.00345892
0.00153856
0.00300594
0.00470182
0.00177179
0.00304511
0.00262420
0.00298921
0.00142960
0.00055850
0.00352952
0.00052438
0.00095542
0.00084651
0.00071664
0.00084095
0.00410427
0.00056410
0.00132963
0.00058239
0.00070738
0.00196304
0.00028389
0.00110159
0.00165728
0.00101651
0.00150224
0.00298067
0.00150513
0.00070432
0.00099128
0.00078829
0.00159609
0.00171002
0.00080326
0.00131128
0.00122301
0.00167822
0.00128339
0.00489902
0.00184791
0.00325304
0.00090875
0.00142067
0.00238491
0.00035542
0.00403153
0.00405931
0.00049380
0.00125038
0.00126899
0.00261749
0.00109409
0.00239835
0.00229892
0.00023113
0.00318709
0.00049100
0.00351054
0.00028636
0.00044209
0.00063315
0.00049320
0.00150888
0.00131858
0.00035207
0.00229419
0.00137288
0.00078483
0.00132067
0.00183859
0.00031690
0.00376054
0.00067905
0.00270201
0.00157117
0.00270647
0.00128413
0.00046676
0.00051034
0.00159887
0.00218444
0.00165796
0.00180663
0.00064601
0.00296532
0.00155974
0.00098471
0.00026162
0.00107243
0.00237868
0.00259775
0.00075248
0.00079054
0.00056608
0.00222764
0.00534784
0.00039552
0.00119423
0.00089295
0.00075679
0.00155447
0.00114335
0.00106344
0.00163989
0.00138293
0.00292816
0.00261661
0.00077839
0.00294714
0.00185347
0.00083533
0.00187331
0.00237124
0.00305540
0.00031382
0.00376474
0.00180850
0.00352161
0.00148474
0.00120354
0.00196249
0.00046082
0.00529550
0.00176145
0.00422189
0.00094748
0.00236331
0.00155671
0.00097095
0.00093350
0.00184524
0.00030086
0.00098043
0.00041795
0.00109284
0.00066485
0.00031668
0.00473951
0.00359980
0.00177468
0.00376121
0.00162818
0.00066827
0.00174777
0.00136727
0.00067237
0.00111384
0.00100841
0.00492115
0.00095141
0.00196147
0.00055368
0.00137477
0.00034087
0.00120543
0.00197473
0.00075725
0.00374573
0.00351384
0.00349290
0.00237779
0.00199280
0.00235076
0.00097809
0.00045502
0.00294892
0.00057187
0.00074271
0.00063973
0.00023605
0.00102979
0.00050201
0.00051113
0.00069267
0.00119828
0.00452594
0.00197576
0.00162983
0.00088360
0.00574797
0.00171521
0.00318475
0.01491075
0.00190734
0.00309371
0.00062595
0.00291051
0.00115968
0.00239912
0.00121890
0.00127002
0.00407639
0.00082775
0.00188011
0.00064022
0.00084220
0.00032882
0.00075786
0.00186445
0.00121692
0.00062767
0.00201072
0.00133360
0.00177632
0.00100593
0.00333984
0.00566288
0.00067601
0.00150017
0.00070892
0.00149880
0.00472415
0.00146038
0.00066630
0.00190939
0.00183203
0.00129283
0.00081706
0.00077092
0.00494509
0.00557408
0.00126622
0.00106731
0.00055370
0.00282584
0.00119987
0.00063282
0.00047094
0.00074756
0.00306663
0.00442529
0.00110980
0.00131825
0.00144237
0.00161525
0.00038918
0.00495823
0.00287586
0.00021240
0.00122833
0.00418267
0.00063284
0.00150230
0.00441900
0.00628060
0.00156479
0.00021986
0.00079370
0.00093034
0.00072162
0.00129634
0.00167927
0.00366641
0.00139123
0.00096505
0.00149654
0.00130309
0.00448441
0.00070537
0.00262809
0.00175310
0.00413407
0.00081903
0.00090159
0.00073368
0.00217200
0.00193889
0.00433179
0.00050997
0.00158665
0.00179047
0.00143217
0.00074012
0.00063978
0.00262657
0.00131745
0.00033034
0.00063718
0.00144525
0.00141762
0.00209182
0.00073172
0.00171564
0.00234104
0.00111589
0.00071121
0.00045201
0.00136296
0.00107641
0.00129223
0.00136508
0.00066250
0.00044731
0.00448193
0.00485347
0.00025770
0.00028593
0.00215313
0.00071263
0.00081240
0.00410418
0.00103560
0.00451907
0.00463671
0.00295663
0.00349756
0.00069382
0.00093557
0.00133667
0.00055069
0.00250551
0.00147496
0.00075682
0.00350482
0.00062119
0.00157082
0.00150150
0.00137811
0.00296082
0.00190113
0.00135969
0.00352846
0.00136899
0.00115709
0.00099142
0.00127413
0.00118638
0.00447429
0.00507244
0.00376052
0.00176093
0.00050271
0.00173663
0.00097137
0.00144430
0.00103714
0.00053163
0.00281300
0.00196014
0.00249833
0.00279730
0.00052890
0.00137566
0.00243705
0.00366385
0.00150067
0.00237482
0.00330172
0.00108136
0.00057800
0.00105696
0.00079655
0.00259858
0.00064045
0.00189192
0.00052668
0.00146337
0.00074262
0.00027210
0.00115460
0.00192070
0.00078544
0.00218548
0.00406383
0.00046694
0.00205586
0.00074292
0.00424943
0.00134127
0.00051910
0.00252558
0.00113487
0.00059785
0.00120305
0.00130364
0.00092474
0.00122999
0.00069569
0.00132079
0.00390254
0.00294177
0.00087694
0.00173919
0.00127991
0.00133141
0.00033783
0.00271996
0.00137817
0.00083543
0.00212351
0.00093676
0.00142980
0.00130973
0.00104420
0.00151696
0.00444249
0.00484392
0.00097775
0.00304386
0.00163054
0.00102499
0.00380644
0.00107871
0.00153990
0.00416261
0.00114689
0.00069351
0.00202074
0.00227979
0.00072633
0.00099900
0.00246622
0.00071257
0.00309904
0.00110023
0.00332175
0.00178540
0.00405086
0.00514868
0.00132285
0.00485127
0.00354782
0.00538975
0.00150920
0.00160054
0.00146467
0.00203849
0.00458758
0.00304630
0.00320839
0.00438953
0.00167610
0.00093580
0.00089476
0.00149450
0.00202576
0.00069946
0.00224804
0.00220307
0.00024612
0.00175965
0.00241486
0.00144438
0.00150240
0.00093285
0.00326832
0.00104358
0.00029326
0.00389806
0.00391169
0.00082302
0.00123930
0.00327302
0.00115160
0.00156485
0.00143274
0.00189315
0.00173099
0.00124542
0.00054256
0.00153710
0.00054208
0.00088302
0.00441755
0.00082877
0.00063498
0.00456176
0.00085355
0.00428754
0.00064152
0.00350802
0.00194492
0.00125425
0.00304076
0.00027432
0.00093517
0.00130471
0.00123972
0.00213034
0.00122942
0.00191177
0.00117789
0.00147330
0.00043083
0.00175990
0.00355879
0.00115606
0.00362768
0.00268314
0.00051601
0.00068911
0.00056790
0.00111339
0.00196516
0.00190984
0.00202511
0.00145359
0.00398160
0.00206163
0.00087136
0.00153993
