0.00017598849
0.00020095026
0.0001677661
0.00016940641
0.00023394557
0.00021751254
0.00020626395
0.00016169951
0.00019786727
0.00015220101
0.0001082205
0.00012971673
0.0001944832
0.00020628952
0.00015399647
0.0002023656
0.00032754277
0.000102695114
0.00012845357
0.00012475322
0.00012055342
0.00011766592
0.00015650083
0.00020106505
0.00019157547
0.0002821421
0.00020305668
0.00017354167
0.00023839281
0.00020385812
0.00012236339
0.00026950278
0.00019032993
0.00011411143
0.00012119047
0.00017206008
0.00020334832
0.00019470065
0.00015829991
0.0002490299
0.00014415044
0.00018490752
0.00012995517
0.00020939826
0.00016210567
0.00019000034
0.00015692631
0.0001389114
