0.00015739822
0.00014796067
0.00018703188
0.00015008723
6.916334e-05
0.00014067921
0.00012659922
0.00014386051
0.00010437807
3.169991e-05
5.2333104e-05
0.00013553156
6.640571e-05
8.271306e-05
0.00022489238
3.7291087e-05
0.00018383095
0.00013712708
0.00019412447
0.00025995262
0.00021301379
0.00024496892
0.00010927664
0.00031975674
0.00024807325
0.0002380858
0.00018017925
0.00022206247
0.0001447588
5.6027166e-05
0.00021682995
0.00016013434
0.00015729835
0.00018224731
5.3594045e-05
3.6164e-05
0.00018095455
0.00013091158
0.0002315939
0.00016107342
5.420057e-05
2.5620595e-05
0.00011813064
7.9253776e-05
6.422976e-05
9.772738e-05
0.00025754384
0.00017426205
0.000270575
4.3345066e-05
0.00033231245
9.34127e-05
0.00016871272
0.00012218795
9.763718e-05
0.00035449595
7.296713e-05
4.9512233e-05
0.00029195083
0.00024785945
0.00013515116
0.00016344251
5.6149907e-05
5.1592244e-05
4.1978314e-05
2.7853826e-05
5.974097e-05
9.535341e-05
2.8459155e-05
0.00013271724
8.799436e-05
0.0001608091
0.0002458446
4.8871545e-05
6.7394045e-05
4.1936222e-05
0.00027112613
0.00021292201
7.322454e-05
0.0004148649
5.4081916e-05
0.00014860749
0.00017441777
5.618104e-05
0.00010421335
7.065004e-05
0.00017970239
0.00017296837
0.0001045184
0.00013079285
7.635913e-05
0.00022217842
0.00026241824
0.00013159994
0.0001336858
6.043687e-05
0.00027163725
0.00015492276
0.00018701551
0.000239055
0.00018144
0.00028715012
2.4570409e-05
0.00015559523
0.000113525915
0.00013950122
5.6436e-05
0.00022671679
0.00014923961
0.0001224649
4.6603185e-05
0.0001274275
0.00012892825
0.00014725194
8.011328e-05
0.00014124093
0.000113940034
0.00034227112
3.5739493e-05
0.00023976358
5.6205634e-05
0.00022628422
3.7489935e-05
0.00029743058
0.00018650705
0.00014282561
0.0001822094
3.193808e-05
9.764764e-05
0.00018442955
0.00019409123
0.00022867529
0.0001552875
0.00027018084
0.0001893984
6.8141584e-05
0.00024680205
4.4346813e-05
8.0691134e-05
0.0002346421
9.935577e-05
2.799287e-05
0.00024169871
6.676222e-05
6.493845e-05
0.00035984404
0.0002292225
9.36722e-05
9.706406e-05
0.0001374965
7.580144e-05
3.94175e-05
0.0001862497
4.140216e-05
0.00010351822
4.883056e-05
9.051617e-05
0.00015466995
0.0001689004
0.00019847874
9.300233e-05
0.00021476769
0.00017177738
4.819709e-05
9.455503e-05
0.00018260887
0.00018438925
0.00016474613
9.828584e-05
0.0001472484
0.00015876879
2.1287355e-05
5.6486082e-05
0.00017910058
0.00017984702
4.299358e-05
0.00018959978
0.00011736989
0.00015234413
0.00010892545
0.00017822397
0.00025557732
3.412127e-05
3.4884804e-05
4.7957492e-05
0.00017713862
0.00014785804
0.00010295708
0.00021583353
4.0842533e-05
0.00027359225
0.00016862954
0.000145493
0.00020917683
0.00014765699
9.445641e-05
0.00016713027
9.5212454e-05
3.6732123e-05
8.668805e-05
0.00028436782
0.00010613054
0.00023622875
3.4444463e-05
0.0001204337
0.00019196841
6.298494e-05
0.0001417925
0.000118379096
0.00010460815
0.00017420547
0.0001169233
4.4847588e-05
4.7042922e-05
0.00011356842
4.185825e-05
0.0002847506
0.00019626711
0.00023064854
0.00013723898
0.00021726165
9.281275e-05
0.00025982672
0.000112668095
0.00025393817
0.0003075444
0.00018674682
0.00010990923
9.255606e-05
6.471046e-05
0.00020081649
0.00023845058
3.314068e-05
8.161398e-05
0.00019449175
0.00011102769
4.1871404e-05
5.0691415e-05
0.00016347835
0.00014018825
0.000114902155
0.000115388386
3.5429042e-05
4.784154e-05
6.77669e-05
6.0176233e-05
0.00016376916
0.000101883954
5.661077e-05
0.00018483771
3.3656957e-05
0.00013911494
7.921481e-05
0.00011377092
3.9836825e-05
9.245769e-05
0.00019336968
0.00013792374
6.416551e-05
6.0587172e-05
0.00014116018
7.64245e-05
0.000108210785
8.266456e-05
0.00015264629
0.00023345648
0.00015316161
6.186383e-05
0.00011447031
0.00018397978
0.0001917124
6.542576e-05
0.00010456682
0.00018813876
0.00015853542
0.000121197074
0.00017715672
0.0002706797
5.5363962e-05
0.00011519474
8.972536e-05
7.941742e-05
0.00015933492
6.0669798e-05
0.00016996673
6.314452e-05
0.00019558247
0.00010034667
5.0867413e-05
0.0001122929
8.0138765e-05
8.987497e-05
4.6135254e-05
0.00014106998
0.00013984031
0.00019471339
0.00036907542
0.00016929454
0.00017843634
0.00010504033
6.987036e-05
4.5423283e-05
3.7860158e-05
8.3518826e-05
0.00016040499
0.00014846613
6.2888605e-05
0.00018814536
0.00028634234
0.00015912368
0.00011379393
0.0002452597
0.000121971265
0.00013336506
0.00016530234
0.000174198
0.00012283643
0.00019927025
5.279471e-05
0.0001112068
0.0001524302
9.1385606e-05
0.00018922261
4.5732824e-05
0.0001810563
5.3077743e-05
0.00016826412
4.0206567e-05
0.00021198802
5.1856146e-05
0.00021057476
4.2098054e-05
3.3551438e-05
0.00017817061
0.0001253816
0.00014927945
0.00027869208
4.041783e-05
0.0002494701
0.00022338367
0.00035550137
0.00028520476
4.38585e-05
0.0003166682
0.00022737723
3.7850852e-05
0.00010353074
5.3468615e-05
0.00018733417
6.625755e-05
0.00017419207
0.00013961393
2.3242897e-05
0.00018854579
0.00013400186
0.00013232499
0.0001227082
0.00025758936
8.3263934e-05
0.00015470259
0.00010064435
0.000339311
0.00018062067
0.00019921812
0.00013203928
2.8546934e-05
0.00015441097
0.00028365382
0.00018971396
0.00015923927
0.00011540967
0.000188846
3.410937e-05
0.00016567418
0.00011849951
0.00017648918
6.468381e-05
0.00037023096
3.233884e-05
6.240048e-05
7.8842575e-05
0.00028239193
0.00026021845
4.173617e-05
3.416978e-05
0.00021907718
0.00012372261
0.00012359784
0.00019751104
3.877479e-05
8.655791e-05
0.00028352192
3.5151847e-05
0.00015007198
0.00030030383
3.0800944e-05
0.00020688432
0.00021068275
0.00011411481
0.00029231064
0.00025241822
8.155774e-05
3.577793e-05
7.871359e-05
0.00042246399
0.00014724248
0.00021570928
4.5496512e-05
2.7963895e-05
0.00010952162
0.00013735925
5.6682868e-05
2.3097435e-05
0.00014167571
0.00018088933
0.00014008071
0.0004577812
0.00024277379
6.0458522e-05
4.4049113e-05
0.00010610325
9.7871096e-05
8.867961e-05
0.0001047211
0.00012443427
0.00010239733
0.00012410239
0.00021510049
0.00018761012
0.0002495874
0.00022013183
0.00011648198
0.0001552007
3.7152964e-05
0.0002343707
2.2499184e-05
6.532587e-05
0.00015100304
0.00015263836
0.00020232041
3.6380017e-05
0.00016028376
0.00013453871
0.00021438573
0.0001695814
0.00026868464
0.00024152463
3.733423e-05
6.555734e-05
9.3776805e-05
4.309923e-05
0.00019074959
0.00010808019
0.00011370838
0.00018868512
0.00028113744
0.00019492055
0.000103135484
8.727639e-05
0.000110330555
8.085451e-05
5.5544984e-05
4.8100625e-05
0.00011847421
0.000110720845
9.356656e-05
9.2040034e-05
6.908114e-05
4.9088558e-05
8.8094785e-05
0.00010371096
0.00023945018
0.00028957636
0.00022813451
3.0051891e-05
0.00021624709
0.00017110819
3.5482426e-05
5.564913e-05
0.00011767044
0.00015395458
0.000117172756
0.0001312371
0.00017927431
6.463585e-05
3.7205893e-05
7.471773e-05
0.00016823121
0.00015913672
0.00027239582
0.00024596043
0.00015163238
4.5091114e-05
0.00014718043
0.00013740378
0.000117784315
5.7683028e-05
9.222944e-05
6.0657716e-05
0.00014398411
7.192026e-05
0.00018073632
8.38557e-05
0.00037423917
0.00021443596
0.0001454887
0.00014308508
0.00022029507
0.0002764423
5.4361626e-05
8.312595e-05
3.9621405e-05
0.00015617577
0.00021144014
0.00016633498
0.00019840292
5.4577034e-05
0.00015414935
9.058869e-05
0.00017639568
4.9348637e-05
4.3856562e-05
0.0001272753
5.6988418e-05
4.292357e-05
8.379088e-05
0.00012919692
5.6527155e-05
8.9430905e-05
3.556432e-05
0.00011440167
0.00023563518
4.6842695e-05
0.00011221759
0.00019920459
5.8695467e-05
0.00013261667
0.00012626305
0.00023350176
2.8689208e-05
4.9279894e-05
6.134141e-05
0.00012919884
0.00019366207
0.00016433815
0.00017972132
0.00017989006
0.000110325855
0.00017229239
0.00015760915
3.3742548e-05
3.4337845e-05
8.124966e-05
3.1131993e-05
0.0003402511
0.00012323215
0.00023940628
8.0911734e-05
3.8693895e-05
2.6898166e-05
3.121533e-05
0.00022702146
9.41847e-05
5.3053103e-05
6.233232e-05
3.9515304e-05
3.5499877e-05
0.00017015166
0.00019622577
0.00012727344
5.0739476e-05
0.00011753021
0.00016066966
9.132897e-05
3.3067878e-05
0.00022219282
0.00015163611
9.945163e-05
9.754702e-05
0.00017004782
8.654881e-05
0.00015507908
5.1560106e-05
4.5756413e-05
0.00010009814
3.8795166e-05
0.00019251405
4.645256e-05
0.00027109327
4.098824e-05
0.00013831332
0.000215352
0.0001163934
0.00015027486
8.192047e-05
0.00015689577
0.00015799957
6.229937e-05
0.00014247723
0.00014457501
6.1104896e-05
3.368138e-05
0.00012178906
0.00013625393
0.000111079695
3.7480313e-05
3.7828286e-05
4.2162457e-05
0.000103625774
0.00010943594
0.00014899958
0.00017835949
9.15478e-05
0.00015291717
0.0002535604
0.00014524681
3.234316e-05
0.00018531355
0.00018052662
0.00023275049
6.429043e-05
5.568616e-05
7.246579e-05
0.00013652908
6.164003e-05
9.8382814e-05
0.00026595232
0.00018187493
5.721439e-05
5.7157533e-05
0.00017217183
0.00016200454
0.000116370094
9.7869604e-05
7.5422344e-05
4.220039e-05
6.147368e-05
6.817287e-05
0.00018825199
9.6172385e-05
7.988979e-05
0.000119100376
0.00015910354
0.0002621008
0.00010136648
0.00016232491
8.4607025e-05
7.746376e-05
0.00033714392
7.891383e-05
6.116748e-05
0.00010857456
0.00019726835
0.000101490245
9.055472e-05
0.00014505775
0.00018067323
7.876259e-05
6.629824e-05
0.00010095538
0.00039771947
9.589554e-05
0.00017678177
0.00017943165
7.4983385e-05
0.0003629007
5.3981927e-05
6.2370316e-05
0.00010597972
0.00019856667
0.00017629849
0.00011528651
