-23061
-7848
-81310
-52760
-40904
-68735
-2705
-78425
-14217
-102673
-80676
-122834
29940
-36765
-22716
147335
-78221
-75223
-27087
-34275
-94399
-70936
-39667
-59362
-24127
-37322
92617
-99545
-13927
-102065
-37946
-7200
-91423
-40690
-34339
-3924
-52359
-4346
-35841
-80928
-57680
-23304
-84174
-62707
-65918
-81270
-17497
-38362
-43922
-55014
80885
-9137
-41416
-26091
-116160
-35829
-74506
-74880
-40125
-15112
-80834
-50651
-26103
11905
-41494
-91189
-41921
26407
-39757
-58566
-63660
-38346
-26791
-60942
-58500
-83887
-64162
-131030
-24020
-46341
-11778
-55940
-28891
-28334
-46540
-77556
-5190
-22600
-79081
-55045
129191
-44207
-37555
-20719
-85305
-55932
-26104
-107978
-64929
-42523
-9622
-72288
-32068
-122822
32305
-75523
-36363
-91481
-27980
-21883
-76272
-59765
-76612
26149
-107984
-43504
-34333
17446
-88087
-69876
-77270
52247
-30459
-35599
-84595
-30068
-82139
-32148
-78012
-96354
-46155
-52971
-70331
-56832
-26486
-60698
-8246
-9195
-66674
-22517
-42181
-24149
-48777
-104737
-51196
-89750
-42570
-23488
-38439
-72811
-69529
-62523
-74991
-28640
141149
-81372
-81186
-22546
14482
-74271
-17778
-28531
-49234
-113380
-67288
-125881
-87225
-15972
-18999
-92405
-42104
42543
-54686
10325
-22017
-82999
-30479
-48034
-84497
-99161
-16688
22188
-58021
-22203
-29436
-27511
-64358
-81682
-20395
-62679
-482
-24727
-49958
-73493
-74092
-77845
-133774
-49750
-63054
-97571
-131467
-56976
-50462
-32244
-50055
-64883
-57088
-48434
-44394
-90463
-77764
-651
-86789
29941
-19276
-24869
-18677
-52643
-41490
-28795
-57992
-122172
-80424
-55510
-69415
40992
-15973
-27562
-54724
-100844
-47005
-57616
-43997
-49355
-59533
7269
-35253
-58022
-41145
-67940
55683
-16470
-7905
-28630
-64330
44999
-50092
-19003
-66591
-32477
-60133
-69924
-67493
-53859
-119006
34102
-36372
-92582
-68837
23609
-49858
-62473
-48142
-131917
-60143
-60339
-62483
-10862
-23905
-21122
43798
-72093
-41286
-120390
-58322
-8626
-81176
-12798
-64062
-69463
-82881
-120280
-63717
-57379
-53816
-20478
-46541
-70222
-32060
-23541
-48236
-26910
-44911
-83806
-94732
-50719
-71444
69808
-57752
-89327
-25273
-43592
-79762
-81253
-7951
-56336
-50260
16605
-43145
-37987
9518
-49599
-77144
-71880
-12926
-9777
-29913
-58188
-62268
-50574
-56792
-95058
-90373
-34807
-67143
-93927
-8114
-29598
-30269
-52803
-34481
-53912
-21757
-57708
-29695
-67846
-33071
-12783
-70890
-46310
-64112
-46637
-63118
-44731
-12987
-70171
-46384
-44962
-70410
-22926
-41904
-60338
98798
-91369
-41033
18146
-45403
-36446
-3816
61016
-36038
-51298
-55630
-46575
-90310
-62183
-40327
-10222
-23173
-81751
-54259
-47088
-90654
-36616
-71304
-24290
-21976
-109465
-72827
-44984
-100384
-135477
-88973
-116458
-73301
-13093
-36220
-46479
-133934
-94083
-77152
-15640
-57299
-78614
-77039
-21317
-12195
1146
-44322
-18591
-12920
-94608
-29209
-42087
-6868
-94801
-52527
40934
-84575
-25931
-504
-53581
-39894
-86185
-15473
-16733
-79257
-60460
-96469
-75111
-62790
-98325
7683
-116030
-86253
-22076
-9844
-45375
-35062
-33704
-83242
-45804
-5808
-26963
-87541
-13807
-21564
-19484
-62140
21261
-39712
-21684
-17019
-42209
-40516
-54445
-34418
2756
-36935
-86685
-53465
-50206
-93761
-48897
-12763
-92128
77292
-73777
-66018
-33786
-74852
-44115
-21446
-50864
38400
-58419
-35939
-23845
-35718
-79849
-58868
-18716
-15909
-39471
-49410
-74022
-33936
-24851
-51869
-61671
-18182
-87454
-63848
-26824
-80779
-34872
-34538
-40984
-108499
44631
-11848
-40327
-61649
-66514
-35548
31905
-70357
-52354
-100947
-5525
-16148
-61209
52137
-52716
-39967
-74307
-62510
-42092
-67485
-91320
-103188
9537
-42341
-60636
-98875
-21470
-56748
-47383
-122292
-24284
-78018
-48287
-75953
109752
-1764
-82794
-80194
-61998
-34760
-51446
-17225
-28816
-140714
-28843
-53752
-1732
50710
-30386
-54488
-73761
-54732
-36927
-37795
-51656
-91543
-45153
-45097
-59617
-22542
-77801
-86389
-73036
-75439
-75979
-43307
-15184
-48190
-41088
-59820
-118660
-16920
-23915
-72660
-69498
-60777
-69255
-7774
45005
-48433
-32797
-49415
-85462
-27744
-38689
9508
4727
-61616
-72849
-82393
-42969
-58504
-62070
11363
-47560
-61597
-31735
-32650
-66357
-47349
-34534
-38794
43506
-97057
-110121
-64978
1637
-50466
50419
-49696
-84880
-44611
-49462
-4745
-69951
18847
-55404
-30190
-82916
-4680
-31350
20029
-37790
-41747
-85239
-82684
-65759
-133314
-82367
-97753
-54819
-109261
-125335
-100228
-73107
-106376
-62222
-53125
-108491
-8570
-108297
-27990
79026
-109190
-29156
-37742
-45513
17292
-79579
-38218
-5576
-21909
-68997
-17831
-89852
-36964
-72290
-72059
56016
-68833
-12780
-47799
-67741
-91340
-2367
-37533
-41465
-48548
-52377
52442
-19274
-50344
-60199
-43372
-45301
-104985
-42829
-78644
-39993
-39553
13850
-64376
-69055
-72757
-102910
-18284
-24889
-67992
-15450
-38613
-51837
-71173
-43021
-32027
-36580
-60681
-10988
-24992
-37449
-46998
-64211
-36274
-25434
-52570
57149
-75761
-37318
-22709
-53753
-83257
-60893
-49605
-85513
-8127
-46682
-34243
-64433
-31810
-64881
8072
-20566
-77765
-77913
-45868
-43092
60297
19640
-54745
-36833
-31155
-52020
-29965
-54577
-99123
-5776
-80916
-10602
-69480
-26278
-10265
-71825
-62487
-41734
-12536
-53974
8009
-34071
-12605
-65689
-41720
-46700
49657
-54367
29875
-81471
-72834
-88806
-59258
-65765
-60969
-35679
-22421
-55283
-25645
-77642
23209
-6228
-76323
-96571
-70859
-48262
-66450
-77949
-34663
-61247
-39678
-91374
-47507
-49342
47192
-363
-20268
-102526
80447
-42953
-46344
-86684
-6672
-107401
-78097
-52175
-64185
-87833
-64018
-31691
-52588
-59838
-60135
-54707
-62250
-58492
-26296
-53129
-70570
-15900
-76609
-16910
-81641
-21665
-94603
-16331
-43389
51395
-19194
32146
-64100
-56002
-46253
-35018
-55180
-72838
-46479
-35192
44677
-20271
-51587
-74704
-80378
-19721
-33874
-47116
-84741
26257
-50895
-91652
-111202
-36097
-74048
-64876
-49573
-18120
-65400
-51778
-44696
-53523
-29010
-37091
15017
-56100
-69875
-1033
-74979
13004
-69582
-110456
-42748
-59407
-88950
-5079
8803
-22664
-70619
-64932
16923
-36813
-12778
-65028
-59726
-41439
-51409
-83869
-107233
-59521
-19824
-45056
-83563
-47288
-23501
-35205
-54825
-47446
-150862
-55274
-19978
-37666
-57749
-19410
-27992
-62221
-48182
-17018
-35350
-73854
-54660
-66459
-43956
-9685
-11583
-67034
-55530
-72528
-82515
-28742
49882
-34805
-57184
-55100
31910
-81600
-53826
-52189
-54756
16503
-35598
-36562
19344
-12048
-40635
-32442
64515
-99435
-51471
-39928
-22152
1937
-109217
-66874
37445
-72575
-45131
-77640
-113975
-109178
-38075
-70112
-13312
-81782
-47391
-34367
-58706
-51859
44468
-101782
-52876
-55439
-47498
-67297
-62254
-81290
-100198
-40801
-21035
-89019
-77218
-62060
29378
-108380
-56624
-48444
-84868
-19224
-47019
-42043
-50147
-17005
-65242
-87406
-71581
-58871
-108243
-35373
-18138
-33292
-35278
-63516
-60378
-96930
-65817
-65671
-47334
-46643
-27971
-18812
-32464
-29871
-56446
-64183
-45043
-57900
-47981
-39551
-29281
-36002
-58807
-105623
-81841
-75388
-93376
-62335
-53524
-55939
-9606
-45162
-51833
-75095
-62479
-66147
-46964
-69898
-82678
-29443
-105076
-73652
-79726
-18177
-83636
-45826
-36019
-12630
111977
-69267
-104369
-54464
-72819
-49927
-71509
-69343
-21330
-5663
-60089
-47602
-90163
-38816
-60231
-40238
-54034
-17277
-42185
-71862
-76796
-41004
-57006
-85508
-61414
-112530
-22573
-58359
-38631
86424
-37224
-73276
14849
-34210
-106097
-52350
-32991
-39360
-89709
-18179
-73500
-24764
-78758
-47246
-47760
-81435
-28769
-65333
-9123
-71271
-44741
-35766
15469
-16734
-76035
-43852
-66387
-24303
-54492
-75237
-54889
-66500
-45576
-50725
-33188
-65049
-100988
5050
-35509
-124988
-92079
-65681
-88273
-82895
-38195
-32854
-85347
-71650
-58427
-33316
-54243
-98908
-104514
-79171
-104493
-71504
26230
-290
-35209
62247
-35216
-34678
-35016
-29043
-1063
-15636
-83725
-65946
-22839
-89340
-51125
-56166
-21138
42106
-16724
-36692
-57181
-29177
-37469
-42221
-20104
-80638
-76363
-46842
6929
-46979
59370
-5582
-95833
-96657
31930
-83237
51641
-80955
-43976
-35111
-53245
-103066
-84726
-60629
-49838
-120070
-56180
-72319
-142355
-75033
-102392
-44490
-11449
-58271
-22661
-57441
-54241
-56095
