0.00008980
0.00009488
0.00008427
0.00008963
0.00006811
0.00008706
0.00007737
0.00008812
0.00007771
0.00006755
0.00006757
0.00010662
0.00007919
0.00007196
0.00005434
0.00012530
0.00006743
0.00010388
0.00012924
0.00009376
0.00006307
0.00010397
0.00009133
0.00008164
0.00006818
0.00013685
0.00008012
0.00007926
0.00008065
0.00011286
0.00010784
0.00009504
0.00008240
0.00008904
0.00009446
0.00006907
0.00006523
0.00009382
0.00007893
0.00007522
0.00007070
0.00006646
0.00007818
0.00016155
0.00010067
0.00007037
0.00005909
0.00010656
0.00013179
0.00007037
0.00005443
0.00008049
0.00008521
0.00006124
0.00014248
0.00009254
0.00008062
0.00011151
0.00008568
0.00009564
0.00008532
0.00006718
0.00005950
0.00008559
0.00007524
0.00007579
0.00007859
0.00006244
0.00008538
0.00011568
0.00009791
0.00011120
0.00005263
0.00007288
0.00005751
0.00007144
0.00008869
0.00007307
0.00007494
0.00007159
0.00006606
0.00008576
0.00004699
0.00006113
0.00009607
0.00007159
0.00006388
0.00010282
0.00005733
0.00009349
0.00006508
0.00005946
0.00006730
0.00006574
0.00006063
0.00007758
0.00009134
0.00009947
0.00007020
0.00007472
0.00008214
0.00006946
0.00006676
0.00008262
0.00007614
0.00006115
0.00014299
0.00006691
0.00006282
0.00008677
0.00009224
0.00007641
0.00008667
0.00009333
0.00005898
0.00008326
0.00009285
0.00005285
0.00010025
0.00009275
0.00011082
0.00010741
0.00009226
0.00007466
0.00012984
0.00006935
0.00008568
0.00010137
0.00008256
0.00009372
0.00010306
0.00006655
0.00008400
0.00007897
0.00007207
0.00005423
0.00006490
0.00007802
0.00010128
0.00008398
0.00006214
0.00007913
0.00011454
0.00006931
0.00008863
0.00014901
0.00009938
0.00009732
0.00007251
0.00005628
0.00007255
0.00006226
0.00007402
0.00011130
0.00006715
0.00006689
0.00005669
0.00009862
0.00010202
0.00008341
0.00013007
0.00008555
0.00009101
0.00010050
0.00005548
0.00011400
0.00017004
0.00006215
0.00011359
0.00007582
0.00005876
0.00010775
0.00009618
0.00006490
0.00007578
0.00006823
0.00006731
0.00007412
0.00004866
0.00013089
0.00008340
0.00008659
0.00010426
0.00007367
0.00017414
0.00008327
0.00012472
0.00015696
0.00007100
0.00008455
0.00009479
0.00005975
0.00006423
0.00006594
0.00008867
0.00007954
0.00010171
0.00005650
0.00008199
0.00008107
0.00007047
0.00007890
0.00008370
0.00008408
0.00010437
0.00008026
0.00019549
0.00008159
0.00006961
0.00005519
0.00009260
0.00008694
0.00006049
0.00015910
0.00008981
0.00007298
0.00007486
0.00006562
0.00006740
0.00009697
0.00006954
0.00005322
0.00007279
0.00011899
0.00005888
0.00008223
0.00009078
0.00014227
0.00008302
0.00007918
0.00009601
0.00011841
0.00007815
0.00007321
0.00010561
0.00006386
0.00013069
0.00009655
0.00006572
0.00010676
0.00008775
0.00010929
0.00005351
0.00008427
0.00004674
0.00011234
0.00014020
0.00009898
0.00008330
0.00007539
0.00008395
0.00009090
0.00007370
0.00009828
0.00010339
0.00007221
0.00007882
0.00005931
0.00007065
0.00011790
0.00008506
0.00013055
0.00011536
0.00012543
0.00007285
0.00008318
0.00005132
0.00008349
0.00006375
0.00010655
0.00011571
0.00009102
0.00005493
0.00006987
0.00008973
0.00009981
0.00008696
0.00007669
0.00007159
0.00007116
0.00008471
0.00010309
0.00007646
0.00013602
0.00005442
0.00009044
0.00022004
0.00008649
0.00009644
0.00006922
0.00009658
0.00007927
0.00007033
0.00008896
0.00004710
0.00009195
0.00008650
0.00007869
0.00007595
0.00007125
0.00010027
0.00008986
0.00008505
0.00010452
0.00012812
0.00009367
0.00012094
0.00007477
0.00010393
0.00008258
0.00008388
0.00007913
0.00007888
0.00006329
0.00010323
0.00006929
0.00015919
0.00007585
0.00007235
0.00008899
0.00007508
0.00011817
0.00007498
0.00006753
0.00007700
0.00009063
0.00006715
0.00010660
0.00007085
0.00009994
0.00012206
0.00006872
0.00008364
0.00006471
0.00007733
0.00006543
0.00009247
0.00009402
0.00010372
0.00007484
0.00013054
0.00011539
0.00007231
0.00008543
0.00009727
0.00012778
0.00006971
0.00007246
0.00007852
0.00010586
0.00007344
0.00006595
0.00004091
0.00013994
0.00007010
0.00010931
0.00004476
0.00008304
0.00006628
0.00011406
0.00009556
0.00007130
0.00012558
0.00009249
0.00009114
0.00007275
0.00009544
0.00009368
0.00009306
0.00007697
0.00007409
0.00007823
0.00010897
0.00006817
0.00007307
0.00008130
0.00004742
0.00008510
0.00006814
0.00010815
0.00009088
0.00007009
0.00005631
0.00005986
0.00007601
0.00009191
0.00008556
0.00010319
0.00006144
0.00006851
0.00007479
0.00010346
0.00009909
0.00008365
0.00010251
0.00011862
0.00007666
0.00010370
0.00011363
0.00009896
0.00007650
0.00007024
0.00010134
0.00006940
0.00009645
0.00008203
0.00012645
0.00030616
0.00012440
0.00007117
0.00006211
0.00011999
0.00007863
0.00006340
0.00007395
0.00009182
0.00008972
0.00010110
0.00008525
0.00005599
0.00007230
0.00007282
0.00007930
0.00011650
0.00010422
0.00009804
0.00006876
0.00011451
0.00007304
0.00006434
0.00009620
0.00011120
0.00011542
0.00007467
0.00011525
0.00012484
0.00011923
0.00007079
0.00014688
0.00005808
0.00006153
0.00008465
0.00005025
0.00008617
0.00008704
0.00008658
0.00008314
0.00010239
0.00008141
0.00007356
0.00012316
0.00007125
0.00010608
0.00008316
0.00007415
0.00005647
0.00009969
0.00005314
0.00015233
0.00008721
0.00007136
0.00014198
0.00007353
0.00009287
0.00005603
0.00009435
0.00010020
0.00010830
0.00008382
0.00010605
0.00008506
0.00004931
0.00009593
0.00006940
0.00011623
0.00012951
0.00010769
0.00007712
0.00011711
0.00006316
0.00006280
0.00006934
0.00005616
0.00007521
0.00007923
0.00009080
0.00009025
0.00006479
0.00008647
0.00009495
0.00007550
0.00008452
0.00010146
0.00006625
0.00011145
0.00009978
0.00009699
0.00014838
0.00004734
0.00008894
0.00005076
0.00007282
0.00008352
0.00008519
0.00007515
0.00011433
0.00010090
0.00009264
0.00005927
0.00008802
0.00006185
0.00010479
0.00007494
0.00007052
0.00009793
0.00006432
0.00011248
0.00008701
0.00007781
0.00010068
0.00006874
0.00004801
0.00007114
0.00008579
0.00006543
0.00007030
0.00013484
0.00012469
0.00005064
0.00008050
0.00007846
0.00008268
0.00007005
0.00009802
0.00009044
0.00008897
0.00008975
0.00007866
0.00006846
0.00007659
0.00006389
0.00007774
0.00008520
0.00005847
0.00007318
0.00009217
0.00008593
0.00005999
0.00007917
0.00011250
0.00008098
0.00010430
0.00007905
0.00013209
0.00006047
0.00007944
0.00005788
0.00008268
0.00011038
0.00010616
0.00009321
0.00007808
0.00011583
0.00005129
0.00006984
0.00007664
0.00006718
0.00004508
0.00012114
0.00006672
0.00007251
0.00007913
0.00008056
0.00006361
0.00009334
0.00007259
0.00008396
0.00009383
0.00013198
0.00006691
0.00008676
0.00009348
0.00006052
0.00008373
0.00004855
0.00010020
0.00007427
0.00008936
0.00007625
0.00008446
0.00006131
0.00012699
0.00011058
0.00008753
0.00010913
0.00008326
0.00006077
0.00005662
0.00008227
0.00005594
0.00006514
0.00008757
0.00013034
0.00005975
0.00009399
0.00011755
0.00006851
0.00008130
0.00006864
0.00006708
0.00009861
0.00007158
0.00010748
0.00007831
0.00006937
0.00008963
0.00009061
0.00012214
0.00006676
0.00006486
0.00009695
0.00012629
0.00006499
0.00007135
0.00009042
0.00007301
0.00006527
0.00010045
0.00009852
0.00011810
0.00009219
0.00007906
0.00014802
0.00008546
0.00006172
0.00006983
0.00006774
0.00004430
0.00005671
0.00009977
0.00007526
0.00010360
0.00008530
0.00007139
0.00013766
0.00007835
0.00010076
0.00006808
0.00012058
0.00006180
0.00007474
0.00004572
0.00010680
0.00008884
0.00008702
0.00006358
0.00007643
0.00012717
0.00013539
0.00010226
0.00005981
0.00007202
0.00008965
0.00007351
0.00006529
0.00009681
0.00006680
0.00008054
0.00010200
0.00007965
0.00009262
0.00006746
0.00009754
0.00007506
0.00005523
0.00012722
0.00013411
0.00009670
0.00008859
0.00005959
0.00008394
0.00003674
0.00010417
0.00007379
0.00008026
0.00015289
0.00009875
0.00006920
0.00007359
0.00006727
0.00007794
0.00008447
0.00006270
0.00009142
0.00009155
0.00010316
0.00009179
0.00007348
0.00007447
0.00007821
0.00008517
0.00007041
0.00009611
0.00019736
0.00008133
0.00009714
0.00009067
0.00007950
0.00005722
0.00007776
0.00008444
0.00008522
0.00008518
0.00007244
0.00005577
0.00008802
0.00005681
0.00010769
0.00005190
0.00009182
0.00007647
0.00009090
0.00014150
0.00006410
0.00009010
0.00007309
0.00009392
0.00011078
0.00006731
0.00014351
0.00011453
0.00006701
0.00008699
0.00006492
0.00007897
0.00005536
0.00006621
0.00008387
0.00006792
0.00010605
0.00009562
0.00009562
0.00010297
0.00007304
0.00005570
0.00009367
0.00007106
0.00015335
0.00009689
0.00007395
0.00007727
0.00007766
0.00006184
0.00008214
0.00006517
0.00008400
0.00006470
0.00007650
0.00011124
0.00009571
0.00007071
0.00012165
0.00007047
0.00007691
0.00011456
0.00007588
0.00007792
0.00007154
0.00005998
0.00009205
0.00010091
0.00008862
0.00005534
0.00007296
0.00012388
0.00008281
0.00008131
0.00008805
0.00016282
0.00007896
0.00007926
0.00008272
0.00006380
0.00017625
0.00006446
0.00005941
0.00013983
0.00006380
0.00007436
0.00005217
0.00008775
0.00008870
0.00007218
0.00004646
0.00009274
0.00008834
0.00008835
0.00008477
0.00004426
0.00006926
0.00010527
0.00009136
0.00009570
0.00008793
0.00008446
0.00006772
0.00007535
0.00007759
0.00010848
0.00015157
0.00006589
0.00009196
0.00010900
0.00006598
0.00007138
0.00012684
0.00008312
0.00007517
0.00006249
0.00007351
0.00009650
0.00006107
0.00007709
0.00007250
0.00011173
0.00009432
0.00007321
0.00006805
0.00008065
0.00009153
0.00009817
0.00007749
0.00010811
0.00008874
0.00008261
0.00007950
0.00008748
0.00006928
0.00006187
0.00008895
0.00010983
0.00004876
0.00008716
0.00008134
0.00009855
0.00006654
0.00008643
0.00010076
0.00007166
0.00008738
0.00006845
0.00009129
0.00008024
0.00007451
0.00007181
0.00009859
0.00009890
0.00011578
0.00005961
0.00007363
0.00008218
0.00008295
0.00007373
0.00007621
0.00006005
0.00007657
0.00009562
0.00007110
0.00012659
0.00006860
0.00007002
0.00004619
0.00009980
0.00007100
0.00010267
0.00008103
0.00010609
0.00005287
0.00007818
0.00011041
0.00016413
0.00009140
0.00015288
0.00007243
0.00008261
0.00007556
0.00014426
0.00008167
0.00008372
0.00011414
0.00006964
0.00009248
0.00007674
0.00007738
0.00006063
0.00011302
0.00010245
0.00008087
0.00006844
0.00010223
0.00009253
0.00009208
0.00006834
0.00005513
0.00011101
0.00006221
0.00007564
0.00006459
0.00011326
0.00009346
0.00008333
0.00022108
0.00006158
0.00008202
0.00009889
0.00011513
0.00003582
0.00009889
0.00006657
0.00009339
0.00007060
0.00007641
0.00010082
0.00005932
0.00010203
0.00005724
0.00007420
0.00007482
0.00008244
0.00011310
0.00007016
0.00006385
0.00008686
0.00007373
0.00009674
0.00009401
0.00009937
0.00007988
0.00008153
0.00008983
0.00007160
0.00007198
0.00010501
0.00007114
0.00009399
0.00016569
0.00007442
0.00006838
0.00005531
0.00008661
0.00007747
0.00006489
0.00006485
0.00005491
0.00006674
0.00009491
0.00007593
0.00006789
0.00005931
0.00008622
0.00007333
0.00008102
0.00006884
0.00008795
0.00006629
0.00006512
0.00010546
0.00006449
0.00011113
0.00008442
0.00006558
0.00006366
0.00008795
0.00012365
0.00008719
0.00006580
0.00005221
0.00008894
0.00006988
0.00008641
0.00006602
0.00015184
0.00006342
0.00008319
0.00005559
0.00006457
0.00007208
0.00019836
0.00012347
0.00006359
0.00007545
0.00005034
0.00010262
0.00007261
0.00006169
0.00006287
0.00010203
0.00009844
0.00005581
0.00009225
0.00006133
0.00009066
0.00012312
0.00009195
0.00008817
0.00008396
0.00006188
0.00006547
0.00005730
0.00006264
0.00008020
0.00007831
0.00005448
0.00013631
0.00006922
0.00007533
0.00008505
0.00007106
0.00006404
0.00014783
0.00006578
0.00005822
0.00009906
0.00009745
0.00006337
0.00008574
0.00007647
0.00007970
0.00007601
0.00011066
0.00005720
0.00009978
0.00006384
0.00009842
0.00006574
0.00006570
0.00006919
0.00006325
0.00009189
0.00007405
0.00006742
0.00006952
0.00009737
0.00006518
0.00008891
0.00009040
0.00013547
0.00007455
0.00010376
0.00013978
0.00011019
0.00008935
0.00009421
0.00009756
0.00007148
0.00007342
0.00009629
0.00008582
0.00009234
0.00008697
0.00006565
0.00006704
0.00007566
0.00007199
0.00008856
0.00011647
0.00009816
0.00005989
0.00025216
0.00006790
0.00007507
0.00006872
0.00014000
0.00007589
0.00005438
0.00007421
0.00008050
0.00009142
0.00006730
0.00009797
0.00008030
0.00008218
0.00008337
0.00008215
0.00010167
0.00007987
0.00008856
0.00009255
0.00008531
0.00006698
0.00008303
0.00007759
0.00007869
0.00008137
0.00008569
0.00006367
0.00007617
0.00010819
0.00006999
0.00008801
0.00022109
0.00010097
0.00006038
0.00006330
0.00005814
0.00005295
0.00008762
0.00006970
0.00007010
0.00009453
0.00006319
0.00007497
0.00007625
0.00008091
0.00011402
0.00006928
0.00010376
0.00015808
0.00007984
0.00010048
0.00006075
0.00012503
0.00007091
0.00005266
0.00010059
0.00008001
0.00009808
0.00009189
0.00009248
0.00008093
0.00012147
0.00008265
0.00007890
0.00009776
0.00010834
0.00008204
0.00009026
0.00010773
0.00009185
0.00005653
0.00006665
0.00007870
0.00011529
0.00007534
0.00006369
0.00008498
0.00012505
0.00011277
0.00007798
0.00011574
0.00006988
0.00006777
