2098070554
1108431163
1968849759
2094288070
1591410957
2034106683
1807653070
2058928484
1815616832
1578347487
1578746279
1245537171
1850311763
1681332582
1269670148
1463736992
1575471348
1213555235
1509803547
1095301228
1473598038
1214660978
2133901440
1907568672
1592957787
1598673811
1872015733
1851882763
1884269533
1318510123
1259790975
1110292194
1925308888
2080487438
1103555021
1613682903
1524063393
1096008178
1844064017
1757513999
1651966966
1552776440
1826553409
1887314856
1176008334
1644281150
1380558582
1244842305
1539652547
1644184473
1271784956
1880523302
1990952521
1430818499
1664450374
1081113889
1883701556
1302636980
2001997859
1117240848
1993381528
1569719071
1390165851
1999895136
1757936961
1770782907
1836245271
1458915230
1994867936
1351440700
1143802833
1299096187
1229597563
1702698182
1343652165
1669247966
2072100715
1707205744
1750939968
1672643743
1543495455
2003846806
1097899421
1428208222
1122346598
1672667912
1492582969
1201174546
1339603819
1092171313
1520474262
1389223251
1572329348
1535990909
1416715752
1812559424
2134082709
1162050603
1640269058
1745743584
1919097396
1622818873
1559749263
1930481104
1778964192
1428752029
1670468512
1563338394
1467857846
2027339299
1077627478
1785175685
2025019052
1090274028
1378008728
1945284758
1084654682
1234890624
1171186573
1083536855
1294582583
1254751690
1077784578
1744450530
1516873047
1620256934
2001985775
1184195661
1929018865
1094823886
1204014431
1554927502
1962626181
1845079125
1683822013
1267120294
1516341324
1822867601
1183168469
1962215305
1451797391
1848837440
1338099285
1619495603
2070807661
1740831187
1160956945
1136920645
1694202698
1315011626
1695048621
1454697699
1729429352
1300195887
1568957741
1562927517
1324498050
1152147261
1191796885
1948753043
1519525620
1998855859
2126457316
1174086880
1296292557
1331724650
1986463086
1452159930
1326975396
1771580492
1372896935
1258793994
1123645694
1516450085
1770674146
1594142080
1572619379
1731689176
1136944814
1529078509
1948668450
2023085514
1217966120
1721368914
2034414841
1945453943
1456999818
1833665205
1659000212
1975423790
1107379802
1396123567
1500655493
1540619317
2071750261
1858396371
1188195669
1320159673
1915641196
1894130580
1646492635
1843363109
1955689612
1964390535
1219325639
1875339002
1141911591
1906323957
1626299242
1289585595
1081772501
2031303052
1413271637
1858638063
2098275993
1705163444
1749139361
1533199363
1574818779
1132842087
1624667819
1243543209
1700764644
1390057090
1375773074
1921296796
2121067578
1662021366
1939834596
1850070071
1121639648
1383325959
1825985432
1710492760
1233742586
1491990823
1526776389
1127923648
1535483355
1247210890
2050287984
1276812156
1250262255
1968910182
1092038382
1312383222
1637888388
1156346664
1946203189
1761417330
1961490228
2123859124
1721924806
1148171422
1207802958
1687266128
1841598755
1385839559
1650794758
1377362201
1987302967
1525169136
1347712596
1465344246
1702081867
1943399558
1199071823
1950601989
1489585985
1244793967
1351760943
2126566078
1283422441
1632377804
2096535808
1165990188
2031713929
1791894731
1672583320
1662577258
1979315036
1204358843
1786468738
1588975906
1271386164
2113007139
1285280451
2020886114
1126672891
1617404965
1128292229
1852221132
1643193535
2078578069
1100425105
1074135024
2021006960
1838529263
1774649984
1664800828
1171367842
2099508623
1987109613
1221053739
1496697781
1094225698
1412897013
1746927876
1214183635
1929526419
1959882974
1848946202
1842903894
1478758169
1205966097
1618867203
1859743806
1772196807
1690456467
2079230638
1754106138
1380540455
1751955076
1577743256
1799060908
2117430109
1568848979
1245343817
1655471504
1167530976
1425954441
1605707057
1954275712
1511942524
1806674216
1528800563
1080231713
1098406975
1211724416
1748692230
1524999951
1347966373
1689574290
1996148905
1136388922
1492806535
1628824927
1693054659
1834577594
1236727486
1715991260
1540981855
1911907049
1634788685
1637912558
1277029679
2091677793
1940281727
1548631417
1332510150
1116322417
1666009289
1467066303
1080449236
2129550978
1699761621
1115017279
1094431136
1087119943
1798372085
1731000352
1827846463
1272993418
1592849026
1707338675
1899629080
1107929652
1988354328
1591978933
1263494910
2123472416
1637610442
1315772957
1398661336
1775991377
2147339532
1999133806
1205537093
1435616091
1600595264
1747375007
1208606585
1157633676
1954384474
1197543119
1385791220
1791169654
1211416258
1327452738
1156104972
1787459677
1641223742
1183869377
1621574157
1126721229
1916523373
1477241550
1788344875
1453271714
1662867289
1451265668
1401815421
1837042855
1481271769
1727713337
2145430163
2096378708
1181095957
1991870951
1308195903
1689320513
1701501806
1852922040
1361029843
1217573370
1145367791
1606480472
1337748831
1706516921
1503314108
1123808837
1299120357
1348359123
1744583460
1346383289
1458437888
1392921144
1654033435
1715948964
1357126512
1437682560
1977840713
1174044584
2013248637
2033707891
2022855906
1942553635
1196099008
1902166849
1718806975
1438733922
1664728320
1239253170
1942892004
1732462591
1319458765
1164552119
1241633840
1779622804
2037587053
1667399020
1658673927
1718045644
1084890332
1309126418
1102231755
1170594426
1265162587
1958336143
1238932928
1987327136
1152207684
1120715175
1621622496
1357809293
1513024097
1258062875
1801900793
1368081216
1475664507
1467314038
1620111919
1312111319
1757344815
1851266448
2121478455
2108668762
1513863978
2020330221
1109240833
1764039692
1974747051
1185265150
1548027186
1302014622
1165682030
1133113991
1733441445
1106056536
2077949669
1186092946
1701513890
1951363320
1990517475
1755761730
1335646108
1178715288
1082201505
1384921128
2056487392
1445090430
1224183655
1750891630
1647592335
1144062653
1502734047
1314008603
2032970729
1817997501
1176231900
1606069595
1121778621
1662214720
2004499375
1528643463
1642504712
1575187360
1456637280
1183108046
1880837502
1833079101
1931786242
1636643673
1145083803
2113031308
2078747254
2096922516
1837743763
1599543903
1789514062
1492715900
1816438585
1990589982
1366117466
1709743513
1076787597
2007641375
1401573729
1849792125
1314274465
1892172872
1218491801
1846915986
1543120832
1412884929
1856160717
1352401427
1931846665
1289531214
1240238067
1088848044
1824269416
1353144631
1198455508
1631761488
1790782946
1569574056
2106662716
1415193090
1558891256
1694214782
1848825355
1882323910
1486274800
1090406959
1695979136
1961695666
1096122982
1541815694
1563229633
2027145945
1092032340
1414093390
1956366351
1134310368
1170527961
1735362899
2087883223
1781646977
1973429828
1432449922
1483483254
1291791037
2045067430
1274908829
1945333096
1419918175
1322818288
1922166888
1307072034
1521888162
2046022114
1522619282
1395942298
1097971928
1373247389
1600824872
1899604911
1603713095
1567253810
1151984118
1672426220
1255621782
1829743747
1620788657
2094106800
2116982978
1426866829
1559773433
1515374555
1132600395
1475398646
1518431962
1667108989
2112620432
1705816013
1525102670
1173543073
1150993180
1379664320
1077005120
1847121425
1729211829
1996656459
1442129699
1631471458
1582685864
2070263854
1325017688
1165524930
1758359922
1210274262
1993055244
1667942828
1608154192
1830577586
1177132203
1590722133
1408619059
1443966560
1746371984
2136487548
1247682190
2075665677
2033272845
1485440961
1785864508
1485598061
1581652629
1194660939
1397440790
1682758567
2094711031
1717586429
1525477293
1130908548
1560691863
1881719679
1191579362
1860922056
1082014193
1576087664
1139470499
1753671091
1290455687
1486214377
1566722087
1129694045
2069865061
1392183982
1961236451
1716837183
1216957055
1724015445
1875351087
1786118285
1153621584
1616752396
1719314529
1571664694
1820958232
1973538589
1465017961
2135931655
2139146163
1205102047
2144680917
1716813014
1740003391
1827266401
1989889075
1645163327
1122811856
1152805872
1900184972
1134848133
2118481470
1857598786
1336872696
1816813208
1972934359
1991194213
1990179105
1692607528
1303072026
2056535730
1327362104
1258032663
1212715354
2145357655
1786637923
2123810786
1653000200
1497658508
2105236731
1707689129
1097252894
1294220045
1572631464
1676528947
1337966354
1565755317
2032523599
1516764285
1845018702
1293440587
1547048332
1959508351
1587000072
1238890632
1117053537
1117023325
1202926816
1706529006
1301416434
1094322374
1660377858
1791489896
1131899487
1727773760
1805284485
1814529216
1444848737
1919230327
1522625324
1962662435
1511725001
1787495931
1299579572
1118074687
1652172404
1421126637
1646468466
1797030693
1338383273
1772885630
1820595693
1671459451
1401513305
1075415993
1178914684
2070541800
1293114303
1704704229
1447175026
1934904073
1899846603
2057236638
1902082257
1844801178
1851810256
1932813435
1490613177
2059037246
1506069400
1388135636
1633592308
1490758192
1737501876
1218902678
2050300068
2072342407
1686492713
1085536859
1083470390
2064112784
2064197376
1980716851
2068378653
1618238803
1229742578
2134614432
1117984052
2054384668
1973369405
1582190395
1760438476
1812789031
1267319690
1770722484
1539435024
1074280039
1273331787
1541622340
1667821982
1481821619
1942033996
1756208861
1460039099
1717562260
1127313375
1426770152
1801248223
1693936836
1305307680
1101820878
1710468590
1589960803
1884450803
2138638609
1146896495
1810420447
1262987356
2073417938
1930106481
1857417517
2043931476
1618770526
1445465053
2078263869
1283029691
1139180468
2036390676
1900511257
1151283211
1554637471
2019508468
1177162415
1674214743
2041683737
1599302211
2133067601
1874698518
1740861399
1677840128
1151766595
1155404064
1352582696
1392739874
1720305468
1920172927
1938094412
1722601545
1780583531
1402963459
1788934000
1117101875
1661199612
1478921311
1602746326
1635966935
1079168266
1165917680
1658855197
1199422277
1893212149
1239355890
1235216909
1826746763
1289833329
1917375338
2135593286
1785949100
1692208736
1930178988
1765381084
1685229870
1908184988
1955991727
1333458792
1627024319
1080352559
1793042769
1807931016
1416594906
1320322815
1196793873
1889538426
1599060518
1194292358
1080987001
1075754362
1596716103
1288207949
1296848449
1453573830
1767338792
1509114724
1323174784
1091814817
1947037027
1291343906
1438733922
1916257511
1155271134
1345023769
1673985136
1155271134
1555314209
1091029317
1649646720
1785320700
1177790815
1385887897
1191887519
1337295658
1733586460
1748100084
1926227319
1321277500
1639350627
1491869977
2029345345
1722565291
1130159302
1098225705
1160854226
1866408471
1904958395
2098807716
1672885436
1681864305
1226781847
1662093874
1098038394
1935635192
1738891606
1597586195
1292401310
2023556814
1809949147
1516220478
1515205370
1282902802
1559374640
1108781617
1774118261
1586166233
1385779136
2014565860
1713332644
1893055049
1608341503
2055013068
1548921448
1521453116
1231990316
1506830731
1298262349
1972426805
1532208424
1487314077
2054976815
1444540580
2037272853
1537428978
1219845278
2078010092
1632679919
2018819644
1542444094
1773840315
1481718900
1943810435
1298914918
1508655508
1684027451
1158624615
1442407645
1485718908
1762915822
1176074800
1198824089
1696522944
1441344199
1469042138
1191917731
1150032453
1304050880
1077712070
1432993729
2118227693
1438268664
1074141066
2060149030
1961671497
1445779253
1529610232
1338757896
1463567807
1873804256
1829792086
1272920910
1592468360
1617284119
1759967176
1987061274
1660269097
1496305031
1726970133
1537030186
1360353104
1157240926
1138431222
1480679623
2003327167
1786601669
1862227194
1775906784
1292800103
1336534327
1165694115
1491543692
1149760549
1535978824
1535036224
1616691973
1477718892
2146892402
1730166514
1575157148
1624329450
1137494664
1522939524
2077430031
2112040370
1582643568
1741791914
1212147377
1633012246
1287295560
2087544854
1100564078
1139688022
1670190566
1715314521
1124944791
2005224452
1078727178
2032076468
1533827763
1566444140
1767858430
1682045574
2069139984
1360661262
1146715226
1399422667
1472900152
1586444179
1753985291
1605682888
1635556058
1773211915
1270661087
1733997337
1880885841
2136004163
1572426025
1144539995
1876233264
1920064165
1947931289
1919351173
1187688115
1866070102
2069091646
1081198482
1993309021
1564993987
1939967527
1812813201
1838674278
1901248418
2001997859
1487664531
1779568423
1263966210
1635398958
2056269869
1291419435
1179549127
1410866798
1478927354
1358431650
1237162532
2047218491
1628559065
1637936727
1104382817
1476486261
1751749638
1781441538
1890372264
1332075104
1618625511
1212123208
1846692421
1865332941
1173821019
1419434791
1460619161
1656752474
1230407232
1175150327
1869429625
1145820964
2146964909
1080400897
1890891903
1419090379
1931000742
1843544378
1142014310
1265645971
1916934250
2108922539
1258540217
2146118986
1320763903
1557223579
1838915971
1346902927
1760365969
1487990815
1985623205
1460885022
1317380211
1821937086
1352093270
1632824935
1583386772
