-1427
-20868
-3188
-8782
-15019
38847
584
-6150
-20288
-17256
22798
34079
17907
-3910
-7424
5782
-37528
-68297
-16737
-70260
6391
10022
-27331
-13162
-44114
-18733
49568
-2829
-81517
-89955
37316
11380
6834
24265
24897
13723
12416
7388
39979
27625
-70676
-16427
-12790
10131
16160
-1931
-25460
-3068
14121
-13843
1810
-2435
-9916
-1652
24418
-18210
-18630
13017
-2787
7272
17078
3765
15493
11974
34254
-5262
2181
52882
-13044
21852
53248
13086
-530
-2656
26383
23073
-1755
-3500
10726
-4050
-65028
5419
-10356
-5584
-2928
-14010
3319
-16709
-11555
-831
3484
25334
12140
16671
15854
20664
67336
9939
-4402
-40392
21167
-1199
-2774
6516
-38194
-5303
19299
-21465
9194
20184
62414
16177
33656
29926
16170
66128
58272
-100908
-8140
31859
30114
21809
17705
13808
-42767
21048
17305
-201
16064
-158
22019
5305
62305
59463
2861
37379
19339
3252
58161
2012
34878
32376
31548
699
3457
-5340
1260
3019
-17506
27449
20374
-2418
-676
25957
12177
53493
26704
4536
16103
-4916
12382
42775
23001
13873
-12875
8405
-2275
-4376
5598
-4484
9733
526
18409
17673
-40774
-10821
41083
19914
25674
-71071
3087
-3248
-4767
-2703
1365
12231
-252
-16781
35754
37108
-62919
-14464
22320
-15072
-2248
-18242
32411
35966
-7166
377
28754
13248
31714
32040
-2908
5419
8082
3561
22136
-56656
-1866
-8036
-4242
30921
-1626
-14722
-1668
1526
15214
-90601
-1502
-3622
-1429
-18723
-11861
7903
10335
21609
28988
38268
46734
24532
-67657
-5610
-8317
-2413
-21860
25393
17715
12320
37954
-2580
-11634
-255
24397
-7686
30711
17919
20558
-993
14681
-30446
20245
-94116
-40533
83917
-62071
49710
-1238
17870
8723
-1907
20117
21376
965
-14215
-14948
-31883
37282
-8494
1808
84212
26525
-6876
-11891
50460
37968
12204
7994
-4095
30000
-64080
10706
9684
-15277
-18420
-7167
50501
-21315
6074
19971
-17694
18027
-1242
13892
27172
-8484
-1137
43896
19843
34719
5373
5712
19366
76967
-3995
-62152
2376
18234
-23004
-92538
11376
16260
17199
-5209
-18538
-768
54801
-35804
3127
-1653
6963
3224
-1027
9145
22342
-9521
30711
-14713
15587
-16702
4045
-13727
-15701
-46090
-48818
-4452
18912
45344
22558
-6333
12964
37174
5020
33344
45637
13007
-31155
14450
-15501
16271
60470
53824
-10385
-18919
26388
15429
-13343
9167
-37744
7842
-17571
-1356
-54610
-18053
34933
31610
26137
2895
24206
16403
-7729
901
-58557
-22260
-10910
3450
25155
11426
15628
8828
-4475
7106
8649
