1217054465
2103456341
1614195082
1272109759
1576723134
1101119629
1207296641
1557176289
1305825351
1565025258
1453871046
1376845603
1406632585
1155646854
2104961849
2069015904
1975510451
1629955240
1091970717
1369609236
1315882063
1249516877
1648344897
1334318294
1933852432
1591262723
1109280266
2035767831
1698475919
1409077492
1950751020
1271567736
1401398597
1445090057
1597634899
1390690975
1802102250
1170126968
2091707047
1279309964
1347719058
2132956915
1516932233
1256639525
1153293136
1147046842
1477624658
1552770095
1609805159
1077749370
1416768732
1299531168
1309302511
1159764861
1972575274
1853450968
1074848651
2141959704
1599422522
1684003695
1716772764
2049107375
1278846772
1150556171
1186786284
1647494004
1501827911
1424699081
1931961021
1552801728
1931946932
1131525533
2020436844
2103128672
1461049044
1467189718
1632348595
1164792848
1343946164
1954853528
1667131622
1274690054
1322379295
1339893823
1852978216
1478496243
1557677957
1660380158
1103181463
1121499418
1546345924
1923683868
1163713531
1734360168
1423458580
1210982183
1680287077
2080915320
1199753537
1123096084
1289043334
1557586546
1193307494
1706345847
1656668719
1706463423
1662345302
1918065667
1489834166
1489410490
1908048672
1912564189
1438047246
1654070443
1850036787
1487986229
1261663319
1670454957
1082297762
1567759626
1365063662
2113520299
1419188211
1445881724
2144027228
1173365353
1225475245
1624051194
1408332440
1190276352
1663417741
2047095335
1242520693
1569045614
1315580223
1998096557
2130963928
1126366203
1567571773
1506001871
1838404042
1683009980
1366865374
1821000063
1546746672
1754310025
1251258274
1519647950
1815592512
1219373309
1279570275
1182326412
1784081590
1118421228
1361605583
2029453198
1883639050
1508372777
1360234028
1564085020
1278835467
1252632755
1426065678
1409370274
1178001834
1679351488
2118257550
1314449080
1759196887
1547422590
1338680107
1137604712
1998935455
1345784306
1841986023
2002963990
1199426304
2084617769
1354173420
1658627690
1312785306
1195857532
2003841102
2109953104
1304000963
1943014897
1640726437
1469051851
1327836962
1935577862
1403051435
1613339694
1548553130
1577638146
1182450361
1415924198
1091933180
1270829473
1933977623
1130513662
1404793302
1361056489
1527501730
1438928680
1262221377
1948968630
1166038883
1799932480
1688910068
1092598280
1971949294
1490270421
1837843757
1927600281
1269767030
1190042542
1347512353
1225226675
2129134508
1095309267
1400020628
1920459853
1280964412
1353933236
1611347834
1520226605
1728074740
1327929413
1088145861
1886230188
1175752696
1365579252
1300957556
1756793241
1281554271
1946478034
1790543586
1168983882
1213441716
1197742033
1120217237
1449399725
1254038740
1958877340
1329017820
2096996344
1175493795
2015881408
1240167432
1697112965
1972341706
1149243642
2018787226
1463771276
1100616920
1562959820
1121549920
1828662789
1432304076
1306753681
1400905751
1635530959
1675569148
1607373468
1625213904
1330978100
1563519166
1862701489
1675698364
1405203560
1109398714
1357444478
1218997067
1314249016
1504135886
1949555738
2032593350
2110855282
1740462251
1841756682
1638233695
1439468247
1599674325
2032232001
1946429863
1745072855
1969293589
1249473872
2115141873
1644208427
2000932064
1291361943
1490252005
1134835724
1750670185
1326663619
1943435889
2016255101
1445795613
1202413670
1130976049
1550408883
2028116443
1939177328
1186079742
1122091607
1198211237
2026020137
1885855448
1492194942
1194365671
1751186297
1904011912
1765474935
1879784105
1462625614
1727242903
1571954840
1844531942
1362534892
1110074347
1447756262
1421016088
1966024812
1706923160
1941329627
1945036343
1292765608
1606270033
1620936457
1236341603
1413631251
1676961407
1336853790
1802913909
2080867015
1787656620
2109426847
1312005139
2126282362
1426249942
2077048835
1315059924
1533834712
1329929209
1516492791
1385579963
1831157101
1093008873
1219320710
1391331419
1156442170
1926018344
1406629069
1689384866
2046247178
2095376246
1120901961
2000614324
1799235613
2031792928
1549468511
1123131642
1748892800
1783833409
1364659913
1117973399
1633965205
1815853963
1306244223
1430566805
1803708393
1663738668
1401738772
1302684918
1151377022
1106546401
1106771791
1377722474
1974016080
1372036834
1498548533
1177630321
1645059536
