0.0725621
0.015676292
0.024060013
0.075844556
0.047002967
0.016412485
0.017995082
0.09284053
0.038927358
0.046654247
0.04334068
0.020522255
0.010483119
0.017225228
0.007843756
0.12335696
0.007361379
0.0030368653
0.008138059
0.020414395
0.0098067885
0.0046560965
0.0061422563
0.009944187
0.014412296
0.0237182
0.033068243
0.060687337
0.0015822651
0.0013126675
0.02907647
0.03790612
0.010444112
0.043078914
0.023813179
0.010364312
0.0033576025
0.008720529
0.0077943644
0.03813692
0.005022029
0.063584596
0.011305142
0.074922204
0.0042975363
0.06838817
0.011012197
0.023144457
0.09597832
0.03212829
0.04223464
0.1549589
0.039031014
0.034573216
0.0036752208
0.055252373
0.0080104545
0.031926487
0.047679648
0.0062751323
0.025588961
0.030542498
0.038123112
0.0342987
0.0044223424
0.0061390856
0.0447703
0.010617762
0.0575928
0.046289857
0.014398095
0.0042164233
0.030115156
0.0313477
0.010888665
0.0054672146
0.024330596
0.069446206
0.00500797
0.058275238
0.0031061308
0.075998396
0.00985521
0.079885915
0.01380957
0.0055093463
0.011608805
0.012374207
0.0041108043
0.13373001
0.023048703
0.0071682567
0.004336366
0.025851106
0.010608517
0.009025008
0.006261283
0.007754151
0.0357653
0.0041850125
0.038427077
0.09286499
0.01778657
0.10173418
0.024693094
0.10174119
0.04955541
0.028589286
0.02220638
0.022200065
0.02843998
0.05701457
0.042868964
0.049308732
0.0068938243
0.011089418
0.009402716
0.0031123227
0.06452776
0.00584197
0.010173321
0.03150259
0.042306766
0.0107756285
0.007989326
0.034978654
0.036532078
0.024206921
0.0052478937
0.03548278
0.02479369
0.061025016
0.009260053
0.002923381
0.009804539
0.014891084
0.007940648
0.004197198
0.02336508
0.022447364
0.013700954
0.0031357147
0.040746994
0.027142497
0.092218705
0.013074232
0.037300684
0.09060305
0.027061896
0.018175088
0.004768085
0.017622894
0.0066480543
0.008335185
0.0050737746
0.0037811934
0.0035095185
0.022482703
0.08109862
0.046626218
0.07624555
0.0093354145
0.042511787
0.005251761
0.07023374
0.0062577967
0.1262928
0.039184436
0.013110652
0.046129502
0.009976694
0.06782522
0.007448668
0.010029639
0.0034319123
0.0074636796
0.035755545
0.06214358
0.00504608
0.0123611465
0.039134838
0.0089122895
0.007466948
0.06289884
0.019436486
0.057922322
0.09782188
0.021896614
0.009895884
0.02885031
0.01045643
0.0030059079
0.011540801
0.0058787805
0.035249483
0.005276183
0.032551117
0.018942056
0.028826458
0.033701222
0.0104694115
0.0050717285
0.0056919563
0.02144762
0.009406875
0.029049903
0.069520496
0.053656958
0.006293415
0.002035684
0.029392436
0.08885153
0.0034241946
0.028731402
0.07570488
0.07095162
0.08034014
0.009131167
0.007933831
0.002040735
0.020867685
0.014312486
0.01909312
0.01009037
0.024017574
0.045318775
0.05151484
0.009896573
0.032438215
0.0070286924
0.035049822
0.020354327
0.0024238904
0.026185477
0.019101912
0.11605112
0.05337707
0.01742402
0.009043338
0.004463167
0.03339428
0.17282955
0.0046729464
0.11679038
0.0099046845
0.007814074
0.017521052
0.030047256
0.03697006
0.0063239816
0.05879657
0.0042824466
0.015045284
0.0027272382
0.016404992
0.0029120422
0.008358502
0.027256712
0.042697757
0.009738758
0.0052202195
0.012189015
0.0062437025
0.023958335
0.048448503
0.07935435
0.0058261687
0.006941017
0.012488368
0.020944938
0.016535887
0.010116538
0.01816948
0.009794618
0.022419551
0.014529327
0.015148176
0.0039328584
0.0032427574
0.10980752
0.024418315
0.0026819578
0.0059608943
0.015145483
0.014506031
0.052021563
0.014676426
0.018623745
0.06305352
0.02450737
0.059648864
0.0048120245
0.044425216
0.033830065
0.0032617764
0.019774279
0.007241859
0.015026413
0.043099947
0.0358446
0.033715006
0.09243705
0.12091849
0.028903961
0.0044197096
0.033450156
0.0022324577
0.060396753
0.014054592
0.011120784
0.0022252928
0.026101904
0.028379811
0.00657872
0.028018689
0.0054502073
0.102980085
0.0058576027
0.0068733115
0.0406179
0.06618383
0.08631679
0.042361256
0.0073260325
0.1017686
0.0036170052
0.0036239114
0.004817255
0.011970944
0.024160495
0.018428005
0.04214111
0.012497781
0.079704665
0.0067182295
0.0038769855
0.026645504
0.003930197
0.0048889476
0.007923203
0.04251728
0.061917946
0.0049003307
0.04572444
0.039645907
0.011301867
0.020652443
0.0034117363
0.008145796
0.009087152
0.04147634
0.0021546353
0.0071769557
0.0026207732
0.025180737
0.060999732
0.007808037
0.008353673
0.007454924
0.006704523
0.060568843
0.011547623
0.03348116
0.0065169297
0.013294259
0.005085156
0.016663695
0.006088673
0.027065793
0.0024337403
0.005330746
0.05376952
0.049596947
0.0052233236
0.03883374
0.017161585
0.06597349
0.004124183
0.04107065
0.014711621
0.040901158
0.02233627
0.035105795
0.006130014
