-7
2
18
3
6
3
3
47
-7
-1
-7
7
-4
-5
0
-22
-19
-60
8
-41
11
-8
1
1
-36
-5
-71
-33
-58
-88
23
-12
-7
1
0
1
6
22
4
5
-49
-1
-5
-12
7
50
5
3
-4
3
8
-9
-16
-20
1
-1
-4
1
14
-39
3
-2
-3
9
18
9
20
25
5
-22
14
-1
-20
37
0
5
22
-13
0
17
2
-25
1
-1
4
-32
11
4
-21
30
6
-1
8
-4
-6
46
10
8
6
-5
4
4
1
-33
-19
-20
1
-11
19
-7
42
42
10
3
-1
39
15
-84
15
-15
-1
7
-12
1
-22
3
0
7
-1
12
7
5
27
34
-23
0
8
-12
-12
35
3
4
1
7
-35
0
-30
3
1
23
1
1
-13
2
100
30
11
8
-39
-4
39
3
48
4
-28
-127
7
-17
-19
-11
-26
10
0
-34
11
-2
0
40
-3
-27
7
23
3
-9
-3
8
47
0
-3
21
-38
-9
3
6
28
-20
13
9
7
8
-3
7
5
-5
14
29
-52
-38
7
-24
55
-9
7
65
-4
1
-12
22
0
-88
-13
15
-3
-5
1
-117
-23
3
7
8
16
0
-57
-7
-17
-1
-5
8
-1
-38
21
1
-13
15
-3
-3
8
-1
4
-11
-2
-42
2
-61
-9
71
-37
16
25
-4
127
-6
-1
6
3
1
3
6
24
2
-7
20
-51
-13
2
16
1
9
121
6
0
-25
26
-2
-8
107
-15
6
3
-22
-10
-10
-9
16
-2
9
-3
-11
-59
12
10
15
-29
-8
33
15
-51
-43
0
-6
-54
-53
17
-2
26
27
-14
32
-1
-16
14
-26
-28
-12
86
2
-9
5
1
13
-5
-51
3
5
-71
-19
18
1
-16
-6
2
12
6
-19
13
30
3
-24
-6
-33
-1
19
13
7
3
9
1
3
-1
-9
68
-3
33
-42
-5
9
6
17
17
4
27
23
16
-27
0
4
-53
6
36
1
21
-23
52
41
-17
-26
100
8
-19
46
84
26
-1
-3
25
24
5
6
-19
-18
-28
-104
-17
-72
37
33
-23
-57
-25
-7
109
127
-127
-127
28
120
-19
15
16
-6
-8
-73
33
24
-56
1
11
3
-6
52
-25
-127
15
-3
-106
-10
3
-19
7
-6
1
-4
65
-70
-3
53
1
9
54
68
-7
59
2
48
67
-7
-13
-45
16
32
118
-57
-2
-7
-127
-24
5
4
-19
-38
-52
-2
5
-35
60
-25
-6
14
2
127
82
-3
63
-40
9
13
-6
0
-28
-11
13
5
30
20
60
-18
23
30
-5
55
36
-115
-12
45
18
14
12
13
-26
9
5
29
4
9
17
-94
78
45
40
34
8
127
80
71
47
29
16
31
-27
9
-7
21
-5
36
31
-13
21
28
-127
127
14
79
24
70
-35
46
-2
-3
-32
-103
28
-24
0
-104
-13
17
9
-107
-66
-120
49
10
-78
-111
51
126
-38
46
-9
30
-19
-6
68
24
-59
-72
26
-15
59
-37
25
25
66
-10
25
-9
23
36
127
14
-55
2
3
-114
3
61
14
-59
-31
-33
54
-57
-3
-96
14
-127
-1
-16
6
-8
-11
21
15
60
43
18
-106
8
-22
-127
-12
16
2
-22
33
1
-45
-10
23
-9
21
1
10
-18
3
-108
8
-122
-38
99
-57
18
44
9
-69
6
15
21
23
1
-5
-52
79
28
55
88
-60
-10
6
88
40
-11
-79
4
19
-111
-44
6
9
-11
-47
38
-8
93
-65
-23
13
40
-9
25
14
-13
66
3
21
-20
7
13
120
-18
-127
-51
10
-18
-121
94
-3
-3
77
26
-4
60
-48
60
-6
-31
33
34
-37
20
-38
16
-15
43
-1
10
-1
-7
-127
-52
-8
20
127
8
-76
15
58
-109
38
31
-12
-37
6
-39
7
60
36
-127
1
58
5
0
-4
-45
27
-8
127
-112
10
38
20
42
19
-2
117
-38
50
-54
-8
5
-72
-4
-5
11
-17
-36
33
18
-10
6
14
7
-4
-6
5
-1
-4
2
-6
8
13
7
2
-29
-24
-42
11
-47
43
127
1
2
-15
2
19
-15
-55
-58
17
-33
-5
5
0
-2
1
33
10
3
-58
-5
-9
-11
14
-8
2
-3
-18
2
-26
-4
17
-15
5
-1
-6
4
18
90
-1
-25
-7
-21
13
-78
-17
16
4
-20
14
11
10
-8
6
1
15
37
-2
-8
-1
19
2
18
4
-31
37
5
-1
19
4
12
-2
-10
-4
46
30
-23
-3
-8
5
-17
-3
-24
-20
-10
0
-5
19
5
-52
-58
12
-1
1
48
30
-90
3
20
-8
0
-14
-1
-20
8
-1
3
5
17
-4
-71
43
21
9
5
-3
-59
1
21
-3
4
11
4
-28
-11
-22
-4
4
-3
-5
11
-4
6
12
30
12
7
-22
13
-29
10
-39
4
-19
-25
11
-10
-75
-60
19
17
2
-47
-30
-21
0
-56
-10
-20
7
10
26
-2
2
-11
-6
-2
2
18
-33
-3
4
8
-67
-25
13
17
49
-8
1
1
4
-27
-11
84
53
-16
9
-33
-15
-8
-3
-30
-11
-46
-8
7
0
-80
48
-10
8
-7
1
13
-21
-3
9
14
19
1
-32
5
-15
-21
-3
7
0
21
-2
-10
-12
-5
-6
2
10
-4
5
-4
-2
-36
3
-61
0
36
-36
15
-57
0
-4
14
-2
2
4
1
-5
-3
40
3
-7
45
57
10
3
-6
7
1
-25
3
4
-31
19
-6
-4
-65
-14
11
-4
-6
-19
0
-34
-14
1
4
-2
20
18
-2
11
-18
-39
-3
30
-6
-24
-41
-1
-3
-42
9
11
11
21
2
32
15
19
10
-21
-28
2
-16
-98
-8
-3
3
-1
19
-2
16
3
5
-55
-22
-13
-3
-18
-2
54
-26
12
-8
7
35
-1
6
-8
-33
-2
23
17
-3
3
-7
-1
0
-2
-7
-3
-7
14
-28
-11
21
5
-2
15
8
-22
-25
-45
-26
0
3
10
13
13
-5
19
28
21
-69
-33
-15
-4
5
6
37
-22
63
-2
-4
10
31
-1
-11
-16
-38
-34
-113
-13
-63
127
-25
-32
-58
-29
-10
49
19
-125
-112
27
3
-16
18
23
-3
-7
127
36
17
-66
-2
5
1
-6
81
-26
4
4
4
100
-13
-24
-6
12
-4
-7
-2
54
-127
2
-100
12
31
40
-15
127
52
1
42
62
4
-13
-51
25
32
-7
69
-4
100
-99
16
6
14
126
-27
87
-6
-127
-6
111
21
-7
9
13
11
76
6
-118
-37
11
9
63
-23
-23
-85
3
-9
34
18
108
-28
24
35
1
74
43
-127
69
-21
60
5
28
5
-47
2
2
28
1
8
23
33
127
62
-70
38
6
-13
70
22
45
34
25
26
-54
111
-14
32
-7
18
9
-10
127
29
95
-3
13
-31
11
-127
-4
39
77
-8
-50
4
12
0
84
62
127
22
6
41
-61
127
72
-6
89
-97
55
-25
-9
61
77
-20
-39
-9
42
33
-67
-39
18
3
49
-33
20
26
-56
127
20
-1
21
77
-29
-93
-30
2
7
-127
-2
-7
-115
127
-69
-78
54
103
1
-127
-5
-28
-2
2
5
34
22
25
20
51
47
16
-81
-25
0
9
-12
18
3
127
47
20
-31
-127
18
-50
26
8
11
-27
-1
-53
13
-127
-46
56
-69
90
54
11
57
-15
21
-3
34
3
-19
-36
69
-4
-55
107
76
-7
5
48
30
-17
-65
18
25
-127
6
-51
5
-35
-7
48
-23
37
35
-13
10
127
10
25
17
-26
127
8
21
1
15
6
94
127
-81
-49
8
-17
-120
-65
-14
9
-12
-107
38
44
-51
-1
9
-26
-127
-127
-75
12
-47
52
1
50
1
-33
0
-6
-65
-58
103
13
27
3
-127
53
12
13
26
38
-5
-29
1
-38
3
60
43
-116
-5
11
7
-1
-8
-41
-96
-3
-25
-127
0
26
29
30
27
10
-71
119
53
-69
-15
-2
-14
7
127
2
48
123
67
6
127
-127
-127
-127
-127
127
-127
-127
-127
-127
127
127
127
-127
-103
127
-127
29
-127
-127
-84
-20
-127
127
-127
-127
127
-107
-58
-110
127
127
127
127
127
127
127
-115
127
127
-127
-127
-127
127
127
56
-127
108
127
-127
-27
127
-127
-88
127
-127
-127
127
-127
111
127
127
127
127
127
127
-81
127
-127
127
127
127
-68
-127
127
127
-127
-127
127
-127
-71
127
-127
-127
-127
127
-127
-127
53
-127
85
127
127
127
127
75
127
127
112
-127
127
100
-127
127
-127
127
127
-127
-127
127
122
127
127
127
127
127
127
-117
-127
127
127
127
127
127
-127
127
127
-127
127
-127
127
127
-30
127
93
127
127
-46
127
-127
127
127
127
-127
127
-127
127
99
-127
127
127
-127
-82
127
101
72
127
-127
127
61
127
127
52
127
127
72
71
-121
48
9
-19
-127
127
127
-127
-68
127
127
121
-127
111
-127
-122
127
-127
127
-127
-127
127
127
-127
-68
127
-127
127
127
127
127
-127
-104
127
127
127
127
-97
52
-49
127
127
-39
-127
-127
125
100
-127
-127
127
-127
127
-113
-127
87
-127
-127
-127
127
127
127
127
127
127
127
-127
-127
-127
75
-127
127
127
-4
127
127
127
99
127
-104
127
127
127
127
127
127
127
-72
-127
105
-127
127
127
127
-29
-125
127
127
-127
-127
-127
-127
-127
-127
127
127
127
-127
-127
127
127
127
-70
86
127
17
11
127
-127
-127
-127
127
-127
127
127
-127
127
-30
127
127
-127
-73
91
127
127
127
127
127
73
-87
-54
127
127
-127
-92
127
127
127
-127
-51
-127
127
-127
127
115
127
101
45
127
127
127
127
-127
-127
-127
127
-127
-127
37
-127
-127
127
118
127
114
127
127
127
127
127
127
-127
127
127
127
127
127
75
-127
127
127
-127
127
-127
127
-127
-111
101
-127
127
127
127
-127
127
-47
-127
127
-127
-127
-127
127
127
-70
127
127
-127
113
127
-18
-10
-13
7
8
55
-33
-37
-15
-4
23
9
4
-24
-44
15
-29
-112
-10
-51
-53
2
-29
-56
-55
-8
46
-10
-95
-67
22
-66
-10
13
19
-2
-3
97
43
25
-74
1
7
-1
-7
-32
-31
-27
-1
2
-127
-47
67
-22
13
1
-8
-9
-17
112
9
51
0
-13
24
-117
-34
53
-3
-15
59
-6
127
59
18
24
1
-72
-7
-19
-120
6
2
20
-15
-31
105
-7
-16
78
-127
19
-1
2
10
-13
85
-1
77
-58
9
-127
50
-5
-23
-38
8
-18
32
18
127
33
26
30
4
77
48
-103
-18
44
59
7
4
-2
-54
7
0
16
-4
-6
19
-6
117
43
-26
45
9
13
61
-23
45
26
24
29
37
-28
5
-127
-5
27
0
121
-46
34
65
9
10
-31
29
100
19
46
127
-9
-33
56
13
-2
-127
-92
-24
16
12
20
-51
87
63
67
127
-78
-58
-27
127
-99
77
-69
32
-7
14
26
-65
127
13
-4
-85
-56
21
35
-39
-6
29
4
28
11
-16
127
33
-4
-4
-97
9
74
-127
112
83
68
-73
100
0
-122
-11
9
124
-4
6
51
-6
11
19
42
44
15
-33
108
11
30
-10
7
3
-38
40
-92
-49
25
19
-16
22
7
6
-30
5
-38
6
-107
-45
101
-62
82
-65
4
6
127
12
-7
33
1
-19
-38
63
-9
-6
115
119
104
5
37
42
2
127
20
20
-103
-20
-11
1
-40
-2
65
-18
-3
34
0
22
-111
-2
16
12
127
91
3
29
6
-21
16
99
-22
-76
47
9
-8
-122
-12
-13
7
13
-127
-41
57
-71
42
-127
14
38
29
63
28
-50
48
6
49
-1
-26
-4
-5
-69
-61
-1
8
42
20
-1
-78
25
0
31
44
-2
-43
5
-37
3
70
70
40
-20
3
-5
-2
-8
-39
70
-1
-27
-121
-3
15
23
26
23
9
-72
-31
-52
-53
-21
2
20
20
-17
-5
52
35
-58
7
-8
4
5
9
-1
1
1
1
-11
4
-3
17
9
20
-8
-35
-12
-32
5
-61
-14
-17
-5
-4
-25
2
38
17
-57
-58
22
81
-4
5
2
0
3
60
7
-2
-49
0
-2
-13
18
-11
-1
-3
9
3
57
-2
-5
9
8
-5
-5
2
11
-21
4
-48
-6
-17
-4
16
6
17
2
-27
9
4
-58
-14
0
1
-11
43
-5
20
-5
4
1
20
14
-30
34
-1
-6
-4
19
10
-2
-3
-2
-29
32
-18
-44
-12
3
4
5
-38
-19
-42
1
-8
14
5
-17
-53
14
0
8
40
53
-65
14
6
12
0
-2
-7
-15
8
3
13
10
17
-4
15
24
31
-92
4
1
2
46
11
1
3
8
4
-35
7
-40
-8
6
7
-12
2
10
8
-66
38
9
24
-14
-32
-29
13
-47
6
-29
-7
-18
4
73
27
13
17
6
27
2
-20
3
-32
4
-18
-5
-23
-9
3
7
12
2
0
-3
20
-38
1
4
4
-60
-34
14
8
32
9
1
6
10
29
-6
-118
40
-22
12
4
-11
-23
-8
-27
-4
40
-12
1
-1
-45
82
16
6
-8
0
18
-21
0
9
15
22
-4
-32
-12
12
5
0
8
3
17
-44
-27
-24
17
-5
8
11
-1
2
-16
-3
-39
1
-66
-4
39
-27
17
-51
6
-83
17
1
3
7
3
-1
7
43
6
-22
31
58
-11
1
-21
5
8
13
-21
13
-25
-40
10
-4
-71
22
24
-3
-41
11
-2
4
-11
5
8
-4
-13
62
3
16
-26
-32
-8
13
-3
-18
-45
0
-9
-45
-75
12
8
-17
19
38
27
-2
-84
-3
-23
-19
16
-87
-2
-7
-4
2
20
-1
28
6
3
-14
-18
11
-7
-17
-2
-47
16
7
10
1
23
0
16
-3
-31
-4
15
15
-18
3
4
0
0
-6
-12
-16
-3
-2
-23
-12
19
2
9
14
15
58
25
-49
-37
-6
6
17
12
31
-1
-43
33
-22
-48
-29
-28
-18
12
-1
34
87
-53
1
-5
17
33
1
95
127
26
-26
-127
-13
-52
-28
-7
-14
-60
-18
-11
106
-46
-113
-101
26
-93
-13
11
9
0
-5
-106
53
25
-61
-1
13
-3
-5
-77
-30
4
-10
2
121
-57
-2
127
13
-2
-6
-8
-17
-32
-6
-35
12
-6
39
127
23
50
4
46
58
-7
38
60
23
30
-5
105
-7
3
-109
-47
7
1
-22
-42
-59
-9
-5
3
-64
33
-5
-3
-10
-49
94
-11
-127
-60
6
14
-7
8
-34
35
10
-6
32
14
86
41
29
29
1
49
81
-90
-6
35
6
12
8
2
-38
6
3
20
-4
51
19
33
115
48
127
45
7
-34
72
-5
45
23
32
27
32
8
27
20
-7
18
15
-24
-17
13
-42
97
6
95
23
-114
38
47
-40
0
-20
81
-127
127
46
127
-2
18
11
86
-44
-79
31
50
-82
-73
-127
18
-26
-82
-19
22
45
-1
45
23
-49
-57
13
-14
-66
-66
24
30
22
-7
30
-18
26
7
2
-31
3
6
-5
-85
4
-23
38
-68
98
52
-52
-54
-3
-58
4
12
-18
-12
8
-31
29
12
19
47
47
16
-75
-9
78
4
-14
19
6
24
49
-69
-37
-10
27
127
29
7
9
-22
-2
-65
9
-116
-55
127
-60
25
-52
4
93
-37
5
21
26
0
16
-39
72
28
-82
114
-64
-12
6
102
47
-10
17
-127
15
-94
127
5
1
1
125
64
0
-79
28
-16
32
-14
-10
23
10
-21
58
-1
32
-52
-12
14
127
-13
-79
47
7
-12
-127
82
-8
-6
-6
32
73
54
-56
-123
32
32
33
11
80
7
-68
5
-11
40
1
11
-4
-2
-1
-45
0
7
126
15
26
7
43
24
24
51
-8
-30
5
-38
0
62
71
39
-11
30
0
3
-11
-31
-74
-7
-1
-104
3
20
25
21
23
0
41
25
-48
-60
-10
7
17
6
-16
3
-80
-43
-21
-8
-13
5
7
5
8
13
5
32
-1
0
1
15
-3
13
0
21
-17
-16
9
-53
8
-7
-6
-11
-24
6
-22
26
-60
-59
13
-31
1
4
4
0
9
24
9
5
-38
-2
-4
-9
4
-127
3
20
-9
1
18
-4
7
25
4
-4
-1
4
-21
39
1
13
-9
-19
-4
-124
-16
25
4
0
24
-4
-4
70
-2
0
-13
-12
1
-11
-9
-30
3
6
6
-27
-2
1
11
36
-62
3
4
3
-3
-40
4
9
1
-9
4
-8
-2
41
-17
4
-3
-4
20
-4
28
44
12
-8
5
26
38
-67
-3
16
2
1
-9
-14
-19
5
1
8
7
21
6
2
41
28
1
7
7
36
20
18
-15
9
9
5
13
-8
-31
-12
-2
-7
-2
23
9
10
-18
30
11
19
-10
-4
-27
6
18
10
-20
110
-14
9
12
8
6
14
5
29
14
13
-6
-39
22
-18
-12
10
24
-65
5
3
64
5
-7
18
-34
-11
8
-1
1
-37
10
13
-13
-1
2
2
13
17
-8
-16
127
-25
15
-19
66
-1
3
40
53
5
-90
23
-1
-35
-8
2
6
-3
0
-21
-11
-8
10
16
19
5
-27
16
15
7
-2
2
3
15
31
29
-23
-5
-1
-18
15
-2
1
-18
-6
-14
0
-48
-3
37
-29
16
-31
-3
-25
12
4
4
5
0
2
12
38
1
25
24
-31
14
0
19
5
6
23
-21
19
-37
-2
-5
-6
91
12
22
4
-53
24
3
-20
-9
5
-1
-6
11
-94
6
16
12
30
-3
20
-22
-30
30
6
-5
-40
-7
4
3
-17
16
0
23
18
11
-25
19
-8
8
15
8
-6
12
-4
17
-6
-46
5
4
-17
-36
-16
-6
-18
24
6
-19
3
6
7
34
5
-8
-4
-29
-1
17
34
-21
0
-20
2
3
-4
-7
-36
0
-16
-19
-8
20
15
10
15
5
127
-31
-42
-37
-4
8
-22
12
-6
-2
-51
-26
-127
40
