11438
25282
19801
22544
24813
20024
43566
16600
29912
18865
18171
15621
24979
17523
19778
16705
19954
12907
30035
27226
23901
27055
37684
18693
26429
22760
14426
17810
29629
26348
18623
31992
7066
20832
29835
22319
2872
18476
20848
9281
15965
30199
21167
36254
27482
30646
14303
27219
21228
22815
26007
20011
23704
23979
18704
20829
24114
36127
18677
16016
26610
18327
23218
18918
29670
22654
19048
15780
20326
19479
22809
16938
25886
17530
19910
21476
16392
19415
24179
27987
12678
16843
30036
23787
15868
23877
29800
14418
17890
26847
14352
20627
11411
13351
26781
22856
25881
21716
17968
13608
5051
42804
17568
16488
12293
33460
34645
20403
36025
15497
30568
14866
25425
22346
23777
18593
22400
23991
25176
23984
26116
19398
14303
18871
43184
12886
15701
18460
16906
18108
24350
25238
24992
13458
20213
29157
18682
17159
20901
28153
20034
22915
16338
20062
27049
27806
25938
10873
19696
20445
24260
32491
30224
8646
12748
27685
20526
29662
14015
18634
17578
15585
13995
20307
13835
23689
16320
22006
17699
20580
19076
19596
16554
25240
20866
22315
19960
26217
22563
22744
17109
17458
21795
28136
18926
17671
18120
15345
12830
22808
23188
16114
26578
26449
22679
14189
23645
16892
26414
26226
18002
23227
16949
-1574
26514
34360
27762
23899
18683
17933
14239
27235
13794
19103
28816
21635
18378
10518
16796
26367
13700
21979
20556
34409
26163
19189
16129
28878
20790
19679
27968
17854
17789
26352
30550
31096
28855
15303
15996
18605
29718
25223
21746
28248
12733
42347
13004
19115
19925
23491
28684
50461
28756
25870
33858
14990
21301
27370
29636
16301
25148
14653
7839
28643
30079
16044
34919
31997
18883
12052
19918
16108
14221
28701
21736
24018
17356
25129
10628
19516
18817
21227
29681
25329
21771
25266
25803
4608
18474
43095
21296
22116
31137
12030
21496
24770
15186
15166
26505
18737
24820
16132
28625
22728
16299
14934
20522
27065
22425
25205
23235
20537
15494
17416
23086
14033
11518
22451
27102
26722
20323
12944
18027
14739
18738
27417
15802
27902
21630
18995
20950
15872
25317
36054
27240
15007
16446
17189
16476
25015
30356
24468
17172
41093
28530
16236
15984
26628
20320
19420
30953
35508
22743
25257
20851
26700
17430
18389
13999
17230
4883
14727
25179
17380
20207
26714
22721
20539
21482
16303
16700
19442
32132
21599
16226
29526
22404
21032
26143
15504
19041
16872
15917
14928
11291
23180
25436
27941
21608
5188
24103
27173
12080
36364
29925
18521
18059
17666
21077
11111
14855
28011
26209
13269
18086
20595
18066
25075
22057
12608
23774
27276
24796
17887
20149
15490
24018
27499
21600
10273
24596
30991
21214
18934
26723
15798
17961
15347
19267
19782
22642
29137
19029
10069
15297
21864
21865
14124
23793
28813
13390
27965
39521
16516
4071
15701
16669
16931
11001
25792
19871
27538
22993
28025
10046
21380
10605
19927
26561
17182
14489
15610
25512
28494
25259
14721
19475
21739
21045
20124
22206
19826
23774
20584
19334
13512
25219
21779
21864
12821
10025
24954
11003
19310
13413
7224
14542
27712
20695
25645
19940
18139
22185
39046
18683
11218
14851
23048
38220
7772
15756
22904
18169
30206
10890
24243
27215
27748
12759
18417
17542
22395
19546
19993
21375
12214
22178
28693
15712
24993
14745
22142
12393
21551
27320
21309
27411
34704
14119
17494
22090
25339
19150
16746
22342
26850
35135
5629
18095
24897
16148
15722
10646
8476
15629
19419
19962
21963
20367
23364
23923
16922
17872
15800
25810
27590
26253
19780
27593
25865
33415
19894
9801
26976
24869
18526
23693
23928
25897
10762
21702
29867
19877
20665
21766
21669
14913
26006
20823
26250
19399
23166
24195
27705
22323
15905
20525
24392
28844
21981
19765
28693
17292
16107
7807
12493
17185
21599
19534
24881
17819
30416
24312
6962
26149
18397
27689
36492
21306
15335
24783
15859
19275
15327
11727
19065
17223
14946
29572
18976
23904
14025
17826
17695
25221
20936
28782
18947
15273
24345
9765
12315
13838
20164
22324
28113
24083
22543
11583
19498
22794
16256
19909
45137
9711
24505
23222
17921
22598
18345
3364
16708
17470
41961
30022
17237
30641
20641
7679
27661
16950
18995
18951
23802
18009
26651
19213
17507
23767
14658
35350
21489
20303
28003
20633
12677
15037
21363
28421
14690
17285
19747
5355
30670
30734
18118
19670
20382
15832
23234
12683
34047
23621
18207
13121
21736
15001
17916
8771
25568
26628
20121
30755
23104
12854
21034
23827
37996
12977
14230
50045
18529
27196
23077
31820
13606
21409
23621
19755
16577
14202
25245
19299
29524
22713
18883
18605
31325
23956
27045
29872
14355
16539
17129
20461
29159
17572
23104
12743
27567
18885
18722
21155
22282
33028
28076
16039
16840
17730
23069
29812
24226
17339
15960
22477
22329
22928
19202
18240
21905
29755
15691
16580
14699
22447
21414
14130
24182
21333
25910
23878
19439
28878
4698
11779
33694
19837
22263
17731
29483
19866
35101
22313
12866
17087
23184
18278
29482
23502
20990
17017
13676
23603
30516
32365
17535
37567
19559
14141
20959
20237
18703
16432
24058
22706
22816
26141
19101
19265
31351
11561
27911
21559
18145
18433
24576
25250
25671
19543
20087
20250
22612
17183
7840
17852
2806
15516
14012
14465
12665
23740
22436
11108
19680
19455
27534
32942
23121
23346
20497
19140
36900
13250
7135
19345
22658
21619
15488
21405
17462
14124
9333
23576
16135
12767
21138
21560
22737
20632
22987
23978
21719
23919
18682
19105
24142
19196
23343
18635
22652
11739
17380
23360
15325
12478
36050
25478
25737
26913
29555
22737
22554
21787
20583
11981
12153
25011
27177
11700
19316
21893
29966
26526
19779
20737
24741
27693
17055
18051
15657
20907
24536
18227
19809
20583
35529
16690
22470
21305
26994
21547
23653
14007
23551
19176
6412
12687
23775
23389
21283
31038
18964
16595
19550
20614
21940
9878
13440
20385
20861
22670
17545
19929
12952
27886
17417
16444
22375
25420
11802
14730
15961
43657
14103
24709
13717
23807
29774
17561
24591
11016
19869
22430
14671
16454
23714
19065
13887
35572
22562
15043
22552
12932
19848
33238
25263
25884
28013
23045
30213
15027
14494
24441
9552
23503
21694
14598
16910
16149
13948
20987
24776
32651
22057
13331
15159
6825
20557
23548
22325
31515
25790
21564
43779
26292
22601
26373
16076
26559
32085
26246
21912
12408
26736
17151
16510
17186
17594
20612
27662
26870
37953
19653
25782
14030
11047
24691
26255
18356
29822
35548
24473
20895
18495
12628
21695
22595
11861
16067
12940
31300
19802
13226
12630
26608
26342
20451
29781
16128
14068
15737
22945
25674
21105
24831
-5198
28652
13351
12572
23706
13657
22663
8186
20420
21100
25059
30996
21062
51641
23637
30007
29724
23013
20711
23615
17848
13686
16963
31259
21710
19002
15414
19357
18421
11182
17498
20557
18074
26854
14185
16291
22994
28292
14809
13718
15299
27260
18204
17843
33391
25552
13873
12076
15205
14647
20297
20190
17791
26011
11907
35326
14600
17176
18582
17704
22639
14366
23876
36364
17408
21087
19539
18892
19304
12888
25669
20774
25611
21848
24055
16072
35716
10341
25242
23870
21154
32616
32105
28026
19263
15019
23990
23665
29482
14265
35179
19268
25291
20219
22157
22326
5180
27522
20357
10559
18067
17140
28315
24130
12853
8168
17949
