0.00018936
0.00021622
0.00018051
0.00018228
0.00025172
0.00023404
0.00022194
0.00017399
0.00021290
0.00016377
0.00011644
0.00013957
0.00020926
0.00022196
0.00016570
0.00021774
0.00035243
0.00011050
0.00013821
0.00013423
0.00012971
0.00012661
0.00016839
0.00021634
0.00020613
0.00030358
0.00021849
0.00018673
0.00025651
0.00021935
0.00013166
0.00028998
0.00020479
0.00012278
0.00013040
0.00018513
0.00021880
0.00020950
0.00017033
0.00026795
0.00015510
0.00019896
0.00013983
0.00022531
0.00017442
0.00020444
0.00016885
0.00014947
