0.00335456
0.00383037
0.00319783
0.00322910
0.00445930
0.00414607
0.00393165
0.00308220
0.00377160
0.00290114
0.00206282
0.00247257
0.00370710
0.00393214
0.00293537
0.00385735
0.00624338
0.00195750
0.00244849
0.00237795
0.00229790
0.00224286
0.00298310
0.00383256
0.00365167
0.00537799
0.00387052
0.00330792
0.00454407
0.00388579
0.00233240
0.00513706
0.00362793
0.00217511
0.00231004
0.00327968
0.00387608
0.00371124
0.00301740
0.00474683
0.00274769
0.00352457
0.00247711
0.00399140
0.00308994
0.00362165
0.00299121
0.00264783
