0.00011981
0.00018163
0.00024462
0.00015153
0.00038025
0.00040297
0.00036058
0.00015002
0.00015476
0.00029928
0.00005581
0.00023341
0.00042268
0.00025126
0.00022993
0.00015021
0.00028946
0.00019486
0.00028138
0.00033909
0.00019712
0.00021623
0.00027826
0.00005867
0.00009619
0.00014660
0.00012662
0.00018489
0.00014390
0.00017889
0.00024822
0.00005705
0.00019448
0.00047579
0.00023167
0.00019829
0.00005268
0.00023183
0.00024067
0.00012857
0.00015599
0.00026450
0.00022986
0.00035924
0.00054467
0.00011361
0.00013868
0.00009897
0.00046593
0.00016741
0.00024862
0.00019235
0.00013162
0.00019469
0.00054216
0.00019533
0.00014697
0.00016511
0.00016096
0.00017878
0.00013466
0.00006133
0.00036751
0.00020257
0.00030319
0.00009614
0.00032899
0.00015737
0.00031645
0.00024025
0.00011355
0.00006065
0.00020838
0.00024608
0.00007731
0.00022802
0.00010371
0.00014988
0.00019904
0.00021035
0.00024682
0.00004664
0.00016386
0.00029049
0.00015523
0.00017448
0.00028910
0.00042813
0.00018705
0.00004759
0.00012873
0.00020090
0.00008236
0.00022323
0.00009379
0.00009078
0.00011366
0.00013135
0.00005556
0.00010848
0.00004100
0.00019277
0.00012265
0.00063926
0.00022374
0.00029526
0.00020468
0.00020234
0.00016711
0.00026045
0.00010221
0.00023452
0.00024262
0.00021049
0.00015656
0.00029717
0.00018556
0.00025637
0.00010736
0.00018605
0.00021266
0.00020741
0.00028023
0.00018239
0.00013209
0.00014909
0.00022281
0.00021882
0.00009863
0.00059036
0.00028726
0.00028455
0.00010136
0.00019393
0.00016402
0.00023490
0.00005658
0.00011050
0.00026863
0.00038294
0.00023702
0.00022049
0.00014408
0.00025640
0.00022909
0.00019420
0.00035960
0.00006275
0.00034900
0.00027862
0.00024181
0.00003863
0.00030087
0.00011731
0.00037216
0.00021604
0.00016201
0.00007205
0.00013461
0.00013306
0.00009747
0.00027027
0.00040721
0.00006682
0.00021566
0.00013523
0.00023387
0.00028471
0.00024764
0.00026156
0.00011434
0.00025358
0.00036049
0.00009217
0.00009109
0.00048891
0.00020702
0.00028599
0.00041509
0.00022818
0.00022650
0.00027029
0.00018238
0.00020088
0.00017202
0.00021565
0.00025728
0.00013949
0.00025878
0.00009418
0.00033153
0.00026906
0.00028298
0.00007161
0.00008364
0.00006463
0.00028834
0.00042013
0.00025024
0.00029535
0.00060376
0.00021803
0.00018761
0.00007920
0.00015410
0.00002894
0.00007551
0.00028149
0.00020098
0.00028001
0.00020962
0.00003703
0.00030331
0.00026938
0.00015703
0.00018874
0.00027048
0.00024101
0.00005113
0.00022578
0.00038795
0.00027504
0.00027881
0.00051726
0.00037769
0.00003367
0.00011741
0.00014721
0.00035927
0.00007703
0.00006881
0.00017022
0.00014052
0.00009013
0.00026561
0.00005072
0.00023592
0.00019366
0.00036924
0.00012815
0.00028480
0.00017401
0.00023010
0.00022627
0.00023431
0.00003698
0.00006600
0.00023844
0.00005237
0.00005289
0.00013281
0.00025948
0.00012677
0.00015196
0.00023892
0.00048631
0.00020116
0.00014413
0.00032556
0.00016121
0.00024162
0.00005353
0.00008029
0.00020870
0.00028246
0.00021705
0.00014422
0.00021865
0.00029027
0.00019669
0.00029231
0.00013216
0.00015268
0.00060612
0.00023238
0.00040198
0.00014256
0.00029114
0.00024295
0.00024452
0.00013981
0.00030635
0.00028641
0.00017974
0.00014754
0.00019836
0.00012172
0.00004703
0.00007602
0.00003881
0.00050212
0.00027587
0.00012348
0.00006939
0.00023692
0.00011034
0.00025120
0.00022341
0.00014504
0.00006191
0.00011485
0.00007363
0.00068126
0.00009960
0.00045524
0.00016088
0.00005786
0.00005533
0.00016069
0.00016919
0.00031120
0.00017169
0.00014623
0.00006147
0.00027489
0.00020642
0.00028289
0.00027240
0.00004457
0.00028314
0.00008103
0.00032208
0.00009443
0.00009526
0.00020154
0.00033964
0.00009950
0.00018128
0.00023260
0.00019725
0.00024741
0.00024530
0.00023514
0.00026399
0.00011696
0.00029531
0.00008272
0.00011899
0.00006613
0.00021015
0.00003554
0.00027283
0.00024795
0.00027858
0.00009531
0.00019164
0.00032256
0.00018132
0.00018991
0.00022205
0.00011981
0.00045128
0.00018162
0.00026534
0.00029746
0.00021116
0.00044341
0.00010436
0.00029299
0.00013623
0.00036574
0.00035629
0.00010374
0.00027040
0.00012329
0.00043250
0.00022115
0.00022422
0.00017200
0.00026289
0.00006043
0.00022736
0.00032900
0.00036757
0.00033301
0.00005803
0.00024434
0.00057183
0.00011145
0.00033335
0.00016144
0.00020218
0.00016141
0.00016658
0.00033083
0.00038634
0.00024674
0.00016307
0.00005403
0.00027025
0.00021812
0.00013480
0.00029676
0.00023753
0.00023302
0.00035814
0.00022931
0.00021123
0.00031824
0.00011789
0.00006134
0.00013980
0.00009848
0.00030276
0.00011163
0.00022095
0.00013394
0.00016285
0.00012818
0.00021372
0.00005484
0.00007622
0.00023830
0.00035856
0.00009465
0.00015634
0.00012686
0.00008521
0.00016395
0.00014342
0.00005740
0.00016533
0.00025310
0.00004440
0.00005428
0.00004119
0.00005297
0.00005119
0.00007887
0.00003936
0.00020493
0.00029894
0.00013053
0.00029154
0.00005237
0.00026384
0.00006791
0.00039270
0.00028473
0.00011027
0.00033175
0.00017284
0.00011839
0.00005404
0.00023684
0.00007770
0.00023842
0.00011976
0.00017606
0.00011996
0.00046773
0.00009201
0.00009780
0.00036990
0.00020521
0.00004639
0.00020148
0.00029356
0.00024343
0.00009666
0.00007524
0.00023091
0.00012794
0.00020875
0.00031337
0.00017982
0.00033501
0.00005046
0.00016439
0.00017263
0.00012889
0.00007293
0.00023336
0.00004290
0.00014140
0.00026904
0.00020982
0.00013827
0.00026701
0.00027001
0.00043551
0.00017949
0.00009135
0.00019221
0.00008043
0.00013314
0.00033373
0.00028894
0.00010420
0.00006562
0.00011605
0.00022953
0.00007449
0.00017538
0.00016580
0.00023645
0.00027380
0.00031928
0.00006282
0.00004555
0.00015294
0.00020092
0.00021808
0.00019910
0.00015188
0.00020240
0.00035977
0.00022445
0.00018023
0.00020557
0.00017454
0.00016643
0.00014414
0.00029187
0.00017799
0.00037423
0.00016153
0.00025565
0.00030188
0.00026524
0.00013296
0.00008951
0.00020974
0.00015611
0.00019011
0.00036641
0.00029099
0.00032819
0.00022193
0.00037690
0.00022389
0.00005856
0.00012869
0.00059561
0.00012706
0.00013140
0.00010374
0.00025435
0.00016341
0.00021331
0.00016544
0.00027489
0.00014266
0.00024453
0.00017562
0.00005530
0.00012476
0.00020460
0.00010986
0.00015297
0.00040837
0.00025643
0.00017174
0.00004910
0.00012095
0.00035559
0.00020177
0.00016823
0.00019818
0.00026371
0.00026803
0.00008436
0.00008314
0.00022825
0.00003758
0.00031554
0.00049185
0.00021923
0.00017271
0.00014466
0.00025221
0.00005079
0.00012896
0.00027838
0.00017399
0.00020546
0.00008616
0.00006896
0.00005810
0.00034711
0.00029524
0.00009497
0.00005171
0.00010080
0.00003517
0.00022343
0.00038973
0.00010468
0.00018680
0.00028878
0.00019080
0.00010860
0.00031705
0.00015680
0.00017985
0.00024603
0.00018971
0.00041793
0.00017268
0.00004907
0.00016741
0.00008904
0.00019539
0.00019392
0.00020337
0.00028923
0.00037622
0.00010409
0.00006661
0.00025500
0.00012123
0.00005920
0.00019720
0.00020274
0.00015973
0.00026528
0.00018823
0.00032507
0.00030145
0.00013801
0.00026575
0.00022832
0.00020837
0.00022874
0.00019925
0.00039998
0.00014508
0.00007395
0.00020093
0.00020095
0.00037220
0.00034765
0.00037936
0.00025228
0.00028853
0.00032785
0.00022767
0.00005982
0.00019182
0.00026833
0.00025097
0.00062381
0.00022768
0.00019062
0.00006633
0.00024553
0.00027425
0.00020582
0.00006943
0.00024029
0.00006285
0.00029438
0.00015902
0.00023322
0.00015152
0.00024900
0.00019835
0.00006562
0.00022942
0.00006568
0.00032571
0.00005148
0.00047160
0.00006355
0.00022007
0.00020649
0.00005014
0.00024714
0.00024557
0.00027864
0.00032420
0.00024569
