2084354735
1579909035
2127895761
1318147263
1653871488
1752669513
1568307644
1304970374
1346219767
1301704797
1941929748
2030444070
1838376585
1092822455
2000137225
1306631808
1258965843
1695063590
1223846568
1474866311
1714714343
1880915021
1210268643
2041615781
1673464950
1275236437
1101416079
1608267993
1251747199
1556076053
1079616920
1985012447
1691740723
2069401830
2015319293
1724912109
1833077184
2016579691
2093578557
1118374162
1356990442
1150428378
1999564316
1562463980
1184502095
1976647987
1206315576
1721818405
2026519649
1456218148
1081364291
1673178496
1144957105
1693574029
1179045144
1699131239
1278502014
1436280941
1400187723
1555159400
1171425465
2133968588
1598442617
1762093854
1318691526
1672662878
1430924249
1368964224
1376354740
2089911945
1975502171
2110364769
1812681651
2140614323
1345073950
1983522886
1804431772
1303709976
1731385972
1829811607
2147030896
1622705280
1425395685
1263434527
1350344706
1517748492
1257390345
1862123631
1627116674
1655933958
1119749142
1747599275
1432958073
1941815166
1631757230
1579278836
1977450059
1142550890
1932992380
1887274303
1426541501
1676845108
2133739425
1390204797
1946226560
1284202451
1780426917
1760145966
1453697352
1132811450
1778192575
2040068928
2110479350
1831014714
1361917453
1292509620
1614168948
1115051295
1867680841
1618351178
1849920686
1804202609
1218862267
1586612062
1148967462
1296892368
1938205845
1903487606
1715860159
1283858706
1249398275
1237653657
1763526124
1686985584
1426827955
2043391796
1968741853
1922336286
1168389051
1665587462
2061782150
1918039475
1253351342
1115165876
1992861290
1689334508
1564039477
1091733930
1517949010
1211844141
2103432579
1344271879
1308608341
2040813709
1618666277
1879253587
1409296963
1253523215
1170967138
1157503795
1695693789
1175493113
1771145804
1162430806
1875988010
1176352476
2034454428
1238341147
1077096124
1137623879
1989137386
1102905640
1567935253
1603570145
1584778755
2126492135
1800822450
1243869711
1805377071
1984955156
1970231415
1175636340
1586554771
1747370112
1496379015
1875930720
1119033007
1213419638
1125506870
1638402966
1441981378
1170251003
1230778758
1245846244
1455072331
1124389699
1254096123
1827319456
1088411062
1284603486
1313005412
1896555416
1631986394
1377844301
1340490685
2013887022
1313678579
1224304895
1748286765
1217859677
1823452325
1288356035
1319235789
1171654628
1365985101
1641840415
1176409767
2096500389
1778994646
1963986715
1687357975
1196261037
1212646212
1124876671
1642699778
1171711919
2042647015
1280507193
1562578561
1340032358
1197263626
1480681329
1222357007
1568164417
1155240807
1764786522
2052214583
1684636660
1605976360
1114764841
1238713537
1513680844
2001569495
1968283527
2038235622
1286981056
1148337263
2074156968
1822306509
1840181246
1155269453
1128600574
1102791059
1321871167
2078339198
2115177198
1749890908
1253752378
1415999990
1402364774
2101828436
1862410085
1396864855
1815431610
1228544416
1888076374
1254497159
1901940753
1262517874
1710990439
1271369306
1149654952
1328115867
1318147263
2021449411
1748401347
1240117162
1266270423
2113401182
2127093689
1216226889
1332412678
1245731663
1563523860
1283371734
1725485017
2117583412
1636455078
1322501366
1350459288
1091963093
1199870359
1074145647
1207232229
2060922788
1919586327
1092593292
1943362019
1261658512
1077067479
1998189337
1281022810
1481555014
1732818243
1979999500
1399500233
2013199532
1925200828
1397838799
1471743961
1353524347
1493457183
1272028151
2139010180
1195602192
1795608985
1230435013
1184802872
1550977170
1231466248
1409812581
1400875212
1642871650
1657194356
1753213776
1477215234
1731099518
1576929913
2023340008
1715860159
1076093535
2133796715
2045454266
1148194036
2034740882
1284431614
1439260064
2070146611
1150514314
1828035591
1236565131
1186636178
1078442459
1211672268
1658225591
1667048378
1402966327
1577273657
1651980891
1931560109
2084469317
1962812253
1579851745
1154094991
1293741373
1836858378
1928580986
1815660773
1274319784
1185060681
1590765646
1549659481
1804775517
1176066022
2144853844
1881144184
1923768557
1950408790
1496149852
1143438898
2102802380
1977736513
1430952895
1598729071
1448397950
2019157778
2125489546
1243554611
1938950625
1449858866
1404369953
1758770986
1404083498
1449056795
1438916319
1680339849
2146343406
1418463495
1880055659
1175435823
1897357487
1172628572
1290733605
2066250835
2027006621
1557708841
1994694596
1837431286
1384146292
2051126057
2134197751
1216112307
1713224781
1316858220
1942158911
1922049832
1165123474
1416630189
1114994004
1859144508
1908013581
1325938815
2072953861
1559542148
1646767426
1359912274
1103535839
1482571926
1426197756
1247564969
1997158102
1438228829
1100843171
1545018924
1888763864
1432958073
1842931205
1781286279
1372115219
1369479841
1782603968
1300215236
1135446828
1268046438
1822306509
1147563837
1181565941
1708011316
1238398437
1918440510
1442926677
1503483077
2059719681
1880284822
2060235298
1351834268
2073927805
2083552663
1531498290
2086990113
2034368492
1600820186
1701537453
1608869547
1785067474
1614226239
1752583577
1276811934
2117583412
1681600247
1308980732
2008616266
1112931534
1815889937
1362948687
1564211350
1457077510
1755849154
1429978951
1501649771
1121181413
1268762574
2029928453
1492769693
1230033977
1170165067
1825171050
1202763545
1161342280
1174375942
1894206492
1561346809
1589362021
1672032679
1399271069
1158133994
1451520300
1256702855
1812910814
1141576946
2018928615
1996642484
1296033006
1525597335
1442296478
2056855140
1190847054
1388672267
1092879746
1584893337
1330407500
1747828439
1897013743
1731901590
1321126386
1760661583
1564784258
1952471260
1567820672
1788218469
1518321400
1447739106
1253866960
1269450064
1548341792
1627689582
1405114733
1111928945
1313019735
1153665310
1156644432
1557164578
1824540851
1358021677
1653699616
1593687478
1265640224
1427458154
1930528874
1639262328
1947544249
2037490841
1119405397
1295273902
1105254564
1143009217
1804890099
1106257153
1421499909
1855535186
1439145482
1195630838
1240976524
2127150980
1527717095
1924284174
1085202776
1779796718
1911221867
1330636663
1776158751
1115337749
1493915509
1708183189
2104291941
1546623067
1755161664
1463379501
1723880874
1146990929
1165753673
1467561731
1446364126
1985470774
1307834915
1372430319
2139267989
1907039637
1502394551
1258335644
1096976040
1767307318
1121868903
1210784261
1513451680
1787244525
1499071684
1199669841
2021449411
1509699131
1284116514
1652267345
1799390180
1753672103
1223731987
1943533891
1695092236
1821160692
1624996913
1256015366
1659772443
1889451354
1378961472
1364037213
1564497804
2140155997
1650262166
1817723243
1502108097
1707495699
1456275439
1549029282
1699704147
1686871003
1769083334
1257963254
1636311851
1810962926
1158878775
1109121695
2109218952
2059948844
1715459123
1763583415
1389474339
1153808537
1637371731
1413880229
1311100492
1200529203
1155842361
1986100973
1812509778
1989767586
1733219279
1739664496
1262002257
1286522729
1747828439
1748057602
1618838150
1512076700
1650004358
1097262494
1254926840
1425939948
1980486472
2081490194
1668595230
1167071362
1091562057
1356589406
1980601054
1658168300
1154066345
2135801894
1192823587
1790395520
1207919719
2090198399
1093452654
1280363965
1383286930
2028782636
1318032682
1083025724
1725427727
1141576946
1995668540
1142722762
1416658834
1791140301
2051154703
1105598309
1914315571
1796239184
1744849316
1074919073
2136145639
1211930077
1410070390
2137234165
