0.00053212
0.00019111
0.00046361
0.00046280
0.00088065
0.00055000
0.00137300
0.00199500
0.00202756
0.00694770
0.00357507
0.00065450
0.00174105
0.00111142
0.00037037
0.00198029
0.00060065
0.00162990
0.00043210
0.00059093
0.00087412
0.00039165
0.00151796
0.00023429
0.00048639
0.00043544
0.00207031
0.00060729
0.00105990
0.00257127
0.00083399
0.00051892
0.00051511
0.00039432
0.00262465
0.00383058
0.00040393
0.00063106
0.00027868
0.00056351
0.00231979
0.00360834
0.00070920
0.00172185
0.00194896
0.00091897
0.00059492
0.00053758
0.00022461
0.00335228
0.00015524
0.00231314
0.00082567
0.00124219
0.00112184
0.00006269
0.00193756
0.00406035
0.00111257
0.00026045
0.00243517
0.00052737
0.00214207
0.00319093
0.00464643
0.00890141
0.00426976
0.00068707
0.00493305
0.00102437
0.00140098
0.00081191
0.00064989
0.00101219
0.00213321
0.00176273
0.00038170
0.00056314
0.00186169
0.00034634
0.00212226
0.00062785
0.00103484
0.00170977
0.00324435
0.00354754
0.00145892
0.00043692
0.00483791
0.00095848
0.00109263
0.00031580
0.00028268
0.00078846
0.00304565
0.00290402
0.00071397
0.00061108
0.00065204
0.00048220
0.00090650
0.00047284
0.00263510
0.00272514
0.00076283
0.00172215
0.00300255
0.00025656
0.00099446
0.00318652
0.00411504
0.00021466
0.00089282
0.00041900
0.00170533
0.00184580
0.00095839
0.00017264
0.00592567
0.00082289
0.00150591
0.00062387
0.00291035
0.00072537
0.00070537
0.00049725
0.00118882
0.00213288
0.00052956
0.00038809
0.00052306
0.00065335
0.00040329
0.00056709
0.00050381
0.00177124
0.00080613
0.00320547
0.00289620
0.00044153
0.00108215
0.00453002
0.00220034
0.00256571
0.00257069
0.00027288
0.00287333
0.00061940
0.00129801
0.00105213
0.00098142
0.00493130
0.00146369
0.00309147
0.00185019
0.00302911
0.00097489
0.00041886
0.00104373
0.00054693
0.00136194
0.00066112
0.00081818
0.00391553
0.00141972
0.00070688
0.00052907
0.00170700
0.00061873
0.00098075
0.00076513
0.00573621
0.00225526
0.00063260
0.00050290
0.00537806
0.00087311
0.00136470
0.00088728
0.00159166
0.00112933
0.00087067
0.00649929
0.00133209
0.00275937
0.00073945
0.00063638
0.00137368
0.00246623
0.00415784
0.00034946
0.00161464
0.00096188
0.00070203
0.00064924
0.00140918
0.00205073
0.00193098
0.00296957
0.00161935
0.00117214
0.00112423
0.00046824
0.00526136
0.00053353
0.00056830
0.00186328
0.00263097
0.00069219
0.00079636
0.00198321
0.00265426
0.00232294
0.00457982
0.00058121
0.00465789
0.00090090
0.00050818
0.00015924
0.00084870
0.00042693
0.00093049
0.00028248
0.00076995
0.00039688
0.00049552
0.00061166
0.00115935
0.00203021
0.00237548
0.00068144
0.00115109
0.00567181
0.00231210
0.00068075
0.00085813
0.00521465
0.00157064
0.00144620
0.00066150
0.00067076
0.00142268
0.00562834
0.00410483
0.00185293
0.00291331
0.00072639
0.00266025
0.00141606
0.00133668
0.00327587
0.00080724
0.00250072
0.00067288
0.00231794
0.00265004
0.00049386
0.00060356
0.00134403
0.00246395
0.00158837
0.00286602
0.00126739
0.00066252
0.00034096
0.00025823
0.00305930
0.00255732
0.00077105
0.00027695
0.00037410
0.00288555
0.00091091
0.00046247
0.00091648
0.00099934
0.00120225
0.00017593
0.00130692
0.00235453
0.00137017
0.00100803
0.00082579
0.00160774
0.00216568
0.00198435
0.00196886
0.00170165
0.00408227
0.00051339
0.00222918
0.00239547
0.00344709
0.00030686
0.00155696
0.00282582
0.00020717
0.00096915
0.00166011
0.00173114
0.00343644
0.00084046
0.00360763
0.00166578
0.00101696
0.00040138
0.00472597
0.00027825
0.00199304
0.00129629
0.00208518
0.00061330
0.00213537
0.00069441
0.00161314
0.00141387
0.00070389
0.00329622
0.00274793
0.00122237
0.00084448
0.00075338
0.00069098
0.00331357
0.00094214
0.00375218
0.00077438
0.00527679
0.00056968
0.00435471
0.00044832
0.00406503
0.00326974
0.00355404
0.00118098
0.00046081
0.00042216
0.00536229
0.00046812
0.00145665
0.00058290
0.00054511
0.00595870
0.00026188
0.00129339
0.00581183
0.00156740
0.00283717
0.00072750
0.00188734
0.00074860
0.00048327
0.00586683
0.00034279
0.00046649
0.00100470
0.00105178
0.00101322
0.00095845
0.00110737
0.00114519
0.00068759
0.00035074
0.00055501
0.00069341
0.00526035
0.00059979
0.00079973
0.00035959
0.00070583
0.00099810
0.00062842
0.00583483
0.00158453
0.00066429
0.00035847
0.00227887
0.00024273
0.00954170
0.00185878
0.00162732
0.00054194
0.00028338
0.00405394
0.00213842
0.00057417
0.00086929
0.00091681
0.00101619
0.00349960
0.00346024
0.00202428
0.00478198
0.00266862
0.00053622
0.00508577
0.00037176
0.00203416
0.00159035
0.00049764
0.00050455
0.00131620
0.00439464
0.00152992
0.00039875
0.00060892
0.00110593
0.00354084
0.00303125
0.00212219
0.00084025
0.00147812
0.00661595
0.00150250
0.00043635
0.00154337
0.00065051
0.00048486
0.00119102
0.00303628
0.00165378
0.00218891
0.00131498
0.00170568
0.00083812
0.00177457
0.00116135
0.00032138
0.00047380
0.00183919
0.00039039
0.00089048
0.00083514
0.00462627
0.00052918
0.00700067
0.00429063
0.00067011
0.00099064
0.00042114
0.00853378
0.00056875
0.00056225
0.00056811
0.00059548
0.00081221
0.00026598
0.00428669
0.00206675
0.00096975
0.00456389
0.00045177
0.00171354
0.00078327
0.00044515
0.00060025
0.00041201
0.00144677
0.00073924
0.00070291
0.00165941
0.00198301
0.00247317
0.00208755
0.00132323
0.00146379
0.00142390
0.00252803
0.00301259
0.00289499
0.00097132
0.00052905
0.00054663
0.00094275
0.00395492
0.00060306
0.00066029
0.00438803
0.00362294
0.00363655
0.00094987
0.00058890
0.00124379
0.00195574
0.00325647
0.00392805
0.00315226
0.00059979
0.00099608
0.00034978
0.00073233
0.00221913
0.00426844
0.00075896
0.00062674
0.00199269
0.00279408
0.00190046
0.00319647
0.00173013
0.00070816
0.00070531
0.00260880
0.00039925
0.00054165
0.00026436
0.00171373
0.00030008
0.00044099
0.00215949
0.00104827
0.00288155
0.00395270
0.00152081
0.00036677
0.00055420
0.00583475
0.00092649
0.00124385
0.00039256
0.00153695
0.00313290
0.00120498
0.00206882
0.00554946
0.00162478
0.00182470
0.00301467
0.00268749
0.00364998
0.00129807
0.00056535
0.00680408
0.00121376
0.00100117
0.00185461
0.00237077
0.00014846
0.00064356
0.00480700
0.00326751
0.00180190
0.00071001
0.00167635
0.00097451
0.00062507
0.00129781
0.00156362
0.00044927
0.00074095
0.00636720
0.00429267
0.00098022
0.00330367
0.00082215
0.00110564
0.00031520
0.00220083
0.00160924
0.00501490
0.00818294
0.00102163
0.00116838
0.00157145
0.00251022
0.00386304
0.00410723
0.00064075
0.00123105
0.00022121
0.00387048
0.00104157
0.00050318
0.00117576
0.00469947
0.00135497
0.00079731
0.00145450
0.00074411
0.00055969
0.00282591
0.00217723
0.00240516
0.00314107
0.00193931
0.00669803
0.00044692
0.00251402
0.00039978
0.00445278
0.00340235
0.00050715
0.00103382
0.00079321
0.00205211
0.00214879
0.00322874
0.00084825
0.00061359
0.00054003
0.00268016
0.00529201
0.00115484
0.00077724
0.00146946
0.00247066
0.00390159
0.00521564
0.00274802
0.00108696
0.00351210
0.00059882
0.00216153
0.00053936
0.00030014
0.00214178
0.00502304
0.00197349
0.00088793
0.00062502
0.00472712
0.00264740
0.00279790
0.00074209
0.00187149
0.00091256
0.00036191
0.00038053
0.00282555
0.00146900
0.00087836
0.00055951
0.00083657
0.00160146
0.00256688
0.00396111
0.00297131
0.00138862
0.00073047
0.00196846
0.00142652
0.00071887
0.00197970
0.00038924
0.00155692
0.00050106
0.00231994
0.00216287
0.00039211
0.00107845
0.00329438
0.00095792
0.00081951
0.00095604
0.00189628
0.00040539
0.00074849
0.00113323
0.00259987
0.00145731
0.00015798
0.00205460
0.00287362
0.00070430
0.00317729
0.00045642
0.00411469
0.00463602
0.00197409
0.00036188
0.00102802
0.00122966
