0.07256210
0.01567629
0.02406001
0.07584456
0.04700297
0.01641249
0.01799508
0.09284053
0.03892736
0.04665425
0.04334068
0.02052226
0.01048312
0.01722523
0.00784376
0.12335696
0.00736138
0.00303687
0.00813806
0.02041440
0.00980679
0.00465610
0.00614226
0.00994419
0.01441230
0.02371820
0.03306824
0.06068734
0.00158227
0.00131267
0.02907647
0.03790612
0.01044411
0.04307891
0.02381318
0.01036431
0.00335760
0.00872053
0.00779436
0.03813692
0.00502203
0.06358460
0.01130514
0.07492220
0.00429754
0.06838817
0.01101220
0.02314446
0.09597832
0.03212829
0.04223464
0.15495890
0.03903101
0.03457322
0.00367522
0.05525237
0.00801045
0.03192649
0.04767965
0.00627513
0.02558896
0.03054250
0.03812311
0.03429870
0.00442234
0.00613909
0.04477030
0.01061776
0.05759280
0.04628986
0.01439810
0.00421642
0.03011516
0.03134770
0.01088866
0.00546721
0.02433060
0.06944621
0.00500797
0.05827524
0.00310613
0.07599840
0.00985521
0.07988591
0.01380957
0.00550935
0.01160880
0.01237421
0.00411080
0.13373001
0.02304870
0.00716826
0.00433637
0.02585111
0.01060852
0.00902501
0.00626128
0.00775415
0.03576530
0.00418501
0.03842708
0.09286499
0.01778657
0.10173418
0.02469309
0.10174119
0.04955541
0.02858929
0.02220638
0.02220006
0.02843998
0.05701457
0.04286896
0.04930873
0.00689382
0.01108942
0.00940272
0.00311232
0.06452776
0.00584197
0.01017332
0.03150259
0.04230677
0.01077563
0.00798933
0.03497865
0.03653208
0.02420692
0.00524789
0.03548278
0.02479369
0.06102502
0.00926005
0.00292338
0.00980454
0.01489108
0.00794065
0.00419720
0.02336508
0.02244736
0.01370095
0.00313571
0.04074699
0.02714250
0.09221870
0.01307423
0.03730068
0.09060305
0.02706190
0.01817509
0.00476809
0.01762289
0.00664805
0.00833519
0.00507377
0.00378119
0.00350952
0.02248270
0.08109862
0.04662622
0.07624555
0.00933541
0.04251179
0.00525176
0.07023374
0.00625780
0.12629279
0.03918444
0.01311065
0.04612950
0.00997669
0.06782522
0.00744867
0.01002964
0.00343191
0.00746368
0.03575554
0.06214358
0.00504608
0.01236115
0.03913484
0.00891229
0.00746695
0.06289884
0.01943649
0.05792232
0.09782188
0.02189661
0.00989588
0.02885031
0.01045643
0.00300591
0.01154080
0.00587878
0.03524948
0.00527618
0.03255112
0.01894206
0.02882646
0.03370122
0.01046941
0.00507173
0.00569196
0.02144762
0.00940687
0.02904990
0.06952050
0.05365696
0.00629342
0.00203568
0.02939244
0.08885153
0.00342419
0.02873140
0.07570488
0.07095162
0.08034014
0.00913117
0.00793383
0.00204073
0.02086768
0.01431249
0.01909312
0.01009037
0.02401757
0.04531877
0.05151484
0.00989657
0.03243821
0.00702869
0.03504982
0.02035433
0.00242389
0.02618548
0.01910191
0.11605112
0.05337707
0.01742402
0.00904334
0.00446317
0.03339428
0.17282955
0.00467295
0.11679038
0.00990468
0.00781407
0.01752105
0.03004726
0.03697006
0.00632398
0.05879657
0.00428245
0.01504528
0.00272724
0.01640499
0.00291204
0.00835850
0.02725671
0.04269776
0.00973876
0.00522022
0.01218901
0.00624370
0.02395833
0.04844850
0.07935435
0.00582617
0.00694102
0.01248837
0.02094494
0.01653589
0.01011654
0.01816948
0.00979462
0.02241955
0.01452933
0.01514818
0.00393286
0.00324276
0.10980752
0.02441831
0.00268196
0.00596089
0.01514548
0.01450603
0.05202156
0.01467643
0.01862375
0.06305352
0.02450737
0.05964886
0.00481202
0.04442522
0.03383007
0.00326178
0.01977428
0.00724186
0.01502641
0.04309995
0.03584460
0.03371501
0.09243705
0.12091849
0.02890396
0.00441971
0.03345016
0.00223246
0.06039675
0.01405459
0.01112078
0.00222529
0.02610190
0.02837981
0.00657872
0.02801869
0.00545021
0.10298008
0.00585760
0.00687331
0.04061790
0.06618383
0.08631679
0.04236126
0.00732603
0.10176860
0.00361701
0.00362391
0.00481725
0.01197094
0.02416050
0.01842801
0.04214111
0.01249778
0.07970466
0.00671823
0.00387699
0.02664550
0.00393020
0.00488895
0.00792320
0.04251728
0.06191795
0.00490033
0.04572444
0.03964591
0.01130187
0.02065244
0.00341174
0.00814580
0.00908715
0.04147634
0.00215464
0.00717696
0.00262077
0.02518074
0.06099973
0.00780804
0.00835367
0.00745492
0.00670452
0.06056884
0.01154762
0.03348116
0.00651693
0.01329426
0.00508516
0.01666369
0.00608867
0.02706579
0.00243374
0.00533075
0.05376952
0.04959695
0.00522332
0.03883374
0.01716159
0.06597349
0.00412418
0.04107065
0.01471162
0.04090116
0.02233627
0.03510579
0.00613001
