0.00130130
0.00088639
0.00099326
0.00246789
0.00191301
0.00072982
0.00084664
0.00077291
0.00144168
0.00132408
0.00095371
0.00076101
0.00065641
0.00138010
0.00073335
0.00089607
0.00063286
0.00099373
0.00056289
0.00119800
0.00076307
0.00156879
0.00113322
0.00074410
0.00063600
0.00089820
0.00064887
0.00080576
0.00080468
0.00090376
0.00113942
0.00093041
0.00085994
0.00074293
0.00147080
0.00092047
0.00086318
0.00094012
0.00090030
0.00105586
0.00078517
0.00112091
0.00149753
0.00142780
0.00129994
0.00111586
0.00112160
0.00090386
0.00068980
0.00153628
0.00074938
0.00124787
0.00086113
0.00146071
0.00085500
0.00103036
0.00172461
0.00072466
0.00079373
0.00100741
0.00144030
0.00117085
0.00078416
0.00128138
0.00167152
0.00166462
0.00074096
0.00121916
0.00091917
0.00141199
0.00095051
0.00120117
0.00095372
0.00057575
0.00146718
0.00105076
0.00050528
0.00109780
0.00060703
0.00087747
0.00104040
0.00113670
0.00110419
0.00075855
0.00088655
0.00074721
0.00066386
0.00133069
0.00137948
0.00107272
0.00413508
0.00112084
0.00062240
0.00076595
0.00106612
0.00078110
0.00103294
0.00073042
0.00094784
0.00081554
0.00142502
0.00149417
0.00106125
0.00148485
0.00063196
0.00113468
0.00109987
0.00106938
0.00057809
0.00176381
0.00087999
0.00107595
