0.00017210
0.00039190
0.00021516
0.00015778
0.00010619
0.00016584
0.00018817
0.00018883
0.00031362
0.00037547
0.00043183
0.00031157
0.00023591
0.00029030
0.00069931
0.00026859
0.00026354
0.00031005
0.00018905
0.00017184
0.00057787
0.00024868
0.00031626
0.00039543
0.00034050
0.00025920
0.00022906
0.00019889
0.00033067
0.00033070
0.00036370
0.00032812
0.00036087
0.00032344
0.00023874
0.00033034
0.00023442
0.00036388
0.00029861
0.00022132
0.00019896
0.00059350
0.00031728
0.00018796
0.00020578
0.00053333
0.00006156
0.00026794
0.00030208
0.00034520
0.00015039
0.00034944
0.00110593
0.00027875
0.00008533
0.00027043
0.00026742
0.00029622
0.00011956
0.00028236
0.00012640
0.00034495
0.00013194
0.00025008
0.00025787
0.00025382
0.00032983
0.00034490
0.00046008
0.00020339
0.00030108
0.00021999
0.00027727
0.00015993
0.00006666
0.00039109
0.00035122
0.00026012
0.00020975
0.00021835
0.00030772
0.00083096
0.00043372
0.00011924
0.00035092
0.00020381
0.00009841
0.00008313
0.00019869
0.00004638
0.00040197
0.00014847
0.00084683
0.00028048
0.00043107
0.00057890
0.00025440
0.00035229
0.00015520
0.00034947
0.00031345
0.00047083
0.00031566
0.00027848
0.00027520
0.00026622
0.00043460
0.00012353
0.00040538
0.00019378
0.00022596
0.00027689
0.00040975
0.00039178
0.00016819
0.00061749
0.00028923
0.00031704
0.00039560
0.00108945
0.00035115
0.00012552
0.00009521
0.00032265
0.00011901
0.00006771
0.00018613
0.00032033
0.00042029
0.00040598
0.00041449
0.00033276
0.00036897
0.00014773
0.00010823
0.00042971
0.00027445
0.00024461
0.00020950
0.00026141
0.00016117
0.00053585
0.00021329
0.00038037
0.00024945
0.00040377
0.00008834
0.00011372
0.00014031
0.00025477
0.00018151
0.00031160
0.00019706
0.00025804
0.00005186
0.00040611
0.00078686
0.00036496
0.00025424
0.00048647
0.00034158
0.00025616
0.00030418
0.00026977
0.00039793
0.00047367
0.00026495
0.00005601
0.00020796
0.00030607
0.00021686
0.00031449
0.00044258
0.00049054
0.00026879
0.00021991
0.00070637
0.00040693
0.00037012
0.00044314
0.00036488
0.00034248
0.00027575
0.00031372
0.00008635
0.00035876
0.00072220
0.00021390
0.00022950
0.00031488
0.00077457
0.00046202
0.00038258
0.00021963
0.00022761
0.00013939
0.00017327
0.00007623
0.00033618
0.00011178
0.00038041
0.00025220
0.00008286
0.00035051
0.00027401
0.00026930
0.00038595
0.00032965
0.00038340
0.00029936
0.00030344
0.00025733
0.00014795
0.00011240
0.00009262
0.00011000
0.00022970
0.00015058
0.00031533
0.00037422
0.00038439
0.00009168
0.00017823
0.00039541
0.00029715
0.00055829
0.00027859
0.00027730
0.00039580
0.00022202
0.00030396
0.00017174
0.00014967
0.00009078
0.00031124
0.00033162
0.00053365
0.00016587
0.00031677
0.00030791
0.00027834
0.00047325
0.00031086
0.00018889
0.00015596
0.00031341
0.00017273
0.00031054
0.00040292
0.00023182
0.00022639
0.00009280
0.00032331
0.00019608
0.00025072
0.00045994
0.00042182
0.00018209
0.00029102
0.00021061
0.00027052
0.00050103
0.00022682
0.00048492
0.00011832
0.00020387
0.00025557
0.00022973
0.00050529
0.00032593
0.00025989
0.00004704
0.00027286
0.00020643
0.00026954
0.00024002
0.00043580
0.00038684
0.00014675
0.00023752
0.00022302
0.00034592
0.00027967
0.00026626
0.00032575
0.00017160
0.00039981
0.00041674
0.00033065
0.00038157
0.00034423
0.00017476
0.00021473
0.00031961
0.00013342
0.00031848
0.00047122
0.00041813
0.00038424
0.00035764
0.00027814
0.00037922
0.00029209
0.00034753
0.00033488
0.00032464
0.00024393
0.00017309
0.00036948
0.00040925
0.00013245
0.00018314
0.00042080
0.00024712
0.00028656
0.00026788
0.00012899
0.00032564
0.00019915
0.00023814
0.00005972
0.00043882
0.00059652
0.00027936
0.00028468
0.00021764
0.00039031
0.00024827
0.00019913
0.00027242
0.00024802
0.00042406
0.00037174
0.00023578
0.00015879
0.00034824
0.00013124
0.00019103
0.00026454
0.00022063
0.00038121
0.00037526
0.00014713
0.00026950
0.00016869
0.00031281
0.00036551
0.00035774
0.00025361
0.00023226
0.00046144
0.00043563
0.00055778
0.00012037
0.00015694
0.00006567
0.00036703
0.00030879
0.00020157
0.00039370
0.00009396
0.00022059
0.00020285
0.00038336
0.00011333
0.00025629
0.00040459
0.00013051
0.00030820
0.00023413
0.00028011
0.00019807
0.00005237
0.00044955
0.00033693
0.00046102
0.00048374
0.00022376
0.00029601
0.00025006
0.00035918
0.00040837
0.00034593
0.00033119
0.00025269
0.00029179
0.00014491
0.00027445
0.00047176
0.00013464
0.00014767
0.00027122
0.00004702
0.00057624
0.00005492
0.00014984
0.00044334
0.00031429
0.00021723
0.00029878
0.00022595
0.00035213
0.00010174
0.00025943
0.00020484
0.00053578
0.00024538
0.00010168
0.00012837
0.00018004
0.00029090
0.00035449
0.00024787
0.00045223
0.00010783
0.00058280
0.00018408
0.00042239
0.00035045
0.00026798
0.00040399
0.00021077
0.00030100
0.00039112
0.00034519
0.00036501
0.00032232
0.00041234
0.00032833
0.00027176
0.00029560
0.00034709
0.00021817
0.00029403
0.00023999
0.00007684
0.00036413
0.00005153
0.00036813
0.00005575
0.00031533
0.00034676
0.00025235
0.00031346
0.00025435
0.00028658
0.00048278
0.00016094
0.00030151
0.00017723
0.00023417
0.00033707
0.00060514
0.00031687
0.00025896
0.00017726
0.00019449
0.00045458
0.00030334
0.00038860
0.00022603
0.00009437
0.00041819
0.00032538
0.00027205
0.00042984
0.00034894
0.00010734
0.00038452
0.00022881
0.00034201
0.00040908
0.00039041
0.00032836
0.00042997
0.00019887
0.00020262
0.00027504
0.00026269
0.00025856
0.00017122
0.00006099
0.00072987
0.00043792
0.00038535
0.00054169
0.00034930
0.00010123
0.00037965
0.00030116
0.00023923
0.00018724
0.00027783
0.00012851
0.00022924
0.00040707
0.00039725
0.00027188
0.00040526
0.00011850
0.00011160
0.00041192
0.00031897
0.00040506
0.00031008
0.00010367
0.00042676
0.00049504
0.00015352
0.00037822
0.00024715
0.00025698
0.00039558
0.00023531
0.00024703
0.00011842
0.00030082
0.00023614
0.00023949
0.00043878
0.00045222
0.00027907
0.00019578
0.00036714
0.00020442
0.00024646
0.00024230
0.00030569
0.00038567
0.00015778
0.00082058
0.00020962
0.00052747
0.00041624
0.00044754
0.00024263
0.00019701
0.00032633
0.00022426
0.00008201
0.00044808
0.00053704
0.00021935
0.00045689
0.00047228
0.00032349
0.00050948
0.00033491
0.00023365
0.00033118
0.00024127
0.00012596
0.00028629
0.00036672
0.00005816
0.00005391
0.00035480
0.00017893
0.00041724
0.00040087
0.00015049
0.00008513
0.00021921
0.00024144
0.00030539
0.00027841
0.00028439
0.00020998
0.00018104
0.00047789
0.00020748
0.00018139
0.00034637
0.00031906
0.00033568
0.00034969
0.00054371
0.00039359
0.00018712
0.00027437
0.00030666
0.00040958
0.00020455
0.00031959
0.00021449
0.00031709
0.00040029
0.00030239
0.00022809
0.00026101
0.00059936
0.00035916
0.00023513
0.00045944
0.00046108
0.00032232
0.00029405
0.00008814
0.00020783
0.00027368
0.00018014
0.00056490
0.00039702
0.00023292
0.00030990
0.00023434
0.00023267
0.00013416
0.00043687
0.00032651
0.00024992
0.00034510
0.00034393
0.00020794
0.00023209
0.00027309
0.00051028
0.00054424
0.00028180
0.00011025
0.00020768
0.00028555
0.00036475
0.00013738
0.00042981
0.00015508
0.00021128
0.00040244
0.00027872
0.00050202
0.00034057
0.00060780
0.00019975
0.00018711
0.00025468
0.00026782
0.00032935
0.00028684
0.00022110
0.00007523
0.00027592
0.00027657
0.00032507
0.00038509
0.00029429
0.00029868
0.00018876
0.00022971
0.00034954
0.00014641
0.00008828
0.00037458
0.00017445
0.00051505
0.00031215
0.00036497
0.00042362
0.00020738
0.00040255
0.00032321
0.00038543
0.00010444
0.00027118
0.00077431
0.00019173
0.00012383
0.00040981
0.00054839
0.00033065
0.00029470
0.00017628
0.00034454
