0.00457952
0.003264989
0.0039361385
0.0022736017
0.0031969894
0.0025302644
0.0044096154
0.0029048782
0.0020544843
0.0032661431
0.0019916054
0.002746577
0.003985266
0.0024376411
0.002746103
0.004236435
0.002599781
0.0040743435
0.0029736746
0.0047174203
0.0019396129
0.0029248262
0.0033545159
0.0038973065
0.0030173208
0.0036250136
0.004295982
0.0031565793
0.0045742923
0.002181981
0.0020042926
0.0027452582
0.0022956294
0.0028177113
0.0018186454
0.0028247288
0.0032018004
0.0027925703
0.003487513
0.0023446777
0.003079519
0.0025523037
0.0028412032
0.0028427131
0.0031429683
0.0022329548
0.0037638466
0.004343877
