130887
-144362
28130
-12581
102080
26937
407420
-205662
-121695
16225
-19303
-226714
23132
-90767
25425
24681
-89325
-253032
68100
86005
287215
-38604
156926
26678
-46933
-90923
-102559
107711
-135017
-19665
-73305
-207874
-65170
-167606
-87683
-178476
22066
39485
65207
130585
-55839
-50127
6690
155693
-167974
266132
-62894
60642
89533
-42106
-144619
-172762
-11388
192894
216329
-46888
-98679
-33466
14460
-32913
-131552
76640
-25762
142384
-20324
112888
79033
120478
195614
88594
-45148
2484
81774
75188
156950
-76146
82508
75082
-152593
-158617
181884
133334
33675
-123797
-76411
101931
-105448
-23048
-70766
3530
86643
91014
60275
79116
122795
16341
