0.00972266
0.01434100
0.01307272
0.00580024
0.00724054
0.00686008
0.00764811
0.01197110
0.00511244
0.01252582
0.01138086
0.00521921
0.01002048
0.00824963
0.00644867
0.02116768
0.01001403
0.01290574
0.00498750
0.00795609
0.01426970
0.00895829
0.00977416
0.00465960
0.00820491
0.00643382
0.00508791
0.00991945
0.01062068
0.01191065
0.01889660
0.00586888
0.00726991
0.02025860
0.00929464
0.00646295
0.00612578
0.02152551
0.02101674
0.00701274
0.00589638
0.00422695
0.00841860
0.00928282
0.00612344
0.00585437
0.00970253
0.02418579
0.00689444
0.01115224
0.01494868
0.01482465
0.00754160
0.01209356
0.00427856
0.02667763
0.00606634
0.01045446
0.02982656
0.00620604
0.01151194
0.00480429
0.01048827
0.00282893
0.01797889
0.00745346
0.00668300
0.01177131
0.01286705
0.00301850
0.00628033
0.00768173
0.01394122
0.00654988
0.00774480
0.00716531
0.01039753
0.00971062
0.00824781
0.00358731
0.01008813
0.02680526
0.00289667
0.00862277
0.00432000
0.00558116
0.00558599
0.00587780
0.00670050
0.00889623
0.00689515
0.01438385
0.00574926
0.01204978
0.00947835
0.00509240
