289
-3656
1524
-1326
3236
980
1992
-345
3242
-1888
836
-651
-1329
-412
548
-337
-2287
-1383
989
-1549
-1835
2202
2542
521
-152
181
331
-526
-1061
-46
-323
-983
2108
1034
1416
860
914
-57
465
2622
1912
3210
-440
-2695
-1623
-563
96
3062
231
-1776
792
-2522
-770
216
1142
-1427
646
-1685
-172
1157
3712
-401
3251
1999
-35
698
-788
-3013
3369
-142
-1401
-1641
-85
342
3923
540
-1067
-2173
453
161
2124
-324
624
-1160
79
-4896
-383
-185
-1042
2611
1166
1374
547
-1979
3258
1865
1098
675
738
-1217
2685
918
-2190
963
1764
895
-1876
-1225
324
-1361
-1482
-619
