0.00080590
0.00039438
0.00056025
0.00099867
0.00123489
0.00040584
0.00035099
0.00040477
0.00064185
0.00096307
0.00035133
0.00058318
0.00028787
0.00083026
0.00040404
0.00032204
0.00043456
0.00056282
0.00043002
0.00051589
0.00048886
0.00084494
0.00057910
0.00044370
0.00030497
0.00046300
0.00028477
0.00066140
0.00046504
0.00056576
0.00060691
0.00044051
0.00047243
0.00053579
0.00075381
0.00061595
0.00054834
0.00044827
0.00056036
0.00060899
0.00060021
0.00058603
0.00068526
0.00070464
0.00065157
0.00069143
0.00052960
0.00058462
0.00041305
0.00070644
0.00036096
0.00064072
0.00048469
0.00080585
0.00047567
0.00029710
0.00048519
0.00048121
0.00037313
0.00076931
0.00066612
0.00070626
0.00046153
0.00078796
0.00094773
0.00116084
0.00055121
0.00061707
0.00052669
0.00063476
0.00056049
0.00065447
0.00065223
0.00036857
0.00074301
0.00070801
0.00028443
0.00046855
0.00028925
0.00034565
0.00049936
0.00062534
0.00058018
0.00050332
0.00040365
0.00035555
0.00044382
0.00063560
0.00119812
0.00065649
0.00267086
0.00064128
0.00035848
0.00059541
0.00045866
0.00038629
0.00066398
0.00028646
0.00053065
0.00043208
0.00082259
0.00094905
0.00046136
0.00094369
0.00041836
0.00066822
0.00083619
0.00057027
0.00035487
0.00093619
0.00053108
0.00072304
