-48023
168852
14944
251458
-127670
-115164
-75234
130073
-511476
45082
98558
-107279
-62329
-462670
-151708
-53163
267089
26189
18801
11139
251681
339654
56100
-19731
133804
-3113
106715
210778
193041
-179020
90323
-53565
-245430
-106692
-497442
-20368
-382776
123041
89037
-304696
73526
-352542
-238218
-196065
208827
-318495
-74324
-91488
-305867
163046
-44104
-303008
-22730
244826
-119882
135213
-574
-21815
-18838
-38737
-46186
117451
-11755
240265
-357983
309358
35812
87389
-154621
-5022
31783
-396433
108007
-16250
-122469
40312
-142953
129953
74141
237695
-221990
53966
-3036
-135726
-4191
-74192
-94323
-76557
417662
241853
-264062
-217372
102539
-56635
-37734
24069
163114
103887
-204466
125663
169581
-409368
-160790
-442751
-176356
26515
-197564
-178369
77062
-248289
-41742
-107979
