1345412921
1316808534
1870639873
1667240261
2061588793
1355077194
1171930641
1351482199
2143070717
1607810876
1173048379
1947204938
1922355082
1386084519
1349052506
1075258180
1450947024
1879213163
1435796123
1722499929
1632248516
1410583596
1933568136
1481464844
2036566520
1545905224
1901676926
1104185601
1552742452
1889027062
2026433549
1470808677
1577392146
1788953823
1258458241
2056608517
1830865041
1496740599
1871002543
2033363923
2004043113
1956709676
1144006014
1176362949
1087761389
1154318338
1768301430
1951989016
1379140274
1179376284
1205217043
2139311233
1618330298
1345329685
1588212803
1983969408
1620006905
1606730792
1245836124
1284329718
1112061295
1179078022
1540992329
1315458925
1582192079
1937969726
1840431215
2060356110
1758584639
2119403999
1871436559
1092616812
1088869218
1230635677
1240430750
1181986321
1899381995
1564439067
1931538767
1154088448
1667330433
2087940858
1937155204
1680537184
1347760369
1187156851
1481861205
2122208253
2000211293
1095976963
1114722364
2141184039
1196919224
1988016254
1531440027
1289790583
1108479182
1912933579
1771807244
1442663078
1373280075
1584389901
1540457241
1575453941
1396879413
1115565126
1395978682
1904084819
1184869848
1562932895
1773228198
1207085885
