255
255
255
255
255
233
243
239
255
239
255
255
255
255
255
229
255
255
255
255
255
255
255
254
255
255
255
255
255
255
246
255
255
255
244
201
255
255
255
255
255
232
255
95
255
255
255
255
255
255
255
190
255
255
255
255
255
254
255
232
255
255
255
255
255
255
255
255
255
255
255
255
233
255
255
255
255
248
255
255
255
219
252
255
209
255
255
255
255
255
255
255
255
255
255
255
255
219
255
255
208
255
255
255
217
255
255
255
255
255
255
255
255
255
255
255
255
255
255
255
255
255
255
165
255
255
255
191
255
255
255
220
255
255
235
255
255
255
255
255
255
255
246
249
255
255
241
255
255
255
255
255
255
255
237
255
255
242
255
255
255
255
231
255
255
255
255
255
255
255
255
255
255
255
255
255
255
255
255
255
255
187
255
255
255
255
255
255
223
255
255
255
255
255
255
255
228
255
255
227
255
231
255
238
255
255
255
255
255
230
255
255
255
255
255
233
255
255
255
229
255
255
250
255
237
255
255
255
255
255
255
255
255
255
255
255
255
255
255
255
254
255
255
255
184
255
255
255
204
255
255
247
255
255
255
255
255
255
255
255
255
231
255
219
255
255
248
255
251
255
226
255
255
255
255
255
255
255
255
255
255
255
247
255
251
236
255
255
255
255
255
255
255
234
255
255
255
255
255
255
255
255
255
220
247
203
255
255
255
222
249
255
255
255
255
255
255
255
235
231
255
255
255
255
255
224
255
255
255
255
255
255
255
255
255
255
224
255
255
255
255
255
255
255
255
255
255
255
255
255
255
205
255
255
243
255
255
255
255
255
255
255
255
255
255
255
255
255
255
204
255
223
255
255
255
255
255
255
255
228
253
255
255
255
255
230
255
255
214
255
255
255
255
157
255
238
255
255
255
252
255
255
255
255
255
255
255
255
255
214
252
255
247
229
255
255
235
255
255
255
255
255
242
255
255
247
225
255
208
255
248
255
255
255
255
255
255
229
253
255
255
255
233
255
243
255
255
255
255
255
214
255
255
255
255
244
255
255
255
255
249
255
255
255
255
255
255
255
255
255
255
255
255
255
255
255
255
255
255
255
255
255
255
255
255
255
255
255
255
255
255
255
255
255
210
255
255
255
255
255
255
255
255
255
203
240
255
255
255
255
255
255
249
255
255
255
255
255
255
255
242
255
255
255
255
251
255
255
255
166
255
255
255
255
255
252
255
255
250
255
255
255
255
255
255
255
255
255
255
255
255
255
255
255
255
255
255
255
255
255
255
110
255
255
255
255
255
255
248
255
255
255
255
255
255
255
255
255
255
255
255
255
240
255
255
255
253
255
255
255
255
255
255
240
255
220
255
255
255
255
255
255
255
255
255
238
238
255
255
241
255
255
255
255
227
255
255
255
255
219
255
255
255
255
248
255
252
255
255
255
255
255
255
255
255
255
255
255
255
255
255
255
255
253
255
255
255
255
255
255
255
255
255
255
232
255
255
255
255
255
232
252
255
255
255
255
255
255
255
255
255
255
