-47598
167428
11962
249009
-127116
-116289
-71007
129090
-506085
44506
98691
-107802
-62684
-459891
-153676
-47918
264277
26551
19726
12331
250507
336261
56884
-18180
129177
-1979
104060
207542
192069
-175137
91972
-52751
-246818
-103888
-494059
-21441
-379539
122026
84969
-301671
73135
-348097
-234497
-196207
204881
-317035
-72976
-89558
-301642
163212
-43898
-299469
-22385
245873
-115989
138064
-620
-25091
-18701
-38657
-44681
115717
-12148
237543
-353720
305809
33859
85133
-150079
-7175
30278
-392394
108202
-17654
-121280
38224
-143228
128043
76002
234430
-219942
52641
-1852
-135466
-7417
-77386
-94684
-74012
413760
241119
-261528
-214229
100061
-56023
-36706
19472
163955
103960
-202468
122925
166905
-403127
-158982
-439984
-176179
26517
-196635
-177889
78403
-245918
-40352
-108372
