0.01073838
0.00759652
0.01322054
0.00959586
0.00957333
0.00958915
0.00671645
0.01360610
0.00989714
0.00978600
0.00864081
0.00735235
0.00678799
0.01029275
0.00923387
0.00695450
0.01063877
0.00750399
0.01207400
0.00895496
0.00889885
0.00815436
0.01111755
0.01325941
0.01130156
0.00878860
0.01277725
0.01046513
0.01013041
0.01435041
0.00965487
0.00796770
0.00750782
0.00917146
0.00811591
0.00979482
0.00749661
0.00837237
0.00905539
0.00806799
0.00751016
0.01075371
0.00645141
0.00735379
0.00628713
0.01063935
0.00606367
0.00920778
