0.00010773
0.00011579
0.00007469
0.00008950
0.00003452
0.00014508
0.00012768
0.00012732
0.00008721
0.00007439
0.00015514
0.00011325
0.00010214
0.00013295
0.00016494
0.00018805
0.00009500
0.00012237
0.00009845
0.00016562
0.00010076
0.00008567
0.00014149
0.00015916
0.00012795
0.00008151
0.00012723
0.00011571
0.00012587
0.00016879
0.00011658
0.00015632
0.00021407
0.00003694
0.00007321
0.00013821
0.00011110
0.00013001
0.00008045
0.00016245
0.00015057
0.00015073
0.00012076
0.00015434
0.00013820
0.00010334
0.00010766
0.00010777
0.00014448
0.00010306
0.00012457
0.00012075
0.00009535
0.00011218
0.00007730
0.00004734
0.00011498
0.00009433
0.00014913
0.00010567
0.00010157
0.00012139
0.00014676
0.00011213
0.00006921
0.00010757
0.00014425
0.00010127
0.00012474
0.00008524
0.00008513
0.00019066
0.00012951
0.00011975
0.00010818
0.00010236
0.00011153
0.00009906
0.00011331
0.00012246
0.00008365
0.00016139
0.00017445
0.00012939
0.00010740
0.00010799
0.00013935
0.00008358
0.00012922
0.00015776
0.00017441
0.00009901
0.00011487
0.00003134
0.00016654
0.00005167
0.00006186
0.00009009
0.00011457
0.00008078
0.00012773
0.00016608
0.00011731
0.00006458
0.00022666
0.00006160
0.00022049
0.00014616
0.00012668
0.00011138
0.00011135
0.00013326
0.00011304
0.00012464
0.00007967
0.00013785
0.00010253
0.00015030
0.00010498
0.00011597
0.00015301
0.00022548
0.00010766
0.00016954
0.00012985
0.00010238
0.00006343
0.00012822
0.00012315
0.00012622
0.00010913
0.00012949
0.00013441
0.00015169
0.00012747
0.00004519
0.00010298
0.00007919
0.00005515
0.00009265
0.00014472
0.00013318
0.00006676
0.00011832
0.00013525
0.00013296
0.00009235
0.00004440
0.00009618
0.00012900
0.00007149
0.00009916
0.00009984
0.00008228
0.00009835
0.00011331
0.00018726
0.00005731
0.00007791
0.00012265
0.00013707
0.00007876
0.00011363
0.00010598
0.00013708
0.00011337
0.00015635
0.00010692
0.00008937
0.00009219
0.00013286
0.00013209
0.00011587
0.00013426
0.00009177
0.00009237
0.00017176
0.00007475
0.00011862
0.00003420
0.00022608
0.00010733
0.00008351
0.00012766
0.00008249
0.00008261
0.00007094
0.00016223
0.00011931
0.00013511
0.00003846
0.00009775
0.00018106
0.00012973
0.00015681
0.00007888
0.00007593
0.00008455
0.00010654
0.00013351
0.00017020
0.00014806
0.00013768
0.00014843
0.00017112
0.00007777
0.00010328
0.00008519
0.00014343
0.00005114
0.00010993
0.00008338
0.00018213
0.00011614
0.00007746
0.00013574
0.00012660
0.00013589
0.00021433
0.00012131
0.00012604
0.00014955
0.00015029
0.00016549
0.00014298
0.00016484
0.00013843
0.00004155
0.00010265
0.00011782
0.00013847
0.00013977
0.00015136
0.00009312
0.00010457
0.00011111
0.00011439
0.00015049
0.00011303
0.00009724
0.00011121
0.00011820
0.00004906
0.00015134
0.00003189
0.00013923
0.00009345
0.00008472
0.00011365
0.00013708
0.00013815
0.00011150
0.00007469
0.00010241
0.00016722
0.00011771
0.00011163
0.00009554
0.00012343
0.00015444
0.00011554
0.00010583
0.00014083
0.00009264
0.00004272
0.00015830
0.00015526
0.00011645
0.00005845
0.00016621
0.00012312
0.00009330
0.00004824
0.00012158
0.00007108
0.00018576
0.00010896
0.00008379
0.00019954
0.00011349
0.00001803
0.00018122
0.00003453
0.00014193
0.00013927
0.00013094
0.00014081
0.00008090
0.00008886
0.00014069
0.00011619
0.00006286
0.00011619
0.00012758
0.00013435
0.00016096
0.00008206
0.00017072
0.00017498
0.00013952
0.00010585
0.00012800
0.00012230
0.00007233
0.00009807
0.00015483
0.00004825
0.00014464
0.00009436
0.00010398
0.00016033
0.00008083
0.00008223
0.00016643
0.00007206
0.00008805
0.00009319
0.00011438
0.00008950
0.00017052
0.00009657
0.00011623
0.00008537
0.00015908
0.00009692
0.00006703
0.00012119
0.00009119
0.00008992
0.00013646
0.00011405
0.00011759
0.00015235
0.00013752
0.00010939
0.00018813
0.00007924
0.00009818
0.00013724
0.00009169
0.00012831
0.00013689
0.00015043
0.00011632
0.00010558
0.00010228
0.00006092
0.00028302
0.00014912
0.00014447
0.00011354
0.00010736
0.00007099
0.00009108
0.00017364
0.00011417
0.00008665
0.00011042
0.00012063
0.00019868
0.00015305
0.00014981
0.00010269
0.00013212
0.00010195
0.00008266
0.00016173
0.00011350
0.00013920
0.00003907
0.00010139
0.00017276
0.00011596
0.00015795
0.00014588
0.00007502
0.00011055
0.00017133
0.00015988
0.00011348
0.00008733
0.00012567
0.00003700
0.00010614
0.00014847
0.00008684
0.00013069
0.00011752
0.00014563
0.00016348
0.00010023
0.00010993
0.00009847
0.00011770
0.00014060
0.00010608
0.00024484
0.00012917
0.00007126
0.00009751
0.00019895
0.00008448
0.00013697
0.00010181
0.00009491
0.00013980
0.00014992
0.00011085
0.00004777
0.00009126
0.00006844
0.00015971
0.00011653
0.00014940
0.00017530
0.00013477
0.00009954
0.00007271
0.00012659
0.00012065
0.00009858
0.00009847
0.00023438
0.00009329
0.00006940
0.00008377
0.00003309
0.00016170
0.00007466
0.00013315
0.00009863
0.00010090
0.00007586
0.00012457
0.00009208
0.00014719
0.00013658
0.00016989
0.00007910
0.00011284
0.00015972
0.00008993
0.00011462
0.00009812
0.00011486
0.00008420
0.00012267
0.00008506
0.00011428
0.00011221
0.00012391
0.00017036
0.00016427
0.00013162
0.00006347
0.00005856
0.00016243
0.00013506
0.00010929
0.00014761
0.00006463
0.00011089
0.00015205
0.00013284
0.00007725
0.00004393
0.00015364
0.00011500
0.00009540
0.00012792
0.00016691
0.00013770
0.00010712
0.00016366
0.00007592
0.00012569
0.00008532
0.00014437
0.00014183
0.00008430
0.00011436
0.00014228
0.00011822
0.00015189
0.00005204
0.00011497
0.00011841
0.00008329
0.00009091
0.00016183
0.00014449
0.00005406
0.00016806
0.00015359
0.00013218
0.00013207
0.00014615
0.00008836
0.00014884
0.00012350
0.00010944
0.00012623
0.00009935
0.00017063
0.00011329
0.00007980
0.00014959
0.00007427
0.00011570
0.00019026
0.00012509
0.00003825
0.00010973
0.00008207
0.00011562
0.00012229
0.00014499
0.00011895
0.00011698
0.00011474
0.00016032
0.00010597
0.00010079
0.00015055
0.00009006
0.00008697
0.00011895
0.00007543
0.00011132
0.00015136
0.00008026
0.00009273
0.00010646
0.00004391
0.00013635
0.00013277
0.00009543
0.00016329
0.00013518
0.00009580
0.00011489
0.00012092
0.00013342
0.00010892
0.00008670
0.00013920
0.00010484
0.00010715
0.00020384
0.00009041
0.00016147
0.00008425
0.00013809
0.00011798
0.00015409
0.00010482
0.00003328
0.00011737
0.00014041
0.00010648
0.00008375
0.00015978
0.00013005
0.00015104
0.00015984
0.00012671
0.00011360
0.00012831
0.00009690
0.00016582
0.00013160
0.00014005
0.00005252
0.00009814
0.00012644
0.00007726
0.00012407
0.00007454
0.00010681
0.00008986
0.00012163
0.00016140
0.00011604
0.00007784
0.00008001
0.00014141
0.00012406
0.00012369
0.00017128
0.00005571
0.00014279
0.00009343
0.00012050
0.00009790
0.00010834
0.00012043
0.00021593
0.00004932
0.00012408
0.00009876
0.00012857
0.00013018
0.00009322
0.00013798
0.00003801
0.00005874
0.00010041
0.00009582
0.00015052
0.00011304
0.00012168
0.00010873
0.00009773
0.00012901
0.00013748
0.00012465
0.00014818
0.00009448
0.00010118
0.00015182
0.00010600
0.00012010
0.00009641
0.00020234
0.00013903
0.00006138
0.00021446
0.00013086
0.00004796
0.00006708
0.00019937
0.00008622
0.00016536
0.00012143
0.00012459
0.00014641
0.00008718
0.00009580
0.00011897
0.00019098
0.00013418
0.00003381
0.00011066
0.00007789
0.00014167
0.00016972
0.00006401
0.00016266
0.00013235
0.00015269
0.00014693
0.00008204
0.00009389
0.00005607
0.00013327
0.00021405
0.00014241
0.00008273
0.00007627
0.00008578
0.00017427
0.00010453
0.00012866
0.00012625
0.00010291
0.00009183
0.00008338
0.00004120
0.00008847
0.00019023
0.00017971
0.00012590
0.00013563
0.00014323
0.00009538
0.00009512
0.00019528
0.00009400
0.00012721
0.00012843
0.00012112
0.00014715
0.00017656
0.00008062
0.00011746
0.00014012
0.00011506
0.00006395
0.00014166
0.00015019
0.00012126
0.00012807
0.00010619
0.00018292
0.00012868
0.00007277
0.00009821
0.00013719
0.00013055
0.00015756
0.00012478
0.00003951
0.00012269
0.00013000
0.00015866
0.00015249
0.00019171
0.00005188
0.00014246
0.00012193
0.00005237
0.00006241
0.00013497
0.00004424
0.00015919
0.00019392
0.00010936
0.00007874
0.00010240
0.00017416
0.00009599
0.00016285
0.00014987
0.00012826
0.00014840
0.00013718
0.00007953
0.00010010
0.00022735
0.00010652
0.00014960
0.00012449
0.00005771
0.00003237
0.00008673
0.00011306
0.00009939
0.00019152
0.00009880
0.00010514
0.00012083
0.00012426
0.00021701
0.00013128
0.00005810
0.00008189
0.00012032
0.00012107
0.00013775
0.00010836
0.00009335
0.00010132
0.00007156
0.00007861
0.00011918
0.00012078
0.00022480
0.00015054
0.00007502
0.00014799
0.00017201
0.00013676
0.00009432
0.00011802
0.00011395
0.00015206
0.00024250
0.00007028
0.00013001
0.00005437
0.00011624
0.00014985
0.00014697
0.00014294
0.00004971
0.00016515
0.00009826
0.00008435
0.00012753
0.00014678
0.00011178
0.00008580
0.00008511
0.00013742
0.00012578
0.00008897
0.00003333
0.00010414
0.00011167
0.00011939
0.00009619
0.00004512
0.00013055
0.00013963
0.00014124
0.00011864
0.00009875
0.00003259
0.00010401
0.00005775
0.00009944
0.00007114
0.00011355
0.00007368
0.00011323
0.00005453
0.00016342
0.00011023
0.00009842
0.00008913
0.00015702
0.00020819
0.00012484
0.00015729
0.00008723
0.00016328
0.00012830
0.00009573
0.00009769
0.00013100
0.00016530
0.00005876
0.00011242
0.00013880
0.00015441
0.00007054
0.00014898
0.00003754
0.00011099
0.00011273
0.00012899
0.00009334
0.00014174
0.00011028
0.00031575
0.00015287
0.00014865
0.00011970
0.00006139
0.00011369
0.00014558
0.00007051
0.00010410
0.00011777
0.00005785
0.00015865
0.00015300
0.00007598
0.00019691
0.00017437
0.00011708
0.00003208
0.00006715
0.00028316
0.00019500
0.00016704
0.00009313
0.00017258
0.00012708
0.00010560
0.00011927
0.00012927
0.00013271
0.00015278
0.00012498
0.00009487
0.00003906
0.00007669
0.00007011
0.00012609
0.00013419
0.00003711
0.00007609
0.00011428
0.00007679
0.00011010
0.00020668
0.00012894
0.00018019
0.00017812
0.00009317
0.00012558
0.00003388
0.00003821
0.00010424
0.00010167
0.00009049
0.00005660
0.00013476
0.00014518
0.00020045
0.00010773
0.00013795
0.00009048
0.00011381
0.00011962
0.00003499
0.00007696
0.00010811
0.00003862
0.00010703
0.00007352
0.00009014
0.00021594
0.00007299
0.00009639
0.00004067
0.00014860
0.00014187
0.00016855
0.00014185
0.00008748
0.00007632
0.00016886
0.00008928
0.00011987
0.00016441
0.00014649
0.00012394
0.00010703
0.00013443
0.00009114
0.00017167
0.00007926
0.00009080
0.00021245
0.00015934
0.00012281
0.00014554
0.00011670
0.00009188
0.00006793
0.00012869
0.00021271
0.00015567
0.00017908
0.00010235
0.00008623
0.00010819
0.00010344
0.00014733
0.00009796
0.00006829
0.00013905
0.00013428
0.00006016
0.00004175
0.00013184
0.00005003
0.00011427
0.00010328
0.00015558
0.00024459
0.00016064
0.00013690
0.00002936
0.00009844
0.00008144
0.00011833
0.00011494
0.00008266
0.00004447
0.00016899
0.00012834
0.00013960
0.00009171
0.00011021
0.00009161
0.00009772
0.00018473
0.00018556
0.00011993
0.00006907
0.00012683
0.00020025
0.00006891
0.00014535
0.00017730
0.00014024
0.00017961
0.00016033
0.00008978
0.00011557
0.00008807
0.00010298
0.00010497
0.00010039
0.00017485
0.00009904
0.00018476
0.00008763
0.00017002
0.00015113
0.00017120
0.00009233
0.00009860
0.00015080
0.00015067
0.00013384
0.00007222
0.00010297
0.00016941
0.00009027
0.00020893
0.00014582
0.00015066
0.00011072
0.00020546
0.00004637
0.00009106
0.00014682
0.00015832
0.00011349
0.00006804
0.00013744
0.00007209
0.00013973
0.00010937
0.00005005
0.00012231
0.00009241
0.00015221
0.00014903
0.00011527
0.00006367
0.00015475
0.00015684
0.00014672
0.00012356
0.00014586
0.00009137
0.00009941
0.00015320
0.00012231
0.00013510
0.00014985
0.00010501
0.00008371
0.00011951
0.00008699
0.00009989
0.00012982
0.00022794
0.00012989
0.00014494
0.00007624
0.00015914
0.00009095
0.00018115
0.00011157
0.00009505
0.00019984
0.00011912
0.00014006
0.00015053
0.00015804
0.00005107
0.00021198
0.00011558
0.00011884
0.00012943
0.00014579
0.00011567
0.00006603
0.00009178
0.00008734
0.00011057
0.00010653
0.00013487
0.00014816
0.00008795
0.00016254
0.00014602
0.00012139
0.00009452
0.00013264
0.00020850
0.00012036
0.00009215
0.00012377
0.00002314
0.00005783
0.00010802
0.00014224
0.00012802
0.00007844
0.00014838
0.00012705
0.00013033
0.00010476
0.00007430
0.00007337
0.00012422
0.00011591
0.00013419
0.00006367
0.00016495
0.00007694
0.00017289
0.00009075
0.00012587
0.00014615
0.00015500
0.00006576
0.00005188
0.00012980
0.00010610
0.00012125
0.00020238
0.00015291
0.00012631
0.00006931
0.00007518
0.00015910
0.00010067
0.00009710
0.00010032
0.00016619
0.00009474
0.00011219
0.00013539
0.00006656
0.00011274
0.00014728
0.00017552
0.00009404
0.00003799
0.00013949
0.00010823
0.00015588
0.00007808
0.00013777
0.00010035
0.00011552
0.00007256
0.00010244
0.00014824
0.00010845
0.00013725
0.00013301
0.00013242
0.00012528
0.00012460
0.00013264
0.00011245
0.00009136
0.00016268
0.00006591
0.00012104
0.00014284
0.00007659
0.00008973
