0.00015402
0.00016554
0.00010678
0.00012795
0.00004935
0.00020741
0.00018254
0.00018202
0.00012467
0.00010635
0.00022179
0.00016191
0.00014603
0.00019007
0.00023580
0.00026884
0.00013581
0.00017495
0.00014074
0.00023678
0.00014405
0.00012247
0.00020228
0.00022754
0.00018292
0.00011654
0.00018189
0.00016542
0.00017994
0.00024130
0.00016666
0.00022349
0.00030605
0.00005281
0.00010466
0.00019760
0.00015884
0.00018586
0.00011502
0.00023225
0.00021527
0.00021549
0.00017264
0.00022065
0.00019758
0.00014774
0.00015392
0.00015408
0.00020656
0.00014733
0.00017809
0.00017263
0.00013631
0.00016038
0.00011050
0.00006768
0.00016438
0.00013485
0.00021321
0.00015107
0.00014521
0.00017354
0.00020981
0.00016030
0.00009895
0.00015379
0.00020623
0.00014478
0.00017833
0.00012186
0.00012170
0.00027257
0.00018516
0.00017120
0.00015466
0.00014634
0.00015945
0.00014162
0.00016200
0.00017508
0.00011960
0.00023073
0.00024940
0.00018499
0.00015354
0.00015439
0.00019923
0.00011949
0.00018474
0.00022553
0.00024934
0.00014155
0.00016422
0.00004481
0.00023809
0.00007387
0.00008844
0.00012880
0.00016380
0.00011548
0.00018261
0.00023743
0.00016771
0.00009232
0.00032405
0.00008807
0.00031522
0.00020895
0.00018111
0.00015923
0.00015918
0.00019051
0.00016161
0.00017819
0.00011390
0.00019708
0.00014659
0.00021487
0.00015009
0.00016579
0.00021875
0.00032236
0.00015392
0.00024238
0.00018564
0.00014637
0.00009068
0.00018331
0.00017606
0.00018045
0.00015602
0.00018512
0.00019216
0.00021686
0.00018224
0.00006461
0.00014723
0.00011322
0.00007884
0.00013245
0.00020689
0.00019040
0.00009545
0.00016916
0.00019336
0.00019008
0.00013203
0.00006348
0.00013751
0.00018442
0.00010220
0.00014176
0.00014273
0.00011762
0.00014060
0.00016199
0.00026771
0.00008193
0.00011138
0.00017534
0.00019596
0.00011260
0.00016245
0.00015151
0.00019597
0.00016207
0.00022352
0.00015286
0.00012776
0.00013179
0.00018994
0.00018884
0.00016565
0.00019194
0.00013119
0.00013206
0.00024556
0.00010687
0.00016959
0.00004889
0.00032322
0.00015344
0.00011939
0.00018250
0.00011793
0.00011810
0.00010142
0.00023193
0.00017056
0.00019316
0.00005498
0.00013974
0.00025885
0.00018547
0.00022418
0.00011277
0.00010855
0.00012088
0.00015231
0.00019087
0.00024332
0.00021167
0.00019683
0.00021220
0.00024464
0.00011118
0.00014765
0.00012179
0.00020505
0.00007311
0.00015715
0.00011920
0.00026038
0.00016603
0.00011074
0.00019406
0.00018099
0.00019427
0.00030641
0.00017343
0.00018020
0.00021380
0.00021485
0.00023659
0.00020441
0.00023566
0.00019790
0.00005940
0.00014675
0.00016843
0.00019796
0.00019982
0.00021638
0.00013312
0.00014950
0.00015885
0.00016354
0.00021515
0.00016159
0.00013902
0.00015898
0.00016899
0.00007014
0.00021636
0.00004559
0.00019906
0.00013359
0.00012112
0.00016247
0.00019597
0.00019751
0.00015941
0.00010678
0.00014640
0.00023906
0.00016828
0.00015959
0.00013659
0.00017647
0.00022079
0.00016518
0.00015129
0.00020133
0.00013244
0.00006107
0.00022631
0.00022196
0.00016648
0.00008356
0.00023761
0.00017602
0.00013339
0.00006897
0.00017381
0.00010162
0.00026557
0.00015578
0.00011980
0.00028527
0.00016225
0.00002578
0.00025908
0.00004936
0.00020291
0.00019911
0.00018720
0.00020131
0.00011566
0.00012704
0.00020113
0.00016611
0.00008987
0.00016611
0.00018239
0.00019208
0.00023011
0.00011731
0.00024407
0.00025016
0.00019946
0.00015132
0.00018300
0.00017484
0.00010340
0.00014020
0.00022136
0.00006898
0.00020679
0.00013491
0.00014865
0.00022922
0.00011556
0.00011756
0.00023794
0.00010302
0.00012588
0.00013322
0.00016352
0.00012795
0.00024378
0.00013806
0.00016617
0.00012205
0.00022743
0.00013856
0.00009583
0.00017325
0.00013037
0.00012855
0.00019508
0.00016304
0.00016811
0.00021781
0.00019660
0.00015639
0.00026896
0.00011329
0.00014036
0.00019620
0.00013108
0.00018343
0.00019570
0.00021506
0.00016630
0.00015094
0.00014623
0.00008709
0.00040461
0.00021319
0.00020654
0.00016233
0.00015348
0.00010148
0.00013022
0.00024824
0.00016322
0.00012387
0.00015786
0.00017246
0.00028405
0.00021881
0.00021418
0.00014680
0.00018888
0.00014575
0.00011817
0.00023122
0.00016226
0.00019900
0.00005585
0.00014495
0.00024698
0.00016579
0.00022582
0.00020855
0.00010725
0.00015805
0.00024494
0.00022858
0.00016223
0.00012485
0.00017966
0.00005290
0.00015174
0.00021226
0.00012415
0.00018684
0.00016802
0.00020820
0.00023372
0.00014329
0.00015716
0.00014078
0.00016826
0.00020100
0.00015165
0.00035003
0.00018467
0.00010187
0.00013941
0.00028443
0.00012077
0.00019582
0.00014555
0.00013569
0.00019987
0.00021433
0.00015848
0.00006830
0.00013047
0.00009785
0.00022832
0.00016660
0.00021358
0.00025061
0.00019267
0.00014230
0.00010395
0.00018098
0.00017249
0.00014093
0.00014078
0.00033509
0.00013337
0.00009922
0.00011976
0.00004730
0.00023117
0.00010674
0.00019035
0.00014100
0.00014425
0.00010845
0.00017809
0.00013165
0.00021043
0.00019527
0.00024288
0.00011309
0.00016132
0.00022835
0.00012856
0.00016386
0.00014028
0.00016420
0.00012038
0.00017537
0.00012160
0.00016337
0.00016042
0.00017714
0.00024355
0.00023485
0.00018817
0.00009074
0.00008372
0.00023222
0.00019309
0.00015625
0.00021103
0.00009240
0.00015853
0.00021738
0.00018992
0.00011044
0.00006280
0.00021965
0.00016441
0.00013639
0.00018288
0.00023862
0.00019686
0.00015314
0.00023397
0.00010853
0.00017969
0.00012198
0.00020640
0.00020277
0.00012053
0.00016349
0.00020341
0.00016902
0.00021715
0.00007440
0.00016437
0.00016929
0.00011908
0.00012997
0.00023137
0.00020657
0.00007728
0.00024026
0.00021957
0.00018897
0.00018881
0.00020895
0.00012632
0.00021279
0.00017656
0.00015645
0.00018046
0.00014203
0.00024394
0.00016196
0.00011409
0.00021386
0.00010618
0.00016540
0.00027201
0.00017883
0.00005468
0.00015688
0.00011734
0.00016529
0.00017483
0.00020729
0.00017005
0.00016724
0.00016403
0.00022919
0.00015150
0.00014410
0.00021523
0.00012876
0.00012433
0.00017005
0.00010784
0.00015915
0.00021639
0.00011474
0.00013256
0.00015220
0.00006277
0.00019493
0.00018981
0.00013643
0.00023344
0.00019325
0.00013696
0.00016425
0.00017288
0.00019074
0.00015571
0.00012395
0.00019900
0.00014989
0.00015318
0.00029142
0.00012926
0.00023084
0.00012044
0.00019742
0.00016866
0.00022029
0.00014985
0.00004758
0.00016780
0.00020074
0.00015223
0.00011974
0.00022843
0.00018592
0.00021593
0.00022852
0.00018115
0.00016240
0.00018344
0.00013853
0.00023706
0.00018813
0.00020022
0.00007509
0.00014030
0.00018076
0.00011045
0.00017738
0.00010656
0.00015270
0.00012846
0.00017388
0.00023074
0.00016590
0.00011128
0.00011438
0.00020216
0.00017736
0.00017684
0.00024487
0.00007965
0.00020414
0.00013357
0.00017228
0.00013997
0.00015489
0.00017217
0.00030870
0.00007050
0.00017739
0.00014119
0.00018380
0.00018611
0.00013327
0.00019726
0.00005434
0.00008397
0.00014355
0.00013699
0.00021519
0.00016161
0.00017395
0.00015544
0.00013972
0.00018444
0.00019655
0.00017820
0.00021184
0.00013507
0.00014466
0.00021705
0.00015153
0.00017170
0.00013783
0.00028928
0.00019876
0.00008775
0.00030660
0.00018708
0.00006857
0.00009589
0.00028503
0.00012326
0.00023640
0.00017361
0.00017811
0.00020932
0.00012464
0.00013696
0.00017008
0.00027304
0.00019183
0.00004833
0.00015820
0.00011136
0.00020254
0.00024264
0.00009151
0.00023255
0.00018921
0.00021829
0.00021005
0.00011729
0.00013422
0.00008016
0.00019053
0.00030602
0.00020359
0.00011828
0.00010903
0.00012263
0.00024914
0.00014944
0.00018394
0.00018050
0.00014712
0.00013128
0.00011920
0.00005890
0.00012648
0.00027196
0.00025692
0.00017999
0.00019390
0.00020477
0.00013636
0.00013599
0.00027918
0.00013439
0.00018187
0.00018361
0.00017316
0.00021037
0.00025242
0.00011526
0.00016792
0.00020033
0.00016449
0.00009142
0.00020252
0.00021471
0.00017336
0.00018309
0.00015182
0.00026151
0.00018397
0.00010404
0.00014041
0.00019613
0.00018664
0.00022525
0.00017839
0.00005648
0.00017541
0.00018585
0.00022683
0.00021800
0.00027408
0.00007417
0.00020366
0.00017432
0.00007487
0.00008922
0.00019296
0.00006325
0.00022759
0.00027723
0.00015634
0.00011256
0.00014640
0.00024899
0.00013723
0.00023282
0.00021426
0.00018336
0.00021216
0.00019612
0.00011370
0.00014310
0.00032503
0.00015228
0.00021387
0.00017798
0.00008250
0.00004628
0.00012400
0.00016164
0.00014209
0.00027381
0.00014126
0.00015031
0.00017274
0.00017765
0.00031024
0.00018768
0.00008306
0.00011707
0.00017201
0.00017309
0.00019694
0.00015491
0.00013346
0.00014485
0.00010231
0.00011239
0.00017039
0.00017268
0.00032138
0.00021522
0.00010725
0.00021157
0.00024591
0.00019551
0.00013484
0.00016872
0.00016291
0.00021738
0.00034669
0.00010048
0.00018587
0.00007772
0.00016619
0.00021423
0.00021011
0.00020435
0.00007106
0.00023611
0.00014048
0.00012060
0.00018232
0.00020984
0.00015980
0.00012266
0.00012168
0.00019646
0.00017983
0.00012719
0.00004765
0.00014888
0.00015965
0.00017068
0.00013752
0.00006450
0.00018664
0.00019963
0.00020192
0.00016962
0.00014118
0.00004659
0.00014870
0.00008256
0.00014217
0.00010171
0.00016234
0.00010534
0.00016188
0.00007796
0.00023363
0.00015758
0.00014070
0.00012742
0.00022449
0.00029764
0.00017847
0.00022487
0.00012471
0.00023344
0.00018342
0.00013685
0.00013966
0.00018728
0.00023632
0.00008400
0.00016073
0.00019843
0.00022075
0.00010085
0.00021299
0.00005367
0.00015868
0.00016116
0.00018440
0.00013344
0.00020264
0.00015766
0.00045141
0.00021854
0.00021252
0.00017113
0.00008776
0.00016253
0.00020812
0.00010081
0.00014882
0.00016837
0.00008271
0.00022681
0.00021873
0.00010863
0.00028151
0.00024929
0.00016738
0.00004587
0.00009600
0.00040482
0.00027878
0.00023881
0.00013315
0.00024673
0.00018168
0.00015098
0.00017051
0.00018481
0.00018972
0.00021842
0.00017868
0.00013562
0.00005584
0.00010964
0.00010024
0.00018026
0.00019185
0.00005306
0.00010878
0.00016338
0.00010979
0.00015740
0.00029548
0.00018434
0.00025761
0.00025465
0.00013320
0.00017954
0.00004844
0.00005462
0.00014902
0.00014535
0.00012937
0.00008092
0.00019266
0.00020755
0.00028658
0.00015401
0.00019722
0.00012935
0.00016270
0.00017102
0.00005002
0.00011002
0.00015456
0.00005521
0.00015301
0.00010511
0.00012886
0.00030871
0.00010436
0.00013780
0.00005814
0.00021245
0.00020282
0.00024096
0.00020279
0.00012506
0.00010911
0.00024140
0.00012763
0.00017137
0.00023505
0.00020943
0.00017719
0.00015301
0.00019218
0.00013030
0.00024542
0.00011331
0.00012981
0.00030373
0.00022780
0.00017557
0.00020807
0.00016683
0.00013136
0.00009712
0.00018398
0.00030410
0.00022256
0.00025601
0.00014633
0.00012328
0.00015467
0.00014788
0.00021063
0.00014005
0.00009763
0.00019879
0.00019198
0.00008601
0.00005969
0.00018848
0.00007153
0.00016336
0.00014766
0.00022243
0.00034968
0.00022965
0.00019571
0.00004197
0.00014073
0.00011642
0.00016917
0.00016432
0.00011817
0.00006358
0.00024159
0.00018348
0.00019958
0.00013111
0.00015756
0.00013097
0.00013971
0.00026409
0.00026529
0.00017146
0.00009874
0.00018132
0.00028629
0.00009852
0.00020780
0.00025348
0.00020050
0.00025678
0.00022921
0.00012835
0.00016522
0.00012590
0.00014722
0.00015007
0.00014352
0.00024998
0.00014159
0.00026413
0.00012527
0.00024306
0.00021607
0.00024475
0.00013200
0.00014096
0.00021560
0.00021540
0.00019134
0.00010325
0.00014721
0.00024219
0.00012906
0.00029870
0.00020847
0.00021539
0.00015829
0.00029374
0.00006630
0.00013018
0.00020990
0.00022634
0.00016225
0.00009727
0.00019649
0.00010307
0.00019977
0.00015635
0.00007155
0.00017486
0.00013212
0.00021761
0.00021306
0.00016479
0.00009103
0.00022124
0.00022422
0.00020975
0.00017664
0.00020853
0.00013063
0.00014212
0.00021902
0.00017486
0.00019315
0.00021423
0.00015013
0.00011967
0.00017086
0.00012437
0.00014281
0.00018559
0.00032587
0.00018570
0.00020721
0.00010900
0.00022752
0.00013003
0.00025898
0.00015951
0.00013589
0.00028570
0.00017029
0.00020024
0.00021521
0.00022594
0.00007301
0.00030305
0.00016524
0.00016990
0.00018504
0.00020843
0.00016536
0.00009439
0.00013121
0.00012487
0.00015807
0.00015230
0.00019281
0.00021182
0.00012574
0.00023237
0.00020875
0.00017354
0.00013514
0.00018963
0.00029807
0.00017207
0.00013174
0.00017695
0.00003309
0.00008268
0.00015442
0.00020335
0.00018302
0.00011214
0.00021213
0.00018164
0.00018632
0.00014976
0.00010622
0.00010489
0.00017759
0.00016571
0.00019184
0.00009103
0.00023581
0.00011000
0.00024717
0.00012975
0.00017996
0.00020895
0.00022159
0.00009401
0.00007417
0.00018557
0.00015168
0.00017335
0.00028933
0.00021860
0.00018058
0.00009909
0.00010749
0.00022746
0.00014392
0.00013882
0.00014342
0.00023759
0.00013544
0.00016040
0.00019356
0.00009516
0.00016118
0.00021055
0.00025093
0.00013445
0.00005431
0.00019942
0.00015473
0.00022286
0.00011163
0.00019696
0.00014346
0.00016515
0.00010373
0.00014645
0.00021193
0.00015505
0.00019622
0.00019016
0.00018932
0.00017910
0.00017813
0.00018962
0.00016077
0.00013061
0.00023257
0.00009423
0.00017305
0.00020420
0.00010949
0.00012829
