0.00011605045
8.485516e-05
0.00019202931
3.153232e-05
0.0002812089
0.00054113264
0.00028556603
8.6161344e-05
1.8579518e-05
1.5071535e-05
3.0229741e-05
8.6008295e-05
7.244712e-05
2.4793915e-05
1.724868e-05
0.00011862857
0.00013064008
0.0001507869
0.00024499718
0.00039178526
0.00026052553
1.6574311e-05
0.00022017329
4.2932817e-05
7.1910625e-05
3.158897e-05
0.00014227635
2.7327655e-05
0.00020059056
0.00016235214
1.9086254e-05
3.2876e-05
0.00012118793
0.00010155505
0.000135417
0.00019684368
5.5533248e-05
4.9554343e-05
1.365913e-05
2.1191343e-05
0.00012895932
9.742177e-05
0.00021823781
0.00021697904
0.00017028465
0.00010905252
2.4370545e-05
7.316245e-05
8.259012e-05
0.00011738172
0.00031616783
0.00011092591
0.00014167464
8.864909e-05
2.5954849e-05
4.5159566e-05
9.3721246e-05
0.0003309323
0.00013594801
0.0001864781
5.9662376e-05
2.758754e-05
0.00016171698
3.0090481e-05
1.919071e-05
8.380685e-05
7.3458534e-05
0.00014533363
0.00018184539
9.037464e-05
0.00025840147
0.0002613876
1.860698e-05
1.7821903e-05
3.2158943e-05
0.00011236353
5.7229583e-05
3.1603016e-05
8.37472e-05
6.235044e-05
0.00018718699
6.694769e-05
9.533056e-05
0.00016958776
6.310648e-05
0.00016192404
0.00011392751
0.00010633053
5.792574e-05
0.0002827095
0.00014161377
8.464806e-05
0.00018231457
0.0003109798
3.0727e-05
0.0001417534
0.00016220017
3.5945974e-05
7.589698e-05
4.3585722e-05
9.6209435e-05
0.0003168616
0.00023795442
0.00017582292
3.680174e-05
0.00020200758
3.7070102e-05
0.00010025257
0.00018519639
0.0001424695
0.000121506644
7.1207636e-05
0.000106998705
2.892468e-05
6.364575e-05
7.012011e-05
0.00023602649
0.00013511519
7.2838084e-05
0.000113216185
0.00023706368
2.5407666e-05
0.00014055053
0.00015622909
3.8369722e-05
2.3217883e-05
8.419067e-05
8.3790816e-05
3.1967404e-05
8.446561e-05
0.00021810741
0.00019363743
8.415598e-05
0.00015162159
8.4117855e-05
8.490032e-05
4.6525533e-05
0.00022407774
3.7764188e-05
1.821437e-05
2.4664552e-05
3.143828e-05
0.00010451361
0.00022397692
3.081136e-05
0.00027544782
0.00027075087
2.3905503e-05
0.00023212384
9.052247e-05
0.00027994267
0.00017629341
5.8394337e-05
0.00017427336
5.525254e-05
0.00012476386
3.0948122e-05
0.000104100145
0.0001432631
0.00013026831
2.6983018e-05
9.864944e-05
1.9874218e-05
0.00018413282
0.00023695515
0.00016515853
0.00016732782
0.00016997066
0.00024159752
0.00013547289
0.00021090385
8.2884726e-05
0.00017368257
0.00016387967
3.5553392e-05
0.0002265889
1.5280835e-05
0.00024670907
0.00023683348
8.364981e-05
2.4920872e-05
7.921892e-05
1.45150625e-05
0.00014149303
3.0444024e-05
0.000110876936
3.7087026e-05
8.931225e-05
5.6281486e-05
2.2286185e-05
8.110251e-05
6.600084e-05
6.666985e-05
0.00016818245
2.2173457e-05
0.00035389792
0.00016245343
0.0002559518
1.3943009e-05
0.00018632546
0.00010802684
2.6969203e-05
0.00011879414
1.7929411e-05
0.00021438672
3.5985846e-05
0.000100014775
0.00010547331
0.0001380007
8.413855e-05
1.951631e-05
0.0003552943
0.00011281906
0.00019981495
0.00017114323
7.019232e-05
1.8731682e-05
5.0912495e-05
8.567777e-05
6.442426e-05
2.1324406e-05
6.6030836e-05
9.9435085e-05
2.3880628e-05
0.00011305214
3.0471414e-05
4.8172154e-05
5.512622e-05
0.00017734649
2.3329145e-05
0.0001257198
0.0002809072
0.000116116855
7.223572e-05
0.000107778
0.00013688786
0.000181914
0.00012372555
0.00010305521
0.00012137189
5.227508e-05
0.00015689849
0.0001407234
0.0003151026
0.00014242224
0.000102164064
1.5725986e-05
0.00013274442
3.6304675e-05
3.6763864e-05
0.00010158827
0.00015648424
8.290927e-05
3.0374911e-05
2.0592117e-05
0.00024270089
8.30513e-05
5.1116305e-05
0.00019051944
2.1368744e-05
0.00018906665
3.4593613e-05
0.00012470629
2.9271801e-05
1.6664477e-05
4.5785677e-05
6.115029e-05
7.849485e-05
0.00013767056
9.703904e-05
6.557941e-05
2.436058e-05
4.187692e-05
1.9842855e-05
0.00029440515
0.00014922835
5.300625e-05
5.2470758e-05
0.00016058375
0.00016777862
0.00018283901
4.350763e-05
9.536786e-05
7.86882e-05
5.541271e-05
0.00012688279
7.1891984e-05
2.7961714e-05
0.00018364859
2.041895e-05
2.067802e-05
2.3146536e-05
5.3883272e-05
2.60241e-05
0.00034153133
8.15334e-05
8.286373e-05
0.00010375311
0.00012685734
1.9290335e-05
0.00015814298
0.00010676568
5.5258908e-05
6.72817e-05
0.00030171746
0.0002265495
2.8436763e-05
0.0001983282
0.00013988462
3.1969015e-05
0.0001483024
0.00010431185
6.951731e-05
0.00012504593
0.0002421816
0.00027559913
1.850985e-05
0.00018470167
0.0001326909
2.8811886e-05
0.00014642207
0.00013238112
2.789157e-05
3.7143494e-05
3.072795e-05
1.6737933e-05
5.4061235e-05
0.0002536632
9.224497e-05
9.82635e-05
0.00028329348
0.00014724057
3.0875715e-05
0.00019250871
4.2496442e-05
0.00023079084
9.48608e-05
3.4082434e-05
2.867727e-05
0.00018808499
3.2572214e-05
6.915051e-05
0.00017945509
6.536453e-05
6.832716e-05
0.000109941386
0.00026398757
3.9049188e-05
5.1260115e-05
0.00016673507
9.361208e-05
2.7777529e-05
0.000102160004
0.00019393295
0.00014304888
0.00012976916
2.6848198e-05
0.00011415122
2.2577056e-05
4.441939e-05
0.00011486853
3.932555e-05
5.4368305e-05
5.5184337e-05
0.00014371378
3.647083e-05
0.00026619845
0.00023337346
0.00016318452
1.6233696e-05
5.6405563e-05
0.00042098082
0.00012277639
4.6693604e-05
0.0003319534
2.8219194e-05
2.4323614e-05
0.0001674469
0.00014967313
6.722044e-05
8.5853426e-05
0.00031476343
0.00020736153
0.0002914435
1.866737e-05
0.00021796358
0.00028665183
9.164455e-05
0.00027122063
0.00026375827
0.00025547287
6.817328e-05
0.00017142325
0.00023246839
2.7405615e-05
0.00017261875
0.00020798737
5.640716e-05
0.000104292376
0.000104962055
1.5229698e-05
7.1621835e-05
6.0240523e-05
0.00019939369
2.6727032e-05
1.5992997e-05
1.5095486e-05
6.621162e-05
0.00011460312
0.00016238264
0.0001495829
3.118014e-05
7.357314e-05
0.00013705072
0.00017870509
1.5215605e-05
0.00020816855
0.00010340208
3.748081e-05
0.00015821836
0.00020219889
0.0003801161
5.6368914e-05
0.00011048363
1.7322984e-05
0.00012100314
0.00016944167
0.0001516709
0.00011235581
8.308714e-05
0.00013821242
5.001831e-05
0.00035458378
9.5160416e-05
0.00018500416
2.0325047e-05
3.896044e-05
0.00027053253
4.5459354e-05
0.00017062404
0.00010368994
2.6145744e-05
0.00015281352
0.00033407495
0.00024323455
0.00022686562
5.8284357e-05
8.880434e-05
0.0003266935
1.6685715e-05
0.00014361287
1.9608318e-05
0.0001327061
0.000113638904
5.723229e-05
5.344133e-05
0.00011534824
4.4619723e-05
0.00011830742
0.00016280565
0.00016982557
6.7668225e-05
6.346688e-05
2.1650474e-05
0.00013811416
7.576794e-05
8.7814384e-05
2.1045396e-05
0.00029148883
0.00011134467
0.000266781
7.5209195e-05
6.109519e-05
5.2441745e-05
4.6404297e-05
2.771901e-05
0.0001353684
0.00010723903
0.00028212692
7.934716e-05
0.00016083686
1.5912161e-05
0.00019376712
6.9211375e-05
5.9574773e-05
7.240802e-05
8.4320345e-05
5.366095e-05
6.863098e-05
8.836597e-05
0.00019780395
0.00033156344
0.0005093814
5.7879617e-05
4.0314215e-05
0.00015742818
0.00011002616
0.0001703365
0.00013537033
0.00015566606
0.00014562017
2.1341688e-05
5.8455782e-05
1.8390972e-05
3.9775085e-05
0.00020864648
0.00028450528
3.8210415e-05
0.00012203899
7.152825e-05
0.00022243599
3.1642685e-05
4.5106222e-05
4.626999e-05
0.00015045644
0.00011195233
0.00012853739
7.1532246e-05
7.52092e-05
0.0001378291
3.772904e-05
4.812013e-05
9.633865e-05
8.183771e-05
5.1786046e-05
9.471874e-05
0.00011191398
8.530384e-05
0.00012253562
0.00019082775
0.00012569789
0.00013153799
2.957695e-05
0.00018768194
2.1549098e-05
7.075212e-05
6.7415975e-05
9.9493904e-05
0.00018074772
0.0001828456
3.1200656e-05
0.00015490138
9.9665165e-05
0.00011140383
4.7337202e-05
0.000112039
9.8834455e-05
4.2843025e-05
0.00016542515
0.0001726576
0.00011333431
0.00015167601
9.203575e-05
7.429112e-05
6.507768e-05
8.220158e-05
0.00011490612
1.9500616e-05
0.0002101745
0.00028758537
0.00017314126
5.48549e-05
6.0348688e-05
0.00029086974
2.1937898e-05
4.181129e-05
7.352026e-05
0.0002449325
0.00011546518
1.8963809e-05
3.457535e-05
3.0730745e-05
2.5801231e-05
2.0428166e-05
8.08865e-05
0.00026018458
