0.0024406456
0.0038109932
0.0008904359
0.004988434
0.004426769
0.0027946655
0.0010741713
0.0010045773
0.005424144
0.002401305
0.0037571825
0.001551662
0.0034848095
0.0007297892
0.0008220409
0.0025677623
0.0025924952
0.0017298685
0.003404382
0.0029308298
0.0009958245
0.0014662623
0.0024218312
0.0007210083
0.0013448772
0.002225728
0.0013795245
0.001973398
0.0049661295
0.0015053
0.0022595415
0.0008914218
0.0051748077
0.0013268999
0.0019554128
0.003803727
0.004526625
0.001409605
0.0037539296
0.0022289443
0.002330784
0.0035518052
0.0047505917
0.004311962
0.0029599632
0.0026862363
0.0044761323
0.0009081219
0.0012741613
0.0022349572
0.001469317
0.0025507195
0.00090480613
0.0013942498
0.004177787
0.0057261977
0.0042069666
0.0009024051
0.00087359315
0.0021677986
0.00833133
0.0012310477
0.002352238
0.0013697732
0.0033329048
0.0011499318
0.000437681
0.0011915092
0.005051636
0.0014658942
0.0033875196
0.0036235552
0.00096260937
0.0008281336
0.0018271719
0.0011900663
0.00091717276
0.0010241356
0.004270183
0.0010371471
0.0014866466
0.001289061
0.0037680757
0.0040151696
0.0016933968
0.0014050021
0.0022689865
0.003839218
0.00071866525
0.0014237348
0.0012979743
0.0008147554
0.0040179505
0.0035018385
0.0025056507
0.0020033359
0.0015621344
0.003045178
0.0007218769
0.0057836627
0.0017561232
0.0010704831
0.001995893
0.0017315014
0.0031564243
0.0008481594
0.0026914857
0.0027172351
0.0010105554
0.001041284
0.0019203048
0.0016105949
0.0024752207
0.0010764786
0.0045618196
0.0029690373
0.0017128367
0.0019567888
0.0009549713
0.0007476267
0.0015926565
0.004447538
0.0017921164
0.0025758725
0.0009771773
0.0011374435
0.0048363754
0.0016416239
0.0035295312
0.0011208769
0.0006733586
0.0012149338
0.00080005266
0.004771061
0.00093060185
0.001321623
0.004075683
0.0009358146
0.0016482034
0.0009795045
0.00129455
0.0030281697
0.0009087229
0.0008097976
0.0017621052
0.0009727909
0.0031039873
0.0019083603
0.001715149
0.0007996436
0.0024050493
0.0013309959
0.00088867376
0.0012367916
0.0015250695
0.0018920783
0.010120661
0.0016011832
0.0020625559
0.0011004946
0.0017593255
0.0012895588
0.0013463758
0.0049003796
0.0010635259
0.0014565879
0.0006203577
0.000838572
0.0024021356
0.0012921939
0.0022768008
0.0016030787
0.0024264236
0.0013153664
0.0016479853
0.0013481635
0.0013027693
0.0016612286
0.0014829284
0.0009224711
0.0008860844
0.0012406923
0.0011891697
0.0009764766
0.0014235324
0.0006052402
0.0014250448
0.004498158
0.0011971343
0.0021976538
0.0011475763
0.0008971829
0.002228706
0.0043273284
0.0019174541
0.002394115
0.0016545481
0.004061644
0.0012724287
0.0016131367
0.0016108772
0.0036146184
0.002964575
0.0016599626
0.0011219683
0.00080057053
0.0014770259
0.0049269847
0.003084882
0.0022853462
0.0028371077
0.0012628202
0.002916142
0.0025302754
0.0010387781
0.0014057426
0.0018093006
0.001970691
0.0031929514
0.0036114056
0.0023022285
0.0014372518
0.0010925559
0.003970134
0.004727909
0.0014063491
0.0019759734
0.0030645968
0.001346078
0.00094623305
0.0021560525
0.0012210439
0.0026868596
0.0010840445
0.0011194925
0.0009441649
0.008183306
0.0025920908
0.005501758
0.0012873799
0.001226049
0.0029551506
0.0020252173
0.0012401631
0.0010940402
0.0008327136
0.0010321372
0.008470432
0.0010709413
0.0017180782
0.00583969
0.001954553
0.0041589555
0.0012268685
0.0026440413
0.00072105555
0.0023579285
0.0011887787
0.0019157202
0.0047167223
0.00077499694
0.0010997526
0.0033420608
0.001527492
0.0014605606
0.0059523326
0.004182586
0.0015667853
0.0011355166
0.002126438
0.0013210819
0.00311739
0.0017001766
0.0013051654
0.0023097154
0.001957169
0.0031658637
0.004347777
0.0012650874
0.0006755204
0.0010602517
0.0017613872
0.0009961177
0.0013194232
0.006185871
0.0015576932
0.0008316929
0.0023756165
0.004319885
0.0017753787
0.0049733426
0.0073681218
0.0025145411
0.00075376855
0.004687788
0.0016388407
0.0039857966
0.0015687878
0.0022198963
0.0039513935
0.0027495376
0.0011562075
0.0014520878
0.0056452765
0.0013628853
0.0015911971
0.0023697864
0.0022793976
0.0043598656
0.0052372273
0.0018987079
0.0006607546
0.0016854559
0.003966639
0.00082542124
0.0025137167
0.00109068
0.0009821323
0.0060364986
0.0013018582
0.0008909335
0.0016280053
0.0019711466
0.0010049584
0.0016175727
0.0051865713
0.002152169
0.00105912
0.004912903
0.001132993
0.006197385
0.00093688414
0.001949422
0.005416414
0.0015441339
0.002173642
0.00079484936
0.0037722725
0.0022051162
0.0021158468
0.0014211175
0.00082290586
0.0007938618
0.0013530803
0.0026660457
0.0007871881
0.0036288241
0.0020732216
0.003258043
0.0030049293
0.004240144
0.00413413
0.0013507234
0.0022656207
0.0017374128
0.0008936896
0.0039429083
0.004377363
0.006838618
0.0035262597
0.0018843663
0.0042261668
0.001025739
0.0013486183
0.0029533422
0.002440862
0.0017523197
0.0010676588
0.0020615642
0.010772533
0.0016179034
0.0017871129
0.00332319
0.0020019913
0.003124306
0.003645689
0.0010666237
0.005198908
0.0019270872
0.002204006
0.0052815955
0.0015971949
0.001715374
0.0007972594
