8.6121305e-05
0.00013447578
3.142017e-05
0.00017602328
0.00015620422
9.861335e-05
3.790351e-05
3.5447796e-05
0.00019139788
8.473312e-05
0.000132577
5.475238e-05
0.00012296597
2.5751548e-05
2.9006766e-05
9.060678e-05
9.147952e-05
6.104063e-05
0.00012012798
0.00010341808
3.5138943e-05
5.173894e-05
8.545742e-05
2.5441701e-05
4.7455713e-05
7.853766e-05
4.867829e-05
6.9633876e-05
0.00017523624
5.311644e-05
7.973082e-05
3.145496e-05
0.00018259972
4.6821362e-05
6.8999245e-05
0.00013421939
0.00015972776
4.973972e-05
0.00013246221
7.865116e-05
8.22447e-05
0.00012533
0.00016763071
0.00015215311
0.000104446095
9.478729e-05
0.00015794607
3.2044245e-05
4.4960412e-05
7.8863326e-05
5.1846735e-05
9.000541e-05
3.1927244e-05
4.9197894e-05
0.00014741856
0.00020205622
0.0001484482
3.1842523e-05
3.0825853e-05
7.6493554e-05
0.00029398163
4.3439093e-05
8.300173e-05
4.83342e-05
0.000117605814
4.057682e-05
1.5444135e-05
4.204393e-05
0.00017825345
5.1725954e-05
0.00011953297
0.00012786179
3.3966906e-05
2.9221756e-05
6.44741e-05
4.1993015e-05
3.2363616e-05
3.613794e-05
0.00015067887
3.6597066e-05
5.245823e-05
4.548617e-05
0.00013296137
0.0001416804
5.975368e-05
4.95773e-05
8.00641e-05
0.00013547172
2.5359024e-05
5.0238308e-05
4.5800683e-05
2.8749688e-05
0.00014177852
0.00012356686
8.8415094e-05
7.069027e-05
5.5121913e-05
0.00010745301
2.5472353e-05
0.00020408395
6.196705e-05
3.7773367e-05
7.042764e-05
6.1098246e-05
0.000111378475
2.9928393e-05
9.497252e-05
9.588112e-05
3.5658744e-05
3.6743037e-05
6.776042e-05
5.6831905e-05
8.734134e-05
3.7984926e-05
0.00016096965
0.00010476628
6.0439637e-05
6.90478e-05
3.3697386e-05
2.6380967e-05
5.6198925e-05
0.00015693708
6.323712e-05
9.089296e-05
3.4480952e-05
4.013615e-05
0.0001706577
5.79268e-05
0.00012454404
3.9551578e-05
2.3760322e-05
4.2870495e-05
2.8230883e-05
0.000168353
3.2837477e-05
4.663516e-05
0.0001438157
3.3021417e-05
5.8158967e-05
3.4563072e-05
4.5679855e-05
0.00010685285
3.2065454e-05
2.8574746e-05
6.217814e-05
3.432617e-05
0.00010952817
6.733894e-05
6.052123e-05
2.8216447e-05
8.486525e-05
4.6965895e-05
3.135799e-05
4.3641776e-05
5.381403e-05
6.6764405e-05
0.0003571205
5.64998e-05
7.277993e-05
3.8832364e-05
6.208006e-05
4.5503737e-05
4.7508594e-05
0.00017291617
3.7527876e-05
5.1397572e-05
2.1890117e-05
2.9590086e-05
8.476243e-05
4.5596717e-05
8.0339836e-05
5.6566685e-05
8.561947e-05
4.641439e-05
5.8151272e-05
4.7571677e-05
4.5969882e-05
5.8618578e-05
5.232703e-05
3.2550575e-05
3.1266623e-05
4.377942e-05
4.1961375e-05
3.445623e-05
5.0231163e-05
2.1356675e-05
5.0284532e-05
0.00015872327
4.2242416e-05
7.7547025e-05
4.0493698e-05
3.165825e-05
7.864274e-05
0.00015269533
6.765982e-05
8.447942e-05
5.838285e-05
0.00014332031
4.4899276e-05
5.6921595e-05
5.6841865e-05
0.00012754645
0.00010460883
5.8573907e-05
3.9590086e-05
2.8249156e-05
5.211875e-05
0.00017385496
0.00010885401
8.064137e-05
0.000100110985
4.456023e-05
0.00010289981
8.928401e-05
3.6654616e-05
4.960343e-05
6.3843494e-05
6.953836e-05
0.00011266738
0.00012743307
8.123708e-05
5.0715273e-05
3.8552236e-05
0.00014009127
0.00016683032
4.9624832e-05
6.972475e-05
0.00010813822
4.7498088e-05
3.3389046e-05
7.607907e-05
4.3086096e-05
9.4809286e-05
3.82519e-05
3.9502727e-05
3.3316068e-05
0.00028875843
9.146524e-05
0.00019413658
4.542685e-05
4.326271e-05
0.000104276274
7.146239e-05
4.3760745e-05
3.8604612e-05
2.9383367e-05
3.6420282e-05
0.00029889005
3.7789538e-05
6.062459e-05
0.00020606094
6.8968904e-05
0.00014675407
4.3291628e-05
9.329838e-05
2.5443369e-05
8.320253e-05
4.194758e-05
6.759864e-05
0.0001664356
2.734676e-05
3.880618e-05
0.000117928896
5.3899512e-05
5.153775e-05
0.00021003568
0.00014758791
5.5286026e-05
4.0068157e-05
7.503409e-05
4.6616067e-05
0.0001100011
5.999291e-05
4.6054432e-05
8.150127e-05
6.9061214e-05
0.00011171155
0.00015341688
4.464023e-05
2.3836603e-05
3.741234e-05
6.21528e-05
3.514929e-05
4.655754e-05
0.00021827639
5.4965203e-05
2.934735e-05
8.382667e-05
0.00015243267
6.264651e-05
0.00017549077
0.00025999363
8.8728804e-05
2.6597689e-05
0.0001654146
5.782859e-05
0.00014064394
5.535669e-05
7.833188e-05
0.00013942999
9.702096e-05
4.0798262e-05
5.1238778e-05
0.00019920082
4.8091155e-05
5.614743e-05
8.362095e-05
8.043146e-05
0.00015384344
0.00018480228
6.699834e-05
2.3315573e-05
5.947347e-05
0.00013996793
2.9126046e-05
8.8699715e-05
3.8486043e-05
3.4655797e-05
0.00021300558
4.5937737e-05
3.143773e-05
5.7446254e-05
6.955443e-05
3.5461246e-05
5.7078127e-05
0.00018301481
7.5942036e-05
3.7372407e-05
0.00017335809
3.997911e-05
0.00021868268
3.3059157e-05
6.878785e-05
0.0001911251
5.4486743e-05
7.669974e-05
2.8047278e-05
0.00013310947
7.781035e-05
7.466037e-05
5.014595e-05
2.9037288e-05
2.8012431e-05
4.7745172e-05
9.4074836e-05
2.7776941e-05
0.00012804772
7.315628e-05
0.00011496422
0.00010603278
0.00014961892
0.00014587808
4.7662008e-05
7.9945334e-05
6.130683e-05
3.1534983e-05
0.00013913057
0.00015446085
0.00024130939
0.0001244286
6.649228e-05
0.00014912571
3.6194517e-05
4.7587724e-05
0.000104212464
8.612894e-05
6.183285e-05
3.7673708e-05
7.274494e-05
0.00038012263
5.7089794e-05
6.306057e-05
0.000117263015
7.0642825e-05
0.00011024514
0.0001286428
3.7637186e-05
0.00018345013
6.799974e-05
7.7771176e-05
0.00018636786
5.635907e-05
6.0529168e-05
2.813232e-05
