-22925
-12739
8507
-5451
-12380
-3858
-7025
-1313
-4718
6469
-4638
-17820
-8674
6449
13013
-11638
-5261
9713
-14889
-17403
8962
567
-8072
10752
2320
-16825
-12099
-7890
-10425
5876
-6786
8080
-5417
10021
-8606
-5750
-9344
-8014
5187
53
5820
-16799
-2620
-6687
-14370
-10504
-2148
-76
-43994
-13965
-6984
-16902
12831
4288
-7081
-3928
-2117
-3826
-10728
-1122
-4004
-6974
-12856
-31298
-8772
8471
14911
-29197
-11633
-17641
-12173
-8740
-7981
-20044
-8760
23327
9421
-7934
-6794
9724
3230
6283
-19548
-11489
-2968
6262
-73
-10599
-3263
-10542
-19436
8341
-7843
-3177
-1533
-3653
-24754
-9273
6894
-2981
14872
14256
3246
-28130
1696
-70008
-3779
-9908
-3974
23421
-14752
-37673
2256
8093
-7041
-2438
-168
-13038
5573
10267
983
-9826
-20093
-18168
22007
-31382
-9543
3892
-7864
-6926
40882
-5865
18017
1026
-4024
24794
-13547
7882
-17993
-2966
-26913
1503
-29944
-12837
-26879
17179
-19613
-2382
-8438
18225
-12830
-16173
111
8824
156
4032
-3561
-241
-18485
12605
-31017
-17624
-29602
-9407
10661
6190
15394
-374
-7468
-6060
-10206
-10323
-10177
-12852
1912
15708
6007
-26138
12614
1889
1880
5599
15030
2600
12
7179
-14842
-12109
-4550
-959
9956
-3929
4123
-6119
-19104
-14942
-3464
-18487
9287
7760
8972
-7597
-8805
9183
1683
6995
-29757
-10359
1262
-25283
-424
2603
-17675
-1865
-8715
2619
-1843
429
-1119
357
471
7533
-8538
-12864
-8631
-4013
-21548
-1342
-25478
19257
16959
14030
2137
7864
5446
646
-9476
-1639
-5684
3042
-43157
-14026
-5633
-790
-19963
2495
6994
-5523
15288
2678
-8488
-3953
-3579
15788
-12278
2524
2801
8113
-22704
-14267
1032
-565
-7736
4683
-4483
-8396
-13824
-8409
-13487
-19722
4826
1149
-5136
10210
-3415
-11829
1170
-9673
-8644
12134
2805
-2970
2223
3558
-7009
-1996
19070
-16013
-14131
-5570
-1365
-5325
-22256
13270
-8011
-9612
-7119
8748
-21149
-11206
-724
7109
-33355
-14607
-744
1314
-1172
-22325
-3526
-2678
8370
4462
1376
-9423
-20035
-2255
-8398
8820
-7340
-4119
9138
-29471
1290
705
-32052
-11379
-2223
-12029
-11367
9410
-6370
4640
8743
17
6228
-3695
9603
-1945
-10755
-8216
9888
6387
16195
4201
265
15089
-11266
5626
-23301
-23249
-8102
-11418
-4551
-6086
-13094
-111
-9189
-9527
-6946
8250
-4664
-4671
775
-6115
-5546
-23376
-12802
15651
-6266
-5155
-10151
2890
-14625
1292
-6841
-9289
6478
-177
-1260
-12777
-4860
1232
2323
7215
