0.00074147
0.00043822
0.00359033
0.00166173
0.00077131
0.00031575
0.00039751
0.00077389
0.00139872
0.00035976
0.00236215
0.00043250
0.00016182
0.00021188
0.00059619
0.00128525
0.00141356
0.00147641
0.00033139
0.00048532
0.00052909
0.00021016
0.00328467
0.00225600
0.00303593
0.00146355
0.00045711
0.00089416
0.00072699
0.00060534
0.00316590
0.00245190
0.00068280
0.00032802
0.00057362
0.00095614
0.00265287
0.00048502
0.00042043
0.00067137
0.00113358
0.00099300
0.00052653
0.00031318
0.00030200
0.00202347
0.00038355
0.00245349
0.00046774
0.00116739
0.00169044
0.00097575
0.00084616
0.00252667
0.00035116
0.00081580
0.00065241
0.00115137
0.00085819
0.00242160
0.00180423
0.00189276
0.00022875
0.00084258
0.00111418
0.00229266
0.00035325
0.00063366
0.00027065
0.00074036
0.00375283
0.00244522
0.00123672
0.00070777
0.00306099
0.00081294
0.00168003
0.00056187
0.00043225
0.00045609
0.00039231
0.00342339
0.00129117
0.00050421
0.00179434
0.00108156
0.00022726
0.00018878
0.00054486
0.00256751
0.00214704
0.00249143
0.00182766
0.00043205
0.00076467
0.00346473
0.00135271
0.00152292
0.00262180
0.00177219
0.00424203
0.00085996
0.00059220
0.00038591
0.00090339
0.00041165
0.00300763
0.00154210
0.00146454
0.00035286
0.00169386
0.00053297
0.00039659
0.00030904
0.00188506
0.00039417
0.00052638
0.00084721
0.00200258
0.00066711
0.00037309
0.00169332
0.00079252
0.00071317
0.00122961
0.00218437
0.00156186
0.00030807
0.00178020
0.00292771
0.00040318
0.00026094
0.00241458
0.00047361
0.00076526
0.00026413
0.00303971
0.00294066
0.00113888
0.00206307
0.00196898
0.00044089
0.00192367
0.00101713
0.00607126
0.00041830
0.00039708
0.00353895
0.00018590
0.00088528
0.00220513
0.00577776
0.00028714
0.00263770
0.00031818
0.00056183
0.00084049
0.00124809
0.00254770
0.00097605
0.00217785
0.00011604
0.00057287
0.00204724
0.00061737
0.00121307
0.00034143
0.00054789
0.00055938
0.00047201
0.00236332
0.00230947
0.00134343
0.00118626
0.00127332
0.00034090
0.00042554
0.00101759
0.00033682
0.00079902
0.00060265
0.00219985
0.00153188
0.00248078
0.00052617
0.00081912
0.00040003
0.00151870
0.00052734
0.00162347
0.00087135
0.00150383
0.00066579
0.00173225
0.00190495
0.00269473
0.00025095
0.00020721
0.00109821
0.00033044
0.00026873
0.00075586
0.00218870
0.00130050
0.00083279
0.00639357
0.00161093
0.00055574
0.00084026
0.00088360
0.00083124
0.00385629
0.00070301
0.00160032
0.00159724
0.00133405
0.00034245
0.00209967
0.00382193
0.00052095
0.00025650
0.00081357
0.00165824
0.00041847
0.00032419
0.00496178
0.00084079
0.00244949
0.00061144
0.00159529
0.00214422
0.00113638
0.00478147
0.00248769
0.00091870
0.00165314
0.00045615
0.00100160
0.00057158
0.00131002
0.00182015
0.00128335
0.00056086
0.00118487
0.00090548
0.00283230
0.00122294
0.00059027
0.00349063
0.00316750
0.00186994
0.00058147
0.00112453
0.00199457
0.00141099
0.00043053
0.00221811
0.00232092
0.00019165
0.00065505
0.00042025
0.00153126
0.00540444
0.00031023
0.00057336
0.00060614
0.00051294
0.00226699
0.00065364
0.00046032
0.00041162
0.00193741
0.00127084
0.00019765
0.00040484
0.00043202
0.00095364
0.00051007
0.00078441
0.00128161
0.00093042
0.00088502
0.00022472
0.00121437
0.00107986
0.00100157
0.00141777
0.00298140
0.00241361
0.00714762
0.00035295
0.00057063
0.00092625
0.00233857
0.00061174
0.00132158
0.00047162
0.00021428
0.00122005
0.00257788
0.00099139
0.00185148
0.00029052
0.00212180
0.00039637
0.00169558
0.00272689
0.00278305
0.00043197
0.00109634
0.00049759
0.00365851
0.00198277
0.00345695
0.00155856
0.00225368
0.00071144
0.00104936
0.00186440
0.00189779
0.00207230
0.00185498
0.00350190
0.00121212
0.00045956
0.00037437
0.00095136
0.00204237
0.00040727
0.00061056
0.00063186
0.00077323
0.00054569
0.00034722
0.00095674
0.00072939
0.00138959
0.00187287
0.00201051
0.00049227
0.00750397
0.00060011
0.00105649
0.00109737
0.00266802
0.00080169
0.00028857
0.00146806
0.00048511
0.00027206
0.00207613
0.00018134
0.00150838
0.00069878
0.00036231
0.00152318
0.00016295
0.00145199
0.00029829
0.00075445
0.00296197
0.00024468
0.00254063
0.00044963
0.00131276
0.00021323
0.00026314
0.00125695
0.00056131
0.00023485
0.00290637
0.00092650
0.00098427
0.00075142
0.00040940
0.00268442
0.00053471
0.00015249
0.00221034
0.00034188
0.00299994
0.00044416
0.00085540
0.00084467
0.00223433
0.00223627
0.00122337
0.00118166
0.00279059
0.00061618
0.00034646
0.00146406
0.00442682
0.00075668
0.00048096
0.00132406
0.00041464
0.00102501
0.00023091
0.00098177
0.00391264
0.00164284
0.00118843
0.00240224
0.00122085
0.00167256
0.00351537
0.00195924
0.00246644
0.00032245
0.00365546
0.00191944
0.00059597
0.00050433
0.00166246
0.00137782
0.00126452
0.00299107
0.00171073
0.00158502
0.00211528
0.00253031
0.00030739
0.00276653
0.00389994
0.00500799
0.00390003
0.00495859
0.00208125
0.00294532
0.00037593
0.00020818
0.00135175
0.00582382
0.00225178
0.00094208
0.00355640
0.00072320
0.00028578
0.00210144
0.00024790
0.00087888
0.00081009
0.00359615
0.00029249
0.00135092
0.00030177
0.00083265
0.00100230
0.00182044
0.00065119
0.00118752
0.00210880
0.00016858
0.00067369
0.00356207
0.00077059
0.00064290
0.00040183
0.00080789
0.00202266
0.00032972
0.00083544
0.00045328
0.00086308
0.00099411
0.00013740
0.00302776
0.00073554
0.00207483
0.00197910
0.00184315
0.00046210
0.00450624
0.00163358
0.00065608
0.00039300
0.00210676
0.00048850
0.00059001
0.00071952
0.00104258
0.00290879
0.00068582
0.00242324
0.00151504
0.00021839
0.00384366
0.00095992
0.00517920
0.00077919
0.00055328
0.00133797
0.00360527
0.00137086
0.00052986
0.00062201
0.00106428
0.00272124
0.00213792
0.00287361
0.00049034
0.00078915
0.00042266
0.00211106
0.00159293
0.00019594
0.00048944
0.00132837
0.00066485
0.00231848
0.00036140
0.00065268
0.00047168
0.00088251
0.00209136
0.00118924
0.00102662
0.00196229
0.00042616
0.00067280
0.00201748
0.00039636
0.00079147
0.00038080
0.00023915
0.00036956
0.00026165
0.00044723
0.00045997
0.00055171
0.00106352
0.00112862
0.00026071
0.00096794
0.00307476
0.00212411
0.00058649
0.00057930
0.00081417
0.00072734
0.00018703
0.00163315
0.00176653
0.00047518
0.00266998
0.00181907
0.00044688
0.00139594
0.00075543
0.00017411
0.00047292
0.00189254
0.00267920
0.00089349
0.00258036
0.00066056
0.00064473
0.00222731
0.00032439
0.00053926
0.00106212
0.00231200
0.00086737
0.00582525
0.00358328
0.00036763
0.00143171
0.00081127
0.00105248
0.00076717
0.00311615
0.00092779
0.00062296
0.00053329
0.00462815
0.00221411
0.00148027
0.00295535
0.00060757
0.00034361
0.00246443
0.00448151
0.00187401
0.00430104
0.00038134
0.00025043
0.00081477
0.00034137
0.00030613
0.00378729
0.00072575
0.00036552
0.00039959
0.00111515
0.00091584
0.00072453
0.00011377
0.00050784
0.00195348
0.00163026
0.00160325
0.00104826
0.00158491
0.00319205
0.00078518
0.00026878
0.00255825
0.00472712
0.00173036
0.00072698
0.00295546
0.00098201
0.00100469
0.00065132
0.00043130
0.00070952
0.00059651
0.00038907
0.00110800
0.00185073
0.00093541
0.00066496
0.00123336
0.00045557
0.00112258
0.00109051
0.00323948
0.00233274
0.00118575
0.00060366
0.00035341
0.00024141
0.00094180
0.00022242
0.00045569
0.00050977
0.00361489
0.00055268
0.00044933
0.00284039
0.00023982
0.00098915
0.00056795
0.00198756
0.00102974
0.00048443
0.00066963
0.00104352
0.00053176
0.00332498
0.00029047
0.00049134
0.00084681
0.00047918
0.00202321
0.00113522
0.00239142
0.00147992
0.00104185
0.00052221
0.00414377
0.00025712
0.00202099
0.00080253
0.00156546
0.00458433
0.00065769
0.00076951
0.00078426
0.00058701
0.00220323
