0.01371887
0.00810798
0.06642930
0.03074573
0.01427105
0.00584217
0.00735487
0.01431867
0.02587952
0.00665631
0.04370510
0.00800231
0.00299404
0.00392026
0.01103079
0.02378012
0.02615415
0.02731691
0.00613143
0.00897957
0.00978946
0.00388852
0.06077396
0.04174114
0.05617165
0.02707907
0.00845755
0.01654397
0.01345099
0.01120010
0.05857638
0.04536576
0.01263330
0.00606907
0.01061322
0.01769084
0.04908411
0.00897395
0.00777898
0.01242185
0.02097387
0.01837274
0.00974202
0.00579456
0.00558772
0.03743880
0.00709650
0.04539515
0.00865420
0.02159937
0.03127703
0.01805356
0.01565581
0.04674922
0.00649720
0.01509418
0.01207113
0.02130298
0.01587855
0.04480514
0.03338236
0.03502030
0.00423242
0.01558970
0.02061482
0.04241941
0.00653601
0.01172407
0.00500773
0.01369833
0.06943587
0.04524222
0.02288213
0.01309530
0.05663524
0.01504118
0.03108443
0.01039593
0.00799767
0.00843869
0.00725855
0.06334049
0.02388958
0.00932909
0.03319930
0.02001129
0.00420474
0.00349285
0.01008112
0.04750474
0.03972513
0.04609707
0.03381592
0.00799397
0.01414816
0.06410533
0.02502818
0.02817756
0.04850924
0.03278958
0.07848728
0.01591124
0.01095713
0.00714022
0.01671470
0.00761642
0.05564793
0.02853230
0.02709731
0.00652871
0.03134032
0.00986124
0.00733779
0.00571786
0.03487797
0.00729312
0.00973920
0.01567539
0.03705221
0.01234299
0.00690294
0.03133035
0.01466339
0.01319528
0.02275056
0.04041581
0.02889794
0.00569996
0.03293781
0.05416925
0.00745978
0.00482803
0.04467515
0.00876284
0.01415914
0.00488695
0.05624162
0.05440892
0.02107184
0.03817152
0.03643059
0.00815738
0.03559221
0.01881924
0.11233221
0.00773946
0.00734687
0.06547859
0.00343949
0.01637979
0.04080001
0.10690178
0.00531267
0.04880339
0.00588702
0.01039511
0.01555098
0.02309246
0.04713821
0.01805906
0.04029525
0.00214709
0.01059935
0.03787861
0.01142284
0.02244456
0.00631728
0.01013721
0.01034983
0.00873334
0.04372678
0.04273048
0.02485650
0.02194851
0.02355942
0.00630741
0.00787342
0.01882766
0.00623189
0.01478372
0.01115031
0.04070226
0.02834320
0.04590000
0.00973528
0.01515567
0.00740141
0.02809950
0.00975706
0.03003789
0.01612205
0.02782435
0.01231859
0.03205055
0.03524589
0.04985871
0.00464307
0.00383394
0.02031939
0.00611395
0.00497216
0.01398521
0.04049586
0.02406221
0.01540848
0.11829567
0.02980579
0.01028239
0.01554681
0.01634868
0.01537976
0.07135023
0.01300738
0.02960959
0.02955263
0.02468294
0.00633618
0.03884860
0.07071451
0.00963869
0.00474589
0.01505298
0.03068128
0.00774268
0.00599816
0.09180421
0.01555661
0.04532114
0.01131302
0.02951654
0.03967300
0.02102562
0.08846813
0.04602786
0.01699807
0.03058685
0.00843976
0.01853190
0.01057549
0.02423829
0.03367687
0.02374488
0.01037725
0.02192288
0.01675351
0.05240405
0.02262716
0.01092138
0.06458464
0.05860605
0.03459821
0.01075860
0.02080634
0.03690412
0.02610661
0.00796586
0.04104010
0.04294229
0.00354597
0.01212001
0.00777551
0.02833175
0.09999447
0.00574004
0.01060847
0.01121491
0.00949054
0.04194443
0.01209379
0.00851698
0.00761591
0.03584644
0.02351343
0.00365693
0.00749045
0.00799337
0.01764448
0.00943745
0.01451346
0.02371279
0.01721488
0.01637480
0.00415780
0.02246853
0.01997984
0.01853134
0.02623202
0.05516266
0.04465733
0.13224721
0.00653040
0.01055801
0.01713767
0.04326887
0.01131865
0.02445227
0.00872598
0.00396471
0.02257376
0.04769662
0.01834298
0.03425664
0.00537531
0.03925809
0.00733383
0.03137214
0.05045365
0.05149269
0.00799240
0.02028473
0.00920652
0.06769085
0.03668573
0.06396152
0.02883684
0.04169813
0.01316329
0.01941557
0.03449569
0.03511347
0.03834226
0.03432134
0.06479319
0.02242689
0.00850285
0.00692671
0.01760227
0.03778844
0.00753541
0.01129675
0.01169092
0.01430653
0.01009655
0.00642436
0.01770179
0.01349539
0.02571056
0.03465234
0.03719894
0.00910806
0.13884051
0.01110339
0.01954749
0.02030385
0.04936447
0.01483307
0.00533911
0.02716241
0.00897567
0.00503372
0.03841321
0.00335512
0.02790849
0.01292900
0.00670360
0.02818238
0.00301497
0.02686513
0.00551897
0.01395899
0.05480319
0.00452713
0.04700737
0.00831923
0.02428912
0.00394530
0.00486865
0.02325652
0.01038551
0.00434527
0.05377445
0.01714232
0.01821124
0.01390295
0.00757487
0.04966798
0.00989336
0.00282138
0.04089641
0.00632559
0.05550583
0.00821797
0.01582693
0.01562838
0.04134028
0.04137616
0.02263505
0.02186332
0.05163224
0.01140077
0.00641038
0.02708843
0.08190618
0.01400035
0.00889880
0.02449817
0.00767178
0.01896504
0.00427234
0.01816507
0.07239271
0.03039632
0.02198866
0.04444695
0.02258847
0.03094614
0.06504240
0.03625045
0.04563478
0.00596612
0.06763434
0.03551399
0.01102673
0.00933121
0.03075939
0.02549281
0.02339656
0.05534154
0.03165249
0.02932652
0.03913752
0.04681652
0.00568736
0.05118706
0.07215782
0.09265926
0.07215947
0.09174524
0.03850782
0.05449514
0.00695564
0.00385182
0.02501047
0.10775401
0.04166298
0.01743063
0.06580143
0.01338076
0.00528767
0.03888135
0.00458676
0.01626123
0.01498854
0.06653696
0.00541166
0.02499501
0.00558350
0.01540584
0.01854487
0.03368234
0.01204848
0.02197176
0.03901758
0.00311909
0.01246483
0.06590646
0.01425763
0.01189511
0.00743485
0.01494780
0.03742389
0.00610051
0.01545748
0.00838669
0.01596891
0.01839338
0.00254218
0.05602047
0.01360922
0.03838907
0.03661783
0.03410251
0.00854982
0.08337570
0.03022488
0.01213896
0.00727138
0.03897988
0.00903830
0.01091651
0.01331274
0.01929010
0.05381923
0.01268927
0.04483555
0.02803166
0.00404063
0.07111642
0.01776065
0.09582704
0.01441676
0.01023700
0.02475559
0.06670564
0.02536400
0.00980354
0.01150867
0.01969167
0.05034919
0.03955634
0.05316836
0.00907235
0.01460113
0.00782013
0.03905938
0.02947287
0.00362527
0.00905584
0.02457785
0.01230132
0.04289725
0.00668681
0.01207604
0.00872723
0.01632837
0.03869491
0.02200370
0.01899472
0.03630688
0.00788487
0.01244841
0.03732791
0.00733351
0.01464396
0.00704563
0.00442481
0.00683763
0.00484107
0.00827480
0.00851050
0.01020795
0.01967753
0.02088200
0.00482370
0.01790916
0.05689009
0.03930093
0.01085135
0.01071844
0.01506403
0.01345749
0.00346046
0.03021702
0.03268491
0.00879193
0.04940068
0.03365694
0.00826837
0.02582805
0.01397717
0.00322151
0.00875003
0.03501635
0.04957125
0.01653167
0.04774247
0.01222186
0.01192903
0.04121041
0.00600197
0.00997763
0.01965173
0.04277727
0.01604826
0.10778049
0.06629877
0.00680207
0.02648992
0.01501036
0.01947323
0.01419446
0.05765584
0.01716622
0.01152613
0.00986706
0.08563138
0.04096614
0.02738829
0.05468064
0.01124145
0.00635751
0.04559762
0.08291811
0.03467351
0.07957901
0.00705571
0.00463345
0.01507504
0.00631614
0.00566413
0.07007354
0.01342808
0.00676289
0.00739339
0.02063282
0.01694505
0.01340539
0.00210501
0.00939617
0.03614392
0.03016358
0.02966378
0.01939526
0.02932440
0.05906016
0.01452757
0.00497300
0.04733349
0.08746249
0.03201564
0.01345082
0.05468274
0.01816944
0.01858902
0.01205100
0.00797995
0.01312777
0.01103672
0.00719868
0.02050062
0.03424272
0.01730730
0.01230325
0.02282003
0.00842912
0.02077036
0.02017701
0.05993783
0.04316099
0.02193905
0.01116917
0.00653888
0.00446661
0.01742550
0.00411529
0.00843128
0.00943186
0.06688376
0.01022592
0.00831362
0.05255366
0.00443714
0.01830160
0.01050835
0.03677447
0.01905254
0.00896312
0.01238970
0.01930757
0.00983876
0.06151963
0.00537438
0.00909093
0.01566789
0.00886585
0.03743397
0.02100421
0.04424678
0.02738192
0.01927652
0.00966216
0.07666917
0.00475737
0.03739298
0.01484868
0.02896461
0.08482059
0.01216874
0.01423772
0.01451064
0.01086100
0.04076480
