61404
78854
74261
81264
66682
40689
60958
19663
59259
60072
67966
69637
76571
67943
42376
23246
49348
68019
59884
62242
58094
66035
44711
43471
79134
66255
77972
70512
47861
59021
39603
82955
82082
58676
69919
2974
63253
75321
56186
58545
72228
31895
60193
22488
78704
73881
66374
72093
84383
83162
78866
6941
70396
71120
63571
65118
43743
42961
64321
49501
64016
86510
80955
67847
72384
67247
69809
68022
60176
65286
62840
54913
12875
59428
57146
69708
79954
40635
55474
65478
47824
44523
38976
50039
9523
65999
69899
64148
53616
79294
76287
53773
85036
60622
71674
67863
83074
12938
65834
63876
26025
85528
65566
61641
30234
67526
81515
80896
59875
60979
80874
55847
68739
69590
64913
72641
79551
66837
51056
63956
65249
86221
46416
11168
71203
68648
78877
15866
57329
78691
66747
32283
85495
80837
59016
76138
76160
56926
65008
83340
76519
58568
74960
56683
63882
67893
77444
73765
70702
68164
63243
52634
55665
68405
51552
68187
73456
40854
60180
80986
68320
75177
14475
75376
48006
68146
90989
58455
71150
71628
75876
62701
65170
72547
55927
52598
70298
88727
71994
90710
66781
7988
72091
59685
89321
76242
76745
40801
41975
91368
77004
77297
73544
99508
75187
85480
27232
65958
56042
56535
76198
28484
75966
33478
61206
73163
67564
67090
62403
28022
75631
61309
64978
71753
84279
36408
42171
55454
58483
83058
81577
53818
43366
69413
37711
72825
80987
80644
63505
78200
70994
69384
48576
71526
56617
66827
58472
70721
71427
77236
71760
78670
75456
69100
18308
48674
66640
55655
9131
59894
75828
63078
58988
59416
59521
74969
60280
49588
69544
72489
74039
15357
72036
17854
79098
64127
50506
77688
62324
58258
23048
81917
75512
57405
43097
82456
76445
76985
43763
65360
67368
63801
72680
50562
63463
29776
73426
72104
66894
51717
62613
71182
43690
73047
82307
79390
81429
64446
68997
67864
79446
70530
60828
8516
42306
49372
63173
43564
78485
21926
51124
53728
74294
68390
73382
71658
54112
57970
36937
30737
74898
55173
61769
62842
76334
107330
74804
55500
74379
73399
73282
53965
70807
58698
83851
86305
46178
62921
82375
63416
78456
72637
68197
58569
38018
83497
75253
57794
63375
52486
67338
10694
78764
75623
48887
69480
80021
78753
63149
51969
59475
64311
65329
64464
68223
20327
53995
60102
68213
30005
72593
36182
57655
67889
65579
80552
80216
63144
65872
39732
63425
75135
84422
61682
57106
28142
58431
66015
16049
68447
71802
63217
47886
415
82182
33509
81655
63784
68679
36384
65066
65707
68158
63113
65049
49481
88945
68516
50029
16782
39203
78101
52445
16821
66063
65221
63938
79874
68940
77166
64183
94759
40378
71785
85346
41576
50295
72405
14061
71446
39574
67540
72360
54715
65528
67106
56971
44573
56166
73169
46530
53594
45774
60447
53888
62307
73030
82251
59629
69337
79981
78219
84746
68030
73229
69616
54685
61051
58822
64626
56855
72205
50633
63258
70602
68841
60933
89491
61906
67267
42027
49167
68541
52635
41102
69606
72619
69288
63750
73662
62610
64555
63601
79055
56086
33083
71808
55264
75213
64652
57485
55462
60612
76311
6369
73092
63881
58201
68999
48875
80842
74472
70536
81105
67450
34219
71721
50294
73359
51535
62116
67688
43910
61698
76885
59165
83849
95345
49401
79738
39232
72837
59667
78593
76511
38181
66241
66617
75728
-1162
62116
61704
62486
79267
86261
72767
72990
49014
39954
53764
94791
62733
51763
64570
63466
70587
66533
46095
62251
67774
79926
74550
74424
63051
80272
73564
58208
75427
67095
57231
59651
23711
50379
77294
55814
59895
73924
79999
67807
81804
66998
76813
44266
66631
68692
56853
68947
66632
61476
73323
48275
62096
70768
67721
66993
57742
41930
66630
53402
78937
88822
69550
60953
32495
55450
19468
63394
62283
90976
87753
69904
65616
47420
81607
47261
37071
35410
76012
67623
64658
48764
64225
71475
60890
72097
64709
70750
49008
92620
17010
74506
75278
54567
63622
42465
79862
35885
70652
78286
81149
74471
62894
69857
66318
56194
69025
60383
82010
67082
52110
70102
69868
49440
45440
74844
67351
62660
78805
44412
62618
47679
44752
66417
58697
14182
65996
62758
66526
68729
73830
28525
55444
54141
49761
70055
77152
62609
72662
48450
51446
76189
77568
