0.003906
0.007812
0.000000
0.003906
0.011719
0.015625
0.003906
0.003906
0.007812
0.003906
0.000000
0.007812
0.019531
0.007812
0.003906
0.007812
0.003906
0.003906
0.007812
0.007812
0.007812
0.007812
0.003906
0.003906
0.000000
0.003906
0.003906
0.011719
0.019531
0.000000
0.003906
0.003906
0.003906
0.027344
0.003906
0.003906
0.000000
0.003906
0.046875
0.027344
0.007812
0.011719
0.003906
0.003906
0.003906
0.015625
0.007812
0.003906
0.007812
0.023438
0.003906
0.007812
0.007812
0.011719
0.027344
0.003906
0.003906
0.003906
0.007812
0.000000
0.007812
0.007812
0.003906
0.003906
0.003906
0.015625
0.003906
0.003906
0.007812
0.003906
0.003906
0.003906
0.039062
0.007812
0.007812
0.097656
0.050781
0.015625
0.003906
0.011719
0.007812
0.003906
0.027344
0.003906
0.003906
0.003906
0.066406
0.007812
0.003906
0.003906
0.015625
0.007812
0.000000
0.000000
0.003906
0.011719
0.011719
0.003906
0.003906
0.011719
