1998677830
2019222744
1759291873
1235499044
1595642487
1184689317
1439966469
2008092463
1480229344
1525695513
1548315823
1086629355
1726379289
1951834203
2098747457
1987543961
1181705073
1929668843
1871312754
1731777983
1816443050
1144467506
2067171143
1112556009
1452028974
1600781273
2053662064
1095151258
1579492438
1835418788
2052871820
1415456088
1175519608
1265221774
2113297321
1925940700
1108169395
1268114307
1520526160
1595243399
1896245614
1744249776
1373097290
1492771338
1362582703
1543298717
1083054558
1731857553
1077735015
1732634303
1751300331
1334370476
1307555616
1771550015
1237283654
1725514518
1457338556
1501179042
1547570454
1559409839
1638051951
1181737811
1681517155
1856268142
1941172798
1164792621
1397134504
1780251698
1489589999
2097333907
1750234872
1419480904
1452819243
1191037954
1200015584
1763862314
2048261084
1268453508
1745182419
1759517913
1092675390
1685970045
1983824271
1113802620
2020516519
2001762204
1247472083
1964650054
1816086895
1328812681
1240599593
1504339167
2119210233
1894988462
2015650829
1175089006
1276126690
1821057955
1881829045
1873504305
1638493956
1524547995
1246142801
1101663693
1737428709
1845227293
1111169182
1464496695
1642984495
2015093990
1605011712
1788337369
1284918856
1362032034
1524365369
1373391988
1419240371
1510139012
1128479285
1525512987
1216299088
1943254380
1937359211
1202059360
1798612834
1554376883
1618800397
1180192084
1266169119
1310424876
1558413277
1942228303
1098740601
1296775928
1241588503
1114623154
1886673038
2134166372
1456405445
1354893937
1505740035
1298411898
1703377245
1089811879
1380586791
1646926653
1291931243
1378695688
1093615166
1878741530
2083092050
1534417744
1272819788
1800432126
1756811812
1477471500
2034061024
2008151552
2055831310
1313420458
1911425011
1957130569
1200161390
1859031469
2038012885
1305476334
1095451811
1271156841
1259966567
1085963557
1096642421
1544999448
1641833477
1742617438
2008499802
2049187163
1665577962
1180636101
1987208614
1580266553
1835164707
1989248397
1556633718
1387236834
1249446975
1530386926
1145239118
2089900554
1338365018
1875943335
1135104242
1964206423
