36215
39367
64643
32371
52320
26634
34868
26126
24950
36465
38130
29346
20858
41194
19245
45335
36617
40412
44503
17074
54842
50894
11827
41121
25587
46430
31223
46312
33714
27049
39075
27881
30756
34532
47503
30995
38232
35457
54958
21848
24974
67739
49165
49218
42843
41855
52319
44557
23365
22873
16489
27055
44310
28957
22681
20177
24072
72452
34850
20082
39565
41078
12252
10911
20557
66035
19899
37804
43197
36577
45071
21805
38665
37040
45071
92892
29192
32886
36071
30630
72764
17856
86510
38660
33464
71021
64623
49192
36920
37739
39511
40542
28727
15301
24935
63518
38327
30054
45521
31675
23981
46309
33185
28924
22493
33973
16231
26152
15788
64510
27597
32170
52815
9598
27432
79266
42436
27828
51725
45392
32497
56327
28355
26137
23638
32170
74874
22169
29903
54721
23527
52442
30795
44323
55184
37552
36916
49679
45721
20603
24217
37314
25632
29191
25604
42575
31587
18106
11031
38053
43946
37037
68774
56018
9630
82174
35118
14466
31185
34381
31147
20658
45980
43903
35792
36323
19352
19224
26106
14140
68349
24460
11747
20751
27056
39543
39673
35331
36501
32912
30167
19339
25000
38517
31214
24605
34228
29577
26402
40310
20446
39697
23125
35695
25562
33070
31380
21404
29442
51450
33624
25193
21595
27980
55201
45425
96244
38394
47580
33186
22744
27685
13544
30320
25608
17956
28276
50915
47118
53025
35222
52186
35790
23603
60945
34257
21590
29442
25744
41189
23870
45031
29571
21833
26506
50203
42536
23019
45505
54280
34221
17438
42641
31040
60195
25386
42827
33377
41221
31306
22125
45379
48631
27633
29712
53224
45209
31575
28327
44869
50781
31288
28571
16621
36812
31141
40862
49246
28073
27047
38501
47546
73520
36846
20623
34224
35804
26897
33740
27574
55166
36740
30126
32397
20142
37828
31522
36982
31469
13996
54036
37394
78665
57290
100444
20374
35084
25590
30277
30389
42451
27416
26687
32388
26536
70138
30144
37524
37151
11773
32626
20053
48018
14775
31960
38308
30073
42278
49617
31796
58549
33564
16971
57904
58238
38054
9763
14608
37589
23043
49462
31222
39913
13120
37975
26288
45884
18046
89659
23238
49404
10364
27472
26889
5584
47707
37269
32481
18888
17639
24876
45669
23107
17266
41912
27027
15257
33589
67829
41960
23237
26841
28574
19088
40833
67787
18423
25793
23962
45060
40332
9035
20445
42255
23072
18997
25381
36497
26391
24593
29951
29760
31438
26335
60681
59815
38303
42963
29108
17591
26414
34474
48765
17759
27565
25264
24626
20030
49614
37251
33602
42161
16781
40554
26672
76137
71841
39137
71796
23589
86741
16872
20054
53602
17302
26675
35182
46100
25018
58421
28261
49295
51775
13619
12648
46010
38889
25895
39662
27800
36466
36291
23497
59612
25038
54070
75439
11610
28169
43585
19062
23568
55975
40311
16391
17711
28885
50884
36647
31533
35215
46142
19486
66634
64566
24357
33987
35426
37158
24848
39256
17336
49839
42403
51221
15966
50337
37744
37846
31415
40169
33589
33902
16369
11467
26669
67262
48291
19935
20859
52987
41204
46645
29551
46196
31966
41881
40429
61866
30579
32778
36930
30398
39079
32300
54393
24519
20801
39220
33579
32580
24303
40788
21181
31701
43438
41731
23034
15359
41833
43584
37129
22770
60810
32181
52341
20702
53730
24647
29465
30012
45125
27846
38428
35113
46365
57066
26275
48989
34490
27855
29792
50012
46878
22467
35110
30828
19494
27181
76327
31414
45016
48680
18356
31707
41223
33638
35226
47839
36869
18484
27658
52415
36013
54691
32713
41016
40874
19253
45318
31568
33512
28477
55505
18301
46975
36185
25837
18818
51451
14628
46585
69020
42712
34192
12799
27522
44263
69059
55370
30372
12915
59095
26488
25883
85787
30811
62451
18747
48362
22707
6922
30486
24225
42712
26254
43916
51352
33610
40969
49201
50006
29032
46149
32657
29516
24125
47890
81479
20729
30490
50946
22097
62220
44284
42534
7794
24302
28780
21436
24102
43237
59846
26400
28180
31090
49744
28989
19535
15004
18781
29850
81219
44796
14701
50580
48286
23869
25422
32041
25336
37158
40734
16780
66935
56464
45333
18549
29271
38301
33877
34884
39665
50725
37669
76907
33734
54465
17816
33017
90370
20928
19374
39478
40404
26411
17228
25752
38751
16389
52087
23821
24714
48412
23373
18501
38998
61954
20695
30132
51394
29854
34308
27922
65943
18686
29507
24390
21137
38327
21598
40378
24612
28288
40865
15821
54493
30809
28021
53526
24059
38705
55325
48668
28940
25756
34549
26727
29035
14522
48815
9932
17312
10266
71846
38892
27834
43379
17311
13117
30327
18876
34463
17746
22162
43604
72568
9651
22565
29435
47338
43191
26738
62328
30666
11165
34225
33830
21699
28792
46817
35539
12548
46132
38947
20491
81903
18501
37380
48614
32446
42613
39056
43857
24171
54819
51687
18086
74374
63720
27538
23723
42762
29644
40967
53036
37700
48368
25610
21570
46875
17424
25858
52287
28716
32857
20860
24853
26894
8403
28139
43581
24179
66397
17751
27879
17629
33495
40250
57245
33867
74123
77272
26365
32182
22208
88458
34608
27906
41136
34543
38754
22769
39828
9524
57170
20406
36286
46490
55276
97343
48250
31078
21970
10084
25374
14890
34522
16446
33290
27618
44162
15759
38747
30612
28786
42091
46690
37217
16815
39126
22280
31496
31411
24162
43517
16438
19420
13378
39211
25291
39928
64544
34511
21204
27386
50511
35488
25637
19125
39272
30893
37038
39812
34809
67780
13743
36778
41501
35219
15620
41148
48980
42202
36468
23740
38567
23015
70441
31551
54344
39153
35329
33737
26287
14281
11594
25184
43286
17899
25758
74894
39372
18728
41438
49116
19802
43012
6889
27074
42103
32555
76183
72578
92970
57916
49216
17525
27951
23322
41512
27532
22737
74824
22161
25645
20667
40238
47342
50480
60320
20786
53689
33622
35292
67297
38824
33810
69582
25646
36773
26419
9818
24200
33213
20367
17467
23129
26344
26517
28371
63892
40850
38699
41114
20527
23302
37042
12663
33613
55554
18230
27948
14418
40760
50028
29951
37058
37610
19178
5927
31524
24578
42148
40695
89121
52020
34218
52236
27131
39067
40039
65326
33330
39647
46986
52469
34293
43953
7355
28676
33303
14507
37771
33387
22424
44411
86939
38331
70755
41219
15030
35862
34378
9041
19133
43781
33102
60174
21897
10076
68608
22073
21826
24139
79980
19462
55134
59647
49522
25622
49092
37499
24806
16256
45081
27527
15233
21544
26005
22944
17137
51598
15290
59916
20198
40095
16436
87867
29442
20768
30489
27690
19787
19671
22685
28263
31105
14686
36815
38497
29996
11716
32924
11281
12136
14061
28872
13303
33119
18473
13555
28059
30350
61824
22453
92716
73901
28109
33060
26645
42607
35711
42276
22942
18602
23269
25353
22905
24637
16259
14896
45483
17134
74769
25265
80869
26554
36989
57692
28164
44312
51036
21424
24156
37890
32550
22780
62747
43307
39240
49024
35749
27822
23360
24968
29707
12314
44997
46561
26885
23831
5693
58387
39756
47356
54802
23116
19915
30038
33113
39316
29291
78451
47957
39079
18788
27930
50601
14369
10127
24612
28446
40524
86555
43668
14081
76015
15976
24856
28727
34021
23067
30682
33998
23448
27518
19762
20972
27074
16187
30096
52166
32262
19271
16194
19676
14604
41246
64120
32172
30711
44436
35263
26461
47137
44905
17800
28964
13251
31977
45365
