0.00116263
0.00136853
0.00085855
0.00153180
0.00118329
0.00178143
0.00127445
0.00225471
0.00188142
0.00135847
0.00140286
0.00143198
0.00208358
0.00129346
0.00285606
0.00142479
0.00163610
0.00123111
0.00140753
0.00261259
0.00096413
0.00108330
0.00318065
0.00134850
0.00133930
0.00119686
0.00162195
0.00127872
0.00146690
0.00131578
0.00139105
0.00185751
0.00170931
0.00171979
0.00114800
0.00169483
0.00138560
0.00165345
0.00109589
0.00250897
0.00158004
0.00078441
0.00109340
0.00101069
0.00112741
0.00136223
0.00110585
0.00128126
0.00148353
0.00172415
0.00248201
0.00144777
0.00121887
0.00137488
0.00183672
0.00232145
0.00170673
0.00081084
0.00178485
0.00184999
0.00118411
0.00111044
0.00444959
0.00420231
0.00213302
0.00083972
0.00252230
0.00134629
0.00121037
0.00146416
0.00124287
0.00251179
0.00125792
0.00142179
0.00121861
0.00063482
0.00152381
0.00163755
0.00177498
0.00164894
0.00079676
0.00190647
0.00076630
0.00106677
0.00200810
0.00086633
0.00119512
0.00110377
0.00134886
0.00150066
0.00148660
0.00131696
0.00145023
0.00238459
0.00206082
0.00078217
0.00126529
0.00219310
0.00107066
0.00154495
0.00182341
0.00121574
0.00143912
0.00140233
0.00170412
0.00172635
0.00302720
0.00187861
0.00273417
0.00092814
0.00159186
0.00215068
0.00097046
0.00489789
0.00131806
0.00075871
0.00121605
0.00159811
0.00113962
0.00119039
0.00139419
0.00107973
0.00169757
0.00165717
0.00209099
0.00148621
0.00082685
0.00165656
0.00117167
0.00126384
0.00207166
0.00109032
0.00173308
0.00127180
0.00105761
0.00116192
0.00174208
0.00113170
0.00108871
0.00202613
0.00139061
0.00168844
0.00176830
0.00146537
0.00189649
0.00145618
0.00163834
0.00230821
0.00320222
0.00136669
0.00109541
0.00127351
0.00089541
0.00089427
0.00327551
0.00071079
0.00163680
0.00286958
0.00158077
0.00143115
0.00160840
0.00207703
0.00119813
0.00113621
0.00145807
0.00145521
0.00201809
0.00195545
0.00190579
0.00352595
0.00084518
0.00158986
0.00323498
0.00252567
0.00162239
0.00130195
0.00151803
0.00125679
0.00142857
0.00180664
0.00195362
0.00273337
0.00189673
0.00150034
0.00148708
0.00176234
0.00131606
0.00139526
0.00172070
0.00112643
0.00208592
0.00125699
0.00166879
0.00137036
0.00147853
0.00155705
0.00139746
0.00165980
0.00133768
0.00112957
0.00128695
0.00154782
0.00172349
0.00167908
0.00106039
0.00129033
0.00061948
0.00140021
0.00112744
0.00157845
0.00166426
0.00158705
0.00443441
0.00135280
0.00167798
0.00243106
0.00162706
0.00125007
0.00098097
0.00119281
0.00136252
0.00116693
0.00119737
0.00187654
0.00088589
0.00173420
0.00190597
0.00139915
0.00175158
0.00134976
0.00149145
0.00122844
0.00119500
0.00230732
0.00225504
0.00102803
0.00109958
0.00210067
0.00120256
0.00091406
0.00153912
0.00264126
0.00136648
0.00132765
0.00101550
0.00178282
0.00141019
0.00170304
0.00173693
0.00161838
0.00176208
0.00109383
0.00110802
0.00166058
0.00144346
0.00095024
0.00128309
0.00185748
0.00165883
0.00116094
0.00117281
0.00170238
0.00187652
0.00324901
0.00160679
0.00164548
0.00117135
0.00130042
0.00146639
0.00205874
0.00126283
0.00109441
0.00078756
0.00161961
0.00167160
0.00144258
0.00142668
0.00218337
0.00142107
0.00155585
0.00098761
0.00142172
0.00160661
0.00174176
0.00182196
0.00132134
0.00130264
0.00160045
0.00156480
0.00230000
0.00124568
0.00151248
0.00073118
0.00103206
0.00057068
0.00215839
0.00167143
0.00139839
0.00126468
0.00141691
0.00133146
0.00192610
0.00217215
0.00152666
0.00196980
0.00084326
0.00167458
0.00133860
0.00142274
0.00392116
0.00137672
0.00173607
0.00101637
0.00266911
0.00149528
0.00163706
0.00150058
0.00120147
0.00111199
0.00157195
0.00102810
0.00142009
0.00227380
0.00085829
0.00104064
0.00134082
0.00477337
0.00254194
0.00129612
0.00213231
0.00107998
0.00169149
0.00126842
0.00250933
0.00147055
0.00146126
0.00148500
0.00244152
0.00077728
0.00183995
0.00109212
0.00336295
0.00153140
0.00166802
0.00477214
0.00118458
0.00151496
0.00140760
0.00224513
0.00262410
0.00142775
0.00119495
0.00167901
0.00226809
0.00161578
0.00203945
0.00335702
0.00135580
0.00090024
0.00124860
0.00172951
0.00185413
0.00162655
0.00201054
0.00144109
0.00085304
0.00246934
0.00180632
0.00216932
0.00099798
0.00107905
0.00306981
0.00188337
0.00116868
0.00215561
0.00176152
0.00219102
0.00121854
0.00163731
0.00178622
0.00157633
0.00183076
0.00167013
0.00173851
0.00100416
0.00109326
0.00134465
0.00115696
0.00199470
0.00189913
0.00193852
0.00174890
0.00092037
0.00187426
0.00181676
0.00200983
0.00173573
0.00203755
0.00111559
0.00135590
0.00153144
0.00138990
0.00285851
0.00126219
0.00171105
0.00082223
0.00081047
0.00139204
0.00082945
0.00209803
0.00064907
0.00171246
0.00218170
0.00109470
0.00204540
0.00185050
0.00113801
0.00117544
0.00165021
0.00092910
0.00170007
0.00109770
0.00114214
0.00326229
0.00300868
0.00103663
0.00140962
0.00185173
0.00128190
0.00190990
0.00183822
0.00180578
0.00180556
0.00092440
0.00210989
0.00111249
0.00088444
0.00273760
0.00192510
0.00117758
0.00249066
0.00169435
0.00100081
0.00160065
0.00243341
0.00178122
0.00172463
0.00102565
0.00121892
0.00142552
0.00165133
0.00124576
0.00182309
0.00087929
0.00087066
0.00144715
0.00150710
0.00147669
0.00131269
0.00187506
0.00133333
0.00185538
0.00126433
0.00135291
0.00113663
0.00250586
0.00102831
0.00126577
0.00137933
0.00190132
0.00117687
0.00133981
0.00173306
0.00202789
0.00297478
0.00181930
0.00089580
0.00118756
0.00184329
0.00179661
0.00110805
0.00111184
0.00103293
0.00155831
0.00115224
0.00176314
0.00135794
0.00117897
0.00098107
0.00150209
0.00133560
0.00143275
0.00164642
0.00145555
0.00147487
0.00100810
0.00185066
0.00231401
0.00152635
0.00145221
0.00167055
0.00159751
0.00132091
0.00220174
0.00157311
0.00129037
0.00145909
0.00212049
0.00200514
0.00146749
0.00123985
0.00137849
0.00180326
0.00089221
0.00148148
0.00116992
0.00164068
0.00107503
0.00197438
0.00166790
0.00172423
0.00122322
0.00178787
0.00167096
0.00167022
0.00112079
0.00118232
0.00164362
0.00120208
0.00160179
0.00149305
0.00126634
0.00114992
0.00117714
0.00221174
0.00160438
0.00175376
0.00196103
0.00192908
0.00079251
0.00142082
0.00132701
0.00126094
0.00212817
0.00144173
0.00129855
0.00130406
0.00172657
0.00123977
0.00158472
0.00191241
0.00147008
0.00116823
0.00155238
0.00108728
0.00150898
0.00122327
0.00138387
0.00200535
0.00113018
0.00168271
0.00167111
0.00177279
0.00104421
0.00178827
0.00106784
0.00146149
0.00185920
0.00198781
0.00105685
0.00203214
0.00119846
0.00080428
0.00135106
0.00174840
0.00272268
0.00188907
0.00133915
0.00091011
0.00105980
0.00147040
0.00192504
0.00093596
0.00188263
0.00187004
0.00071238
0.00147273
0.00090288
0.00276030
0.00119423
0.00164062
0.00503744
0.00176561
0.00156935
0.00118899
0.00156076
0.00126364
0.00125193
0.00144337
0.00129950
0.00124922
0.00108874
0.00172315
0.00113440
0.00153879
0.00210462
0.00143456
0.00121282
0.00073445
0.00296295
0.00173673
0.00116414
0.00176790
0.00097937
0.00124098
0.00123219
0.00537861
0.00154822
0.00155232
0.00218715
0.00183546
0.00126908
0.00104690
0.00198344
0.00204230
0.00165698
0.00113840
0.00166094
0.00176374
0.00196820
0.00253548
0.00123677
0.00077420
0.00120528
0.00318005
0.00119540
0.00125733
0.00174188
0.00195191
0.00163787
0.00175355
0.00136499
0.00121367
0.00209479
0.00088320
0.00103625
0.00119479
0.00235245
0.00174524
0.00132737
0.00170709
0.00151674
0.00137691
0.00115241
0.00124334
0.00079107
0.00161794
0.00114573
0.00248490
0.00147016
0.00064680
0.00240755
0.00198893
0.00133174
0.00144375
0.00174326
0.00183285
0.00169258
0.00128054
0.00283493
0.00104467
0.00198890
0.00173305
0.00131280
0.00237428
0.00209256
0.00139360
0.00084046
0.00191004
0.00186068
0.00110672
0.00158101
0.00166139
0.00182944
0.00092573
0.00195764
0.00186871
0.00183479
0.00171251
0.00132171
0.00230424
0.00148278
0.00181815
0.00175172
0.00125883
0.00242775
0.00103821
0.00165660
0.00217378
0.00115783
0.00170985
0.00136537
0.00112869
0.00126765
0.00161252
0.00258945
0.00144379
0.00138669
0.00185463
0.00234581
0.00112575
0.00481442
0.00185773
0.00383634
0.00094228
0.00150584
0.00161047
0.00103419
0.00256821
0.00276186
0.00171625
0.00273786
0.00156099
0.00243919
0.00181026
0.00126278
0.00081740
0.00312796
0.00227160
0.00179247
0.00111807
0.00130716
0.00170303
0.00106755
0.00144353
0.00233229
0.00131225
0.00130200
0.00210007
0.00162511
0.00109256
0.00162404
0.00296719
0.00126752
0.00144328
0.00204938
0.00078270
0.00209216
0.00139922
0.00105946
0.00168250
0.00134730
0.00146188
0.00127694
0.00201157
0.00100734
0.00109715
0.00179469
0.00075763
0.00101809
0.00201853
0.00173878
0.00129339
0.00112158
0.00164641
0.00097238
0.00155655
0.00111668
0.00186322
0.00178710
0.00102339
0.00271700
0.00160801
0.00101996
0.00124677
0.00152686
0.00167529
0.00162324
0.00145418
0.00425313
0.00271455
0.00150184
0.00218222
0.00100299
0.00173023
0.00150537
0.00227708
0.00169772
0.00131752
0.00097225
0.00148776
0.00080245
0.00083616
0.00165950
0.00143734
0.00208402
0.00073690
0.00176587
0.00169682
0.00132965
0.00136161
0.00146528
0.00228537
0.00142816
0.00220024
0.00098732
0.00188381
0.00124938
0.00104570
0.00102310
0.00065535
0.00104252
0.00159750
0.00224401
0.00376622
0.00152433
0.00200631
0.00145148
0.00234543
0.00153930
0.00187370
0.00114584
0.00207989
0.00150221
0.00114131
0.00133513
0.00134113
0.00109058
0.00135432
0.00368615
0.00133502
0.00192708
0.00163126
0.00197847
0.00223058
0.00128872
0.00243109
0.00216329
0.00285627
0.00149820
0.00169113
0.00134220
0.00085106
0.00155777
0.00185344
0.00177344
0.00099635
0.00169461
0.00172830
0.00238614
0.00154711
0.00117632
0.00151577
0.00121013
0.00169155
0.00093618
0.00230540
0.00165600
0.00131279
0.00134888
0.00289801
0.00121064
0.00123084
0.00139535
0.00133673
0.00204354
0.00126718
0.00198434
0.00091767
0.00140440
0.00099956
0.00128649
0.00189462
0.00147846
0.00146650
0.00254215
0.00242317
0.00171761
0.00129835
0.00195250
0.00193337
0.00071533
0.00146872
0.00261139
0.00112416
0.00103222
0.00211784
0.00144420
0.00346432
0.00198665
0.00134820
0.00153764
0.00081126
0.00087392
0.00069570
0.00109317
0.00099016
0.00214234
0.00147893
0.00173345
0.00121139
0.00146708
0.00233000
0.00077188
0.00265109
0.00229409
0.00240988
0.00124456
0.00119893
0.00102454
0.00090463
0.00284101
0.00105081
0.00151608
0.00149362
0.00085904
0.00121074
0.00142827
0.00089503
0.00159367
0.00159043
0.00153972
0.00478154
0.00267773
0.00160274
0.00228776
0.00200288
0.00213304
0.00176093
0.00258376
0.00164556
0.00088088
0.00123910
0.00125724
0.00139255
0.00243942
0.00184134
0.00141709
0.00333409
0.00130141
0.00095992
0.00222419
0.00130222
0.00296909
0.00132260
0.00111986
0.00184027
0.00156020
0.00141959
0.00166630
0.00234997
0.00178309
0.00180093
0.00131683
0.00125270
0.00060800
0.00108354
0.00162893
0.00114172
0.00172200
0.00130790
0.00134828
0.00097845
0.00115332
0.00137688
0.00090050
0.00100443
0.00134458
0.00111479
0.00395232
0.00191079
0.00147006
0.00252999
0.00122557
0.00167811
0.00187505
0.00123092
0.00069132
0.00126639
0.00083761
0.00150785
0.00262830
0.00129787
0.00147444
0.00469247
0.00231468
0.00098707
0.00136536
0.00102700
0.00204746
0.00379239
0.00086873
0.00259307
0.00321599
0.00242519
0.00073016
0.00317864
0.00097946
0.00098196
0.00131950
0.00125014
0.00106424
0.00147858
0.00177968
0.00153859
0.00131878
0.00175096
0.00286565
0.00235881
0.00195088
0.00209213
0.00210408
0.00115502
0.00335530
0.00097345
0.00268389
0.00130701
0.00166761
0.00068358
0.00167425
0.00204592
0.00142277
0.00134962
0.00179166
0.00161441
0.00197863
0.00154356
0.00165842
0.00272669
0.00179351
0.00138169
0.00197702
0.00392551
0.00152183
0.00250376
0.00313469
0.00227203
0.00192908
0.00277329
0.00127828
0.00195667
0.00345728
0.00164647
0.00152826
0.00112651
0.00191652
0.00062149
0.00078982
0.00138025
0.00154032
0.00195637
0.00103608
0.00150744
0.00108437
0.00184781
0.00180228
0.00201056
0.00179546
0.00153568
0.00152964
0.00213681
0.00282599
0.00118832
0.00249009
0.00079814
0.00196208
0.00075659
0.00171412
0.00149545
0.00094991
0.00164248
0.00122715
0.00115964
0.00228417
0.00194403
0.00124164
0.00158883
0.00235677
0.00085264
0.00134442
0.00119580
0.00140042
0.00160512
0.00169351
0.00200627
0.00166389
0.00177516
0.00306160
0.00110571
0.00123381
0.00169700
0.00171019
0.00280995
0.00095893
0.00123866
0.00118568
0.00105878
0.00165173
0.00215079
0.00147941
0.00129014
0.00132704
0.00179352
0.00077907
0.00108904
0.00154288
0.00238602
0.00207156
0.00118001
0.00258611
0.00355278
0.00185094
0.00182417
0.00113547
0.00063889
0.00153757
0.00185421
0.00071578
0.00203310
0.00203477
0.00164687
0.00138515
0.00199474
0.00153623
0.00169601
0.00196616
0.00217659
0.00202959
0.00290995
0.00200003
0.00231338
0.00199823
0.00101108
0.00133485
0.00198017
0.00207939
0.00207062
0.00271664
0.00132510
0.00093891
0.00128760
0.00169301
0.00113473
0.00132617
0.00171998
0.00110774
0.00149429
0.00239904
0.00180315
0.00185414
0.00123445
0.00099429
