0.00015563371
0.00010994476
0.00011253376
0.00017312793
0.00010972516
0.00012927008
9.093345e-05
0.00010287037
8.885398e-05
0.00015774164
0.00015505536
0.000110612156
0.00016359412
0.00018708312
0.00011293589
0.00010912472
0.00012089083
0.00011907396
5.123609e-05
0.00012809267
0.000114478826
0.00014590788
0.0001208902
6.131016e-05
8.430545e-05
0.000100285375
0.00011506626
0.0001042963
0.00013436544
0.00018482369
7.036304e-05
0.00016081157
7.859785e-05
0.000100335186
6.0713573e-05
8.143843e-05
0.000100714286
0.0001340357
0.00013847546
0.00011533638
0.0001401263
0.00011087307
0.00012000772
0.00010366686
9.883139e-05
0.00027616305
0.00014096123
7.96294e-05
0.000151222
0.000101188234
8.723806e-05
0.00015028988
0.00024996008
7.700096e-05
4.3791224e-05
0.00014708658
9.670208e-05
8.918365e-05
5.523152e-05
9.1541006e-05
0.00010505403
0.00017317288
8.3750354e-05
9.2480324e-05
0.00014925646
7.085394e-05
9.156336e-05
0.00010228282
5.8519297e-05
9.200991e-05
6.997914e-05
8.329892e-05
6.184289e-05
0.00010121442
5.8447265e-05
0.00013837148
7.0914255e-05
6.138051e-05
8.014044e-05
0.0001240329
7.125705e-05
0.00015387556
0.00011993381
6.121036e-05
7.473508e-05
0.00011999856
0.000118947115
0.00010177313
9.588928e-05
0.00017628692
0.00014068172
6.548196e-05
0.00017108806
0.00014641092
7.909963e-05
0.00018214155
6.7600355e-05
6.353276e-05
9.296989e-05
9.119198e-05
7.647164e-05
7.318732e-05
9.809314e-05
9.869129e-05
7.421374e-05
0.000117420575
0.00013001767
8.088829e-05
0.0002334177
8.479285e-05
4.1903215e-05
0.00024097756
0.00011089875
6.919969e-05
0.00018712108
9.26296e-05
7.3012176e-05
0.00010312402
9.9015524e-05
0.00019845838
7.869641e-05
8.584185e-05
0.00011942413
8.349525e-05
0.00010147306
9.755832e-05
0.00010500935
7.2952884e-05
0.00011012375
0.000113361544
7.810719e-05
6.123792e-05
0.00013248467
7.736976e-05
0.00010489407
7.501912e-05
0.00012636444
0.00018249542
0.00011685575
0.00012535739
8.9048284e-05
7.821031e-05
0.00016416344
9.345282e-05
0.00021062813
7.337798e-05
7.944557e-05
7.931113e-05
9.334567e-05
6.824902e-05
0.00012348457
7.614774e-05
0.0001550371
9.081899e-05
9.535853e-05
6.8847985e-05
9.804642e-05
7.2911615e-05
9.2797185e-05
0.00016507797
3.7311736e-05
9.219252e-05
0.00010575676
7.852057e-05
0.00014725565
7.329967e-05
0.00010504369
7.338385e-05
0.00013768757
0.00010764947
6.389229e-05
0.00015468181
9.7275326e-05
8.780004e-05
9.098605e-05
6.3962005e-05
0.00016369138
0.00010599303
0.00013612353
0.00012546446
0.00013715727
7.2343246e-05
9.7958786e-05
8.555143e-05
9.126813e-05
0.00012413754
9.234489e-05
0.0001587411
8.132729e-05
9.436357e-05
0.000105888765
0.00012829032
