1937258943
1368543327
1400770037
1077509611
1365809864
1609096266
1131899053
1280484508
1106014741
1963497555
1930059918
1376850762
2036346653
1164363615
1405775659
1358335852
1504795124
1482179507
1275527986
1594440323
1424981392
1816196228
1504787432
1526322928
2098793199
1248307582
1432293488
1298233770
1672521101
1150301383
1751695546
2001710739
1956701844
1248927682
1511470968
2027418563
1253646523
1668416590
1723680821
1435655811
1744229739
1380098560
1493802557
1290398877
1230209106
1718777159
1754622590
1982382448
1882344056
1259545992
1085900461
1870741389
1555695817
1916947108
1090187271
1830868111
1203704396
1110118312
1374994652
1139461565
1307665725
1077789449
2084974011
1151153843
1857877798
1763916347
1139739843
1273170958
1456844272
1145298388
1742138212
2073735644
1539585390
1259871960
1455051022
1722386479
1765417986
1528074385
1995104849
1543906215
1773951949
1915374361
1492882600
1523838514
1860537846
1493688631
1480600606
1266826466
1193586917
1097170451
1751143221
1630180416
2129627922
1822457861
1969193829
1133608375
1682918054
1581654976
1157247663
1135117109
1903769685
1822006300
1221019661
1228465213
1847559132
1461598923
1618401946
2013722703
1452739698
2110927251
2086370186
1499790570
1380418161
1722733899
1164599907
1153011877
1817645990
1283641712
1232501094
1235160735
1959155577
2137042108
1486538279
2078623366
1263091383
1214362448
1307109512
1816169819
1370771344
1411073918
1944486941
1524524721
1649110051
1926128562
1305674535
1867609056
1572928201
1135810837
1454568309
1560392757
1108433347
1947054087
2043433375
1163259093
1310902541
1826752747
1977805993
1974459225
1161925224
1699066707
1537080805
1895706214
1929832664
1130474247
1186980471
1713978151
1220438106
1815142431
1155097934
2054817035
1857759428
1147571360
1316413011
1954778088
1832972544
1824803179
1307536970
1826898979
1713873541
1339972559
1590605330
1925410134
1210839877
1092895735
1132553723
1592340976
2037557280
1319353943
1694404957
1561725644
1707272480
1800992917
1219347260
2129812016
1136064928
1545208847
1149468024
1975938388
2024651853
1174595618
1318056183
1596900679
