0.00045333963
0.000320254
0.0003277954
0.0005042979
0.00031961434
0.000376546
0.00026487667
0.00029964728
0.00025881946
0.00045947975
0.00045165498
0.00032219803
0.00047652723
0.00054494746
0.00032896677
0.00031786534
0.0003521384
0.0003468461
0.0001492437
0.00037311635
0.00033346112
0.00042500964
0.0003521366
0.00017858807
0.0002455702
0.00029211753
0.00033517223
0.0003038008
0.0003913881
0.00053836603
0.00020495789
0.00046842205
0.00022894474
0.00029226264
0.00017685031
0.00023721898
0.0002933669
0.0003904276
0.00040336003
0.00033595905
0.0004081687
0.00032295805
0.00034956602
0.00030196735
0.00028788229
0.00080442504
0.00041060074
0.00023194951
0.00044048895
0.00029474744
0.0002541125
0.0004377738
0.00072809943
0.00022429322
0.00012755783
0.00042844302
0.0002816799
0.00025977974
0.00016088184
0.00026664638
0.00030600798
0.00050442887
0.00024395328
0.0002693825
0.00043476358
0.00020638779
0.0002667115
0.00029793583
0.00017045869
0.00026801226
0.00020383963
0.00024263833
0.00018013985
0.00029482372
0.00017024887
0.00040305714
0.00020656349
0.000178793
0.0002334381
0.00036129082
0.00020756201
0.0004482184
0.00034935074
0.00017829738
0.00021769303
0.00034953936
0.00034647662
0.00029645115
0.0002793123
0.0005134996
0.00040978653
0.00019073996
0.00049835606
0.00042647493
0.00023040637
0.00053055334
0.00019691055
0.00018506222
0.00027080852
0.00026562973
0.00022275139
0.00021318463
0.00028573186
0.0002874742
0.00021617445
0.00034203002
0.00037872363
0.00023561649
0.00067991373
0.00024698995
0.00012205832
0.00070193456
0.00032303284
0.00020156922
0.00054505805
0.0002698173
0.00021267445
0.0003003861
0.00028841864
0.00057808205
0.00022923184
0.00025004553
0.0003478661
0.00024321022
0.0002955771
0.000284174
0.00030587782
0.00021250173
0.00032077538
0.00033020662
0.00022751553
0.00017837767
0.00038590966
0.0002253675
0.00030554202
0.0002185204
0.00036808228
0.00053158414
0.00034038478
0.00036514885
0.00025938544
0.0002278159
0.0004781856
0.00027221526
0.00061353086
0.00021373999
0.00023141404
0.00023102245
0.00027190312
0.00019880003
0.0003596936
0.00022180792
0.0004516018
0.00026454325
0.00027776632
0.00020054475
0.00028559577
0.00021238152
0.00027030546
0.0004808495
0.00010868397
0.00026854416
0.00030805494
0.00022871965
0.00042893548
0.00021351188
0.00030597785
0.0002137571
0.00040106502
0.00031356813
0.00018610946
0.00045056688
0.00028334968
0.00025574947
0.00026502987
0.00018631254
0.00047681053
0.00030874315
0.00039650916
0.00036546076
0.0003995203
0.00021072595
0.0002853405
0.00024919957
0.00026585153
0.00036159565
0.000268988
0.00046239104
0.00023689526
0.00027486813
0.00030843946
0.0003736921
