-121
-126
-127
-124
-118
-128
-110
-126
-111
-128
-126
-127
-127
-127
-126
-126
-109
-124
-125
-104
-128
-125
-110
-110
-128
-122
-125
-127
-104
-102
-127
-125
-126
-124
-127
-126
-127
-123
-127
-111
-125
-127
-123
-119
-123
-124
-128
-125
-128
-126
-123
-123
-128
-128
-101
-104
-125
-115
-123
-109
-127
-125
-121
-125
-109
-124
-128
-123
-125
-126
-126
-127
-124
-126
-128
-126
-123
-126
-116
-128
-121
-111
-125
-123
-126
-100
-126
-126
-120
-127
-126
-125
-128
-126
-127
-127
-126
-126
-126
-128
-128
-125
-124
-126
-128
-127
-127
-125
-110
-101
-126
-127
-127
-125
-128
-123
-125
-126
-125
-121
-128
-122
-110
-125
-127
-114
-126
-127
-115
-125
-107
-126
-127
-124
-127
-113
-113
-116
-121
-128
-126
-110
-124
-107
-126
-128
-120
-125
-126
-124
-125
-125
-128
-127
-128
-124
-128
-127
-126
-107
-115
-127
-112
-127
-125
-115
-109
-125
-114
-126
-127
-120
-128
-128
-126
-128
-127
-128
-121
-117
-122
-116
-125
-128
-127
-127
-97
-111
-128
-127
-128
-125
-123
-109
-126
-124
-123
-128
-127
-124
-125
-128
-123
-126
-113
-120
-113
-125
-126
-124
-125
-127
-126
-128
-127
-127
-115
-126
-126
-127
-125
-127
-113
-127
-123
-113
-125
-112
-127
-98
-124
-126
-128
-123
-124
-127
-124
-128
-122
-124
-126
-109
-126
-126
-126
-127
-127
-114
-125
-126
-125
-124
-118
-127
-127
-123
-119
-127
-125
-111
-125
-124
-125
-124
-126
-116
-111
-115
-124
-109
-124
-126
-114
-127
-123
-124
-125
-125
-128
-122
-125
-125
-126
-109
-128
-112
-126
-113
-120
-124
-122
-125
-121
-127
-125
-127
-126
-124
-126
-113
-127
-128
-105
-118
-128
-120
-125
-126
-127
-123
-119
-120
-128
-107
-125
-121
-125
-114
-125
-123
-109
-127
-127
-116
-123
-126
-125
-127
-124
-128
-109
-117
-124
-116
-122
-125
-108
-119
-125
-126
-105
-127
-125
-124
-124
-128
-127
-126
-126
-128
-127
-125
-127
-121
-127
-128
-123
-124
-124
-117
-124
-115
-126
-127
-121
-127
-123
-109
-123
-123
-124
-125
-126
-128
-127
-121
-124
-121
-128
-128
-127
-128
-126
-114
-123
-109
-126
-124
-128
-126
-125
-112
-110
-127
-119
-107
-127
-128
-103
-107
-126
-118
-116
-127
-127
-127
-115
-125
-85
-126
-125
-118
-118
-121
-120
-128
-125
-102
-115
-127
-126
-125
-127
-128
-124
-105
-123
-117
-124
-119
-127
-105
-127
-108
-119
-124
-127
-94
-110
-123
-127
-127
-124
-114
-124
-125
-106
-127
-127
-105
-118
-119
-125
-127
-125
-125
-116
-126
-115
-126
-123
-127
-125
-127
-121
-115
-127
-127
-106
-127
-127
-127
-112
-126
-127
-123
-128
-126
-117
-127
-126
-127
-123
-124
-122
-108
-123
-127
-125
-127
-128
-125
-128
-127
-125
-121
-118
-125
-124
-124
-127
-127
-120
-126
-106
-122
-122
-109
-122
-126
-124
-128
-126
-126
-127
-127
-120
-123
-128
-125
-115
-126
-117
-128
-125
-118
-125
-127
-127
-127
-126
-128
-124
-124
-124
-128
-121
-128
-124
-113
-112
-123
-125
-124
-126
-125
-117
-127
-126
-124
-128
-127
-127
-112
-124
-128
-127
-127
-128
-125
-111
-127
-111
-125
-128
-124
-123
-105
-127
-127
-122
-128
-126
-110
-128
-119
-127
-126
-127
-126
-109
-123
-127
-127
-125
-109
-126
-115
-118
-126
-128
-127
-128
-113
-128
-116
-124
-125
-127
-124
-127
-127
-127
-126
-117
-126
-127
-121
-124
-126
-119
-125
-121
-124
-124
-124
-124
-123
-126
-126
-126
-126
-127
-125
-128
-127
-128
-125
-110
-128
-127
-128
-125
-124
-126
-127
-128
-124
-121
-127
-127
-126
-126
-128
-125
-109
-124
-127
-121
-125
-128
-116
-109
-124
-122
-126
-123
-123
-107
-126
-127
-126
-120
-125
-126
-126
-118
-125
-125
-126
-123
-125
-119
-126
-127
-128
-128
-128
-127
-127
-125
-126
-124
-125
-127
-121
-126
-128
-126
-105
-119
-125
-127
-127
-126
-128
-127
-127
-128
-111
-109
-109
-125
-114
-120
-125
-115
-125
-126
-125
-124
-106
-124
-126
-125
-116
-127
-126
-126
-125
-116
-128
-125
-126
-128
-127
-128
-117
-126
-122
-112
-125
-128
-127
-126
-103
-125
-126
-125
-119
-126
-101
-128
-124
-126
-124
-123
-128
-125
-126
-125
-127
-124
-122
-105
-111
-124
-121
-124
-124
-115
-105
-124
-128
-126
-122
-127
-117
-123
-117
-128
-125
-127
-121
-125
-127
-125
-124
-117
-127
-126
-128
-126
-127
-126
-126
-121
-125
-125
-120
-127
-125
-127
-127
-103
-127
-125
-124
-114
-125
-112
-125
-126
-124
-126
-122
-122
-125
-126
-125
-127
-100
-127
-123
-126
-120
-121
-125
-128
-126
-113
-127
-126
-120
-127
-127
-122
-128
-109
-126
-126
-127
-111
-114
-127
-126
-125
-126
-124
-126
-125
-126
-104
-125
-123
-107
-124
-122
-113
-128
-125
-128
-120
-126
-117
-127
-127
-127
-123
-125
-128
-127
-125
-117
-117
-128
-125
-127
-125
-125
-125
-120
-126
-115
-115
-115
-116
-127
-126
-116
-119
-127
-126
-110
-127
-124
-105
-125
-104
-103
-125
-125
-128
-125
-128
-119
-125
-127
-128
-127
-126
-125
-126
-127
-127
-125
-126
-123
-115
-127
-126
-127
-127
-125
-127
-126
-125
-106
-115
-127
-126
-126
-124
-126
-128
-128
-121
-126
-126
-125
-127
-120
-121
-125
-125
-128
-127
-128
-120
-124
-127
-125
-128
-113
-126
-114
-124
-127
-126
-115
-123
-115
-127
-124
-124
-128
-126
-109
-119
-123
-122
-126
-124
-127
-127
-128
-126
-127
-126
-125
-126
-127
-123
-122
-125
-128
-127
-127
-125
-127
-121
-128
-128
-128
-126
-106
-127
-128
-127
-128
-125
-120
-125
-114
-121
-124
-112
-128
-126
-111
-127
-126
-121
-126
-127
-125
-123
-125
-125
-125
-117
-109
-124
-126
-115
-128
-125
-127
-126
-124
-125
-124
-125
-124
-127
-128
-126
-121
-124
-124
-128
-126
-126
-125
-127
-125
-126
-124
-128
-118
-125
-126
-125
-128
-123
-112
-124
-125
-127
-121
-103
-120
-125
-124
-111
-126
-119
-124
-124
-126
-124
-127
-127
-125
-116
-126
-128
-123
-102
-127
-124
-126
-117
-128
-125
-127
-128
-126
-120
-128
-126
-127
-124
-127
-124
-127
-124
-110
-124
-126
-124
-127
-113
-124
-125
-125
-126
-112
-127
-123
-128
-118
-126
-125
-113
-124
-124
-127
-126
-115
-128
-128
-124
-125
-121
-127
-121
-127
-125
-116
-127
-126
-115
-125
-109
-122
-128
-125
-128
-128
-110
-126
-127
-108
-126
-126
-120
-115
-115
-110
-118
-120
-124
-123
-127
-124
-125
-128
-115
-124
-126
-127
