-1863
-328
-74
89
-1136
-4069
511
-2658
-3668
-661
7515
4071
-1498
-590
1715
-1543
-8106
6210
-5585
-2738
6194
-1145
-1653
-1729
-5762
1791
-966
-4577
-3690
740
2498
3184
-2213
-2996
-567
-3505
-3077
3062
-3844
-1773
3996
9398
5892
-10455
-3464
390
-5734
-3296
-12604
-3304
610
465
-1202
-16814
-1902
-8082
-1871
-5538
2451
1943
-86
-1064
-3490
-323
-4693
-1148
-5857
-669
-3644
448
-1409
3803
-5046
3537
-2997
-3552
-1853
-919
-1201
-10746
-14136
248
-5361
-2027
-1636
478
-5472
624
520
-901
-6189
-13175
-5207
5765
9165
-3032
2441
-3003
-6498
-1781
7268
-415
7725
-1961
11063
-531
-7154
-944
-7315
-1176
-765
-3757
-925
-4030
8815
-2746
-605
-305
-5223
5766
698
2420
-1333
-1251
-1598
86
2018
-4580
