1359403336
1450681316
1648117986
1425145730
1592062499
1123739136
1922211978
1996095420
2067898453
1381276533
1175966091
1972141813
1806864812
1264592993
1149628680
1108461126
1250918633
1898345054
1796925076
1182770764
1513324767
1160232991
1599748458
1693352452
1911925507
1424127196
2100354291
1709099998
1081545825
1961190767
1227152840
1446404918
1667722959
1694768286
1835138159
1820286344
1143242978
1825097292
1178913338
1811213446
1192594922
1768868438
1349622520
1090033608
2055589362
1978065202
1378964967
2123896151
2070787911
1376263324
1468075854
1100074474
1153543896
1484459081
1196177850
1107370356
1475155026
1403337546
1998031357
1997467913
1392350381
1714662205
1362061637
1505299297
1882973137
1099106506
1312146249
1389742645
1316769382
1223483228
1748194366
2009502506
1309574631
1618905565
1146623644
1296918805
1828795798
1559281597
1298435771
1362581740
1091709493
1967143051
1130753295
1669962289
1308801701
1884071131
1271072603
1788545648
1301383018
1339812810
1535255754
1560711879
1271997229
2042095593
1317303932
1514307183
1481641859
2030508866
1224523433
1304445843
1580389089
1715774646
1449698900
1794541273
1614874771
1827972303
1480977284
1500957886
1356817271
1900627726
1434457009
1451967125
1367956132
1095393552
1523394528
1293798190
2005153871
1332495258
1394828092
1509554024
1667650722
1106207349
1619685718
1138959356
1958012363
1922948789
1323704081
2139643697
