0.00293630
0.00059324
0.00115419
0.00330655
0.00196512
0.00158201
0.00169908
0.00091932
0.00139361
0.00142198
0.00048817
0.00267937
0.00110122
0.00106594
0.00048233
0.00127404
0.00092569
0.00061187
0.00027603
0.00217173
0.00135747
0.00516764
0.00105134
0.00372297
0.00309056
0.00096028
0.00036879
0.00159045
0.00227240
0.00038030
0.00120477
0.00100815
0.00353250
0.00095322
0.00291441
0.00130470
0.00059602
0.00146335
0.00382583
0.00058255
0.00481273
0.00235912
0.00191101
0.00085337
0.00386455
0.00068672
0.00201623
0.00057664
0.00205772
0.00119374
0.00136927
0.00266012
0.00645923
0.00117673
0.00224977
0.00073284
0.00363068
0.00029993
0.00262818
0.00068351
0.00043619
0.00076779
0.00533507
0.00187308
0.00194801
0.00138410
0.00053671
0.00169457
0.00249246
0.00097796
0.00197743
0.00407800
0.00367712
0.00150868
0.00133920
0.00260085
0.00194336
0.00075456
0.00153278
0.00151161
0.00266954
0.00310176
0.00104394
0.00105069
0.00380485
0.00131277
0.00111600
0.00074175
0.00094898
0.00209304
0.00080201
0.00037053
0.00363794
0.00381588
0.00093792
0.00128048
0.00165257
0.00324488
0.00114747
0.00144918
0.00095051
0.00093490
0.00201596
0.00112236
0.00367393
0.00136572
0.00296648
0.00062080
0.00211458
0.00191912
0.00090663
0.00152139
0.00054007
0.00231558
0.00405680
0.00051982
0.00089778
0.00115602
0.00400689
0.00088428
0.00095820
0.00732992
0.00200639
0.00271877
0.00151498
0.00202043
0.00207183
0.00143622
0.00138774
0.00110546
0.00103887
0.00222748
0.00108191
0.00101795
0.00057907
0.00383678
0.00162166
0.00152426
0.00161312
0.00530384
0.00046419
0.00179950
0.00334219
0.00155447
0.00029583
0.00501140
0.00113267
0.00077489
0.00155901
0.00458862
0.00180387
0.00136527
0.00339612
0.00055781
0.00537596
0.00071277
0.00111981
0.00057805
0.00064699
0.00128689
0.00088926
0.00060024
0.00146196
0.00095989
0.00301002
0.00182824
0.00368292
0.00091283
0.00020035
0.00112187
0.00208232
0.00060272
0.00314333
0.00064961
0.00106355
0.00071173
0.00039476
0.00105421
0.00052338
0.00061891
0.00205989
0.00159893
0.00318943
0.00331244
0.00116701
0.00498000
0.00324584
0.00134873
0.00139381
0.00076586
0.00245864
0.00186303
0.00117632
0.00385613
0.00177367
0.00031272
0.00049109
0.00337810
0.00090692
0.00576994
0.00095467
0.00064124
0.00426476
0.00351237
0.00251621
0.00126434
0.00232695
0.00267986
0.00075367
0.00198056
0.00163089
0.00144731
0.00157450
0.00057906
0.00094893
0.00236424
0.00228621
0.00202874
0.00085134
0.00201429
0.00364270
0.00502831
0.00378754
0.00142755
0.00283852
0.00188378
0.00156591
0.00093692
0.00465308
0.00221098
0.00045973
0.00154925
0.00041782
0.00204013
0.00166439
0.00143440
0.00345255
0.00060680
0.00462205
0.00106173
0.00117784
0.00083149
0.00137043
0.00054789
0.00264071
0.00113096
0.00096108
0.00085789
0.00071762
0.00611173
0.00150740
0.00535903
0.00041892
0.00107504
0.00097488
0.00484800
0.00160978
0.00271504
0.00083940
0.00165361
0.00329560
0.00096661
0.00078685
0.00102390
0.00066432
0.00038397
0.00096164
0.00085660
0.00227724
0.00197296
0.00143999
0.00151626
0.00063678
0.00114098
0.00170876
0.00060902
0.00149351
0.00046707
0.00237204
0.00180011
0.00263545
0.00156810
0.00243994
0.00129166
0.00159219
0.00131727
0.00160059
0.00057514
0.00078905
0.00091116
0.00100450
0.00039778
0.00071224
0.00082096
0.00139356
0.00172203
0.00089958
0.00193212
0.00098400
0.00415633
0.00066789
0.00192553
0.00218423
0.00101964
0.00286984
0.00069249
0.00093327
0.00310782
0.00151993
0.00067811
0.00129809
0.00113088
0.00198186
0.00140956
0.00397824
0.00157100
0.00097593
0.00281633
0.00171684
0.00175718
0.00113986
0.00067589
0.00311898
0.00416465
0.00109108
0.00091608
0.00088697
0.00279258
0.00063166
0.00275438
0.00104223
0.00035580
0.00150014
0.00187449
0.00174947
0.00048950
0.00028750
0.00839097
0.00191923
0.00077122
0.00162095
0.00099566
0.00276206
0.00118674
0.00324752
0.00133009
0.00296334
0.00269243
0.00232609
0.00163793
0.00283286
0.00057560
0.00083656
0.00100841
0.00182335
0.00020576
0.00317304
0.00031658
0.00060913
0.00086256
0.00049681
0.00105455
0.00078250
0.00307545
0.00089940
0.00109692
0.00279763
0.00324141
0.00024821
0.00131574
0.00072993
0.00201136
0.00146485
0.00060503
0.00042890
0.00141732
0.00090576
0.00092765
0.00312288
0.00118650
0.00048904
0.00430397
0.00133641
0.00129074
0.00118444
0.00079515
0.00050335
0.00154435
0.00258599
0.00418753
0.00167200
0.00300757
0.00243389
0.00120429
0.00226576
0.00155174
0.00116087
0.00088498
0.00134736
0.00110150
0.00367128
0.00031129
0.00233314
0.00085013
0.00070912
0.00164802
0.00209589
0.00077780
0.00330546
0.00861985
0.00275113
0.00131105
0.00109962
0.00064410
0.00579245
0.00275139
0.00131552
0.00153912
0.00104167
0.00297005
0.00325735
0.00186691
0.00097828
0.00430714
0.00925012
0.00079652
0.00076805
0.00039083
0.00194378
0.00323356
0.00215320
0.00198569
0.00201487
0.00504237
0.00065185
0.00025427
0.00105167
0.00307438
0.00081771
0.00379687
0.00140701
0.00150357
0.00097197
0.00156292
0.00172913
0.00306449
0.00183168
0.00062981
0.00374451
0.00207172
0.00042593
0.00115622
0.00159867
0.00583522
0.00303122
0.00280608
0.00094392
0.00260559
0.00081116
0.00545728
0.00071873
0.00476067
0.00240709
0.00329983
0.00079998
0.00043307
0.00124434
0.00088109
0.00167743
0.00140446
0.00188921
0.00186755
0.00209873
0.00198032
0.00092578
0.00098556
0.00103827
0.00185332
0.00033787
0.00087410
0.00063663
0.00150983
0.00070446
0.00359056
0.00418326
0.00044661
0.00129003
0.00058346
0.00142201
0.00184536
0.00087679
0.00125533
0.00026893
0.00192608
0.00177657
0.00092041
0.00140646
0.00373533
0.00132684
0.00178256
0.00098427
0.00345431
0.00114878
0.00284315
0.00368273
0.00150276
0.00152895
0.00197643
0.00094599
0.00190063
0.00120105
0.00131260
0.00147084
0.00350865
0.00092663
0.00127618
0.00213922
0.00049202
0.00245921
0.00044623
0.00133083
0.00080683
0.00048825
0.00083595
0.00071477
0.00101131
0.00077399
0.00099860
0.00078144
0.00129452
0.00188813
0.00082863
0.01020241
0.00083518
0.00612303
0.00198881
0.00190927
0.00260510
0.00336816
0.00112193
0.00047318
0.00141207
0.00199289
0.00708536
0.00624548
0.00182549
0.00099442
0.00169142
0.00117871
0.00081611
0.00169455
0.00087499
0.00405839
0.00180657
0.00088810
0.00090447
0.00068494
0.00392441
0.00210653
0.00171200
0.00051294
0.00187689
0.00315550
0.00112291
0.00216815
0.00466777
0.00100603
0.00073039
0.00155807
0.00228432
0.00150451
0.00088886
0.00072648
0.00145713
0.00260808
0.00176801
0.00193400
0.00071504
0.00259331
0.00321677
0.00100733
0.00140317
0.00056475
0.00256419
0.00272327
0.00246610
0.00093103
0.00124959
0.00052993
0.00278202
0.00678723
0.00259256
0.00349270
0.00085453
0.00303205
0.00260835
0.00020403
0.00065215
0.00134504
0.00196318
0.00146719
0.00095900
0.00180873
0.00069789
0.00107312
0.00066205
0.00223689
0.00207550
0.00116327
0.00094010
0.00129850
0.00074685
0.00393075
0.00020033
0.00064508
0.00356170
0.00140320
0.00347290
0.00097000
0.00211615
0.00185812
0.00119239
0.00344799
0.00119301
0.00128063
0.00152989
0.00089948
0.00093799
0.00083759
0.00116437
0.00230799
0.00245416
0.00121226
0.00491283
0.00109607
0.00058383
0.00275861
0.00098447
0.00188070
0.00266825
0.00067060
0.00205715
0.00139683
0.00156934
0.00122394
0.00180729
0.00096693
0.00190674
0.00109209
0.00167661
0.00012144
0.00230575
0.00045256
0.00239425
0.00139252
0.00131063
0.00221802
0.00087088
0.00069005
0.00090240
0.00143799
0.00022800
0.00175340
0.00144934
0.00142825
0.00109994
0.00247388
0.00215792
0.00214488
0.00127432
0.00050928
0.00411438
0.00275461
0.00065698
0.00083173
0.00102315
0.00305904
0.00176450
0.00333108
0.00305437
0.00095570
0.00187900
0.00093435
0.00068748
0.00493956
0.00075550
0.00039220
0.00103077
0.00103847
0.00118852
0.00395651
0.00115102
0.00110873
0.00064932
0.00167521
0.00130793
0.00030215
0.00087645
0.00320984
0.00244683
0.00061557
0.00090971
0.00367800
0.00333092
0.00157595
0.00238428
0.00098719
0.00282714
0.00290860
0.00054083
0.00090274
0.00112493
0.00140220
0.00193086
0.00026154
0.00228187
0.00111402
0.00040284
0.00213546
0.00271763
0.00093054
0.00128016
0.00392433
0.00129550
0.00060843
0.00050658
0.00134481
0.00108356
0.00086472
0.00197607
0.00478362
0.00064477
0.00155690
0.00082509
0.00090982
0.00084689
0.00109214
0.00091547
0.00137000
0.00066740
0.00223626
0.00252670
0.00178299
0.00075485
0.00086872
0.00197675
0.00468247
0.00157164
0.00097823
0.00113841
0.00207485
0.00386511
0.00212273
0.00137499
0.00298834
0.00031708
0.00393074
0.00400206
0.00214978
0.00251008
0.00102995
0.00097778
0.00076478
0.00130709
0.00096845
0.00292902
0.00139708
0.00228035
0.00112481
0.00091899
0.00110662
0.00224665
0.00134610
0.00294566
0.00313484
0.00174391
0.00087881
0.00343566
0.00166503
0.00133131
0.00282939
0.00139752
0.00059832
0.00052574
0.00061446
0.00167027
0.00064171
0.00155833
0.00163607
0.00230944
0.00549888
0.00226459
0.00083560
0.00082139
0.00096609
0.00232199
0.00144594
0.00083269
0.00060755
0.00071532
0.00366122
0.00393031
0.00327891
0.00070816
0.00146931
0.00224550
0.00076321
0.00059831
0.00288508
0.00315195
0.00206726
0.00117406
0.00349443
0.00314214
0.00170238
0.00106237
0.00272075
0.00167007
0.00106108
0.00116823
0.00091933
0.00939368
0.00130585
0.00329030
0.00065449
0.00229186
0.00513557
0.00106824
0.00161331
0.00124563
0.00259365
0.00128158
0.00083907
0.00404996
0.00380554
0.00220935
0.00131515
0.00477602
0.00370167
0.00098393
0.00055726
0.00166606
0.00081190
0.00129663
0.00086588
0.00324179
0.00063427
0.00178527
0.00261210
0.00104973
0.00291799
0.00102027
0.00306231
0.00085649
0.00101415
0.00279476
0.00159855
0.00053368
0.00207807
0.00040376
0.00230870
0.00109490
0.00714583
0.00098611
0.00291473
0.00044748
0.00101156
0.00134310
0.00140314
0.00209363
0.00121410
0.00177456
0.00249935
0.00169875
0.00222842
0.00063492
0.00334998
0.00151852
0.00125082
0.00141347
0.00051763
0.00300037
0.00130150
0.00108981
0.00266475
0.00059727
0.00092089
0.00126336
0.00396249
0.00093669
0.00259799
0.00099461
0.00113007
0.00294028
0.00247368
0.00233014
0.00081691
0.00170281
0.00128998
0.00176402
0.00118751
0.00087621
0.00070131
0.00076648
0.00223142
0.00515540
0.00183070
0.00193461
0.00354368
0.00075988
0.00023750
0.00129990
0.00097004
0.00172030
0.00054293
0.00069692
0.00186447
0.00223319
0.00213720
0.00067864
0.00171919
0.00224746
0.00293739
0.00212638
0.00165048
0.00159038
0.00220225
0.00090895
0.00063028
0.00017898
0.00172453
0.00170273
0.00091368
0.00062537
0.00109158
0.00112267
0.00115251
0.00133932
0.00094037
0.00178454
0.00089264
0.00308086
0.00084507
0.00058217
0.00047064
0.00105588
0.00154905
0.00072148
0.00103418
0.00193187
0.00185298
0.00076170
0.00113908
0.00217414
0.00156822
0.00142364
0.00168595
0.00176373
0.00157237
0.00143694
0.00073901
0.00095746
0.00753874
0.00371129
0.00081058
0.00137960
0.00079877
0.00075077
0.00081994
0.00142456
0.00083604
0.00377464
0.00172120
0.00160568
0.00059069
0.00194131
0.00243917
0.00145014
0.00056642
0.00109834
0.00105807
0.00121443
0.00145166
0.00078652
0.00076923
0.00102158
0.00133862
0.00090310
0.00204987
0.00198486
0.00109883
0.00076985
0.00125934
0.00108141
0.00079956
0.00115073
0.00095946
0.00219270
0.00079327
0.00078602
0.00056718
0.00064480
0.00202309
0.00104233
0.00183467
0.00033006
0.00153614
0.00183422
0.00086142
0.00074939
0.00122866
0.00060973
0.00143456
0.00357063
0.00054838
0.00094513
0.00064323
0.00161791
0.00082558
0.00071285
0.00142309
0.00063582
0.00173810
0.00310574
0.00114827
0.00513677
0.00135661
0.00153071
0.00590241
0.00130555
0.00030770
0.00120691
0.00295727
0.00276984
0.00146455
0.00107168
0.00175193
0.00235446
0.00178862
0.00339977
0.00287809
0.00075145
0.00062952
0.00096437
0.00082981
0.00456201
0.00158778
0.00079541
0.00115066
0.00174359
0.00147627
0.00157725
0.00108843
0.00216930
0.00027461
0.00332919
0.00128390
0.00112804
0.00112339
0.00138127
0.00099557
0.00206466
0.00055120
0.00046783
0.00107356
0.00341837
0.00284471
0.00111093
0.00189971
0.00102154
0.00218307
0.00100951
0.00095880
0.00236070
0.00300301
0.00199254
0.00072352
0.00085689
0.00113247
0.00075565
0.00121984
0.00153093
0.00211261
0.00252144
0.00097289
0.00162675
0.00064798
0.00114351
0.00458984
0.00046905
0.00072455
0.00176212
0.00077379
0.00057292
0.00181748
0.00068088
0.00088868
0.00109655
0.00228269
0.00095500
0.00152706
0.00136039
0.00313525
0.00155571
0.00092487
0.00076082
0.00117036
0.00111016
0.00160766
0.00102227
0.00110549
0.00242571
0.00061649
0.00115430
0.00172368
0.00071202
0.00180773
0.00133137
0.00184072
0.00287162
0.00043016
0.00096045
0.00090172
0.00140253
0.00117060
0.00200740
0.00445741
0.00145281
0.00051870
0.00132053
0.00113707
0.00059068
0.00194921
0.00110979
0.00062031
0.00089563
0.00068613
0.00155785
0.00086485
0.00049698
0.00103314
0.00146276
0.00093433
0.00063813
0.00093657
0.00126950
0.00200069
0.00204622
0.00217048
0.00293610
0.00114106
0.00405189
