-1474
87960
5425
3006
6837
53569
4157
73423
62770
52790
-102036
-3431
51226
51935
85979
35331
34363
78694
-109717
35172
29111
-2317
34023
-16944
-6183
12170
-97787
28267
10606
70466
86024
50303
27537
-84913
-4486
49003
78665
41959
-6558
12583
19402
39410
20976
30478
-7631
1591
39506
33591
3770
-105120
54940
8694
3687
80471
32323
91189
9660
48725
11780
63718
29037
2270
5934
34708
32052
18847
83303
65618
3152
41995
30105
493
-7681
32223
50380
35778
2465
75805
22877
57240
9693
5004
63152
38278
-3888
40757
34314
40178
42076
52327
58879
90824
-9427
2946
43560
-97455
63053
-6287
75276
43217
22189
69588
37779
6657
-989
42009
1409
82622
31003
16824
73131
-1545
23485
47061
8267
51223
47855
65336
-7266
-70545
65814
3841
30693
5457
14526
36914
24232
294
-12943
29667
-3134
10650
24218
11116
31915
-1081
67116
15987
27874
-1208
32441
48370
-48403
37403
-106193
-38344
66520
97150
54289
-7049
-3178
76500
-10177
55522
-2771
10218
25342
99607
93413
63802
26274
-101963
46953
17452
31318
49561
-2350
30811
-92440
6155
5626
91354
30762
68305
51876
-70481
-84329
20579
112205
61480
34144
40823
24966
-1650
27929
-5480
-5975
-49033
14508
17201
-11268
46034
43185
2700
42298
-94823
52083
-21425
63663
11755
75411
77899
14142
-609
9443
34039
32605
21300
67075
1573
25334
32424
55864
62672
44576
6802
38007
1616
81726
33912
-7361
-12679
-7075
-9854
-7141
27286
43865
-69895
-5712
-17749
63855
67627
-63280
10925
41000
33262
-5491
-90954
-6771
89379
70080
18334
15170
-97290
-5566
56416
572
66572
58700
-1041
-95561
-2667
856
53256
41080
32834
47354
26609
81157
27828
-273
62165
102292
50103
3055
65023
46069
17633
4719
59443
55572
-97598
60168
69185
-2845
-12587
40583
-83753
-86459
-112763
41719
25797
1653
1144
10311
-106708
29211
85373
89809
27422
44299
17432
40294
51348
64809
53142
54011
-39897
42038
-5295
-67473
58464
377
92735
-6345
17519
92345
2295
52759
58737
-10956
16901
39095
70909
-241
16111
15082
-1262
36950
48151
51501
17863
-39100
30726
35576
71242
70680
6751
5028
-2464
50668
-81962
46004
56043
32681
67901
-96202
-6833
19409
-96488
-1072
57758
-12875
48778
3172
17904
810
4208
24852
12795
-7436
-71149
59121
69899
-2082
-96589
-4545
427
32404
44350
26164
346
71510
-3963
36249
72797
35723
31656
-95191
33510
38128
24578
41745
42907
3134
69789
30371
57672
56
12906
7539
26328
18880
14391
68133
42286
8227
58734
-1878
-1936
42857
23528
29747
28150
34635
74104
33461
11415
62243
11105
-31883
-61151
51991
72053
77393
54438
6543
-76672
-6529
-6026
-1732
21659
66380
47140
131
-6321
59117
-5154
-14546
619
8541
-1912
-5939
-23769
1775
36124
-79534
100868
15661
-7244
28440
15017
72298
-5002
65751
-98026
24439
-6360
52312
-12947
50485
21069
64557
50914
72160
24714
-1913
-115218
5244
61580
-103451
47159
5798
12159
-4125
24243
65482
-10377
61916
8354
54392
-5738
-4416
17185
26094
80450
33755
74926
31707
66217
-64226
19281
37691
31156
86581
39501
54441
33054
-84627
-59688
183
44394
57275
372
-3492
65054
47395
-90233
62254
48767
29032
41508
80409
60680
49430
-4104
40194
-54065
61434
38357
45758
5923
4123
11707
-12477
21001
35472
8814
7674
45133
50919
47757
27114
-4745
91044
38000
36991
-119372
36523
93846
38349
34119
89386
45888
70044
75181
-2554
-4637
63936
63510
11635
66021
-176
-5477
-109
52106
12756
52823
-5959
44013
-85635
48095
48519
-1009
-3555
41768
80727
5773
43607
95907
36998
52767
-7564
26482
82139
37549
73165
-9609
41378
14355
67400
49779
2405
61123
26084
-13654
7989
60877
-1348
29556
73415
33818
42720
80561
-21288
-94899
-8633
79044
-5752
4084
2087
98251
-54060
-7696
7039
49168
20584
43433
94904
35902
2429
19102
-914
96275
-33566
14757
-63144
39844
26386
43075
-76857
15127
38402
65151
45193
85093
29676
3227
49684
69522
67383
23319
-6985
-98716
76423
10365
39175
-12315
39698
52316
-123528
78896
-13639
64752
60618
11206
30419
36764
1143
81441
144
-88583
38898
-1954
56452
75738
7233
35110
-97737
58496
52226
18409
5019
72166
65097
-1442
16990
41999
80665
83018
-12653
32106
92823
32325
38232
44331
-86440
-58093
55781
46554
28785
-70459
-313
21472
42143
81505
7949
6870
32845
22511
89114
5204
7524
48373
95463
35207
-14728
46165
6922
-12201
-104182
58971
37559
32470
-6706
63477
-17676
28412
45520
45887
-1653
49776
59877
40993
-5842
24302
40491
80495
-11737
-9451
69134
38927
-13298
-3905
24436
53817
33874
-2189
-5701
-83842
55663
40220
29272
35646
12673
31024
35561
-43498
-1369
16387
46186
-1063
-7447
29825
103005
-15533
72244
84700
51701
20910
-4471
52969
50484
-4185
69810
53826
66705
71658
5798
93554
-4355
-52209
37748
78077
49626
39655
27953
9501
22294
36562
8943
3315
64232
-3380
-7535
-79326
-16754
-14823
-6686
-11967
42340
50855
44119
8817
42788
36861
33004
32990
48070
41535
2461
8624
24960
-6865
-3604
-90253
-183
-36431
9921
70038
-2365
51623
42467
40561
-91529
59660
-11149
22272
-6762
12625
28805
22416
102586
40075
9683
17482
40017
27281
72558
29921
-1467
-10719
27353
34773
38457
17296
66556
-1133
492
9449
6380
91327
-5219
-78840
2863
13396
37795
50692
46300
41291
70552
1614
76287
-6646
45902
-2387
2277
67215
64755
36914
-5323
20271
25166
-3726
28891
-5407
59548
-3947
-4948
78853
69421
-7107
37568
39393
60718
38589
53264
-80890
-6290
-15989
-7343
40511
-8818
69826
1671
24876
4049
46795
33675
78653
33182
49263
-6980
77104
4059
109889
34893
9004
44923
14164
46920
34101
-1111
42390
1953
70036
-4251
47340
57586
62216
80410
1187
65284
60694
-68304
70221
87007
49696
-2127
72419
52956
75890
29805
-10969
34946
20347
-303
45209
42014
43898
-43093
92522
90620
101112
-6432
-1846
23296
4366
32077
57059
32599
17330
87592
16520
47176
25278
56318
-14623
-16298
82621
4860
13435
14590
45317
37874
32304
37713
-8332
87944
-92363
32043
-90955
88165
43547
47150
41725
40730
62753
21620
41701
31076
-5300
1961
41024
-104330
61379
17182
66118
88323
18424
45186
53814
69851
19241
48451
79096
46938
33027
20790
15501
72603
78048
-3905
9896
87293
27983
32886
11963
69435
21758
-39129
30941
21223
22719
10313
-78692
32772
-61030
23503
78108
44789
38420
66177
59662
79177
58230
-3760
41766
-73516
46984
50096
75203
49782
58820
79855
82023
19100
12557
18740
32007
112603
-91140
15175
42430
21487
52968
47080
53745
53434
67716
-8545
88379
24040
-3988
87636
50896
11943
56346
7896
93617
37002
75722
64407
-2446
33641
-21035
36135
-56884
-4956
40474
-81026
52354
3471
28462
41440
7239
46983
40533
-1965
4535
164
-49524
102729
58278
33826
-11262
61955
-12167
17865
-116383
-2921
61417
25130
29090
-103058
-5594
1197
54600
-3696
14145
63144
35246
14915
42609
9088
-5932
-6531
78564
40629
63797
24592
65596
56751
7721
-9101
-11777
19278
37540
-10677
-91142
26116
86223
-72246
-40726
3177
21302
47363
33122
5993
37900
17913
46376
39695
69548
49658
45551
53764
39467
-2029
73646
27325
9490
-6633
50133
1831
27649
54086
47866
1746
60066
52361
25213
27628
38782
46059
33915
39069
48055
29971
5681
100332
62125
67499
-10883
53207
38917
-502
25661
82088
63285
39196
-17101
34310
55922
58554
91584
-3599
18062
60821
-104467
7656
37626
-68811
-89724
46535
30035
-5473
3388
-4623
11886
56659
6
