36454
25014
13063
22587
25973
22961
33010
20079
16182
22756
28579
34411
12284
16936
18919
30533
29351
26569
20091
10704
25719
13036
19294
39027
42714
19116
13853
16866
22249
23931
28956
11954
5947
33474
30962
9447
18673
13688
24222
31120
22232
7173
35845
13807
25942
32237
8768
14552
19212
34232
14854
18928
23253
24085
7705
19088
26646
16621
33040
33599
11456
25223
39784
25954
13281
20311
39701
16685
25564
9698
17056
27404
23169
16875
9784
3976
17917
16923
22311
15074
8192
23775
22310
11091
44881
30659
30067
23603
11399
26424
16638
11741
37000
25304
20763
19542
19194
45249
16888
30023
8552
20240
4996
29779
35800
25974
36536
18821
17491
17723
18595
19190
19639
9965
17798
18025
9847
27940
26249
27158
21016
19687
9590
20753
12714
6498
27085
24561
22841
14728
18004
24062
11278
31229
17577
20146
14315
22751
35848
17731
12345
23794
11960
12341
17068
28026
40148
10379
27717
19851
28149
17394
31512
6330
31322
23932
12122
23275
19895
14138
23218
37347
17280
20394
13914
14731
35181
15970
13134
12423
25164
21466
12288
20795
27116
31441
20221
8895
15163
21525
9977
24680
3766
24158
18679
39012
48599
12538
15811
28414
31706
19488
38682
20817
14130
14465
22612
24296
15980
17809
39079
28473
33079
34685
26901
14092
22288
3987
17923
15066
15507
25998
21720
25688
18415
22808
12068
22788
21271
18915
31214
9475
41521
44325
41776
20500
12052
25206
29167
32945
16335
26638
18892
23576
19826
18854
30834
17352
42927
25363
20832
24841
13920
40488
57190
23162
24572
14788
21531
32254
43398
44824
17631
14078
15002
9379
18571
8460
20549
21583
29607
21734
23430
26558
28711
27275
16422
22540
26353
16158
11604
27263
34713
15379
24502
23308
16517
22389
27149
38139
19936
25022
20983
16444
10718
18036
19068
22997
15408
22880
19296
13291
10159
17692
11359
19150
20154
3968
26717
32496
10184
12583
31878
15133
33753
8562
18010
29352
14059
12594
25248
40829
23634
23761
23467
27328
12314
18659
6174
17271
10280
5872
31505
17218
24261
25093
17883
25064
14729
17124
13746
14571
13591
8221
19334
22762
13234
28548
22693
16536
34509
9980
25553
24361
36273
10277
26078
25389
16445
30696
32751
22194
18176
12179
25158
13594
31950
20059
12349
19348
9649
14242
18313
31331
30713
18147
20015
11241
9688
12659
11514
16204
19514
25352
36058
16249
11094
18226
26294
17561
9220
5352
23958
25086
12592
8417
19703
13578
24538
28930
16606
7552
23888
30668
21743
16035
21751
28379
20243
6673
22362
11415
15387
12941
19076
13049
15662
13719
57910
9469
30858
25326
17383
13923
27220
23807
31147
24857
14635
38739
24858
35472
45951
16137
16655
19985
23929
25995
18428
42694
23040
31127
25703
17695
25377
10217
12041
25493
26184
34036
15014
20664
21385
18587
17513
3976
12922
20348
18817
8354
19035
19396
8422
22362
39846
5764
26947
38365
31721
21272
17574
39236
36093
16435
35082
22438
10589
26984
16850
18273
20158
16723
23580
16798
13595
25884
13060
22334
17489
23382
24840
24537
17654
38830
33790
16792
18916
14125
14315
13688
15772
29277
26559
20593
16738
6787
9206
24732
22026
22521
17266
26315
20429
32236
28794
33506
6036
24641
29745
14256
19038
16733
24934
42324
16698
16552
13675
24093
14803
20839
20915
27528
19927
21345
8667
10827
20087
21995
24037
15459
12492
11497
24548
15686
43025
12226
37096
16243
44925
21138
22248
19271
17464
11260
18613
15585
21161
13407
10309
15457
28200
15815
42477
14267
19325
21339
21112
33858
19408
21647
26183
12800
19249
35251
16785
25612
15279
37338
21186
25008
7620
33242
9263
21324
65579
38532
38581
27192
55152
19695
27017
12410
15434
30730
15706
11717
22434
19654
21795
16849
13784
29205
36243
12730
6485
18524
15987
10698
28062
27693
26125
12983
12335
29059
6908
17763
15718
28029
21593
31491
19695
13383
40021
8881
24858
17740
16339
38266
14752
13092
19660
8404
23321
13347
19119
22102
22246
15857
23188
23727
42115
32960
16256
52941
15370
12602
45878
19785
17018
9554
14180
32291
21859
15627
27644
12326
9871
20839
16955
19966
8206
21847
12580
17275
22786
10688
25136
16306
27850
18517
7757
17299
19206
18181
9211
21249
29721
29042
20656
24682
30914
20170
17033
24842
28506
10522
19887
27451
17444
38010
12074
12010
15060
8567
51377
16471
15750
28575
15563
13990
46575
31421
23347
9486
41909
13725
20508
6975
42117
48957
17776
8489
29010
40029
23870
9509
28886
24058
47709
25327
35752
19276
21833
13414
21094
16052
20815
12315
19252
26087
25605
26270
55033
16828
20003
23328
17533
15351
18277
22026
23857
25744
24560
10448
30220
12065
18026
14291
21561
26406
24748
17277
20289
27390
26040
14389
18970
22148
27242
17311
25214
18192
26301
28922
39651
21125
29777
38851
38321
52067
37412
25058
12976
13719
16893
14451
15593
13355
21023
19886
22064
36643
17300
28274
51356
34067
30918
30008
28948
24054
21736
28424
19475
13593
28683
15837
54269
23137
25535
24880
16196
20326
18439
32358
26799
26225
24426
13626
11389
7231
18904
21521
25213
13510
26761
17183
21722
30871
22056
17906
28809
19273
36264
18396
32941
21419
9014
23301
16265
24303
11975
10570
15291
41276
14574
18521
31209
20580
11651
19468
37364
1829
19183
28296
32010
26290
29688
29244
45231
17536
13312
31412
15482
16950
17736
7844
27326
27690
43918
36874
49251
11832
49708
14052
20328
20997
18691
28785
21426
12856
22811
3168
12190
18467
32786
20022
27518
8495
17087
12461
15690
12528
20381
23451
22479
20544
42242
23082
22819
13385
25297
30964
21074
14024
14797
37693
19873
38196
24062
10668
22161
18816
20621
25850
17961
21238
22350
14453
10757
19149
9206
7249
23822
14408
46288
45638
19849
15469
11615
18581
12314
28317
11868
24406
13924
12425
13190
14757
33149
22325
15711
19545
22734
15966
24911
32179
18635
24323
22903
8176
11313
16596
25866
16741
9406
11295
19361
13421
11421
17293
19671
59935
28812
26952
14094
26385
24265
25421
21089
19578
13399
11877
24781
15542
16843
22161
12192
11925
17147
24770
29767
17392
27014
23578
14872
23280
17714
29981
19264
13763
22825
10685
20437
38052
9736
48401
13610
24321
19324
27582
20918
24010
21835
23085
11088
40413
31341
40870
24238
25063
6186
11749
20501
40761
16523
16641
12672
30042
10659
10309
22568
10994
25596
30846
18698
30847
13150
22835
25971
27181
43884
33906
14909
29177
15113
21550
13742
27271
21338
26471
23254
22027
13011
29138
14747
15869
18530
14837
27795
13737
10713
14953
37854
4687
31396
28547
24086
16042
38577
27620
37461
18589
18328
20792
17065
24218
14995
24227
23753
38805
14259
11214
7626
16953
17683
42878
30667
21277
22680
24550
27502
27980
9474
26661
21110
47757
35074
17468
15074
17788
10496
28364
26488
30381
23321
51993
11368
17735
29572
27329
23333
16395
47201
29562
7914
15337
14670
16850
20743
8423
1975
20634
27695
23940
13255
23869
29828
25523
32395
23525
22135
26187
25058
22876
11966
16800
25534
29460
20692
21002
18161
11781
11449
29591
9274
27508
12305
35685
10880
29066
25935
26415
21309
36880
27406
5405
32085
19418
22438
11314
16957
19391
15414
20833
20603
21068
31564
9512
25940
31260
27729
12572
13984
7935
24632
19486
46172
34547
33918
9309
22740
16842
