1916529283
1115395330
1296430483
1479132462
1238580679
1435834938
1111472802
1643669043
1468532653
1117860634
1257794080
2045164251
2009272620
1345437133
1530544529
1126414340
1173175267
1310363942
1955874336
1864648109
1376537890
1205843040
1603056404
1825362942
1653530259
1618576840
1788393364
1495940445
1445017446
1237642466
1136335442
1453271723
1464904564
1152584490
1164362055
1373014601
1547512208
1835214177
1298606339
1110075463
1408886271
1922078712
2005220339
1737689946
1348321638
1104785540
1377645780
1865736037
1741163330
1094704742
1475569249
1589013155
1486518393
1628218474
1398451148
1461236551
1161178120
1367135800
2098901889
1940743159
1578163821
1546683786
1742141467
1243261762
1697975597
1635085394
1849656666
1817368171
1271038851
2092494095
1590620094
1346914319
1609733685
1585819239
1365029811
1108483496
2139225079
1349369642
1343560707
1824963702
1317610139
1444428568
1395641500
1962511693
1650456115
1127951412
2104770710
1201201880
2034744100
1207320226
1687615332
1087009401
1849117692
1514235595
1520783123
1584461824
1580239867
1563741294
1766295457
1335026962
1156162674
1508656223
2108259065
1158722797
2086944666
1121763200
1998073952
1555646713
1695530255
1812327772
1713086812
1945673767
1521461830
1354454955
2051621950
1736402399
1110479693
1078525561
1445895773
1275011284
1627230356
1772573498
1578762680
1515702801
1288181197
1630289529
1168593994
1399623914
1507348714
1778033098
1928616259
1216492753
1732629586
1107959494
1708695177
1604962773
1878631473
1544777418
1117132022
1852141932
1371607282
1210324503
1885737936
1136784586
1722948028
1353441885
1833647162
1349459471
1301051681
1754018842
1254151020
1509953752
1183635342
1416406945
1180072130
1309575444
1706469417
1253861571
1397787413
1783053535
1461825429
1812926631
1547502227
1395731329
1800180910
1805979864
1088855884
1600770758
2113833446
2047479841
1352234185
1451345392
1674071131
1366167644
2122856259
1094724704
1593235112
1651129831
1730503635
1612388628
1285556197
1391249866
1989140968
1505352516
1825722257
2048318243
1613586346
1329193075
1801727963
1257314993
1266976589
1490979894
2084209875
1858978908
1888452765
2041950373
1265669079
1480619629
1741313045
1913505044
1914872439
1100793145
2123355308
1894191833
1298746072
1589841577
1457753186
1728871744
2138376695
2014782125
1997065872
1387636748
1384602528
1160609204
1439487979
1326034093
1345616790
1423538361
1267295980
1588593953
1277496550
1345327342
1718865804
1704772649
1832110089
1611759826
1148542190
1210873457
1102959019
2082712727
1466187121
1265589232
1726501259
1334697590
1735364376
1514764588
1205044561
1682155731
1655546418
1397617736
1333160518
1504573999
1665397653
1904791641
1385001768
1461196627
1360029336
1268094459
1379202814
1106771756
1765437092
1974818251
2096596281
2014772144
1940024528
1448101571
1352773158
1374197348
1419056897
1513786451
1170021275
1223319749
1335925251
1190132965
1245757009
1381917642
1647950887
1568302605
1505731794
1563571617
1398895302
1334987039
2023066345
1766225590
1464350619
1374721350
1745674737
1318598257
1324447116
2084249799
1414375814
1195073554
1674220846
2109202268
1505651946
1719794036
1571716103
1293007005
1390860607
1363592549
1678422842
1624056402
2002226043
1535714681
2142658539
1503176661
1408397203
1239730988
1266846836
1130865861
1380615123
1777583954
1132772229
1811519312
2056682311
1470898147
1630344424
1189294562
1901547820
2113164720
1520803085
1860236513
1143871087
1464689973
1494303563
1213169085
1555007930
1675628165
1228983959
1612708019
1190432395
1127941431
1079294097
1706858676
1269342083
1228689520
1450846343
1313378200
1582046425
1750675211
1149370612
1340751059
1812906669
1167915287
1314895310
1388165741
2003703229
1388425246
1388554999
1754887188
1929464643
1112430976
1349359661
1465348718
1917467496
1082208546
1325784568
1391808801
1699871984
1106801699
2045104365
1508217060
1863999345
1166318329
1342562608
1157834489
1207959009
1703455159
1802207050
1414006518
1592346805
1707956584
1786367223
1122222325
1263233718
1786926158
1228499882
1261586855
2113064910
1098637251
1992155226
1920342020
1669469896
1268843034
2141321086
1732879110
2002485548
1611250795
1110604456
1626661440
1554913110
1158710321
1327201868
1410962316
1094859448
1502772431
1726191849
1505612022
1357923348
1224427639
1601239865
1827079672
1251066895
2133276410
1632689957
2030422333
1348161942
1433130090
1690240331
1191944514
1842679955
1127936441
1837509804
1870596778
1806189465
1840364366
1607497944
1138735869
1367035990
1451360364
1102929076
1466666208
1748489375
1613256974
1251925259
1349908615
2044265963
1364001770
2099929931
1927927571
1214596366
1997475092
1774300209
1118728980
1587176653
1527590157
1429007942
1204585435
1534377228
1779450399
1232182866
1151376790
1262365373
1811120072
1200004162
1233625119
1797665701
1321073542
1127691906
1108438581
1445686172
1410682849
1603864864
1507398619
1859737463
1882279524
2098562535
1372675248
1876994591
1319057382
1692945179
1390860607
1188029472
1369581142
2057580600
1328140081
1307689037
1720323028
1078485637
1491568772
1749946599
1921120537
1924793541
1562982739
1936431372
1348131999
1138361582
1294314514
2048817293
1241994177
1515832553
1666655257
1189244657
1686407632
1781865798
1224647220
1930542589
1395441881
1905799721
1418817354
1481807367
1559150040
1526252704
1779989372
1100952841
1529955651
1646653358
2095837726
1746463235
2115729834
1740574452
1303357289
1105025084
1564070667
1884500294
1754617701
1266287901
1295921453
1429057847
1286110142
1546264585
1280999876
1564160496
2130741239
1352134375
1095203792
1434083274
1466536455
1084144857
1764319221
1596528838
1807516936
1339418597
1704872459
1959786883
1411631043
1589372470
1354819261
1686507442
1636073511
1584691387
1187827357
1433060223
1530065442
1530664301
1176409107
1644717047
1478603470
1129189055
1786197546
1076454506
1930113407
1482036929
2126339624
1933377190
1139664101
1945274527
1728976544
1639237484
1419905281
1427560699
1235825926
1624375794
1177691664
2096825843
1402149104
1382306901
1253766752
1182941663
1871544972
1110374893
2007046860
1677843945
1927248864
1457423814
1445366781
1442492256
1140806924
1482486074
1478373907
2119722229
2082543050
1515113922
1807876251
1622698988
1336484187
1760556389
1771745076
1626791193
1312988942
1516166916
1086370618
1745435193
1903074911
1117910539
1942380041
1876625294
1244549310
1300462802
1611200890
1741113425
1969308745
1242019129
1149969471
2084140008
1105948325
1327501298
1477595390
1215853970
1915251716
2071254553
1219287430
1924174719
1084384401
1244130108
1651983206
1920401906
1324926203
1365169545
1150747988
1296360616
1731960860
1575419050
1122781261
1626581592
1165649602
2028106744
1230855395
1296350635
1857242216
1273783622
1847211324
1857960847
1271722548
1382197110
1614634350
1603755073
1882514077
1612807829
2035382884
1542910973
1305014133
1528747951
1921609606
1594931880
1551734166
1218588761
1535415251
1818256479
1221163856
1710920938
1147274604
1822608189
1439238454
1504484170
1780847737
1624285965
1505442345
1799602013
1279857053
1530364871
1085642006
1304455197
2108284017
1188685722
1080886065
2114092952
1317270785
1565667625
1273713755
1938662123
1469690448
2116388579
1493994152
1278714230
1148756781
1474221816
2091625749
1374232282
1573013632
2015820148
2136021182
1696358677
1438180470
1544358216
1285391511
2134314433
1115355406
1621541193
1434956611
1855006475
1707567326
1702367231
1366796446
1141315955
1267360857
1704712763
1126204739
1798184712
1961643347
1227471840
1350208045
1586168573
1120929787
1479761264
1558710876
1089280076
1093936206
1757362473
1681297366
1602846804
1093606834
1438589690
2063040200
1650675696
1412259845
1371098252
1729001497
1826979862
1449079708
1601299750
1230775547
1279293128
1769150019
1383863935
1143406971
1270390087
1396769352
1586517908
1454449479
1935872437
1745525022
1419905281
1589701843
1453740829
1410543115
1294584001
1397792403
1861314459
1207549788
1224717087
1449349195
1429037885
1844895735
1303646737
1469820200
1480160504
1497672146
1501479893
1543420003
1140816905
1247623454
1274701873
1587481073
2131938958
2049326323
1770507434
2109980785
1505152897
1245088283
1542102513
1981814923
1483134838
1182527452
1308108239
1897755045
1462673813
1475569249
1226673361
1779280722
1402997488
2013564445
1227222315
1310483714
1870956093
1361566409
1195692375
1880118640
1936870536
1564160496
1857222254
1299334951
1997485073
1229258437
1802007431
1381169068
1967362453
1941880991
1218778400
1393136272
1690410008
1925212742
1106222802
1302488943
1577734639
1089544572
1302918125
2128285916
1211651974
1328948541
1479391968
1287088279
1739506486
1475070200
1309575444
1622798798
1319286945
1347612988
1339648160
1346944262
1542302133
1446175241
1966034981
2000489351
1280590656
1248461857
1210683819
2059776417
1565637682
1336254624
1580170000
1490570674
1430375337
1732649548
1247882959
1773252205
1457773148
1238261287
1640185678
1632051173
1202469466
1746742702
2135831543
1387846349
1137692856
1484681891
1164082587
1393256044
1368652910
1310114417
2070416150
1385510798
1844676153
1795978914
1975906178
1629016953
1102789342
1388564980
1309201157
1420064977
1924414263
1092004885
1731092514
1348301676
1829614843
1259480867
1227491802
1437751287
1626721326
1466756037
1592436633
1083955219
1508067345
1652063054
1613107259
1334463037
1100044571
1257314993
1706529303
1813645262
1506869627
1105284589
1541563540
1933656658
1814014559
1495870578
1737320650
1141325936
1303377251
1769259810
1517838732
1613920709
1425539549
1331773161
1927787837
1442132941
1103258449
1200074029
1972442776
1212270796
1854148110
1770936616
1645126267
1464540258
1465518395
1374272206
1819933285
1140088293
1388764600
1120106356
2061293527
1274073071
1308218030
1872163793
1917637172
1085522234
1275370599
1163753215
1420693779
1226703304
1515413352
1613446612
1432840641
1478922861
1379622015
1404554522
1591807831
1608326366
1079887966
1623307828
1278988707
1360258899
1311451870
1963879088
1693015046
1763041655
1738518368
1720482724
1114671708
1440196629
1129952600
1335865365
1948178995
1333070689
1907965595
1087718051
1892175673
2025361972
2079718431
1187627737
1570648137
1663451360
1423578285
1731930917
1289204248
1085881549
1451535031
1179353498
1342293121
1303826395
1088017481
2101976033
1392068307
1463202806
1492467061
1154480877
1665068280
1610701841
1162994660
1396759371
1536802608
1285132005
1116433352
1167845420
1214611337
1178834487
1174273176
1218838285
1796977013
1367674773
1546294528
2052799707
1442312599
1526192819
1848169499
1395611557
2019543056
2033286876
1585250322
1354949014
2102395234
1367195686
1363193310
1393056425
1279298118
1318378675
1539677133
1143531734
1989380512
1924324434
1845764081
1218074740
1296470407
1968769772
1554304270
1652172844
1862901436
1314735615
1486957556
1189703783
1274422406
1374751293
1289393887
1669879116
1197638668
1771405723
1152275079
1680678545
1297358715
1380520304
1617773371
2011907601
1354320212
1821310661
1630204691
2072222709
1077737063
1106582118
2081854362
2128755023
1185781254
1142069519
1375370114
1156417189
1416012696
1161527455
1551015535
1373763175
1317979436
1115944284
1510921907
2071853412
1813864844
1173005590
1091820237
1248970887
2067322044
1256965658
1563252226
1179952358
1360009375
1395202337
2110849131
1234937619
1669779307
1114262488
1499294057
1563302131
1298915749
2063259782
1147848511
2097454646
1875846777
1852880525
2086585350
1201002261
1317689987
1937269775
2006418057
1241225641
1945174717
1778971311
1767513137
1370469450
1615921897
1406450910
1751912854
1278574496
1458930943
1075710923
1222301688
1920781184
1194998697
1955265496
1903015026
1896287840
1268813091
1378753669
1611190909
1307908619
1306641034
2081335351
1619145756
1374481807
1412189978
1580329695
2056921855
1485640066
1795519789
1939994585
1936062076
1985477945
1169482302
1146955213
1592606310
1430774577
1304654817
1717488427
1330186183
1131704263
1217560719
1840973206
1622948513
1092009876
1316981337
1779719885
1934175669
1670927120
1685369609
1093571900
1390411463
1436234177
1167306446
1194993706
1923036887
1300632479
1092399134
1280311188
1923635746
1396469922
1573123422
1292907195
1370928575
1531702324
1221079017
1235047409
1101641529
1161188101
1587715626
1445646248
1510812117
2057490771
1812457525
1129478503
1090622518
1110215197
2131769281
1102090673
2061912349
1204695226
1136784586
1225385813
1324986089
1135916240
1097788867
1915052097
1217111575
1423518399
1426672391
2139185155
1436932846
1523977039
1547372474
1375210419
1371028385
1659309251
1109766053
1456745107
1251376305
1266287901
1196061672
1148766762
2072262633
1373598489
1275590181
1486468488
1632550223
1081270333
2023884786
2035507646
1200912432
1753320173
