0.0001372515
8.864776e-05
0.00012934509
9.209638e-05
4.4704517e-05
0.0001428641
0.00013340484
0.00013790687
0.0001917932
0.0001830388
0.00015321633
9.7067896e-05
0.0001267304
0.00015438722
0.00012277439
0.00014704817
0.00011333862
0.00010936996
0.00019097897
0.00014738465
0.00011896047
0.00011454588
0.00011751419
0.0001285389
0.00011597386
0.00012021115
0.00016556848
0.00015505354
0.0001331108
0.00015718857
4.6489462e-05
0.00011455947
0.00016154393
0.00016664801
0.00015380916
0.00014618908
8.597443e-05
0.00010393843
0.00018158415
0.00015586775
0.000108197324
0.00012387104
0.00012668082
0.00015385832
0.0001348364
0.00012808935
0.00015899817
0.00015516815
0.0001520011
0.000101951635
0.00012655642
0.0001548255
0.0001287428
0.00010720773
0.00023869316
0.00013948664
9.255467e-05
9.628359e-05
0.00012836004
0.00016057974
0.0002145848
0.00012569052
3.3636472e-05
0.0001703419
0.00015123238
9.60255e-05
0.00010934934
0.00018608064
0.00017040061
0.00014475666
8.8154164e-05
0.00015063024
4.038469e-05
0.00014721446
0.00015901758
9.848897e-05
9.227047e-05
0.00010811901
0.00015651782
0.00014623506
0.00012300836
0.00018157037
5.9699785e-05
0.00012905871
0.00013442159
0.00015859165
9.051622e-05
0.00015866154
0.00015224628
0.00014518751
0.00015502633
0.00012512278
0.00012813298
0.00014013724
7.33569e-05
0.00016105824
0.00010897258
0.000106289626
0.00012831345
0.00010699621
0.00017439024
0.00019163471
0.0001570262
3.3364115e-05
0.00012636305
0.00010804199
0.00015331521
0.000117390184
0.00016772766
0.00029033964
0.0002119682
0.00015160284
0.00015480374
0.00013083515
0.00012959942
0.00017390172
0.00010804678
9.4295436e-05
0.00014738468
0.00014211537
0.00011335876
8.523642e-05
0.00015731863
0.0001703177
0.00012125632
0.0001824153
0.00011409595
0.00015941689
0.00013169789
0.00014568825
0.00018395542
0.00016324331
0.00014198397
3.301396e-05
0.00010057363
0.00015420385
0.00020187239
0.0001667747
0.00012269158
0.00012320084
0.00014379762
0.00013537194
0.000109735425
0.00014058396
0.0001146594
8.117314e-05
0.00033437664
0.0001248745
0.00014133741
0.00013819437
0.0001388903
0.00014473619
0.000120334604
0.00010823073
0.00014069732
7.836194e-05
0.00015679529
0.000108245855
0.00014675122
0.00018659694
0.00013051575
0.00013152529
0.00012881141
0.00013515932
0.00022071184
0.00016337715
0.00014541327
0.00015143376
0.00014611283
0.00012156605
0.00012315273
0.00014706673
2.35131e-05
0.00013639464
0.000106084786
0.00014050775
0.00014315029
0.00014315391
0.00017818989
4.0296545e-05
0.00022648046
0.00019346763
0.00015140022
0.00011895983
0.0001506695
0.00012939738
0.00019256597
0.000117942276
0.00012747792
0.00014608385
0.00013669627
7.833343e-05
7.832544e-05
0.00014477811
0.000114791605
7.730762e-05
7.515977e-05
0.0001026401
0.00017406953
0.000113348404
0.00013333488
0.00016603056
0.000120289835
0.00014362525
0.0001406178
0.00011489535
3.5185094e-05
0.00017722668
0.0001437345
0.00014393129
0.00014535485
0.00016516278
2.3729433e-05
0.00010150075
0.00015684182
0.000111887384
0.000105715204
9.658725e-05
0.00010661546
0.00010447062
0.00010664051
0.00016180922
6.3324915e-05
0.00017523821
3.0070332e-05
0.0001863326
0.0002055643
4.5384135e-05
0.00012854325
4.0382976e-05
0.00015782988
0.00012389779
0.00013537065
0.0002094999
0.0001504695
0.00013113332
0.00011828931
0.00015150518
0.00015925863
0.00010721741
0.0002408497
0.0001635236
3.183668e-05
0.00012746513
5.1638926e-05
0.00019465445
0.000105972336
0.00015615449
0.00012211532
0.00024865734
8.0563885e-05
9.7379125e-05
0.00019301084
0.00015057903
0.00014352804
0.00016279146
0.0001891134
0.000103017344
9.909784e-05
0.00015775101
7.915714e-05
3.4664627e-05
0.00012056636
7.75208e-05
0.00012272088
0.00013917583
0.00015707512
0.00022395991
0.00016617743
0.00016635326
0.00012712763
0.00010159678
0.00013765912
0.00013050712
0.00012960109
2.642421e-05
0.00020286902
0.00020348503
9.917412e-05
3.9385122e-05
6.959593e-05
0.00011945848
8.0835016e-05
9.383799e-05
0.000116433264
0.00011234828
0.0001619067
0.00018452024
0.00011948753
0.00011817071
9.677851e-05
0.00010719567
0.00014025651
0.00014113414
6.678016e-05
0.00017521327
0.00010404688
0.00012007425
0.00011156644
0.00016099184
0.00015706137
0.00012960056
0.00013801492
0.00015536931
9.477492e-05
8.29417e-05
0.00014027198
0.00015045909
9.309228e-05
0.00013364328
0.0001628689
0.00014774814
0.00016859775
0.00017672002
4.0970892e-05
0.00019279991
0.00016405986
0.00013891011
0.0001964786
0.0001641683
0.00016312972
0.00015543406
0.0001407501
0.00014166109
0.00012110489
0.00012908546
3.7890753e-05
0.00011649144
0.00015287346
0.00012782036
0.00018610433
0.00012904298
0.00011594268
0.00014417656
0.00012546965
0.00012577887
0.00015686969
0.00015563618
0.000110338115
0.00013834402
2.787476e-05
0.00013015955
0.0001177546
0.00012586731
9.8262615e-05
0.000106214764
0.0001327384
0.00012948971
0.00013950566
0.000109108965
0.0001301935
0.00011648295
6.1024548e-05
0.00014794777
0.00014946699
0.00014850091
7.213195e-05
0.00013597537
9.663373e-05
0.00016190835
0.00015013145
0.00014024986
0.00012696623
0.0001214664
0.0001257827
0.00012957901
0.00018547084
0.00014371717
0.00011500378
0.0001765286
0.00011545299
0.00011564197
0.00011399647
0.00013105535
0.00012718688
0.00014014305
3.5123907e-05
0.00013153924
0.00020813565
0.00018444375
0.00010396441
0.000114278744
0.00012205523
0.00016437621
0.00014261606
0.0001457682
0.00015662024
0.00012044247
0.00015455163
0.00014988711
0.00013624349
0.00014285679
0.00017888448
0.0001476881
0.00017094104
0.00012319538
0.00010552558
0.00017790051
0.00024082021
0.00025085727
9.2840906e-05
0.00011930479
0.00014863929
0.0001680979
0.00014588538
0.00013116717
0.00012523985
6.002189e-05
8.355547e-05
0.00013067278
0.00018757829
0.000109749344
0.00014353017
0.00019486716
0.00012782845
0.0001949924
0.00012923036
0.00028825333
0.00014549762
0.000105579515
0.00014278704
0.00015936134
0.00015852119
0.00012297177
0.00021594907
0.00013933863
0.00012757326
0.00014112245
0.00020361823
0.00017388974
0.00016183489
0.0001520238
0.00016351804
0.000123576
0.0001572202
0.00013959692
0.00012154335
0.00012630568
3.9445134e-05
1.7631184e-05
4.6977588e-05
0.00016751509
4.4986096e-05
0.00012626863
0.00016592004
0.000121527555
0.00013138706
0.00011680322
0.00016224357
0.00010560649
0.00016342923
0.00016930152
0.00014257908
4.627321e-05
2.8886785e-05
9.061113e-05
0.0002445933
0.00014896035
6.290862e-05
0.00013217398
0.00016378569
8.510832e-05
9.386789e-05
0.00013946123
0.0001214525
0.00014434896
0.00010160377
6.9319525e-05
0.0001788013
0.00014754776
0.00016408232
0.0001294945
0.00016954218
0.00011827799
0.00010815046
0.00018052639
0.00013068553
0.00014782316
0.00014590708
0.00018686347
0.00011852766
0.00012563846
0.0001302523
0.00010564632
0.00016771864
0.00012899443
0.00015723512
0.00012900688
0.00012330993
0.00018110525
0.00013982807
2.8045974e-05
0.00014552595
0.00017614242
3.9125745e-05
0.00014694025
0.00012948526
0.00016071073
4.1846604e-05
0.00014322098
0.0001274449
0.00014660126
3.96974e-05
0.00019557876
0.00012898064
9.790262e-05
0.00012513733
0.00017474363
0.00013690593
0.00018237402
0.00011328422
0.00013163524
7.9379024e-05
0.00021159743
0.0001341477
0.00014446543
0.00018598558
0.00014946716
0.000118121454
8.063462e-05
0.00014865474
8.517568e-05
0.000112568654
0.00016228251
0.00014611449
0.00015817731
0.00017240342
0.00012040261
2.238979e-05
0.00011794617
0.00018529173
0.00012353332
5.1982977e-05
0.00013898266
0.00012817422
0.00013926871
0.0001723413
0.00017044565
0.00012519205
0.00021435329
0.00013331391
0.00016209179
0.00013142014
0.00016873181
0.00011723839
0.00011914771
0.00018234378
0.00014532545
0.00011959018
0.00015476497
0.00011274969
0.00013783906
0.00011594104
0.00013700755
9.783448e-05
0.000111019144
0.00014057146
0.00016289817
8.91727e-05
0.0001289568
0.0001336114
0.00019231178
0.00011547225
0.00013924297
0.00010530826
7.155719e-05
0.00011149179
0.0001882554
0.00011827181
0.0001607546
0.00013813
0.000122058096
0.0001191001
0.00016145999
0.00013892453
0.00020770876
0.0001555072
0.00019343318
2.9507131e-05
0.00013055262
0.00022625965
0.00014334587
0.00020023498
9.1744405e-05
2.933392e-05
0.0001888549
0.00010711784
0.00015922882
6.287303e-05
0.00010574726
0.0001432711
0.00010462455
0.00012925615
0.00019733603
0.000114532384
0.00015496022
0.0001362409
0.00014793791
2.598142e-05
0.00010840441
0.00014848924
0.00011293841
0.00015732546
0.00014341007
0.00012299158
9.6033335e-05
5.0493425e-05
0.00019175957
5.6212608e-05
0.00012346642
0.00012925686
0.00010749771
0.00015314366
0.00013417174
0.00012868836
0.00012501849
9.874007e-05
0.00018954274
0.0001674875
0.00014216347
8.364408e-05
0.00017559677
0.00012510428
0.00012058476
0.00015934333
0.00015351182
0.00011686503
0.00014206005
0.00012711261
0.0001378633
0.00016905178
0.00013674164
7.888321e-05
0.00010973388
0.000121123616
3.6920737e-05
4.001941e-05
3.8649396e-05
0.0001630744
0.00012218395
0.00013534607
0.00013164394
0.00015242545
0.000106209955
0.00014127861
0.00015053806
0.00015179532
0.00012742363
3.97681e-05
8.019693e-05
0.00016866029
0.00015035301
0.00015385107
0.00013893798
0.000107250715
0.00015251299
0.00015724143
0.00017695926
0.00013463637
3.7757767e-05
0.0001111954
0.00010984722
0.00012046115
0.00017812627
0.00011973205
0.000131346
0.00013834212
0.00019118698
8.294428e-05
0.000109834444
0.00012388287
0.00014257779
0.00011447084
0.00015971389
0.00021096422
0.00014037864
0.00017338563
0.000111756584
0.00012629395
0.00015469285
0.00016062474
3.0338111e-05
8.688436e-05
0.00012855191
0.000119021555
2.5091571e-05
0.000115737246
0.00015632439
0.00016679142
0.00017470347
0.00014269093
0.00012644009
0.000105655905
0.00013810836
0.00016047354
0.0001624651
0.00011372569
0.00015528848
0.00024406763
0.00014299758
0.00015576693
0.00018042453
0.00015002342
0.00014860414
0.00014288306
0.00015215055
0.00021120142
0.00015638694
0.00019444857
0.00010820623
0.00014519496
0.00014350776
0.00013119483
0.00011373999
0.0001330133
0.00017521324
0.0001427358
9.254637e-05
0.00014899865
3.9451137e-05
0.00013736787
0.00016157188
0.00019655637
7.2271956e-05
0.00016606308
9.85982e-05
9.683337e-05
0.00013398721
0.00015852896
0.00018693203
0.00014900157
0.0001430365
0.0001379397
0.00012196523
0.00015161432
0.00012439668
7.080078e-05
0.00017183523
0.00011289647
0.00014151976
0.00010779541
0.0002612374
0.00015301234
0.00018047422
1.5557003e-05
0.00015567531
0.000109667904
0.00019360859
0.00016140404
0.00012244124
0.0001823405
0.00015194241
0.0001667408
0.00013901928
0.00012575398
0.00016463477
8.96644e-05
0.00013017168
0.0001721975
0.00017853084
0.0001503058
0.00023026552
0.00010792161
0.00015498676
0.00010644253
9.1745176e-05
6.434794e-05
0.00013630379
0.00011233701
4.0808096e-05
0.00013397509
4.847618e-05
0.00015796631
0.00018051667
0.0002639756
0.00014979285
0.00013591205
0.000104889514
0.00013475584
7.361298e-05
0.00016352128
0.00014277746
9.528705e-05
0.00013060145
0.00015521703
9.682513e-05
0.0001373761
7.2496114e-05
0.00010583799
0.00014182657
0.000116785304
3.2901742e-05
0.00013636539
3.8869646e-05
0.00023573435
0.00017573676
0.00019035558
0.00011350721
8.674859e-05
0.00014416769
0.000159675
0.00012739396
0.00013729575
0.00010975884
0.00011388115
0.000102093756
0.000129069
3.1476535e-05
0.00018103296
0.00011871699
0.000139143
0.00019442548
0.00014191172
0.00013602653
0.00013264945
9.892872e-05
0.00016317207
0.00015671927
0.00020218744
0.00013927667
0.00023974005
0.0001392543
0.000119406446
3.3082062e-05
0.00016711315
0.00012387663
0.00016295908
0.00015778221
0.00010592789
0.00016231729
0.00016221264
0.0001359539
0.00021131332
0.00016422514
0.00015380066
0.00012566098
9.911351e-05
8.377781e-05
0.00014527793
0.00011250836
0.00011266072
0.00014822726
0.00014897209
0.00010254821
0.00014285654
0.00016351575
0.00013971305
9.58669e-05
0.000197814
0.00013089266
0.00015553349
0.00015072714
0.00016601193
0.00010436259
0.0001846084
3.872604e-05
0.0001067136
0.00015170299
4.2986037e-05
0.00013435484
0.00010419501
0.00012340964
0.0001312891
4.904274e-05
4.066129e-05
6.820444e-05
0.00013189278
0.00017887175
0.00013343558
0.00010869334
0.0001325699
3.807619e-05
0.00016937342
0.00015916917
6.1471306e-05
0.00013965575
0.00013333201
0.000104740495
0.00017019108
7.471772e-05
0.00014039471
0.0001435888
0.00018459666
0.00020811243
0.00010856783
0.00012072581
0.00015622615
0.0001379795
3.120463e-05
0.00015389253
0.00014696785
0.00014852607
0.00013734665
0.00010530562
0.0001387264
0.00011874936
0.00010816661
0.000140287
0.00013469164
8.3749714e-05
0.00012641569
0.00021873927
0.00012334337
0.0001519873
0.00019248805
0.00015948282
0.00014441024
9.968468e-05
0.00017688911
0.0001797279
7.74297e-05
0.00023368672
0.00014775299
0.00013523799
9.205098e-05
0.00014026595
7.090184e-05
0.00022438465
0.00014642732
0.00014465173
0.00018911345
0.0001865185
8.61188e-05
0.00014345688
0.00013677585
9.35252e-05
3.951733e-05
0.00012773287
0.00015003045
0.00013176381
0.00015973946
0.000119524164
0.0001349396
0.00014232736
3.49579e-05
0.00014477527
0.00013894016
0.00012986141
0.00016515955
6.840322e-05
0.00012428848
0.00013593408
0.00012993545
0.000118439806
0.00012727884
0.00013072543
0.0001393047
0.00012935158
0.0001178977
0.00014521767
0.00017049431
0.00016594717
0.00018608365
6.495676e-05
8.5753876e-05
0.00015111158
0.00014524964
0.00020401328
0.00018904262
0.00011019709
0.00020947315
0.00015762521
0.00012666099
0.00011754222
0.00016286435
6.437223e-05
0.00014212522
0.00017269992
3.4703233e-05
7.3431656e-05
0.0001250202
0.00012374771
0.00010109854
0.00015552659
0.00015320089
0.00016488337
3.164744e-05
0.00013066878
0.000121619094
0.00010354768
6.1348874e-05
0.00018140013
0.00014835915
0.00017948997
0.00012458472
0.00011801105
9.103034e-05
0.00015654365
0.00015404944
0.00013148446
0.000108346445
4.4099976e-05
0.00014326937
0.00017063787
0.00011412043
6.463762e-05
0.00013571038
0.00017673234
2.0545476e-05
0.00016453187
0.00011990208
0.0001257949
0.000104569706
0.00014815017
0.00014150862
0.0001347247
0.00014692642
0.00013204591
0.00015060863
0.00013680459
0.00018889247
0.00014808825
7.1182505e-05
0.00017930032
0.00013106198
0.00017037694
0.0001376738
0.00015682983
0.00010442779
0.00013908235
6.224627e-05
0.00016720907
0.00014147854
0.000121598605
0.00019957032
0.00015931642
0.00013242051
0.00012716085
0.00013781727
0.00015135785
0.00012409926
0.00013568027
9.426987e-05
0.000101948855
0.00012382645
4.722698e-05
0.00015845697
9.364263e-05
0.00012084579
0.00014431885
0.00013822185
9.198114e-05
4.6577552e-05
0.0001416373
0.00020927702
0.00014849335
0.00016017117
0.00013046755
0.0001779451
8.9760215e-05
0.00017615884
0.00021581049
0.000104987
0.00016249143
0.00013154258
0.0001375061
7.873053e-05
0.00013576371
4.378701e-05
0.00016376119
0.00018021958
0.00019710766
0.00014238914
0.0001204444
0.0001965929
0.00014301567
0.00017087978
0.00010728302
0.00015899891
0.00014833442
0.00014093853
0.00014269879
0.00017203258
0.00015719981
0.0001170538
0.0001487401
8.21602e-05
0.00021936397
0.00016667812
0.00015099665
9.583078e-05
0.00012009689
0.00016745206
0.00014076302
0.00013844015
0.00011444883
0.00010435446
0.00016928327
0.00014450762
0.0001152331
0.00013433878
0.00018538842
0.00017663362
0.00015773834
9.943822e-05
3.165017e-05
0.000106684296
4.2009087e-05
0.00015643137
0.00016286549
0.00013217924
0.00012874076
0.00016618628
0.0001978476
0.00016659097
0.00016289373
0.00010514658
0.00015807207
0.00013403055
0.00021602587
0.0001349801
0.00015355453
0.00012991545
0.00016570654
5.813197e-05
8.7067514e-05
0.00017501957
0.000117340714
0.00012414811
0.00017251671
2.4369901e-05
0.00016904104
0.00018369216
0.000117490636
0.00012570304
4.1341314e-05
0.00014217025
0.00019103984
0.00013874691
9.8429926e-05
0.00018372419
0.0001391234
0.00015002344
7.007491e-05
0.00014437744
0.00014941396
0.00012326388
0.0001758624
0.00015229333
0.00013480692
0.00018582153
0.00014109164
0.00020295351
0.00017279168
0.0001491092
0.0001221249
0.00011961176
0.00015671253
0.00013227011
5.913902e-05
0.000157324
0.00012401931
