-12003
-6238
-5687
-12431
4983
-12662
-11135
-4985
-4797
-1981
-7170
-7741
591
-2545
-2313
-7358
-10837
-4070
2126
-10054
-8085
2028
-4262
-16701
-5581
-1854
-4708
-9731
5424
-6532
-87
4862
-10528
-12189
-7736
-9712
-1073
-5670
-1969
-8800
-2278
-1032
-11628
8192
-6489
-7568
-8777
-5019
-14672
-8368
-2220
-9329
-5098
-5359
-1043
1949
-5185
8215
1101
-10308
1495
-1664
-513
-6783
-13809
1745
608
-5598
-10669
-6163
-9981
-4897
10664
-9892
-6292
312
-1123
93
-6123
-6528
-7308
-2294
5060
-6222
-4681
-5121
-6771
-5422
-5334
-9996
-14999
-7811
-11802
-8155
-3346
-6692
-9052
-2841
-9430
-4624
-767
-875
-7148
3476
-2822
-10527
-9486
-6090
-8325
1252
-5719
-6082
-8734
-6217
-14339
-8516
6511
-2015
-4643
-8688
-11787
12698
-8339
-11616
-8691
-8885
-7491
-4632
-6791
-8410
-13364
-11892
-9267
1958
-3301
-8791
-11750
-13072
-2825
3430
-5416
-1776
2231
-12586
-3045
9174
-183
-9383
-10024
-7638
-4437
-11762
-6635
-1509
-7286
-501
-6206
-1100
6766
-11284
-8221
4082
-14789
-4745
712
-11850
-9571
-2590
-9010
-9032
-9968
-3452
1416
-4632
-13885
1973
-6326
-10242
-6909
-2179
-7707
-2770
2663
-2681
-2577
-5622
-4677
-10429
-4190
-2252
-4645
-17186
-8727
-15743
4206
2299
-8579
-4323
-5795
-10610
-7421
-1941
-4958
-7309
-9912
-14347
14331
-12714
-4707
-112
-6832
-13510
1240
-2866
-6745
-9212
-2821
-4106
-8063
-3014
-5379
-1235
19581
-4198
-7930
-11474
-7243
7073
-6994
12727
-4410
-5037
-1606
-9977
-8354
-7373
-6630
-7780
-6438
-3187
-1335
-3679
1309
-10036
-4359
-3930
-5802
-7872
-11468
-434
-2636
-6132
-6419
-8235
-6295
-6128
-8293
-1302
-5614
-6300
1632
15163
-8152
10036
-6400
-5214
-12760
-11775
-17970
-10182
1469
-6358
-18437
-11572
-3050
-720
-4062
-12835
-2354
6220
13807
-4455
-2202
10430
-4246
-8207
-9284
-9241
-6458
-2064
-16258
-10945
-3518
-6609
-5256
-5410
-8918
-7667
-10621
-12540
-8101
-709
-6459
-8972
-6901
7275
-11376
2106
-5551
-8890
-16973
3584
8246
-10751
-2558
-2594
1415
-16378
-8001
-1982
-10023
-4524
-12504
-16872
-793
-9727
10243
-11019
-6559
-4466
-3150
-15266
-5823
-13652
-9674
-18475
-11463
-4448
-9726
-4671
-12755
231
-3308
4978
-2195
-3134
-1810
-6324
-9617
-6066
-7011
-11417
3500
-7525
-4251
-2468
3068
-12230
1543
-7121
-7929
-14667
9216
-8532
-7981
3962
-10712
-16729
-7070
-10001
-13213
-9616
-5858
-7037
-4836
-6378
6170
-13794
-2630
-4606
1284
-8913
-10176
-11048
-4095
-10069
-7535
-3945
-5075
-8110
-7628
-9248
-11060
-7726
-9438
-13678
-6582
39
-4019
-409
-1085
-8854
-5609
-1646
-5685
3084
-9461
-5315
6322
-2668
-7287
-14038
-10885
-5858
-15617
10423
-6370
464
-8773
-9090
-9763
-6241
-4573
-6036
-9205
-13094
-7335
-11488
-787
-15524
-5462
-5174
-11871
-12049
-12825
-15852
-5389
-13375
12142
5029
4576
-687
3995
-5236
-8392
-6052
-2061
-8566
-6214
-8298
-6555
-8022
-3056
5886
4778
5565
198
-6140
980
-12129
-12926
-6942
-3410
-11221
-9777
-11428
-10760
15929
-9051
-7697
-10865
-10910
-4466
-9983
-10890
2421
-2868
-9171
-3657
-4401
-8126
548
-4216
-2857
-10335
-14232
-6756
-10299
-10914
-4533
4170
7699
-1113
3647
13085
-2408
-9465
-9105
1955
-5825
-6827
-11589
13074
-13693
-8158
18360
-8666
-6634
-11714
-6657
-3592
-9188
1639
-5582
-10253
-9582
-8054
-7299
-3454
302
-10342
934
650
-2517
-5996
-13931
-8895
-4709
11192
-9117
-14053
-10397
3858
-13831
-9002
-3659
-7048
1513
-8094
-13133
-12149
-4906
-12084
-6523
10847
-1477
-7533
-7868
-5897
-9198
-9944
-2531
1085
-6083
2123
5234
-11114
-5022
1946
-1573
-8843
-8143
-10107
-8248
-10017
-590
267
-3672
1061
-8112
-5552
5021
-20982
-5957
-9158
-6299
-6587
-6823
807
4618
-765
2013
-2569
-818
-167
-9421
-8219
698
986
-7196
-3959
1351
-6376
-4983
894
-6980
-5084
-1399
8729
-10297
-12800
-9816
-1298
-8669
2320
1522
5334
-8635
-2962
-3730
-11360
-7539
-15847
-6391
-3445
-13610
-3420
-1290
-5932
909
-5401
-11213
-13205
-2215
-2823
-463
-4845
-8134
-5060
-3932
-6841
-1947
-11517
-9409
-2468
2640
-1087
1704
255
-11968
-7484
-2462
-4102
-7338
-10072
-4159
-8781
-6576
9095
1838
-3411
-3322
-15374
-5947
-8877
-8659
-12344
-9870
2841
8032
-12675
-4733
-11365
-11126
-10837
7421
-11006
-7154
-10840
-3738
-14140
-7397
10880
-3477
-8501
4205
-1288
-12461
-7454
-3958
-5381
3009
-10740
-3958
-11915
-2885
-8091
-6244
-10901
-12965
-11853
-2782
-4378
-7280
-5567
-484
-3979
-1930
-2224
-8638
-6475
-10708
-7583
2444
-2678
-9715
-5327
-3655
-2628
-12853
-4463
-7315
-8821
-528
-6799
-5776
7404
-5473
-7398
5940
-11050
-5684
-900
-1264
32
808
771
-17559
-840
-757
-10067
-8478
-9674
-9392
-10614
-4996
5006
-3161
-14549
-10074
-5529
2303
-5508
-12606
49749
-7030
-2808
-3531
-6690
-9181
506
-2101
-8374
-7064
-7567
-6801
1837
-15143
1427
-3044
-12303
-5943
-7970
4265
-9762
-1097
-852
-9596
-4619
3219
-3248
8962
-12369
-6537
4768
-12127
-9649
-4072
-8051
5280
-10062
2545
-10396
1905
-11700
-2901
-11478
3260
-9614
-6534
-3857
9822
-12344
4547
-3038
-9989
-7445
-10374
2353
-7389
-4842
-9842
-1181
415
-3535
-1814
-6429
4584
-2860
-12460
-4324
-3021
-5340
-6839
-1770
18428
932
-6555
-11990
-392
3279
-451
-13526
10179
5504
-6450
-8507
-4339
-19880
-1971
-6454
-10408
-5914
-13369
-6918
-6554
-8793
-7935
-3906
622
-3522
-13562
-3097
3869
-7075
-7175
-447
-12802
-10221
-3306
-9090
-6918
-10561
349
-10021
5462
360
-16065
-7941
218
8849
-6233
-3716
-421
1544
-3144
-15159
-6090
-6783
-3978
-10327
352
-11562
-5949
32678
-14812
-12802
-8008
-7349
260
-876
-5238
3200
-9509
-3968
-9601
-13423
788
9587
-7791
-6978
-3143
7116
7
691
-2098
-4128
-6656
-14939
8363
-9663
-5244
3728
-84
-8436
-3447
-5157
-5292
-9732
-5736
-9056
-1538
-13066
-3777
-2801
-9080
2753
-2495
-6530
-2598
-8549
-13015
9922
-9099
-672
-5713
-2179
-14067
-6336
5802
-11321
-9521
-4095
-3647
1108
-14501
-3592
-8556
-4381
-2996
-11152
-1828
-4845
-5826
-1324
-2697
-5469
-7102
-10434
-8615
-12679
-8549
-4529
2862
-11878
-8565
-4928
-8362
-4531
-8760
-10621
-9057
-1139
-9556
-3719
-7972
-4019
-8460
7443
-1787
-6783
-5998
1854
-2005
-9939
-10006
153
-8957
-6051
-10332
-349
-4005
-102
-9378
-11501
-10442
-8652
-2279
-2271
-11267
-6081
1515
1778
-11026
-4031
2140
-10245
-3427
-3895
-8383
-17141
-13242
-10246
-4927
-4841
-4721
-16295
-2694
-13933
-10885
-3781
-6363
-2375
-2875
-12240
-2285
-11674
-9779
-2216
1769
-4
-13599
1691
-5578
-5560
-6213
-11213
-7629
-9121
-8629
857
-11167
-15
-8673
-4220
1478
-5991
-2513
-283
-6800
-6092
5384
74
722
-4399
-7585
-1978
-6293
-9950
11221
992
-5264
-1987
-921
-12876
-13060
8407
-10255
11023
-12110
-7577
-5556
-8060
-7365
-5395
-11328
-1184
2210
3827
-11467
-6019
-6158
-14365
-7170
-6198
-11027
-6914
-4856
-10657
-2650
1089
-20992
-8343
-2579
-1228
-4403
-7388
-4711
-13541
-9964
-3325
-4056
-3844
-16278
-21129
7392
-6100
10620
-384
-2423
-14742
-11319
-7813
-4830
-12552
-10977
-3084
751
-7254
-8161
-13722
-6584
-7487
-9668
28956
-9978
-14392
-7805
-13005
-9750
195
-8228
-11455
-7530
-9385
4087
-649
-7658
-6979
1487
-11637
-8294
2152
5534
-5274
-10053
-3304
8393
-7605
-8120
-1950
-6129
-6547
-8455
-3191
-13177
-8302
-1860
-5208
12603
-10195
-6940
