1199828187
1549885900
1130711815
1610180346
1563195739
1248892532
1166201503
1205557377
1676622053
1600092754
1339389891
1697100590
1107854641
1349625635
2146543897
1285468992
1981572121
1912185552
1669504223
1288410422
2079862735
2002679527
2054576379
1123664236
2027645838
2101729031
1447370197
1355450487
1163631079
1374114568
1625610403
2002917219
1412188267
1456807266
1344572426
1277959011
1503146497
1817222537
1587376450
1362568178
1891683553
1082858699
1107421221
1345002136
1178715959
1119734384
1389933762
1356452448
1328766587
1782486175
1106333707
1353457043
1125446742
1874381912
2086613223
1219367408
1618192977
1683388168
1122100688
1403759605
1875862226
1098764187
1176176185
1489098588
1322046657
1678875725
1911825073
1626683913
1489611949
1265436997
1541256085
1316782789
1412143195
1286922689
1390103429
1721946247
1613224068
1890314434
1368251091
1278360945
1075317141
1587255935
2087539648
1128208303
1175089552
1386380017
1582553421
1386990987
1330909944
1269203441
1355212609
1093801121
1120115777
1225054911
1282546110
1407942497
1905237853
1858330035
1121693375
1870683725
1524488580
1675236659
1372695138
1166652655
1104643430
1888967759
1340254273
2052408307
1466245401
1269048774
1852988404
1325285179
1353266834
1143737685
1132935114
1520217957
1889051410
1648627879
1288410700
1242347417
1981924254
1490243230
1375251559
1488887095
2120002400
1594642108
1994813054
1393594157
1151279614
1273580809
1608105570
1427044032
1241198694
1154408657
1758393566
1348022673
1764732660
1457914812
2145096042
1076999766
1257053222
1183397513
1918575236
1228959955
2004664345
1419202275
1461530646
1091630638
1235546525
1208070627
1214154361
1265258056
2103887551
1892267628
1229950926
1370052377
1370676516
1892532030
1282873110
1631197284
1140945519
1149770644
1126046537
1181538774
1929423666
1428213945
1271176992
1323806999
1277292350
2125417758
1076579330
1285631286
1644378687
1192337681
1854748792
1228293804
1251394514
1251426046
1557704334
1409060986
1979852029
1691259649
1323513894
2079851514
1317125973
1131168930
1683377503
2062060856
1114389369
1277039171
1194974554
1369553900
1369414234
1265624610
2006975701
1351618940
1314066717
1794523159
1521684916
1981743226
1165589884
1451409621
2103104827
1255546477
1229255888
2008789599
1230327432
1549284204
1256501559
1258221790
1270666227
1443823686
1659508007
1774603102
1371083366
1956199239
1848287143
1688697246
1864026858
1826527220
1864464776
1414507458
1107150281
1531901324
2102956054
1628886531
1797006547
1586960234
1123702305
1412083285
1379720831
1083092496
1183386152
1831410993
1315377595
1146344185
2068128269
1324431463
1392210711
1874551163
2105465288
1429494265
1113242418
1114277571
1805673365
1701634642
1852782800
1365074797
2135020784
1086859172
1408550360
1702542101
1687266456
1316335134
1254696656
1423094010
1653195781
1801118632
1732591391
1379031357
1383955287
1212128088
2107939356
1355346247
2145608337
1216650362
1373122808
1957817781
1452693604
1454230721
1111327145
1776282064
1203391669
1140870029
1132949721
1847965892
1773445013
1778829953
1733924990
1377190935
1216790584
2088569524
1413290758
1640630087
2035677851
1964257405
1415359691
1613043133
2089077460
2066054698
1692040982
1874171115
1226097585
1233769583
1167560652
1531683246
1819118696
2099335508
1950588014
1407362084
1373002571
1132945130
1206501932
1358210888
1657011098
1450123133
1226232800
1315286710
1627592439
1168285693
1423771011
1291587967
1473851553
1544855041
1432641022
1685422602
1434182172
1214327553
1717581074
1435130252
1426051020
1358776880
1230412307
1238376157
2117354862
1128442100
1324937034
2036695022
1336392585
1117382872
1626891048
1128070863
2027100713
1260365982
1096833436
1099536571
1371326947
1360543852
1929112431
1209378908
1949409568
1137831686
2058779628
1100309743
1717988666
1857021290
1160375539
1131975999
1219533644
1907622381
1138128454
2036546546
2133863020
1293333146
1306613818
1298168648
1261129417
1188672463
1689509833
1415374020
1312422532
1226039438
1109916248
2123675454
1099570004
1132756729
1621353180
1256349975
2010685295
1543181643
2018539062
2021843012
1993073904
1145662547
1111845144
1225105640
1228187849
1149892690
1819484926
1612374571
1817676777
1998009055
2133970320
1436947675
1246724228
1274279604
1369146309
2105773416
1351062964
1310286502
1191016324
1248828727
1563776336
1291063199
1494336303
1076952144
1844971693
1555174715
2105207518
1096474811
1623197498
2085882479
1299378254
1469482022
1275304054
1146640025
1094824552
2098802718
1460854155
1142318255
1639776045
1918818585
1254715296
1703494029
1117453587
1704588916
1129708927
1259929595
1271914274
1845914765
1248219009
1393108571
1385764085
1074997466
1887788386
1218073548
1115222776
1233667430
1779994348
1520113207
1414731889
1328965097
1429445670
1080279418
1374391118
1220331531
2125020831
1104141754
1379289452
1233029426
1642678988
1464387080
1573041929
1103817860
1450443457
2124744559
1148562244
2042145993
1418304460
1846386347
1428669298
1480003822
1246401029
1618048766
2020185102
1584212816
2138191096
1302184887
1099872020
1155441454
1431785404
1488003562
1641152861
1219145389
2123432290
1261873005
1776404295
1211958003
1563049117
1289836343
1434378595
1132017917
1482107626
2067930269
1890864289
1578129638
1142429728
1292243777
1275493800
1633527234
2072295534
1098309113
1138642511
1847082823
1466166572
1127646439
1374521511
1127755269
1077953549
1583189895
1222352194
1961383397
1272162028
1539805727
1368121255
1284525596
1131937141
1404904664
1463262423
1252012440
1114100670
1281562140
1388110422
1709714787
1127525923
1711694690
1093928360
1527577791
1196807371
1594281257
1980621074
1150731939
1387834688
1849747193
1172695380
1262891242
1625853011
1306615302
2065193609
1409787046
1299513376
1489181358
1968110375
1418644908
1277306957
1382758015
1507120029
2105076476
1565820462
2062128927
1619787453
1079906372
1817703764
1214961801
1120476210
1217462392
1506577037
1490005584
1094406712
1873838457
1165406491
1416977677
1148851499
1475023506
2049754370
2083136267
1594016809
1270409245
2090872254
1352927963
1971275586
1204964537
2027071964
1197695634
1710503261
1941019301
1228850753
1424026880
1559063807
1127317537
1168007009
1681155456
2018875801
1217237266
1841172234
1251080404
1949282886
1645695306
2067822413
1405288189
1207507881
2134020400
2082303927
1411454555
1214453586
1815753028
1359416321
1690958569
2063568843
1141267883
1977921788
1253104080
1750418588
1604026593
2051455312
1650935988
1872810343
1391950019
1099249680
1848847570
1252450496
1829218530
1129934377
1725076588
2002443504
1354634747
1190993695
1293247083
1816999757
1895304302
1298066635
1974574992
1375311190
1253665342
1075170519
1679012701
1765618279
1676328068
1965602596
1079321508
1129940544
1879451815
1338754670
1172905621
1124970894
1092889442
1726336273
1656949009
1464145956
1242767853
1462403374
1535035792
1093639476
2108261163
1392951099
1341973067
2043226690
1241863732
1111195918
1205176541
1477820726
1195371202
1379166015
1918548248
2117682234
1291018174
1399370320
1351464713
1425567382
2136220653
1183171367
1150807939
1332476181
1856937175
1235032421
1315976973
1326967759
1113914680
1390582644
1402134617
1474398254
1314359311
1344938702
1214571134
1875133476
1333241517
1374576691
1546946464
1176967209
1320286687
1944100861
1920529728
2106099953
1557148173
2093352767
1148203340
1209362308
1671322574
1450168298
1920306411
1082962058
1246389715
2001367536
1396190549
1844211783
1227165207
1515706441
1953912459
1104039277
1352297471
1404152961
2121683013
1519055277
1123778027
2080930635
1754768421
2023508898
1366559979
1458060970
1527226678
1247378786
1105316814
1847250311
1207318692
1402831279
1420241146
1988339534
1357504211
2133595929
1250059524
1361686917
1577239242
1311478116
1299070961
1249058258
1330073060
1846285353
1367106959
1699834839
1891839263
1269268637
1254519383
1146881798
1988589653
1162778661
1531682968
1247770936
1618047932
1302519678
1379499415
1200845450
1412432636
1718260857
1263577192
1451693961
1723855853
1693000283
1171292319
1385831971
1634126611
1302545181
1250399601
1205844314
2132396896
1325385431
1087453634
1237855701
1502153114
1973841791
1237140584
1884656654
1141845560
1337606736
1577673636
1087972421
1360885970
1917394657
1692491883
1410965492
2140719092
1593988246
1328253597
1457618461
1215281800
1099319050
1439207884
1567660421
1137937780
1505319948
1560684900
1313946619
2012940218
1886863120
1354866689
1861003354
1604040040
1125036554
1191543457
1964060333
1426948464
1171186456
1695080531
1380913420
1578044688
1153813870
1309462462
1188119038
1833850886
1178011599
1287023219
1429474048
1248135172
1665964853
1141694626
1356879701
1692856258
1200917555
1267496286
1850433885
1239822667
2041832717
1150484722
1192081951
1359166202
2060747753
1536259540
1664054737
1984519672
1516681508
1260288359
1395850425
1113655287
1200215097
1918984589
1991057554
1784970954
1128298261
1100649088
1582557873
2075605698
1216363332
1699632991
1240567136
1189119840
1159597916
1729634659
1426421238
1370012035
1767486709
1217531947
2095765024
1217336451
2087659931
1156790031
1460873445
1082907480
1424559392
1379304105
1852005547
1418949002
1418034123
1188484897
1847263527
1435627013
1344498049
1098505953
1732865344
1464741531
1269993863
1967056201
1969719875
1295776470
1302287596
1792916441
1248826547
1429425731
1221346801
1676102803
1729254936
1144240381
1359646130
1317629875
1451246862
1824638387
1613813847
1354144709
1865742824
1326160597
1503105209
1174506218
1821708549
1078825211
1147706023
1714891804
1421815127
1192462231
1152983245
1563665095
1166470078
1900355749
1158902506
1331421126
1480632367
1391428682
1074742432
1220845820
1165564798
1831245638
1487780198
1306337963
1227305661
1255227730
1613711277
1819281826
1898161339
2110727116
1365701255
1206192181
1091141286
1345301176
1284766951
1298388488
1200660063
1841126049
1212721531
2076171689
1891146589
1226364027
1177450338
1464250288
1105103466
1912179895
1078245819
1328646072
1682696375
1394170536
1262408624
1742851572
1546333222
1571149387
1353753347
2042847848
1291630396
1182226487
1609386493
1226180031
1239622673
1961530760
1280041624
1264519708
1653196198
1630511612
1505670505
1254074696
1195670242
1635161403
1381814016
1116618001
1311539556
1151855900
1396414005
2089718014
1179618086
1244200591
1222382890
1265599756
1214590146
1135225325
1443795493
1195937564
1086507781
1188311612
1135872557
2070759484
1112649013
1142778430
1217776966
1130768572
2061281471
1269467008
1490431028
1450680732
1626710205
1135680956
1499290281
1320990675
1269746479
1783447841
1652577020
1926646849
1831177103
1377931648
1107247890
2055066509
1423731133
1125461172
1242433525
1509712015
1213478010
1283853000
1092904466
1081780459
1767571010
1359585757
1339254955
1441381196
1106625188
1142283292
2126344971
1810390948
2145203899
1585767785
1296929319
1569069510
1089097541
2063263321
1591542232
1368476866
1346672845
1149413735
1894290748
1542056616
1252435380
1491685937
1995240956
1130101170
1186355961
1544962758
1436839355
1438308447
2096325358
1099676747
1828259600
1295102530
1237043160
1177739408
1284404709
1154321852
1316593878
1195921381
1651264473
1294561207
1244529632
1567411600
1145720555
1489404861
1203519882
1370978523
1825778345
1215833231
1088291632
1461712045
1236780289
2125986810
1744608250
1392715865
1157596497
1111617560
1204774142
1323143445
1084853626
1186092811
1648180873
1782437579
1082468867
1651399410
1385202684
1637214570
2112824891
1261609809
1208310823
1608165665
1628690850
1238168141
1829462529
1298102386
1400187868
1140524156
1555564547
1569335766
1539949195
1886577018
1835555445
1420471234
1149921810
1202053850
1376496684
1186822257
1531113127
1431571221
1575447508
1723080084
1244740568
2105807081
1718580161
1250217552
1493800638
1875698262
1389940253
1296713235
1232059599
1247447506
1503878214
1374212826
2046527116
1300259515
1436459771
1917640789
1457070554
1319985931
1675471337
2099731322
1463836205
1230525264
1210219270
2000982573
1824496309
1479844310
1263259929
2014694624
1174365810
1620632684
1544099721
1378920626
1738542507
1106720525
1865230343
1468943964
1367495214
1423741195
1155487500
1125428843
1452770903
1729548596
1456308604
1423988161
1838345430
1381837990
1171671161
1888459822
1179972074
1342346484
1135697835
1448577206
2032717410
1522257491
1529990001
2051543322
1085280693
1508110397
1704298798
1477726780
1605804184
2054164614
1098873620
1445593812
1242827021
1670036318
1212900797
1720913774
1606084212
1216192041
1311478255
1225164808
1262121965
1306150258
1077550919
1537357858
1331321246
1178458188
1624418789
1233398067
1774183454
1510514214
1303486120
2135188365
2091249427
1369953145
1156281817
2067931289
1375298531
1084154785
