0.00025875136
0.00016712188
0.00024384593
0.00017362334
8.427853e-05
0.00026933243
0.00025149953
0.0002599869
0.0003615753
0.00034507122
0.00028884882
0.00018299582
0.00023891662
0.00029105623
0.00023145862
0.0002772204
0.00021366996
0.00020618811
0.00036004029
0.00027785474
0.00022426849
0.00021594594
0.0002215419
0.00024232607
0.00021863802
0.0002266263
0.00031213553
0.0002923124
0.0002509452
0.00029633744
8.764357e-05
0.00021597157
0.0003045483
0.0003141707
0.00028996647
0.00027560082
0.00016208204
0.00019594839
0.00034232886
0.00029384738
0.00020397741
0.00023352607
0.00023882315
0.00029005914
0.00025419836
0.00024147857
0.00029974896
0.00029252848
0.00028655783
0.00019220282
0.00023858862
0.0002918825
0.00024271048
0.0002021118
0.00044999277
0.00026296513
0.00017448733
0.00018151723
0.00024198888
0.0003027306
0.00040454284
0.0002369562
6.341266e-05
0.00032113455
0.00028510863
0.00018103066
0.00020614924
0.00035080579
0.00032124526
0.00027290036
0.00016619134
0.00028397344
7.6134645e-05
0.0002775339
0.00029978555
0.00018567489
0.00017395154
0.00020382978
0.00029507294
0.0002756875
0.00023189968
0.00034230287
0.00011254814
0.00024330603
0.0002534163
0.00029898257
0.00017064437
0.00029911433
0.00028702006
0.00027371262
0.0002922611
0.00023588588
0.00024156082
0.00026419168
0.00013829503
0.00030363267
0.00020543895
0.00020038095
0.00024190104
0.00020171303
0.00032876665
0.00036127653
0.00029603133
6.2899206e-05
0.0002382241
0.00020368457
0.00028903523
0.00022130812
0.0003162061
0.00054735853
0.00039960994
0.00028580704
0.00029184148
0.00024665505
0.0002443254
0.00032784566
0.00020369359
0.00017776908
0.0002778548
0.00026792093
0.00021370793
0.0001606907
0.00029658264
0.00032108894
0.00022859669
0.00034389575
0.00021509771
0.00030053835
0.00024828152
0.00027465663
0.00034679924
0.00030775205
0.0002676732
6.223908e-05
0.00018960495
0.00029071054
0.00038057697
0.00031440955
0.0002313025
0.00023226255
0.00027109234
0.00025520797
0.0002068771
0.00026503383
0.00021615996
0.00015303046
0.00063037866
0.0002354178
0.00026645427
0.0002605289
0.0002618409
0.00027286177
0.00022685905
0.00020404039
0.00026524754
0.0001477307
0.000295596
0.0002040689
0.00027666058
0.00035177913
0.0002460529
0.0002479561
0.00024283983
0.00025480712
0.00041609374
0.00030800435
0.00027413823
0.00028548826
0.00027545705
0.00022918062
0.00023217188
0.0002772554
4.4327724e-05
0.00025713598
0.00019999479
0.00026489017
0.000269872
0.0002698788
0.00033592986
7.596847e-05
0.00042696897
0.000364732
0.00028542505
0.00022426728
0.00028404745
0.00024394451
0.00036303216
0.00022234894
0.00024032588
0.00027540245
0.00025770464
0.00014767695
0.00014766189
0.00027294082
0.00021640919
0.00014574305
0.00014169385
0.00019350075
0.00032816202
0.00021368841
0.00025136763
0.00031300666
0.00022677465
0.0002707674
0.00026509765
0.00021660478
6.6332184e-05
0.000334114
0.00027097337
0.00027134435
0.00027402808
0.0003113707
4.4735567e-05
0.0001913528
0.00029568374
0.00021093404
0.00019929804
0.0001820897
0.00020099523
0.0001969517
0.00020104245
0.00030504845
0.00011938236
0.00033036526
5.6689652e-05
0.0003512808
0.00038753706
8.5559775e-05
0.00024233428
7.6131415e-05
0.00029754647
0.00023357649
0.00025520552
0.00039495662
0.0002836704
0.00024721716
0.00022300318
0.00028562293
0.00030024
0.00020213005
0.00045405835
0.00030828046
6.0019633e-05
0.00024030177
9.735153e-05
0.00036696944
0.0001997828
0.00029438795
0.0002302161
0.0004687776
0.00015188188
0.00018358257
0.00036387084
0.0002838769
0.00027058413
0.0003069002
0.00035652326
0.00019421193
0.00018682274
0.00029739778
0.00014922983
6.535098e-05
0.00022729595
0.00014614496
0.00023135774
0.00026237918
0.00029612356
0.00042221713
0.00031328356
0.00031361505
0.00023966549
0.00019153384
0.00025951985
0.00024603662
0.00024432855
4.981585e-05
0.00038245585
0.00038361715
0.00018696654
7.425022e-05
0.00013120471
0.00022520733
0.00015239303
0.00017690669
0.0002195041
0.00021180294
0.00030523224
0.00034786406
0.0002252621
0.00022277959
0.00018245025
0.00020208907
0.00026441654
0.00026607106
0.00012589632
0.00033031823
0.00019615285
0.00022636821
0.00021032899
0.0003035075
0.00029609763
0.00024432756
0.0002601906
0.0002929077
0.00017867303
0.00015636461
0.0002644457
0.0002836508
0.00017550086
0.000251949
0.0003070462
0.00027854
0.00031784642
0.00033315882
7.723977e-05
0.0003634732
0.00030929144
0.00026187825
0.0003704084
0.0003094959
0.0003075379
0.00029302976
0.00026534704
0.0002670645
0.00022831121
0.00024335645
7.143299e-05
0.00021961378
0.00028820243
0.00024097145
0.00035085046
0.00024327639
0.00021857924
0.00027180676
0.00023653982
0.00023712277
0.00029573627
0.00029341082
0.00020801331
0.00026081104
5.255048e-05
0.00024538138
0.00022199513
0.00023728951
0.00018524815
0.00020023983
0.00025024312
0.00024411856
0.00026300098
0.00020569607
0.00024544538
0.00021959777
0.00011504563
0.00027891636
0.00028178043
0.00027995917
0.0001359857
0.00025634555
0.00018217732
0.00030523533
0.00028303312
0.000264404
0.00023936122
0.00022899275
0.00023712998
0.00024428693
0.00034965618
0.00027094068
0.00021680919
0.00033279794
0.00021765605
0.00021801231
0.00021491018
0.00024707016
0.0002397772
0.00026420262
6.621683e-05
0.00024798242
0.00039238468
0.00034771988
0.00019599737
0.00021544233
0.00023010283
0.00030988784
0.00026886482
0.00027480733
0.000295266
0.0002270624
0.0002913662
0.00028257247
0.00025685102
0.00026931867
0.00033723933
0.00027842683
0.0003222641
0.00023225228
0.00019894054
0.00033538433
0.00045400276
0.00047292496
0.00017502696
0.00022491759
0.00028022003
0.0003169041
0.00027502826
0.00024728096
0.00023610659
0.00011315538
0.00015752172
0.00024634894
0.0003536292
0.00020690334
0.00027058815
0.00036737043
0.0002409867
0.00036760655
0.00024362965
0.0005434253
0.00027429723
0.00019904223
0.00026918718
0.00030043363
0.00029884974
0.00023183074
0.0004071148
0.0002626861
0.00024050561
0.00026604903
0.00038386826
0.00032782307
0.00030509685
0.00028660064
0.00030826998
0.00023296983
0.00029639708
0.00026317305
0.00022913782
0.00023811591
7.436336e-05
3.323893e-05
8.856381e-05
0.00031580534
8.480938e-05
0.00023804606
0.0003127983
0.00022910803
0.0002476955
0.00022020155
0.0003058673
0.00019909308
0.00030810255
0.0003191732
0.00026879512
8.723589e-05
5.4458385e-05
0.0001708233
0.0004611159
0.0002808253
0.000118597556
0.00024917905
0.00030877456
0.0001604492
0.00017696306
0.00026291725
0.00022896653
0.00027213176
0.00019154702
0.00013068362
0.0003370825
0.00027816225
0.0003093338
0.0002441276
0.0003196269
0.00022298183
0.00020388907
0.00034033472
0.00024637298
0.00027868143
0.00027506918
0.0003522816
0.00022345253
0.00023685806
0.00024555624
0.00019916818
0.0003161891
0.00024318486
0.0002964252
0.00024320833
0.00023246824
0.000341426
0.00026360882
5.287326e-05
0.00027435066
0.0003320699
7.3761235e-05
0.00027701695
0.00024411018
0.00030297754
7.88907e-05
0.00027000526
0.00024026362
0.00027637786
7.4838936e-05
0.00036871198
0.00024315887
0.00018456948
0.00023591332
0.00032943286
0.0002580999
0.00034381793
0.00021356741
0.00024816341
0.00014964814
0.00039891095
0.00025289998
0.00027235135
0.0003506266
0.00028178075
0.00022268674
0.00015201523
0.00028024917
0.0001605762
0.0002122184
0.00030594072
0.0002754602
0.00029820146
0.000325021
0.00022698725
4.221002e-05
0.00022235628
0.00034931852
0.00023288938
9.800014e-05
0.00026201503
0.00024163855
0.0002625543
0.0003249039
0.00032133015
0.00023601648
0.0004041064
0.00025132808
0.00030558117
0.00024775788
0.00031809916
0.00022102195
0.00022462147
0.0003437609
0.00027397266
0.00022545563
0.0002917684
0.0002125597
0.00025985905
0.00021857614
0.00025829146
0.00018444101
0.00020929721
0.00026501028
0.00030710138
0.00016811152
0.00024311393
0.0002518889
0.00036255296
0.00021769236
0.00026250575
0.00019853085
0.00013490213
0.00021018826
0.00035490573
0.0002229702
0.00030306025
0.00026040754
0.00023010823
0.00022453172
0.00030439007
0.00026190543
0.00039157987
0.00029316766
0.00036466707
5.5627886e-05
0.00024612242
0.0004265527
0.00027024068
0.00037749004
0.00017295979
5.530134e-05
0.00035603592
0.00020194234
0.00030018378
0.00011853045
0.00019935847
0.00027009973
0.0001972419
0.00024367827
0.00037202486
0.00021592049
0.00029213648
0.00025684614
0.0002788978
4.8981092e-05
0.00020436783
0.00027993717
0.00021291547
0.0002965955
0.00027036172
0.00023186806
0.00018104543
9.519199e-05
0.0003615119
0.000105973995
0.00023276325
0.0002436796
0.00020265848
0.00028871183
0.00025294532
0.00024260786
0.00023568927
0.00018614826
0.00035733267
0.00031575334
0.0002680116
0.00015768877
0.00033104123
0.00023585102
0.00022733065
0.00030039967
0.0002894059
0.00022031808
0.00026781662
0.00023963719
0.00025990477
0.0003187024
0.00025779018
0.00014871341
0.00020687419
0.00022834651
6.960428e-05
7.5446005e-05
7.286321e-05
0.0003074336
0.00023034548
0.0002551592
0.0002481798
0.00028735783
0.00020023076
0.0002663434
0.00028379966
0.0002861699
0.00024022351
7.4972224e-05
0.00015119008
0.00031796432
0.0002834508
0.00029004546
0.00026193078
0.00020219284
0.00028752288
0.0002964371
0.00033360985
0.00025382123
7.118227e-05
0.00020962949
0.00020708785
0.00022709761
0.00033580992
0.0002257231
0.0002476181
0.00026080746
0.00036043243
0.00015636948
0.00020706377
0.00023354836
0.00026879268
0.00021580447
0.00030109828
0.0003977172
0.00026464678
0.00032687272
0.00021068746
0.00023809381
0.00029163243
0.00030281543
5.7194477e-05
0.00016379746
0.00024235061
0.00022438364
4.7303514e-05
0.00021819194
0.00029470824
0.00031444107
0.00032935714
0.00026900598
0.00023836932
0.00019918624
0.00026036674
0.0003025304
0.00030628496
0.00021439968
0.0002927553
0.00046012492
0.0002695841
0.00029365733
0.0003401427
0.00028282945
0.00028015376
0.00026936817
0.00028683958
0.00039816438
0.0002948262
0.0003665813
0.0002039942
0.00027372668
0.0002705459
0.0002473331
0.00021442665
0.00025076137
0.00033031817
0.00026909055
0.00017447169
0.0002808975
7.437468e-05
0.00025897074
0.000304601
0.000370555
0.00013624964
0.00031306798
0.0001858808
0.00018255369
0.0002525974
0.00029886438
0.00035241086
0.000280903
0.00026965744
0.00026004878
0.00022993317
0.00028582866
0.000234517
0.00013347613
0.00032394985
0.00021283641
0.00026679804
0.00020321971
0.000492494
0.00028846427
0.00034023638
2.932861e-05
0.0002934846
0.0002067498
0.00036499774
0.0003042846
0.00023083054
0.00034375474
0.0002864472
0.00031434564
0.00026208404
0.00023707586
0.00031037527
0.00016903848
0.00024540426
0.0003246328
0.00033657264
0.0002833618
0.00043410467
0.00020345763
0.0002921865
0.00020066921
0.00017296124
0.00012131101
0.0002569647
0.00021178169
7.693286e-05
0.00025257457
9.1389e-05
0.00029780366
0.0003403164
0.0004976561
0.00028239476
0.0002562262
0.0001977414
0.00025404646
0.00013877779
0.0003082761
0.0002691691
0.0001796385
0.00024621445
0.00029262062
0.00018253816
0.00025898629
0.00013667223
0.00019952952
0.00026737645
0.00022016777
6.2027524e-05
0.00025708083
7.327843e-05
0.0004444147
0.00033130514
0.00035886507
0.00021398779
0.0001635415
0.00027179002
0.00030102493
0.00024016757
0.0002588348
0.00020692124
0.00021469276
0.00019247075
0.00024332543
5.9340673e-05
0.0003412897
0.00022380946
0.00026231728
0.00036653777
0.000267537
0.00025644203
0.00025007542
0.00018650392
0.00030761774
0.0002954527
0.0003811709
0.0002625693
0.00045196642
0.00026252714
0.00022510925
6.236747e-05
0.0003150476
0.00023353659
0.00030721622
0.0002974566
0.00019969899
0.0003060063
0.000305809
0.0002563051
0.00039837533
0.00030960303
0.00028995043
0.00023690051
0.00018685228
0.00015794089
0.00027388308
0.00021210473
0.00021239195
0.00027944328
0.00028084745
0.0001933275
0.0002693182
0.00030826568
0.000263392
0.00018073166
0.00037292595
0.00024676346
0.00029321722
0.00028415612
0.00031297156
0.00019674803
0.00034803027
7.30077e-05
0.00020118026
0.00028599583
8.1038794e-05
0.0002532905
0.00019643211
0.00023265622
0.00024751085
9.245711e-05
7.66561e-05
0.00012858142
0.00024864892
0.00033721534
0.00025155745
0.00020491252
0.00024992545
7.1782575e-05
0.00031930875
0.00030007135
0.00011588787
0.00026328396
0.00025136222
0.00019746048
0.00032085023
0.00014086047
0.00026467707
0.00027069866
0.00034800815
0.00039234088
0.0002046759
0.00022759655
0.00029452305
0.0002601238
5.8828067e-05
0.00029012363
0.000277069
0.00028000658
0.00025893076
0.00019852587
0.0002615319
0.00022387049
0.00020391951
0.000264474
0.00025392542
0.00015788792
0.00023832331
0.000412375
0.00023253127
0.00028653184
0.00036288527
0.00030066265
0.00027224727
0.00018792908
0.0003334776
0.00033882938
0.0001459732
0.00044055446
0.00027854915
0.00025495543
0.00017353774
0.00026443432
0.00013366666
0.00042301786
0.00027604995
0.00027270254
0.00035652335
0.00035163126
0.0001623542
0.00027045
0.00025785467
0.00017631701
7.449947e-05
0.0002408065
0.0002828427
0.0002484058
0.00030114647
0.00022533117
0.00025439291
0.00026832058
6.590386e-05
0.00027293546
0.00026193488
0.0002448193
0.00031136462
0.00012895616
0.00023431302
0.00025626773
0.00024495888
0.0002232869
0.00023995056
0.00024644818
0.00026262214
0.00024385817
0.0002222649
0.00027376946
0.0003214219
0.00031284947
0.00035081146
0.00012245878
0.00016166623
0.0002848809
0.00027382973
0.00038461303
0.00035638982
0.00020774745
0.00039490618
0.00029716062
0.00023878577
0.00022159475
0.0003070376
0.000121356796
0.0002679395
0.00032557998
6.542376e-05
0.00013843595
0.00023569251
0.00023329354
0.00019059454
0.0002932042
0.00028881972
0.00031084396
5.966287e-05
0.0002463414
0.0002292806
0.00019521175
0.000115657065
0.00034198194
0.0002796919
0.00033838084
0.00023487152
0.0002224786
0.00017161362
0.00029512163
0.00029041944
0.00024787913
0.00020425854
8.313883e-05
0.00027009647
0.00032169253
0.00021514385
0.00012185712
0.00025584598
0.00033318205
3.873306e-05
0.0003101813
0.00022604363
0.000237153
0.0001971385
0.00027929794
0.00026677703
0.00025398776
0.00027699088
0.0002489376
0.0002839327
0.00025790883
0.00035610676
0.0002791812
0.00013419577
0.0003380233
0.00024708267
0.0003212006
0.0002595475
0.00029566113
0.00019687095
0.00026220296
0.00011734886
0.00031522845
0.00026672034
0.00022924198
0.000376237
0.00030034894
0.0002496438
0.00023972812
0.00025981799
0.00028534516
0.00023395629
0.00025578923
0.00017772088
0.00019219758
0.000233442
8.9033965e-05
0.00029872867
0.0001765384
0.00022782275
0.000272075
0.0002605807
0.0001734061
8.780965e-05
0.00026701964
0.00039453642
0.00027994488
0.00030196033
0.00024596203
0.0003354684
0.00016921913
0.00033210084
0.00040685356
0.0001979252
0.00030633458
0.0002479887
0.00025923134
0.00014842558
0.00025594654
8.254882e-05
0.00030872837
0.0003397563
0.0003715943
0.00026843703
0.00022706603
0.00037062386
0.00026961818
0.00032214858
0.00020225374
0.00029975036
0.0002796453
0.00026570229
0.0002690208
0.00032432188
0.00029635863
0.00022067396
0.00028041008
0.00015489131
0.00041355268
0.00031422748
0.00028466422
0.00018066357
0.00022641089
0.00031568654
0.0002653714
0.00026099227
0.00021576296
0.00019673271
0.0003191388
0.00027243086
0.00021724151
0.00025326022
0.0003495008
0.00033299593
0.0002973739
0.00018746444
5.966801e-05
0.000201125
7.9197016e-05
0.00029490993
0.00030703977
0.00024918898
0.00024270662
0.00031330023
0.00037298928
0.00031406316
0.00030709303
0.00019822604
0.00029800305
0.0002526791
0.0004072596
0.00025446925
0.00028948643
0.0002449212
0.00031239583
0.00010959244
0.00016414275
0.00032995307
0.00022121485
0.00023404839
0.00032523458
4.5942998e-05
0.00031868214
0.00034630293
0.0002214975
0.0002369798
7.793811e-05
0.00026802436
0.00036015504
0.00026157056
0.00018556356
0.00034636332
0.00026228034
0.00028282948
0.00013210769
0.00027218545
0.00028168046
0.00023238141
0.000331542
0.00028710876
0.00025414277
0.0003503173
0.00026599094
0.0003826151
0.00032575298
0.00028110592
0.00023023417
0.0002254963
0.00029544
0.00024936028
0.00011149097
0.00029659277
0.00023380558
