0.00013814
0.00022499
0.00016827
0.00014557
0.00016890
0.00012541
0.00017602
0.00016001
0.00014767
0.00017131
0.00048833
0.00012328
0.00016660
0.00014233
0.00019076
0.00013742
0.00019616
0.00019457
0.00004703
0.00019025
0.00017052
0.00006253
0.00003129
0.00005268
0.00025579
0.00018078
0.00011194
0.00012268
0.00003645
0.00009609
0.00023865
0.00013327
0.00013894
0.00017679
0.00005779
0.00009110
0.00015177
0.00028845
0.00051957
0.00010808
0.00013430
0.00017054
0.00003885
0.00013272
0.00009620
0.00014895
0.00025943
0.00010001
0.00007919
0.00014013
0.00007342
0.00015664
0.00018781
0.00007138
0.00015022
0.00005286
0.00002451
0.00005085
0.00016334
0.00012535
0.00016518
0.00006166
0.00017439
0.00012541
0.00010423
0.00035538
0.00011054
0.00019745
0.00004825
0.00015968
0.00004978
0.00009973
0.00019938
0.00014021
0.00003892
0.00029350
0.00005686
0.00008826
0.00019048
0.00013740
0.00020343
0.00002918
0.00017138
0.00020035
0.00006373
0.00023565
0.00025286
0.00008404
0.00006779
0.00010545
0.00009689
0.00024579
0.00017677
0.00011430
0.00005706
0.00002307
0.00015173
0.00010747
0.00014388
0.00022575
0.00015659
0.00011544
0.00018738
0.00014134
0.00004899
0.00003921
0.00009373
0.00016589
0.00025559
0.00018816
0.00008511
0.00015881
0.00014671
0.00012969
0.00019271
0.00014056
0.00008935
0.00003246
0.00016354
0.00005807
0.00010733
0.00003452
0.00018744
0.00017422
0.00021606
0.00011863
0.00018324
0.00018080
0.00013728
0.00015557
0.00014050
0.00026706
0.00002667
0.00012596
0.00028983
0.00011249
0.00027278
0.00027463
0.00016153
0.00012426
0.00008334
0.00006577
0.00017141
0.00004178
0.00006866
0.00012333
0.00011053
0.00022374
0.00014204
0.00005101
0.00005341
0.00025386
0.00015730
0.00008484
0.00015217
0.00014028
0.00026965
0.00009970
0.00009478
0.00025227
0.00012583
0.00021466
0.00006933
0.00025401
0.00009354
0.00016913
0.00010343
0.00011435
0.00004980
0.00015101
0.00025650
0.00006021
0.00019807
0.00008655
0.00006926
0.00005998
0.00015324
0.00019781
0.00010048
0.00015954
0.00015386
0.00013162
0.00005425
0.00016562
0.00011435
0.00006450
0.00013391
0.00010730
0.00005660
0.00005675
0.00009457
0.00017950
0.00015431
0.00010421
0.00006497
0.00005342
0.00012541
0.00002426
0.00007313
0.00003915
0.00016611
0.00004239
0.00009971
0.00021711
0.00023100
0.00013261
0.00018411
0.00013279
0.00025032
0.00010940
0.00009596
0.00006022
0.00019046
0.00013728
0.00012206
0.00011188
0.00014886
0.00009271
0.00015621
0.00005907
0.00021326
0.00025525
0.00024781
0.00021885
0.00004661
0.00016647
0.00014714
0.00009734
0.00008592
0.00012941
0.00011241
0.00025474
0.00010469
0.00003412
0.00002298
0.00016902
0.00013540
0.00002314
0.00020662
0.00002210
0.00003335
0.00019599
0.00006240
0.00022295
0.00004818
0.00014736
0.00013772
0.00020070
0.00019070
0.00009370
0.00016934
0.00012131
0.00013834
0.00024701
0.00022975
0.00010895
0.00018080
0.00023548
0.00004147
0.00008486
0.00005713
0.00014795
0.00019926
0.00016432
0.00003942
0.00013921
0.00013188
0.00007642
0.00015204
0.00017999
0.00012909
0.00014077
0.00030871
0.00006057
0.00021902
0.00005335
0.00005956
0.00008446
0.00017581
0.00012833
0.00015707
0.00006962
0.00008133
0.00016706
0.00019522
0.00013676
0.00018699
0.00017149
0.00016435
0.00016255
0.00006028
0.00015698
0.00012180
0.00014310
0.00011551
0.00029741
0.00009578
0.00018183
0.00005125
0.00018904
0.00012068
0.00011322
0.00033787
0.00012699
0.00002205
0.00011441
0.00005734
0.00013219
0.00003050
0.00013327
0.00022330
0.00006751
0.00016559
0.00009160
0.00015556
0.00004794
0.00018741
0.00004977
0.00014342
0.00015829
0.00007746
0.00008755
0.00025698
0.00015106
0.00003954
0.00010469
0.00006544
0.00020072
0.00014409
0.00007316
0.00017494
0.00011231
0.00006823
0.00018974
0.00008956
0.00039798
0.00026367
0.00013667
0.00014979
0.00017655
0.00012031
0.00018002
0.00014384
0.00014932
0.00002952
0.00006402
0.00017414
0.00015002
0.00007881
0.00010977
0.00003630
0.00011085
0.00041990
0.00011864
0.00021319
0.00004404
0.00014592
0.00013732
0.00015820
0.00007162
0.00021270
0.00003807
0.00016720
0.00027871
0.00003077
0.00003079
0.00003176
0.00027173
0.00033030
0.00023654
0.00014442
0.00028526
0.00017252
0.00002503
0.00006174
0.00028571
0.00008498
0.00020523
0.00007217
0.00008018
0.00013734
0.00019558
0.00015983
0.00003758
0.00011278
0.00012005
0.00017540
0.00007718
0.00016597
0.00008672
0.00026624
0.00025736
0.00019697
0.00006887
0.00008061
0.00014050
0.00005636
0.00014875
0.00025374
0.00014265
0.00022188
0.00002507
0.00029781
0.00016303
0.00004139
0.00017351
0.00006015
0.00010046
0.00004371
0.00015867
0.00018424
0.00010663
0.00015556
0.00017134
0.00013004
0.00010233
0.00014645
0.00007156
0.00005527
0.00030203
0.00015421
0.00010400
0.00015387
0.00013652
0.00011279
0.00013905
0.00017175
0.00007938
0.00007018
0.00030300
0.00022127
0.00013968
0.00011534
0.00010369
0.00007695
0.00004948
0.00021108
0.00017227
0.00015031
0.00007183
0.00018405
0.00002803
0.00004213
0.00006774
0.00026624
0.00019089
0.00012396
0.00014396
0.00004572
0.00007169
0.00015475
0.00014569
0.00009301
0.00022312
0.00003075
0.00006421
0.00037050
0.00017889
0.00018457
0.00015387
0.00017181
0.00016416
0.00004264
0.00011424
0.00021943
0.00009698
0.00015155
0.00025497
0.00003124
0.00027170
0.00009735
0.00013566
0.00016479
0.00006501
0.00020345
0.00020419
0.00015916
0.00006054
0.00017061
0.00015548
0.00006832
0.00009033
0.00010187
0.00007608
0.00011476
0.00013041
0.00013552
0.00016783
0.00030558
0.00003530
0.00012892
0.00024403
0.00015737
0.00011939
0.00010600
0.00010104
0.00014892
0.00004461
0.00020733
0.00016658
0.00006671
0.00004881
0.00021763
0.00011269
0.00019454
0.00013185
0.00002358
0.00004037
0.00009234
0.00009887
0.00026218
0.00018018
0.00020782
0.00016500
0.00007940
0.00004535
0.00024237
0.00012494
0.00013669
0.00026435
0.00021520
0.00015953
0.00005899
0.00015303
0.00013670
0.00004094
0.00013277
0.00038552
0.00026134
0.00018142
0.00014636
0.00003412
0.00004957
0.00010674
0.00036227
0.00014356
0.00006837
0.00003269
0.00021069
0.00013546
0.00015404
0.00016898
0.00012467
0.00025219
0.00019817
0.00012659
0.00009843
0.00014897
0.00004287
0.00046440
0.00016252
0.00005614
0.00017376
0.00012361
0.00029684
0.00034696
0.00013576
0.00004036
0.00010466
0.00016574
0.00020430
0.00025542
0.00003932
0.00023214
0.00010387
0.00016668
0.00014026
0.00018056
0.00027272
0.00009946
0.00017682
0.00015619
0.00007168
0.00021779
0.00004188
0.00013960
0.00018356
0.00004303
0.00011586
0.00010553
0.00004996
0.00005470
0.00027100
0.00012453
0.00015162
0.00023475
0.00014563
0.00012356
0.00004973
0.00011380
0.00002072
0.00017038
0.00013455
0.00011454
0.00022482
0.00016201
0.00019036
0.00003883
0.00007392
0.00006730
0.00018850
0.00007049
0.00002884
0.00008410
0.00021575
0.00023788
0.00008437
0.00014144
0.00010128
0.00026610
0.00047332
0.00023519
0.00012375
0.00027185
0.00017086
0.00004778
0.00013727
0.00020530
0.00014981
0.00005112
0.00002301
0.00004321
0.00025086
0.00005811
0.00006254
0.00003916
0.00014079
0.00025725
0.00017425
0.00015724
0.00034450
0.00020757
0.00008363
0.00021987
0.00017277
0.00015771
0.00010404
0.00019939
0.00017430
0.00008322
0.00004767
0.00018130
0.00020386
0.00009611
0.00003121
0.00007178
0.00015292
0.00008411
0.00012006
0.00022270
0.00015870
0.00018267
0.00016899
0.00010011
0.00017443
0.00016538
0.00025600
0.00013922
0.00014654
0.00035761
0.00022968
0.00009119
0.00021711
0.00016779
0.00005142
0.00013782
0.00022718
0.00006587
0.00013056
0.00004422
0.00015186
0.00013956
