1440459835
1173079078
1754670508
1517892608
1761207040
1307672230
1835440111
1668552831
1539879127
1786301841
1273024035
1285502870
1737209280
1484204324
1989162906
1432963392
2045431940
2028930623
1961691185
1983906254
1778119747
1304015428
1305112469
1098594602
1333635521
1885126902
1167296761
1279286308
1520498079
2003927242
1244272433
1389721714
1448870479
1843485075
1205190367
1899799819
1582617995
1503928197
1354479289
1126980524
1400372149
1778394007
1620511601
1383916542
2006304163
1553226453
1352605179
2085748177
1651594414
1461212184
1531194224
1633401827
1958445773
1488592486
1566482358
1102434243
2044883419
2121127732
1703246736
1307123709
1722444944
1286005681
1818527404
1307717940
1086892837
1852878484
1152669554
2058916395
2012520726
1665124580
2076149073
2079988714
2079074514
1462034965
1623437042
1530257168
1185717898
1840559634
1986283175
1432734842
2121356282
1216983552
1787078911
2089176428
1329064519
1228616751
1318391229
1752796397
1413810894
1099554512
2020657109
1281526099
1843302235
1191843041
1189923220
1924574649
1582252315
1120718251
1500385671
1176987285
1632853306
1203773356
1953920481
1473828149
2043420699
1635687328
1954743262
1729849967
1332584190
1962056865
1775011466
1655982576
1529822923
1352376628
2009458155
1465691766
1863414643
1354113609
1705303687
1211132669
1119255530
1439682765
1954606132
1816699004
1126500568
1237004540
1910770223
1885355452
1431454962
1622202872
1465097536
1392395750
1112581868
1313477402
1511104670
1173010513
1422198683
1431866352
1684322788
1295741915
1737986351
1371757677
1787398881
1742648772
1431912062
1286051391
1152532424
1166519690
1481141753
2127709974
1113953168
1323556461
1640258329
1769434844
1586777607
1462720615
1405903061
2079348774
1976684071
1315305803
1312106102
1119209820
1445899328
1324379242
1950812200
1763675381
1078482193
1192345851
2077063273
1574710162
1337360887
1255745648
2065361508
1804997239
1444436607
1250991806
1597930852
2062664617
2095621541
1663616149
1604421674
1372489037
1131322976
1727061656
1192437271
1345154445
1396349667
1118935560
1180415536
1183615237
1972387329
1871733867
1609129806
1086618577
1354844969
1114227428
1307763650
2023673971
1525069081
1633127566
1732089758
1768063543
2079531614
1132008626
1204413296
1382819501
1919775097
1384693612
1305112469
1140830660
2001184641
1255928488
1986054625
1431454962
1272795485
1166656820
1552266542
1933442393
1628876535
1231976438
1111919072
1330824354
1292039403
1141059210
1944138537
1735883690
1534348215
2030073373
1792015593
1349405477
1172187733
1328196028
1091646679
1423409998
1916895366
1762486921
1411936783
1930425531
1077293733
1843759335
1391047305
2043740669
1301364247
1162405789
2009778125
1536633716
1436117384
2092833230
1988522966
1954103321
1765778042
1264979072
1442516786
1287879791
1197853908
1136122528
1885355452
1227748261
1729849967
1769709104
1191568781
1542758858
2077840343
1713485780
1644097971
1451658790
1375140218
1593634110
1585360596
1876807679
1346114356
1467931557
1609586907
1263242091
1141904845
1112490448
1242215482
1761572720
1833291741
1338160812
1637835698
1451933050
1696115973
1742008832
2035741416
1426106889
1949898000
1788221662
1713805750
1694973222
1257208368
1636967208
1270098594
1492203577
1204504716
1550643837
1997436420
1896097307
2137583338
1971198869
1258396829
1180644086
1761572720
1324264967
1839005493
1193031501
1195865523
1378431339
1272201255
1389676004
1164257044
1407960012
1726695976
1910313123
1622111452
1999721921
1954240451
2075783392
1495494699
1650588794
1615483499
1825932427
1339874938
1575167262
1649217493
1091738099
1364809754
2093016070
1502488332
1525800441
1824241157
1171136402
1423044318
1978558182
1867711385
2074983467
1374751683
1425146979
1561957067
1841062444
1254511477
1877127649
1499974280
1557020384
1231245078
1335098241
1815830513
1564379698
1643640871
1144624591
1513915836
1155869256
1094640685
1237187380
1111530537
1836994252
1521640830
1431912062
1649674593
1493712008
1108993631
1588148908
1743517263
1453121511
1283537339
1284451540
1324859197
1416736335
1722102119
1233279173
1505962293
1487289750
1798963516
2088033678
1287651241
1489666671
1772360285
2140005969
1505048093
1672255343
1432186322
2039489637
1666587300
1567487979
1175981664
1251814586
1828994999
1609541197
1730627037
1808471200
1388144718
1341840469
2053888293
1436391644
1681123087
1465051826
1175387434
1551078082
1322939376
1487495445
1156874876
2091324799
1552746498
1700047035
1726376006
1809248270
1254374347
2095164441
1823281246
1654611275
1921192108
1111941927
1622111452
1786667521
1355987720
2134017957
1527171742
1492432127
1152623844
1574733017
1608032766
1084424496
1604513094
1423547128
1176118794
1450013229
1790918553
1655525476
1463543395
1579783974
1153652320
1456549762
1202767736
1081224794
1604695934
2063715947
1100560133
1796312335
1567350849
1498100170
1919226577
1169262291
1757458819
1412713854
1388121863
1990534207
1292542213
1501162741
1907022002
1495083308
1613655098
1519218199
1939658955
1163297134
1282440299
1339120723
1931705412
1865380174
1924666069
1604558804
1791604203
1711794509
1778668268
1191248811
1144098926
2022668350
1580332494
1329384489
1302918388
1416622060
2030347633
1414587965
1718376752
1355850590
2121539122
2129218405
1659685088
1262510731
1779079658
1621288671
1424781299
1883892732
2124418853
1586686187
1196642593
1359873072
1413125244
1750053796
1593222720
1472411139
1344285955
1272315530
1640989690
1244958083
1105359685
2107140466
1552860773
1860763462
1080996244
1737026440
1391138725
2035741416
1134659807
1175067464
2028564943
1374820248
1967359227
1683957108
1925763109
2061978967
1366958125
1878818920
1083556005
1720570833
1655891156
1891480595
1263676336
1302781258
1425375529
1378248499
1121998132
1663524729
1230330877
1595782481
1425512659
1707726318
1384510772
2010029530
1362592818
1891754855
1526211831
1423044318
2067738429
1113038968
1888806559
1496957419
1425878339
1363255613
1098526037
1412485304
1606250075
1762075531
1299992946
1314871558
2066458549
1320059645
2052836963
1553409293
1788175952
1210641286
1694698962
1170725012
1811853742
1288931122
1547649831
1808974010
1415639295
1683408588
1091418129
1728295826
2130315445
1331715700
1640075489
1210309889
1083144615
1738123481
1462629195
1882795691
1421924423
2074229252
1843850755
1628739405
1494991888
1135505442
1746671254
1455681272
1914152765
1794575354
1208115808
1100423003
2083828356
1140647819
1412942404
1298575936
1581063855
1223977184
1518532548
1288428312
2074137832
1186723519
1728935767
1776657027
1403023330
1194357092
1172187733
1689350890
1984957584
1619780241
1541707528
1403663270
1965576536
1470034218
1202722026
1753893437
1124877863
1240272806
1759561480
1474925190
2112259988
1387390503
1233907686
1226216975
1290393842
1417353421
1781685129
1993139678
1431363542
2140737330
1562139907
2132280976
1919820807
1802071797
1307969345
1211955449
1304381108
1633493247
1468114397
1341246239
1817018974
1639618389
1796175205
1082230415
1744020073
1146361572
1801614697
1644600781
1084881596
2079211644
1817521784
1735700850
1988385836
1890566395
2125744443
2004475763
1301821347
1497003129
1594548310
1754259117
1251997426
1161125908
1654885536
1904782211
1762166951
2087850838
1818847374
1724501895
1334732561
1451704500
1528131652
1864511684
1197488228
1901811059
1131985771
1749688115
2144714101
1437123004
1184506583
1373768917
1361381502
1844307855
1583577906
1455315592
