0.002576
0.002602
0.018140
0.012739
0.002057
0.000763
0.000232
0.005176
0.001908
0.000492
0.000998
0.011204
0.008900
0.020125
0.000676
0.000320
0.000762
0.000311
0.001206
0.017856
0.009365
0.000738
0.010657
0.000717
0.007486
0.000258
0.010588
0.001411
0.004071
0.002366
0.010583
0.001824
0.000379
0.000204
0.000681
0.000621
0.000179
0.000817
0.000980
0.000514
0.000153
0.001124
0.000885
0.015392
0.000878
0.000995
0.011167
0.000558
0.022225
0.008932
0.009029
0.000860
0.001685
0.000571
0.000797
0.001112
0.000939
0.001935
0.001995
0.016079
0.000528
0.012185
0.004334
0.002392
0.000625
0.000375
0.001801
0.000574
0.000960
0.005406
0.001128
0.014636
0.000468
0.012281
0.006187
0.001137
0.000330
0.000817
0.000562
0.004536
0.000704
0.000543
0.001278
0.000718
0.001302
0.000645
0.001608
0.010129
0.001170
0.013701
0.001599
0.001939
0.000683
0.000305
0.000325
0.012116
0.013158
0.018777
0.001213
0.004829
0.002112
0.015719
0.000803
0.011359
0.000560
0.000595
0.000358
0.000944
0.016941
0.001299
0.016549
0.000288
0.001656
0.003511
0.000491
0.000885
0.001829
0.015571
0.000364
0.000492
0.001568
0.000157
0.009988
0.001549
0.000580
0.004007
0.001043
0.000761
0.001632
0.000844
0.001004
0.001252
0.005664
0.000418
0.006401
0.001437
0.000608
0.005501
0.000469
0.006985
0.007763
0.013388
0.000549
0.000702
0.014235
0.001061
0.013321
0.014216
0.000705
0.001211
0.000671
0.000494
0.013124
0.000580
0.001132
0.007617
0.001311
0.002588
0.001325
0.001693
0.001232
0.001261
0.000773
0.002396
0.021014
0.000841
0.001412
0.001638
0.000406
0.000350
0.000707
0.000249
0.001058
0.000561
0.001294
0.010564
0.000268
0.001522
0.020490
0.002037
0.018922
0.000641
0.000502
0.000894
0.000805
0.015780
0.011808
0.000168
0.000216
0.004836
0.001463
0.020253
