-12505
6670
-5507
-8892
-2595
-1522
-9993
4050
3260
-7568
-13163
-14463
-6101
2774
-15643
-5480
12491
-8741
-9171
-6634
-5602
-13170
-9772
-266
8802
8272
7009
-15951
-12599
-3888
-14942
296
17301
-3964
6875
761
-6075
-2847
-13718
-5628
3978
-7945
2925
7087
-9036
-3597
-12403
5049
-7707
688
-1983
-9079
131
-14130
-816
-6616
-3562
-1391
-1273
252
-11035
3693
7566
-9562
-5721
-7423
-11607
-7439
-6154
-4893
-14692
-14253
-5916
-15015
4064
-5579
12221
2938
-2920
-6222
-11019
-8174
-5693
-5390
-10362
-4319
-9265
-722
-3107
-6524
-9747
-8731
-17928
11511
-10616
-3199
-4373
-3641
-13532
-5903
1556
-386
-6590
-13251
-370
-6697
-11919
-302
-5451
-2406
5854
4983
-9215
-3033
533
-7643
9503
-7229
-8189
2563
-31
3085
10192
16321
-7113
-8386
-3134
-3433
-4259
-11415
-6951
1837
-17334
2207
14096
-3347
-5018
1951
-6026
-13416
-8674
3035
7298
2688
-10492
235
6986
-4280
-8651
-5875
-12966
-5178
-64
-14999
-10040
4070
-3297
8417
-5746
-1146
-90
-4833
-7008
4553
-20677
-5625
1193
-96
-3537
-1937
-7805
-6150
-3856
-6932
-3802
-6459
-11842
13997
-1052
-5263
-2791
8302
-18780
-17130
1336
1459
544
-11892
6970
11192
-4572
2325
2076
5220
-22627
445
-5021
-2145
-5095
1416
-4003
-5176
-4609
-6893
-1860
-5842
-13152
-15636
-2617
37
2047
-15512
-4587
-9325
-3496
-10683
172
-5574
-2964
18561
-2180
-9641
281
-12605
-5794
-11259
4828
-8676
-10240
-3406
-4916
7317
-15485
-6305
-4031
-3503
-2531
-4335
-6693
-13115
4483
6120
-7876
-6773
-7440
-6462
-3361
-13229
-15777
-4757
2964
-9981
-3896
-1590
-8465
-9320
-8894
-7045
-4689
-12787
176
8709
-4413
-6073
4417
7325
-7125
-2903
-4911
3308
-12512
-5179
4865
-5174
-4633
-2386
-12950
-3329
-3490
-7404
5335
-10618
-3157
5313
4508
-2803
1631
-15557
-4854
-1877
-3638
-957
-11559
4318
-14064
-3865
-14407
-15980
-23906
2128
-13755
-8531
-3827
4438
1033
12922
-9556
-4843
28595
-5859
5774
-6542
1944
-7151
-2872
3274
-6866
-13595
-5384
-2127
-10976
-149
-3493
5328
-2751
18360
-16843
-579
-2059
-11001
-6184
5366
-4665
-19356
18653
-2261
8139
-7076
-7699
-14770
-3801
-10252
-14167
344
210
-5302
3411
-1605
-10187
-8749
-27538
-9650
-6908
-5000
-8822
2081
2202
-11978
14228
-3004
-206
-9754
-1424
-1970
-620
998
-8675
-11690
-11727
-2392
900
1992
1903
-8050
-1521
1404
-777
-10062
-5281
-6265
-5111
91
-9113
-1632
-12344
-13079
1475
4695
-16382
-4979
-9457
-4468
-4584
35749
6943
-2302
-5609
-5593
-12755
-2485
3116
-3951
2021
-9492
-8837
-12873
-7161
3490
-7066
-11101
-2960
-5304
-9399
2402
-3115
-4071
1416
5074
-12855
-895
-7474
3988
-7871
1764
336
5852
-2951
-7429
13806
-1855
2367
-11814
-2312
-5394
-13551
-6636
-8638
-1492
-6640
-3070
993
317
-7894
-19880
-4457
-5656
-3379
1930
12663
-1653
659
-1754
-10501
-1867
-7006
5341
-9265
-6875
16
677
-11401
-1110
-294
-18648
-3219
-6249
217
-3742
-8277
-3811
-3539
-1817
-6284
388
-1845
-4996
542
-3715
-11316
-2909
-2415
-7160
-9760
-5341
944
-3215
-1171
5804
-5003
-2810
3524
-2392
-1267
-16183
-6945
5034
-5021
-3397
-4999
-584
2520
-4787
-1322
3744
-3628
-273
-7862
-2891
1513
-11602
3979
-20969
-2348
-3112
-79
-6832
-3311
-121
-6492
-9785
-4393
-6502
-2950
-2000
554
-11084
-8491
-162
-2574
6206
1908
1229
-1065
-2376
-10869
-10958
-3628
6553
-549
-4373
3833
-7118
-1712
15065
3431
-7417
-9610
-13032
12845
-7535
4984
-8545
3996
-10027
-2786
-9387
-986
-2540
-15477
-11069
-5994
5730
7851
-837
-2344
-3624
-5873
-2538
-9149
210
-4566
-14105
1322
4475
-4980
-15734
-12233
-5341
-15321
-1248
-11852
-11061
10629
-3858
-4533
-4977
-19851
1416
-10985
-15783
-8069
-4740
1659
-6892
11695
-5511
-7953
-819
141502
-17347
3666
-7560
-7995
-11853
-1809
7163
-1640
-8302
-1970
4154
5114
-11317
2888
-3129
-169
-10049
-11892
-7225
1257
407
-7964
-4215
8318
-4582
-1126
-7608
-13176
2112
-6027
-4483
-456
-8331
-12747
-7575
-6605
-6108
636
-5478
-38
-3722
6213
4137
1485
-2618
-4776
-2073
4792
-6427
-16867
93
-21360
-199
-12012
-335
-7297
-13022
-4530
-926
-20445
-12402
-2995
2262
-7439
2514
-6948
11514
-6588
1599
-3950
-12400
-2291
-327
