1518545673
1326677630
1900737180
1126356988
1200937051
1349738984
1390438451
1123518552
1393796350
1549416969
1935289838
1503804932
1219769847
1168199879
1275840641
1926982597
1474323387
1617037259
1684100511
1343081565
1568025475
1619205986
1091617804
1346900349
1104635612
1648559445
1366704725
1699005863
1496743322
1279670952
1400863283
1165240476
1212745691
1645305736
1409696269
1270177604
1775492848
1086489489
1838972550
1720828891
1254165571
1294859838
1907278894
1491409568
1200235274
1633044928
1175620487
1251922989
1921077101
1257202233
1580226419
1834600181
1493498590
1544841173
1544926203
2089062965
1504056460
1155386581
1404783979
1093029563
2125951809
2083853057
1758799993
2105595420
1117274920
1098465680
1258038907
1442584279
1762130590
1861988774
1156892005
1395291776
1311199081
1435783360
1284401898
1108205449
1491084835
1712012279
1684694199
1508249298
1501284883
1508131180
1480791370
1534424204
1993588294
1953125187
1165112235
1405789968
1747685331
1513069626
1505364617
1796345979
1808809409
1210367496
1679343452
1723684166
2025545562
1955824024
1230376066
2139240769
1228726337
1799130309
1706535180
1386586040
1578326307
1697176263
1792955951
1530410927
1226511397
1186693114
1458263407
1471294029
1557783207
1935079416
1241606494
1517093458
1599150218
1447467876
1299456929
1985980169
1399927187
1107780612
1513238013
1523773721
1203762116
2057846167
1992475887
1177126127
1147311027
1363571983
1572537568
1211823493
1188345907
1378166252
1453196998
1972300824
1920505204
1836408485
1940153253
1310183155
1226014903
1333714538
2052089062
1526132007
1765891627
1926529624
1509760746
1117045925
1122272363
2012225649
1440610683
1182728588
1877475557
1665146192
1764912382
1449833451
1604126056
1823491462
1526969051
2039427777
1301141976
1373113835
1445065698
1840849199
1224283178
1256791171
1108497867
1150075423
2019384390
1898923428
1498366153
1493420958
1180348573
1570744740
2027527825
1728057216
1988588498
1888361472
1093283784
1415149194
1112882833
1108898653
1360800901
2068806185
1500394722
1150823260
1273272784
1233379918
1554918831
1966730616
1119862633
1567875969
1504066241
1436738028
1720439929
1559910486
1308047890
1269714261
1200640331
1513002828
1483561523
1349819587
2063605191
1276587054
1560334147
1751738878
1866829283
1552631490
1177315377
1501478528
1406578168
1836629060
1265436795
1718942646
1790477689
1440622879
1920357123
1961203991
1360386495
1372114594
1713638701
1276548362
1342558451
1685366509
1690733476
1337747409
1121678366
1578852393
1668897200
1515380491
1415801013
1083966871
1813459307
2027206094
1551389388
1500777926
1368692560
1431452407
1143291033
1463678042
1119472680
1122916815
1105343395
1986248227
1218683688
1096191804
1112209192
1346003205
1127141041
1372258930
1581758927
1509826565
1191822296
1801657972
1523740198
1190269792
1535609104
1681230997
1872068907
1481420407
1367028747
1348743333
1533348260
1724888877
1335002050
1631427360
1556983739
1824827849
1558807830
1463487492
1708429163
1550099370
1788138656
1561930729
1243711333
1625933298
1325115344
1254261743
1366997607
1651255929
1471860973
1311610143
1550761094
1681414737
1305142036
1900919682
1208061311
1817272160
1096330352
1828100192
1600601132
1859808718
1239298601
1125758843
1963402061
1077368543
1629048892
1860875128
1443193691
1442032857
1318455388
1433480419
1203736858
1935211464
1290637148
2044873180
1604586211
1355115361
1606840183
1185397214
1104821395
2075578070
1840235948
1139355852
1614909515
1510235028
1199370371
1319274046
1811160823
1372861069
1224255351
1546648518
1339482632
1137951318
1326782934
1811061029
1378483835
1517720948
1151507333
1388980232
1133129740
1739334570
1896545951
1291945751
1129935771
1307926242
1735793860
1410903239
1142912224
1164295341
1975359402
1810223551
1307500446
1781391906
1984474838
1656351774
1140179804
1174536278
1194019933
2145096430
1157515347
1504214385
1691225884
1424091229
1105744924
2028278633
1834450366
1713587875
2061250855
1990217704
1783100354
2124268582
1173034445
1637489976
1475327494
1640739227
1372578339
1210356514
1371339827
1625656387
1492614805
1812178450
1677938472
1437173946
1255004952
1189029794
1080348932
1813634442
1410508520
1660366723
1275927187
1419443529
1307596402
1759627689
1435538703
1792340471
1628722209
1803487077
1138174914
1836279285
1269390858
1955718410
1482348208
1670483815
1149398269
1623056850
1917525124
1910054619
1275110571
1610435805
1108298340
1631862628
1597993671
1683228365
1388457179
1244643095
1154044746
1884691500
1281868589
2063763240
1128959621
1799643146
1560443995
1282862955
1084646641
1932654085
1228650569
1428942696
1245098669
1094586617
1222498120
1632346555
1577449085
1547040234
1695353844
1288221239
1511945519
1549716289
1264426906
1264836792
1697088138
2080228525
1225028662
1508108460
1265715253
1832151387
1146339459
1843966713
1454222117
1969515534
1488990552
1817452123
2080673166
2017076063
1205169510
1083943377
1202482498
1237355339
1457244479
1878899480
2108656969
1918502048
1526278479
1217252831
1961767530
2072773930
1453645391
1576062244
1861097647
1117127643
2004726233
1548713457
1454476245
1215803217
1961320128
1172416303
1092163923
1356873210
1213882056
1491054872
1547057568
1632280810
1708098951
1880257596
1322487825
1249089412
1957158925
1166832724
1272633548
1112063711
1773690982
1442711560
1485485593
1469081101
2132484113
1409303748
1744745428
1349126228
1771898279
1386168910
1478984366
1918875750
1349673300
1151536924
1198642096
1299870778
1526369977
1235973575
1490785081
1523119859
1617841029
1617646053
1104114417
1556499627
1185474319
1985228990
1264129814
2027007558
1529702246
2091593105
1716745814
1160676752
1386406138
1789547474
1693174470
1405443474
1370918055
1724242072
1618930190
1122534632
1291905945
1605886320
1534746244
1705997208
2011795147
1629928653
1599436847
1079959896
1529029626
1097465293
1209125307
1734371979
1650743153
2013546249
1389969011
1749723805
1076400131
1317041555
1290136549
1865749934
2063758287
1337293693
1180152111
1116777497
1106592709
2103080571
1593257103
1327255718
1831520617
1492576732
1186062900
1172138712
2019702964
1706318815
2145173194
1144565513
1404234987
1254673053
1446772660
1977332378
2099719639
2047285140
1406264763
1777333096
1700183211
1609549792
1113457795
2143673435
1460476521
1299972800
1357787948
1691316516
1815673349
1829128839
1813180044
1465157434
1203862777
1870959038
1258900529
1239215918
1324300772
1180825691
1602070124
1486719771
1221679864
1993441636
1990850023
1230044492
1442980855
1335888341
2099369926
2055823912
1224558540
1872692682
1414142957
1671790053
1074965065
1709774712
1484597351
1514243445
1235511934
1765334154
1717081969
1256681967
1477610402
1122904867
1282416033
1711378971
1499448535
1441400353
1305989265
1560480743
1371328560
1380266695
1415824847
1865340729
1392306619
1417537319
1089933686
1316051291
1522125323
1131905095
1103568335
1855227599
1177444082
1692542956
1390900587
1655624057
1994856521
1565857274
1893273670
1113106101
1377694397
1527961111
1085127906
1467408683
1541587588
1458251149
1704313616
1831205819
1301746065
1785315387
1445259652
1263370277
1112037648
1613451481
1716141973
2125688332
2140800949
2120296850
2117481443
1996221137
1627257612
1763956921
1351666397
1445578350
2082913432
1205287815
1355346088
1296937747
1480968734
1116506158
1527263110
1738304746
1697534457
1098359231
1648799459
1148527067
2141054397
1204833912
1238225133
1912083027
