0.0005449314
0.0005815201
0.00066066557
0.0011425718
0.0006381976
0.0004504602
0.00038527144
0.00040007866
0.00041447202
0.00027684818
0.00047139576
0.0007905556
0.0007242982
0.0010138538
0.00046084053
0.00088867894
0.0005014412
0.00038048765
0.00036015612
0.00047412363
0.0003033147
0.00046509324
0.0006412776
0.0006788001
0.00076641387
0.00057087414
0.0016838969
0.00068510865
0.0008670963
0.00039308035
0.00049191876
0.00028990564
0.00066852686
0.0006793635
0.0007356337
0.00072968187
0.00045828297
0.0003658067
0.0004725826
0.00072604435
0.0004780646
0.0003545323
0.0010820231
0.00043694922
0.00041200282
0.00039646338
0.0005527737
0.00042569346
0.00041505045
0.0005516922
0.0005884923
0.00044097358
0.00046241292
0.00029753265
0.00047950126
0.0004438983
0.00059132953
0.0005625419
0.00040046842
0.00080070394
0.0011162773
0.00034367113
0.0005459959
0.0024136582
0.0003774042
0.00044058773
0.00052598707
0.000557091
0.0005278437
0.00049044576
0.0007007843
0.00040276532
0.00052495656
0.00032447965
0.00045963694
0.00051988516
0.00036654883
0.0006250519
0.00052049034
0.0005462044
0.00043762606
0.0007885473
0.000906551
0.0003347114
0.001049293
0.0003776256
0.00050952577
0.00035847598
0.00052167143
0.0010741563
0.0003077128
0.0003128144
0.00050989346
0.0008185965
0.0002640298
0.000607026
0.0011878619
0.0004069731
0.00024543086
0.0005229007
0.00031675957
0.0013755737
0.00014528297
0.0007193609
0.00064734207
0.0007327627
0.0005936672
0.0006016757
0.00054389477
0.00076188816
0.0005750164
0.0005820368
0.00054835784
0.00087820296
0.0006106701
0.00051863486
0.0008037897
0.0010682873
0.00055913103
0.0006051216
0.0006684981
0.00088687165
0.0006492676
0.00091312546
0.0007848898
0.00077083515
0.00053061836
0.00042884762
