4929
10352
-3194
1337
-2528
10835
20551
-21618
16468
-14653
18723
5127
-802
1978
731
4097
-15378
1386
8023
9430
12026
23959
4755
-2041
-21266
-9249
3018
1999
5670
13820
12338
20632
7771
-4484
-3063
-73
-4877
-2674
12380
-405
22308
12230
19044
-11223
-6104
10182
10346
2704
-14980
6632
-302
-10527
10822
-34214
1434
-18042
-5615
-7938
5595
1415
9370
19624
9542
421
131
-3404
647
-237
8452
11728
-11873
-4261
2466
14217
2379
-192
8035
353
5999
-19002
-19872
6080
-7881
12373
-4252
-1130
-1512
17544
6424
6755
-13629
-39383
841
14645
46317
-1880
9473
9165
-24954
5875
5228
3401
-9555
6199
15191
3213
-5426
3496
-6931
4632
-1005
14315
8123
-3310
6463
7502
3019
1111
-1959
20070
5858
10628
8315
1269
-1862
1142
-19366
-31028
