1359403874
1450679344
1648118331
1425148814
1592068911
1123732962
1922221868
1996098957
2067911238
1381269242
1175959485
1972146215
1806858228
1264596649
1149627998
1108463982
1250911886
1898354077
1796914736
1182764593
1513317884
1160237077
1599752269
1693357278
1911921383
1424121467
2100352558
1709094712
1081543623
1961182455
1227156928
1446416410
1667729229
1694762710
1835136200
1820288574
1143247929
1825107179
1178920169
1811214231
1192595830
1768856075
1349625456
1090028054
2055591831
1978061427
1378967658
2123898102
2070797229
1376269656
1468072437
1100067289
1153550582
1484469534
1196179769
1107363460
1475150309
1403335571
1998043562
1997462636
1392351152
1714666887
1362059517
1505297904
1882970110
1099104810
1312144705
1389737695
1316776362
1223482259
1748199772
2009503442
1309574055
1618915358
1146625562
1296922823
1828809731
1559275150
1298432391
1362579620
1091716466
1967136184
1130756079
1669964369
1308800519
1884074779
1271079798
1788532216
1301378815
1339812856
1535261008
1560714360
1271997129
2042098119
1317315015
1514307090
1481639743
2030497089
1224519893
1304445455
1580397812
1715775861
1449710913
1794541624
1614881039
1827974100
1480981814
1500960105
1356817982
1900631403
1434455036
1451968331
1367951642
1095397130
1523397904
1293803682
2005160442
1332492414
1394826753
1509556388
1667657570
1106209699
1619684474
1138956578
1958012142
1922950878
1323698117
2139635016
