0.00026267
0.00014264
0.00022649
0.00030261
0.00027442
0.00019610
0.00015199
0.00017736
0.00020144
0.00034267
0.00020901
0.00022268
0.00023299
0.00019504
0.00019798
0.00028751
0.00030204
0.00014561
0.00015778
0.00021191
0.00020564
0.00033790
0.00018344
0.00017226
0.00027465
0.00017526
0.00022247
0.00016570
0.00026764
0.00015958
0.00022716
0.00026962
0.00021025
0.00029711
0.00017413
0.00016685
0.00028631
0.00016556
0.00028313
0.00020676
0.00017293
0.00024179
0.00031721
0.00027526
0.00024574
0.00023594
0.00026701
0.00023847
