0.002312956
0.0029855033
0.0021176394
0.0035175362
0.004513144
0.0007865645
0.0039830357
0.0017925254
0.0012084681
0.000712621
0.0023159483
0.0020059159
0.00082096824
0.0011925768
0.0013475319
0.002440503
0.0013927072
0.0013548392
0.0033836726
0.0035130542
0.0015566766
0.0006429488
0.0008228775
0.0011759078
0.0016370644
0.0024227158
0.0038125825
0.0009636901
0.00041690137
0.006120828
0.001654742
0.0009073916
0.0027028758
0.002182481
0.0014038535
0.001997162
0.0011311291
0.0019321849
0.0008852648
0.0034784882
0.0023471646
0.0013502853
0.004097362
0.0018086481
0.002294106
0.0010917438
0.0011110129
0.001290385
0.000995207
0.0011981821
0.0012169032
0.003002894
0.0009734118
0.0012615875
0.00052612345
0.00050792214
0.0022753803
0.0014896309
0.0022760914
0.0024437713
0.0013184446
0.0015695088
0.0050510936
0.0021774457
0.003138696
0.003057286
0.0010922885
0.001587066
0.0012431275
0.0022535573
0.0027881754
0.0015330105
0.0038791003
0.003475048
0.0011158945
0.0022188164
0.0022868125
0.0012472395
0.0038154763
0.0012139485
0.0032479765
0.0019997961
0.003580973
0.002398934
0.0020268694
0.0011510263
0.0018622505
0.0018637975
0.0021168215
0.0017492714
0.0012535948
0.0014545678
0.0015768489
0.0016701871
0.0025146636
0.00069266226
0.0031655603
0.00090407906
0.002184288
0.0021896085
0.00065754645
0.0015792149
0.0012778357
0.0024212366
0.0013510853
0.001972764
0.0015978639
0.0030611423
0.0017050504
0.0002714699
0.0014820242
0.001878822
0.001425216
0.0018493745
0.0010575613
0.00048224974
0.00062366464
0.0017280774
0.0018655596
0.004171172
0.0019664785
0.0006869528
0.0017816108
0.0026171068
0.0022523936
0.001875933
0.0027579898
0.0010578964
0.0027188375
0.0024462612
0.0029889273
0.0018361019
0.0019134865
0.0029277997
0.000876409
0.0014661305
0.00403562
0.0016133134
0.001002784
0.0014375311
0.0023102828
0.0021058188
0.001405166
0.002360856
0.0015508019
0.0021782243
0.00033881445
0.0025080207
0.0017216972
0.0014136797
0.0013291112
0.0015705208
0.0014173443
0.0022081232
0.0009332661
0.002438053
0.0011931267
0.0017990107
0.00057670043
0.0017973041
0.001399946
0.0013315165
0.003829829
0.0020583675
0.0025192979
0.0015841427
0.0006794417
0.002397813
0.0014997948
0.0015922677
0.0031522198
0.00062174053
0.0040091323
0.001024495
0.0025515584
0.0008501295
0.0011270882
0.0010534314
0.0016091431
0.004283325
0.0038915516
0.0027480738
0.0018786362
0.0018550255
0.0021100629
0.0022423146
0.00047260456
0.0020947226
0.0008660767
0.0013235218
0.0015341095
0.0035635633
0.0026178388
0.0018398107
0.0011724314
0.00087277964
0.0050874497
0.00091103744
0.0012020518
0.0017522047
0.0015317188
0.000954257
0.0013199466
0.0012227832
0.0016997338
0.003068974
0.004378507
0.003581276
0.0011057111
0.00089451374
0.0013615352
0.001191065
0.0037845238
0.0020886294
0.0016545116
0.0011766218
0.0022769063
0.0015785594
0.0012811503
0.0026105077
0.002591291
0.0013202259
0.0010776304
0.00071790087
0.0039326013
0.0015193837
0.0039355755
0.0016648457
0.0010857946
0.0015852274
0.0020184314
0.0013999704
0.0008260328
0.0012260629
0.002724218
0.00086362805
0.0021021112
0.002081926
0.0015317675
0.0028510129
0.00090676534
0.0018788734
0.0039959894
0.0013567274
0.010027354
0.0014162395
0.0012163398
0.002904953
0.0014659618
0.0016696756
0.0036441095
0.0026660555
0.0019154357
0.0015163742
0.0014349096
0.0013988101
0.001386953
0.0010600688
0.0018317306
0.0015651354
0.002138909
0.003169605
0.00219881
0.0009372813
0.0017030184
0.0015952002
0.0023007628
0.002419644
0.0019532957
0.001884266
0.002246522
0.0013738418
0.0021615278
0.0021125558
0.0012435982
0.0033110923
0.0014182243
0.002326509
0.0018903696
0.0012555091
0.0008170765
0.0020704172
0.0016287159
0.0007847845
0.0008873038
0.001535736
0.0012115365
0.0012701295
0.0019114284
0.00135191
0.0028063285
0.0027267623
0.0038558852
0.0017934275
0.0024982768
0.0013145172
0.0016666569
0.0026453463
0.0009484948
0.002445201
0.0012705823
0.0011342661
0.0028742438
0.0013341269
0.0011644441
0.0012202283
0.0019414737
0.00124401
0.0014842065
0.0011030723
0.0021099213
0.0004805404
0.0012344867
0.0019872715
0.010386308
0.0028976542
0.0013466905
0.0024795874
0.0018592892
0.0009296398
0.002426163
0.0010175759
0.0020827265
0.0009637751
0.0033191247
0.001276996
0.004705248
0.001290388
0.0009234476
0.0018738413
0.0023739708
0.0012386994
0.0019579814
0.001518224
0.0012941303
0.001253952
0.0017079025
0.0021346316
0.0016893918
0.0018666878
0.010509832
0.0009879393
0.0016280458
0.0008878845
0.0037648238
0.00308253
0.0017492088
0.0021210208
0.0023995528
0.001410893
0.0014587633
0.0019911
0.0019874668
0.003218603
0.0016722165
0.0016958369
0.0021794268
0.0019575998
0.0017484864
0.0017702879
0.002110644
0.00090075243
0.0007185987
0.0020924758
0.0016206062
0.0034028448
0.0012559304
0.0017812086
0.0014841445
0.0020526398
0.0028013617
0.0023745832
0.0019761294
0.0009268679
0.0013568607
0.0029294388
0.004285814
0.0015574234
0.0012697798
0.0011165885
0.0012402087
0.0012397413
0.0014369077
0.0014080183
0.0016024054
0.0018040844
0.0021844243
0.0027309647
0.00080826867
0.0011671189
0.0022370536
0.0021381264
0.0018672269
0.0036421272
0.00261299
0.003995418
0.0015742747
0.0008023447
0.0004627627
0.00045851409
0.001536046
0.0016118364
0.002522329
0.0013266582
0.002253222
0.00081694976
0.0024430936
0.0070312815
0.00093893136
0.0019728942
0.0012843481
0.0047619715
0.0020386588
0.0016698432
0.0025309476
0.0012044986
0.0015674058
0.000654928
0.003231602
0.0016348162
0.0021328202
0.0018978696
0.0013324023
0.001199828
0.0016451867
0.0021648842
0.0014945169
0.0030010124
0.0007955094
0.0013723947
0.0023645142
0.003830675
0.0013391658
0.00447913
0.0034589637
0.0026960142
0.002384898
0.0031885542
0.0020144586
0.004145175
0.0031721173
0.0012965781
0.003798177
0.0020387091
0.0015415456
0.0022255606
0.0020973661
0.0026989412
0.0018569276
0.003780847
0.0024767406
0.0036091115
0.0015177167
0.0015456106
0.0024928749
0.0015554546
0.00033782359
0.0010216807
0.001908302
0.0037445994
0.0016928167
0.0023664606
0.0014178104
0.001991035
0.0032231873
0.0028167006
0.0017909635
0.002212746
0.0025034861
0.0010149209
0.001001191
0.0012069638
0.00083757774
0.0018675951
0.0032272534
0.000517922
0.00092848553
0.0024870404
0.00083819655
0.0011282918
0.0024181148
0.0010116866
0.002727089
0.002912245
0.0012977499
0.001478108
0.0026063973
0.0021111497
0.0016050709
0.0025349
0.0012146899
0.003344624
0.0010632753
0.0011896974
0.0051753526
0.0014940405
0.0024308225
0.0024896667
0.0063861706
0.0012301607
0.0013444631
0.0024505984
0.0028347794
0.0032854707
0.002649167
0.0007738202
0.0030368804
0.0019204251
0.0018721711
0.001206262
0.0012709211
0.002487025
0.0014451081
0.0013572364
0.0015383435
0.0016717551
0.0031495038
0.0014379576
0.0011515805
0.0029006312
0.0012422551
0.0018918659
0.001476299
0.0013670016
0.0013824896
0.0018817958
0.0015560022
0.0013620516
0.006021279
0.0012184271
0.0019092476
0.0015531353
0.0031157064
0.0026378576
0.003030589
0.0015310596
0.002305109
0.0025709183
0.0017349988
0.0048667477
0.0010665719
0.0026015341
0.002352632
0.0020929943
0.0022943495
0.0011094031
0.0042738216
0.0016261844
0.001185438
0.0010451103
0.0039452915
0.003890721
0.0015316032
0.0028586874
0.0012892283
0.0010673486
0.0015777685
0.0013724262
0.0021487372
0.003568327
0.0025733672
0.0017412303
0.0026541818
0.0015561298
0.0012004668
0.0011001567
0.002876388
0.00087759644
0.0018511368
0.0019488331
0.0025877818
0.0018200384
0.002573656
0.0019343521
0.0022474132
0.001744529
0.0015140214
0.0015908967
0.0064221486
0.0018397177
0.00032121228
0.0008934705
0.00043809408
0.0020305752
0.0064900815
0.0014309902
0.0033991023
0.0018690918
0.005124219
0.002156172
0.001152576
0.00198757
0.0036592677
0.0030024592
0.0012308321
0.001915017
0.0013611387
0.0011091991
0.0068896343
0.0031054248
0.0011777524
0.0011235115
0.00069628767
0.0017486706
0.00063718326
0.0023068527
0.0018704451
0.003283503
0.0036625853
0.0012114735
0.0036766059
0.0014907519
0.0016684968
0.0021823153
0.0012156197
0.0023270294
0.0016093167
0.0024785926
0.0013520081
0.0027280122
0.0018342974
0.0014821625
0.0011267572
0.00085731316
0.0013027652
0.0016288672
0.00089861697
0.001785427
0.0021377988
0.0007624112
0.0017652668
0.0010669014
0.005545706
0.0022555923
0.0016135984
0.014437773
0.0020500855
0.0051723565
0.0017697836
0.0012597366
0.0012757764
0.001980762
0.001892203
0.0014964279
0.0020415275
0.003367252
0.0022595336
0.0020807837
0.0022386787
0.0012489962
0.0009233788
0.0056610093
0.0027575376
0.0029796604
0.0031080823
0.0010026869
0.0011436006
0.001535852
0.00060537807
0.0036250139
0.0019623789
0.0030213974
0.0033461526
0.0022419537
0.0015871251
0.0004571845
0.002934204
0.0017160431
0.0044913962
0.0033359423
0.001556601
0.001763833
0.00069580687
0.002530364
0.0013927425
0.0010374073
0.0014333043
0.002180651
0.0017541134
0.0015774575
0.0018185433
0.003237509
0.0032931645
0.00080393365
0.0029582586
0.00919914
0.0023505567
0.00072215317
0.0039862166
0.0035253782
0.0015709335
0.0023111938
0.0019527938
0.0014356826
0.0013272053
0.0012405727
0.0018838268
0.0017216507
0.0008781676
0.0015379053
0.0010984193
0.0023317614
0.0018436214
0.00044249595
0.0017093851
0.0015430393
0.0010788064
0.0023878291
0.0015059708
0.0017898306
0.0012522454
0.004954994
0.0017373734
0.0016458121
0.0013231398
0.0030055877
0.0014966861
0.0008965138
0.0025265878
0.00187313
0.0014593847
0.0010107006
0.00047935126
0.002169988
0.001160167
0.0044052843
0.0007599995
0.002960662
0.0006581874
0.0005935918
0.0021089902
0.0020755639
0.001105194
0.0024807367
0.0022698974
0.0024845095
0.0035122526
0.0016880459
0.0015542908
0.0035416102
0.002281811
0.0003678352
0.0007661046
0.0013146972
0.004393273
0.001054786
0.002476027
0.0011449599
0.0015900562
0.0042881854
0.0022663306
0.0019182905
0.0014296321
0.0021194255
0.002639205
0.0014300743
0.0018185271
0.0031224533
0.00038938524
0.0014745449
0.0014183157
0.0003681194
0.0017374714
0.0008053007
0.0018538636
0.0019112731
0.0014058034
0.0014448542
0.0016293152
0.006236839
0.0013588079
0.0017644697
0.0014679751
0.00089409103
0.00035241115
0.0030087717
0.0016774461
0.0010580053
0.0008064061
0.0016681171
0.0021616593
0.0012843208
0.0012141644
0.00080717786
0.0016624951
0.00093191845
0.001417157
0.0010770936
0.004010887
0.000899944
0.0019693943
0.003307412
0.0025383416
0.004381313
0.00042851287
0.0011198717
0.0018118299
0.0019667184
0.0005759202
0.0022145635
0.0026539
0.0019917027
0.0011796678
0.0012206531
0.0036839016
0.0012091624
0.0037805531
0.0020181679
0.002891
0.0018287954
0.00095953594
0.0004729886
0.0008533669
0.0027318143
0.00086270744
0.00052204635
0.0006747691
0.001341206
0.0011094632
0.00078896224
0.00027741925
0.0010530622
0.0022294016
0.0039967545
0.0015265899
0.0022043132
0.0020996719
0.0012595806
0.0016750625
0.000960536
0.0018102321
0.0016431091
0.0017441642
0.001993646
0.002283284
0.0013186345
0.0013801233
0.0019148346
0.0018448562
0.0015663164
0.0035355587
0.001742088
0.0004452337
0.0023604047
0.0029557988
0.0035120144
0.0006264469
0.0032714834
0.0018840254
0.0023637342
0.0016279508
0.002325852
0.0015134384
0.001737308
0.0012141718
0.0056801536
0.0015209294
0.0024162713
0.0033521992
0.0013294418
0.001132307
0.0027782517
0.0025423705
0.0060630473
0.004085007
0.0010558215
0.0015493048
0.0015270413
0.0018639315
0.0019589295
0.002905725
0.013212961
0.0029434806
0.0014302008
0.00034093505
0.0012963688
0.0014438332
0.001788116
0.0022497424
0.0016697879
0.0015144822
0.0019014972
0.0010117884
0.0015421639
0.0015438248
0.0024649955
0.002293716
0.0020489923
0.0018841625
0.002061864
0.0024375587
0.0013925284
0.0009592184
0.003566705
0.00085881876
0.0007365205
0.0016506049
0.0011398947
0.0011438275
0.001166575
0.0008667262
0.0044123856
0.0015692224
0.0008395018
0.0017833245
0.0037400147
0.0010891259
0.0011012553
0.0017510493
0.0011652253
0.0020494459
0.0012662621
0.0017232957
0.0020249772
0.0045536365
0.0014745292
0.002129964
0.0002723527
0.0019499433
0.0012774575
0.0012031555
0.0019296693
0.0008500024
0.0018807033
0.000599448
0.0009784441
0.0046633347
0.0017125268
0.0020575668
0.00092526886
0.0019126751
0.003152327
0.0028181383
0.0021657746
0.0045313407
0.0022411968
0.0013930876
0.0014005739
0.003094955
0.0019564652
0.0029258374
0.0010543828
0.001335921
0.002251139
0.0017120421
0.0035984025
0.0030473042
0.0025471258
0.0021558423
0.0009827281
0.0030157077
0.0024195004
0.0015030872
0.0036224616
0.0021414908
0.0018545439
0.0009061131
0.0022942696
0.0027705089
0.0029385684
0.0010522334
0.0010486987
0.00066875666
0.0019409176
0.003189683
0.0026330163
0.0014024784
0.0011435971
0.0026642277
0.0013785167
0.0015519421
0.0017062799
0.00066317024
0.0007695907
0.0031769294
0.0009120548
0.0046729348
0.0013945044
0.0025250325
0.003850452
0.004155504
0.0006547362
0.0011911646
0.0011829998
0.0020762584
0.0020457972
0.0019971454
0.0019408868
0.00080347084
0.0018560714
0.002963924
0.0037761158
0.0018106602
0.0014408854
0.0031629025
0.0066949367
0.0012821751
0.0013784431
0.0032877168
0.0018651227
0.0024230941
0.0017446586
0.0018433178
0.0014343138
0.0018264008
0.0018914875
0.0011898128
0.0019204309
0.0023156328
0.0019169784
0.0013647595
0.0011344384
0.0021020705
0.001597695
0.0015137553
0.0011544734
0.0009195532
0.0005798233
0.0021398615
0.00064073293
0.0028519733
0.0022754003
0.0014663159
0.0021170473
0.001019273
0.0016166202
0.0022033616
0.0042963997
0.00161925
0.0026018056
0.00075127993
0.0035671745
0.001449249
0.0013908228
0.0012612308
0.0052051987
0.0014716337
0.0021899403
0.0010481332
0.0009950968
0.0024045832
0.0011223279
0.0012751772
0.0006947172
0.0009921651
0.0013109487
0.0008919639
0.0011969724
0.001126826
0.0014637337
0.0007651305
0.0013142602
0.001494745
0.002044985
0.0033437242
0.0014242497
0.0012192961
0.0024227253
0.0019743547
0.0028274357
0.0033832581
0.00068206294
0.0016096077
0.0023773175
0.001910382
0.0035188913
0.0009251323
0.002223538
0.0003653078
0.001045439
0.0023820016
0.0018491274
0.0015257219
0.0010352294
0.0019558216
0.0010090502
0.0012051633
0.0008473852
0.0023210703
0.0021371478
0.0019565234
0.0020017133
0.0018688611
0.0020732395
0.0025639762
0.0012096788
0.002912067
0.002110392
0.0017648191
0.0013710987
0.001455655
0.0016486672
0.00087976473
0.0019569406
0.0024605612
0.0047721397
0.0017934545
0.0018318155
0.0009840451
0.0028460226
0.0013226876
0.001237777
0.0016100256
0.0011008051
0.006024922
0.0008419868
0.00092502416
0.0004933675
0.0028064495
0.0016965475
0.0009423311
0.0010715266
0.00239303
0.0011652191
0.0014616915
0.0029641956
0.0013480608
0.002066894
0.0027429506
0.0024591282
0.0047689993
0.0031044516
0.0014028009
0.0011893363
0.0035496838
0.003962848
0.00088245654
0.0017506902
0.0015192569
0.0021622153
0.001204251
0.0020639293
0.0015368614
0.0012302789
0.0012609026
0.0015542195
0.0029591147
0.00024307237
0.0017155294
0.0028297661
0.0020493716
0.0013968624
0.002094184
0.0018236049
0.0013949998
0.0023665302
0.0017372981
0.0011842306
0.0016013948
0.001809682
0.0010530399
0.0011950032
