72272
37556
63052
49770
-31679
87843
54306
52738
92667
35141
69877
47899
53512
75126
64625
38608
88179
81280
26842
39411
63498
80891
-68013
109675
68250
45936
47395
107395
-85471
32969
-110265
-72566
64204
65356
88918
60976
55087
69385
87764
50580
50107
37228
44757
-1723
66455
89329
76765
91138
80706
90484
90630
56669
32399
49010
-105594
-92545
48294
26213
71896
80586
78250
80499
-49122
70047
50139
-5678
40387
67669
99986
85911
33490
73765
-20547
47672
70896
20754
39995
61219
40768
74083
46418
98378
3459
60831
76577
-91528
57106
84513
61634
67851
82853
92667
57263
73466
25962
103204
52208
-106328
68438
49446
51360
78598
86885
-95961
61953
47104
78885
87454
70049
-92710
67939
49175
76853
67289
86619
-95765
-110831
19958
77374
47160
35112
-11036
83820
75763
20237
69947
50777
104779
55773
56837
65119
85342
70309
-66873
98267
98906
46136
86217
35072
58220
64660
71912
44928
73565
48942
8373
-55549
62079
67533
71091
97926
89926
54443
30029
83894
57881
79161
41402
-84507
72970
-23428
51158
42775
69615
17984
90051
-13535
56965
82240
72651
-45372
-48928
-66502
85558
49417
60734
87270
102233
47524
-3090
52859
45379
51954
48264
61854
58462
-98898
75862
51468
77198
35918
44387
52214
66133
-30270
112488
46543
101002
101479
47269
86613
94481
82809
91196
81290
35815
-31868
55456
90410
26461
102493
96503
-71645
39766
82470
112915
49839
55769
76172
48128
16707
30533
-59936
37737
4033
103038
49676
-99959
105053
-104179
52293
89162
81941
100052
47817
87487
82278
52649
60071
37544
91800
69060
4253
83909
6087
75266
88960
46839
85249
96568
31020
45890
50017
58599
94153
82506
95808
64627
67769
84017
27071
-61213
81209
-84686
83859
66197
56486
82414
104821
71973
43996
104170
89857
48836
76547
-100412
107413
50107
58519
-110999
-63232
76142
46988
-69220
35946
68143
78055
98422
30878
86126
69057
60236
40082
61848
53080
68466
84644
55971
111453
76061
88674
46990
50098
64775
55270
-70285
82216
60910
36232
99952
96931
-105469
32219
84311
1772
57843
55520
62512
75141
83268
68735
-22469
55227
98299
1551
123685
-24473
61252
110645
66752
64553
100181
72465
92582
82263
82065
85890
42734
73734
27823
7166
92880
52283
96898
29236
28868
59724
52922
51695
61493
99803
72394
16312
46244
62492
73552
14815
61546
48213
67457
54985
107152
113033
63495
69273
26144
80995
72003
76198
72852
44572
60662
69466
81479
116983
58749
2356
81935
63564
55567
35371
70353
73845
89058
79112
79797
47932
60731
106573
89699
63302
67955
75527
51776
49911
36812
53150
90416
-117429
-92171
69988
102994
54385
71740
74114
83738
70267
18391
-73747
66155
75631
38875
75552
72838
45812
15743
95241
-38308
61240
55782
62478
50719
62572
86320
83834
68049
87655
43552
14389
105429
41668
40785
90841
39011
69844
50896
67504
74463
-13795
-59734
5104
90377
-873
58507
70003
42371
63833
51846
85632
44128
48190
45828
64963
-83130
-113874
31639
-62857
77751
-12743
50048
80625
38876
57816
70141
37065
64452
60953
7957
64989
87702
105563
96650
33
64853
25132
-78740
83453
62402
-6321
77313
70254
63120
59238
48058
103488
86734
50288
54200
89937
38201
46156
-99027
76796
41219
-21116
80622
55738
53675
-1936
100427
51276
50546
-48012
56215
53969
80
64792
84170
52551
95059
88805
44187
64563
98795
72472
71542
39000
88544
43592
69509
72418
8169
63144
78041
82099
79892
90339
50739
-32444
112271
97522
66874
2442
63215
57435
68305
82922
29211
88250
38792
102602
51743
56210
69306
19395
84608
48319
68435
57472
83415
33089
24204
70674
-19838
24985
55524
61402
63959
32280
45276
76394
81516
53644
79842
46093
-111924
8652
25464
28592
50281
59491
33848
63957
62013
23936
72366
64686
93251
-23138
82243
-105535
107965
49407
64528
-2674
77222
41510
10970
-5775
77026
84589
51533
23647
58206
57792
74054
90716
102331
-23127
45794
106096
73899
14961
53170
-86690
42663
-81860
61186
3019
12406
52437
71752
59338
54279
59879
79538
65775
79037
69226
34692
32522
66322
80673
106843
71875
29131
89513
76599
79083
36828
66668
34640
-21797
42972
82300
1010
-111169
-1723
102993
90081
43893
49301
46842
47632
70208
35616
79668
54267
-75554
108894
52936
18302
45770
49681
39390
113159
85995
36676
-97389
-49272
59459
31133
46849
77358
76405
-95930
48199
83221
38962
38223
99044
67165
-93257
54435
75401
50879
48374
45472
91744
72280
46596
-6692
42042
103550
66223
-9428
62334
66788
41895
34018
80567
43493
56900
84320
96293
39880
42909
42670
104962
87763
104092
69978
89222
-100352
72469
72121
82221
55698
82593
56483
82645
46256
86449
55475
93765
53259
17253
103690
49440
-114696
97583
78773
-86785
25481
81642
8245
65262
49116
93463
-40959
59798
71790
67314
78441
37304
-42077
32
50339
79871
44491
49617
-94568
85263
106934
-4935
91096
49142
80188
72071
38545
59405
46688
94573
50139
51205
87281
51421
64286
-110755
86216
71842
-97570
76553
34184
87888
52340
33672
90679
16939
-1179
63710
-45998
82039
98283
-70147
69288
76187
93380
-30848
-51831
71028
73531
94755
69432
74822
104963
84317
52590
28630
100710
46941
-88592
48584
-8849
-104619
67597
67982
61947
-85295
65677
60079
51818
90625
49502
36618
58623
50246
-104977
45111
77645
93248
-103167
83722
54544
84414
7363
-86659
110779
89055
100532
6028
88495
58136
-48382
39076
9354
70939
84999
76670
48044
57530
65054
82650
90351
59291
62281
77336
57851
85423
69826
47948
66437
-113390
35176
41882
42855
122924
28630
99764
37278
86366
72273
89165
32408
95574
-14463
45686
56598
-2985
41425
7429
41246
53004
4768
3818
83330
88174
74791
77136
74426
61401
-1709
62281
76395
-89054
101223
92487
50812
83387
-26181
12080
30706
32193
88782
57725
56699
70316
34143
-109567
83415
63583
84705
25525
27937
31162
67161
59590
93067
95264
-69251
61424
37681
52178
62444
70040
43168
97796
92216
100670
98459
44684
33976
62264
80794
29320
81594
2517
-65985
62257
71538
79353
80485
-65858
62890
53433
78438
-5239
64026
68264
122637
86554
36267
47878
67902
-71950
49651
48008
87322
46032
57819
40546
90419
38476
55669
71422
50504
52022
54437
55269
90264
52640
55768
67700
-3805
52051
70717
39917
73379
73928
40571
128958
108090
77661
73124
35620
16320
86539
110879
-99922
68943
81364
82569
-98241
100300
55388
78006
1306
99601
55028
30542
22831
71877
51726
76711
53740
76422
48085
44015
105565
63095
45352
4157
69532
93959
39048
10126
76906
67679
-84796
81004
58943
65399
64666
78585
46613
46860
66189
61218
56445
86868
91415
92580
65428
83613
88910
70042
99805
124208
28182
29642
34007
70796
99040
58528
104591
83366
64448
31758
78945
65766
40660
47323
73298
78093
84112
-28601
69737
22813
17649
96304
69734
48042
-119045
40726
98596
85453
114351
94523
64166
10042
-36959
93866
100069
58103
43772
83421
-23917
60199
-53282
58954
63117
117733
44506
54638
75875
32359
66444
93131
-88021
95064
42557
60692
92854
85939
62243
82068
54907
96043
58680
31248
33585
64330
77435
37716
59059
98141
41549
74273
87745
77150
68862
73011
104621
79339
54949
-36686
51733
-55158
96061
52577
58008
94407
67149
36018
35852
104723
115911
54809
50986
86574
68732
78009
49661
91813
-3043
46083
103160
54636
75235
64590
-57446
56780
86277
97196
50681
13900
37797
68991
67324
23388
74723
65207
77322
-66907
90746
94626
32541
-12368
71959
55253
72631
86878
44857
44580
78428
56205
94410
29425
94627
-39449
99481
82677
