0.030290188
0.039097786
0.027732346
0.046065226
0.059103582
0.010300753
0.052161347
0.023474693
0.015825951
0.009332398
0.030329375
0.02626923
0.0107513
0.01561784
0.017647114
0.031960532
0.018238723
0.017742809
0.044312164
0.04600653
0.020386046
0.008419978
0.010776304
0.0153995445
0.021438796
0.03172759
0.049929116
0.012620368
0.0054596895
0.080157615
0.0216703
0.011883089
0.03539653
0.028581508
0.018384695
0.026154589
0.014813128
0.025303658
0.0115933195
0.045553856
0.03073818
0.01768317
0.053658556
0.023685835
0.030043332
0.014297344
0.014549689
0.016898725
0.013033109
0.015691247
0.015936416
0.039325535
0.012747682
0.016521595
0.0068900483
0.006651686
0.029798103
0.019508025
0.029807415
0.032003332
0.01726619
0.020554096
0.066148505
0.028515564
0.04110398
0.040037844
0.014304478
0.020784022
0.016279846
0.029512312
0.036513604
0.020076118
0.050800223
0.045508806
0.014613619
0.029057348
0.02994782
0.016333697
0.049967013
0.015897721
0.042535104
0.026189087
0.046895985
0.031416148
0.026543634
0.015073701
0.024387805
0.024408065
0.027721634
0.022908244
0.016416924
0.019048842
0.020650221
0.021872567
0.032931726
0.00907102
0.04145579
0.011839709
0.02860517
0.028674845
0.008611148
0.020681206
0.01673438
0.03170822
0.017693648
0.025835078
0.02092543
0.040088344
0.022329131
0.0035551367
0.019408409
0.024604823
0.018664455
0.024219183
0.013849692
0.0063154837
0.008167436
0.022630692
0.024431141
0.05462516
0.025752762
0.00899625
0.023331758
0.03427331
0.029497072
0.02456699
0.0361183
0.013854082
0.035605565
0.03203594
0.039142627
0.024045367
0.025058785
0.038342107
0.011477346
0.019200265
0.052849986
0.021127757
0.013132337
0.018825732
0.030255182
0.027577545
0.018401882
0.03091748
0.020309113
0.028525759
0.0044370727
0.032844733
0.022547135
0.018513376
0.017405877
0.020567348
0.018561369
0.028917313
0.012221939
0.031928446
0.015625041
0.023559624
0.0075523984
0.023537276
0.018333523
0.017437378
0.050154973
0.02695613
0.03299242
0.02074574
0.008897886
0.031401467
0.01964113
0.020852143
0.041281085
0.0081422385
0.05250311
0.013416661
0.033414897
0.011133192
0.01476021
0.013795609
0.021073142
0.056093898
0.050963286
0.03598844
0.02460239
0.024293188
0.027633125
0.02936508
0.0061891717
0.027432231
0.011342035
0.01733268
0.020090511
0.04666799
0.034282897
0.024093937
0.015354018
0.011429816
0.06662462
0.011930835
0.015741924
0.02294666
0.020059202
0.012496833
0.01728586
0.01601342
0.022259505
0.04019091
0.05734039
0.046899952
0.014480257
0.011714443
0.017830499
0.015598042
0.04956166
0.027352436
0.021667281
0.015408895
0.029818086
0.020672621
0.016777787
0.03418689
0.03393523
0.017289517
0.014112517
0.009401542
0.051500864
0.019897664
0.051539816
0.021802617
0.014219435
0.020759946
0.02643313
0.018333841
0.010817625
0.01605637
0.035676025
0.011309967
0.027528992
0.027264649
0.02005984
0.037336517
0.011874888
0.024605498
0.052330993
0.017767537
0.131317
0.0185469
0.015929038
0.03804291
0.019198056
0.021865867
0.047722813
0.034914337
0.025084311
0.01985825
0.018791402
0.018318646
0.018163368
0.013882533
0.02398812
0.020496823
0.02801089
0.04150876
0.028795347
0.012274521
0.022302521
0.020890547
0.030130507
0.031687364
0.025580123
0.024676118
0.02942018
0.017991664
0.028307104
0.027665772
0.01628601
0.04336166
0.018572893
0.030467678
0.02475605
0.016441993
0.010700334
0.027113931
0.021329464
0.010277442
0.011620022
0.020111812
0.015866134
0.01663346
0.025031833
0.017704448
0.036751334
0.035709348
0.050496202
0.023486508
0.032717127
0.017214756
0.021826336
0.034643132
0.012421372
0.03202205
0.016639391
0.014854211
0.037640747
0.017471563
0.015249419
0.01597996
0.025425302
0.016291404
0.019436987
0.014445701
0.027631272
0.0062930984
0.016166687
0.026025066
0.13601781
0.037947327
0.017636094
0.032472376
0.024349025
0.012174449
0.031772736
0.01332605
0.02727513
0.012621481
0.04346685
0.016723383
0.061619353
0.016898764
0.012093357
0.024539597
0.031089233
0.016221857
0.025641484
0.019882476
0.016947772
0.016421603
0.022366483
0.027954875
0.022124069
0.024445916
0.13763547
0.012937932
0.02132069
0.011627628
0.049303673
0.040368438
0.022907425
0.027776629
0.03142425
0.018476883
0.019103786
0.026075201
0.026027622
0.042150434
0.021899143
0.022208473
0.028541507
0.025636487
0.022897964
0.023183474
0.027640736
0.011796144
0.009410681
0.027402807
0.02122326
0.04456324
0.01644751
0.02332649
0.019436175
0.026881121
0.03668629
0.031097252
0.02587915
0.012138149
0.017769283
0.038363572
0.056126494
0.020395827
0.01662888
0.014622707
0.016241623
0.0162355
0.018817568
0.018439235
0.020984907
0.023626069
0.028606953
0.03576438
0.010584988
0.015284447
0.02929618
0.028000642
0.024452975
0.04769685
0.0342194
0.052323505
0.020616509
0.0105074085
0.0060602836
0.0060046446
0.020115871
0.021108413
0.033032116
0.017373754
0.02950792
0.010698674
0.031994455
0.0920808
0.012296131
0.025836783
0.016819665
0.062362198
0.026698029
0.021868063
0.03314498
0.015773967
0.020526554
0.008576857
0.042320665
0.021409353
0.027931154
0.024854269
0.017448978
0.015712801
0.021545164
0.028351061
0.01957201
0.039300893
0.0104178935
0.017972713
0.030965388
0.05016605
0.017537553
0.058658138
0.045298167
0.035306673
0.031232333
0.041756917
0.026381105
0.05428471
0.041541662
0.016979828
0.049740463
0.026698684
0.020187894
0.02914567
0.02746685
0.035345003
0.024318097
0.04951351
0.032435093
0.047264483
0.019875832
0.020241128
0.032646384
0.020370044
0.0044240966
0.013379805
0.02499089
0.049038816
0.022168921
0.03099088
0.018567473
0.02607435
0.042210467
0.03688717
0.02345424
0.028977852
0.03278535
0.013291281
0.013111475
0.01580625
0.010968816
0.024457797
0.042263716
0.006782643
0.012159334
0.03256998
0.01097692
0.014775973
0.031667337
0.013248924
0.035713624
0.038138404
0.016995175
0.019357122
0.03413306
0.02764736
0.021019813
0.033196744
0.015907431
0.04380079
0.013924523
0.015580133
0.067775786
0.019565772
0.031833753
0.03260437
0.083632514
0.016110035
0.017606925
0.03209274
0.037123926
0.043026123
0.03469317
0.010133855
0.039770614
0.025149653
0.024517724
0.01579706
0.016643828
0.032569777
0.018924959
0.017774202
0.020145958
0.0218931
0.041245516
0.018831318
0.015080958
0.037986312
0.016268421
0.024775645
0.019333431
0.017902086
0.018104915
0.024643768
0.020377215
0.017837262
0.078853935
0.015956372
0.025003273
0.020339672
0.04080291
0.03454506
0.039688226
0.02005057
0.030187426
0.033668432
0.022721332
0.06373433
0.013967696
0.034069374
0.03080978
0.027409596
0.03004652
0.014528607
0.055969443
0.021296313
0.015524351
0.013686636
0.051667057
0.050952405
0.020057688
0.03743702
0.016883576
0.013977868
0.020662263
0.017973125
0.0281396
0.046730377
0.033700503
0.02280294
0.03475884
0.020378886
0.015721167
0.014407518
0.037668824
0.011492896
0.024242261
0.02552168
0.033889275
0.023835002
0.033704285
0.02533204
0.02943185
0.022846138
0.01982744
0.020834189
0.08410367
0.024092719
0.004206557
0.01170078
0.0057372265
0.026592165
0.08499332
0.018740073
0.044514228
0.024477398
0.06710615
0.028236965
0.015093993
0.026028974
0.047921322
0.03931984
0.016118826
0.02507883
0.017825305
0.014525937
0.09022581
0.040668264
0.015423701
0.014713369
0.009118498
0.022900376
0.008344474
0.030210262
0.024495121
0.043000355
0.04796477
0.01586531
0.048148382
0.019522704
0.02185043
0.028579334
0.015919607
0.030474491
0.021075414
0.032459345
0.017705733
0.035725713
0.024021735
0.019410219
0.014755875
0.011227269
0.017060854
0.021331446
0.011768178
0.023381734
0.027996352
0.009984444
0.023117717
0.01397201
0.07262589
0.029538961
0.021131488
0.18907532
0.026847668
0.06773655
0.02317687
0.016497357
0.016707413
0.025939817
0.02478006
0.019597037
0.026735594
0.04409712
0.029590575
0.02724969
0.029317463
0.016356703
0.012092456
0.074135885
0.036112376
0.03902127
0.040703066
0.013131065
0.014976454
0.02011333
0.007927957
0.047472738
0.025699075
0.03956785
0.043820806
0.029360352
0.020784797
0.0059872326
0.03842598
0.022473091
0.058818776
0.043687094
0.020385057
0.023098942
0.009112202
0.03313734
0.018239185
0.013585759
0.018770378
0.02855754
0.022971654
0.020658191
0.023815421
0.04239802
0.04312688
0.010528217
0.038740993
0.12047081
0.030782605
0.00945723
0.052203007
0.04616792
0.020572754
0.030267112
0.02557355
0.018801525
0.01738092
0.016246388
0.024670366
0.022546528
0.011500375
0.02014022
0.014384765
0.030536463
0.024143841
0.005794873
0.022385899
0.020207455
0.014127916
0.03127072
0.019722011
0.023439404
0.016399253
0.06489
0.02275243
0.021553354
0.017327677
0.03936081
0.01960042
0.011740635
0.033087887
0.024530282
0.019111924
0.013236012
0.006277526
0.028417896
0.0151934065
0.057691067
0.009952861
0.038772468
0.008619541
0.0077736056
0.027619079
0.027181331
0.014473485
0.032487426
0.029726299
0.032536834
0.045996033
0.022106443
0.020354802
0.046380494
0.02988232
0.004817125
0.010032812
0.017217115
0.057533767
0.0138133485
0.032425746
0.014994255
0.020823183
0.05615755
0.02967959
0.025121698
0.018722286
0.027755737
0.034562707
0.01872808
0.023815209
0.040891267
0.0050993417
0.01931046
0.018574089
0.0048208465
0.022753714
0.01054612
0.024277972
0.025029799
0.01841023
0.018921634
0.021337314
0.081676885
0.017794782
0.02310728
0.019224422
0.011708907
0.0046151336
0.039402507
0.021967629
0.013855508
0.010560595
0.021845458
0.028308827
0.01681931
0.015900549
0.010570703
0.021771833
0.01220429
0.018558916
0.014105487
0.052526087
0.011785557
0.025790947
0.043313462
0.033241812
0.057377137
0.005611752
0.014665703
0.023727503
0.025755905
0.007542181
0.029001655
0.03475515
0.026083095
0.015448785
0.015985524
0.048243925
0.015835043
0.049509663
0.02642968
0.03786018
0.02394968
0.012565966
0.0061942013
0.011175589
0.035775505
0.011297911
0.0068366555
0.008836694
0.01756427
0.014529395
0.010332153
0.0036330489
0.013790774
0.029195972
0.052341007
0.019992035
0.028867416
0.027497046
0.016495313
0.021936413
0.012579062
0.023706578
0.021517957
0.02284136
0.026108544
0.029901607
0.017268676
0.018073926
0.02507644
0.02416001
0.020512288
0.046301246
0.022814171
0.005830726
0.030911572
0.03870878
0.04599291
0.0082038725
0.042842947
0.024672966
0.030955175
0.021319445
0.030459072
0.019819805
0.022751573
0.015900645
0.0743866
0.019917905
0.031643193
0.04389999
0.017410208
0.014828553
0.036383644
0.033294573
0.07940093
0.053496752
0.01382691
0.020289507
0.019997947
0.02440982
0.0256539
0.03805302
0.17303532
0.038547464
0.018729735
0.004464844
0.016977087
0.018908264
0.023416948
0.02946235
0.021867339
0.019833473
0.024901776
0.013250258
0.02019599
0.02021774
0.03228128
0.030038225
0.026833354
0.024674762
0.02700192
0.03192197
0.018236382
0.012561807
0.04670913
0.011246986
0.009645383
0.02161612
0.014927923
0.014979424
0.015277324
0.01135054
0.057784062
0.020550346
0.010994013
0.0233542
0.048978776
0.014263059
0.014421904
0.022931527
0.015259649
0.026839294
0.016582815
0.02256807
0.026518853
0.059633866
0.019310255
0.02789375
0.003566698
0.025536219
0.016729428
0.015756378
0.025270713
0.011131528
0.02462946
0.007850298
0.012813585
0.06107046
0.022427041
0.026945643
0.012117208
0.025048159
0.04128249
0.036905997
0.02836272
0.059341885
0.029350441
0.018243704
0.018341744
0.040531155
0.025621628
0.03831641
0.013808068
0.017495058
0.029480642
0.022420695
0.04712424
0.039907124
0.03335685
0.028232647
0.012869687
0.03949334
0.031685483
0.019684248
0.047439314
0.028044702
0.024286881
0.011866347
0.030045474
0.036282245
0.03848313
0.0137799205
0.013733629
0.008757955
0.025418019
0.0417717
0.03448166
0.018366687
0.014976408
0.034890402
0.018052885
0.020324044
0.022345234
0.008684796
0.0100784665
0.04160468
0.011944158
0.061196182
0.01826226
0.033067517
0.05042505
0.054419976
0.008574345
0.015599347
0.015492421
0.027190428
0.02679151
0.026154373
0.025417617
0.010522156
0.024306884
0.03881519
0.049451552
0.023712186
0.018869659
0.041420985
0.08767607
0.016791208
0.018051922
0.043055538
0.024425419
0.031732544
0.022847835
0.024139864
0.0187836
0.023918321
0.02477069
0.015581642
0.02514973
0.030325245
0.025104515
0.017872725
0.014856468
0.02752846
0.02092322
0.019823955
0.015118842
0.012042357
0.0075932946
0.028023366
0.00839096
0.037349094
0.029798364
0.019202694
0.027724594
0.013348275
0.021171061
0.028854955
0.056265127
0.021205502
0.034072928
0.0098386705
0.046715282
0.018979188
0.018214045
0.016516924
0.06816664
0.019272335
0.02867919
0.013726225
0.013031665
0.03149013
0.014697869
0.016699566
0.009097932
0.012993273
0.017168025
0.01168105
0.015675405
0.014756776
0.019168878
0.010020056
0.01721139
0.019574998
0.026780875
0.043789003
0.0186518
0.015967753
0.031727716
0.02585591
0.037027754
0.044306736
0.008932213
0.021079225
0.031133061
0.02501813
0.04608297
0.01211542
0.029119182
0.004784026
0.013690942
0.031194402
0.024215946
0.019980667
0.0135572385
0.025613202
0.013214398
0.015782671
0.011097253
0.030396452
0.027987827
0.025622392
0.026214192
0.024474377
0.027150892
0.03357752
0.015841806
0.038136076
0.027637437
0.023111856
0.01795574
0.01906308
0.021590743
0.011521292
0.025627857
0.03222321
0.06249536
0.023486862
0.023989232
0.012886934
0.037271164
0.017321756
0.016209776
0.0210847
0.014416009
0.07890164
0.011026557
0.012114003
0.0064610806
0.03675292
0.022217778
0.012340653
0.014032581
0.03133883
0.015259567
0.019142132
0.038818743
0.017654039
0.027067792
0.035921346
0.03220444
0.062454235
0.04065552
0.01837091
0.015575403
0.046486225
0.05189697
0.011556543
0.022926824
0.019896002
0.028316109
0.015770724
0.027028967
0.02012655
0.016111583
0.016512627
0.020353869
0.038752206
0.0031832461
0.022466363
0.03705827
0.026838321
0.01829314
0.027425177
0.023881707
0.018268747
0.030991793
0.022751443
0.015508538
0.02097167
0.023699375
0.013790483
0.015649615
