0.00013725
0.00008865
0.00012935
0.00009210
0.00004470
0.00014286
0.00013340
0.00013791
0.00019179
0.00018304
0.00015322
0.00009707
0.00012673
0.00015439
0.00012277
0.00014705
0.00011334
0.00010937
0.00019098
0.00014738
0.00011896
0.00011455
0.00011751
0.00012854
0.00011597
0.00012021
0.00016557
0.00015505
0.00013311
0.00015719
0.00004649
0.00011456
0.00016154
0.00016665
0.00015381
0.00014619
0.00008597
0.00010394
0.00018158
0.00015587
0.00010820
0.00012387
0.00012668
0.00015386
0.00013484
0.00012809
0.00015900
0.00015517
0.00015200
0.00010195
0.00012656
0.00015483
0.00012874
0.00010721
0.00023869
0.00013949
0.00009255
0.00009628
0.00012836
0.00016058
0.00021458
0.00012569
0.00003364
0.00017034
0.00015123
0.00009603
0.00010935
0.00018608
0.00017040
0.00014476
0.00008815
0.00015063
0.00004038
0.00014721
0.00015902
0.00009849
0.00009227
0.00010812
0.00015652
0.00014624
0.00012301
0.00018157
0.00005970
0.00012906
0.00013442
0.00015859
0.00009052
0.00015866
0.00015225
0.00014519
0.00015503
0.00012512
0.00012813
0.00014014
0.00007336
0.00016106
0.00010897
0.00010629
0.00012831
0.00010700
0.00017439
0.00019163
0.00015703
0.00003336
0.00012636
0.00010804
0.00015332
0.00011739
0.00016773
0.00029034
0.00021197
0.00015160
0.00015480
0.00013084
0.00012960
0.00017390
0.00010805
0.00009430
0.00014738
0.00014212
0.00011336
0.00008524
0.00015732
0.00017032
0.00012126
0.00018242
0.00011410
0.00015942
0.00013170
0.00014569
0.00018396
0.00016324
0.00014198
0.00003301
0.00010057
0.00015420
0.00020187
0.00016677
0.00012269
0.00012320
0.00014380
0.00013537
0.00010974
0.00014058
0.00011466
0.00008117
0.00033438
0.00012487
0.00014134
0.00013819
0.00013889
0.00014474
0.00012033
0.00010823
0.00014070
0.00007836
0.00015680
0.00010825
0.00014675
0.00018660
0.00013052
0.00013153
0.00012881
0.00013516
0.00022071
0.00016338
0.00014541
0.00015143
0.00014611
0.00012157
0.00012315
0.00014707
0.00002351
0.00013639
0.00010608
0.00014051
0.00014315
0.00014315
0.00017819
0.00004030
0.00022648
0.00019347
0.00015140
0.00011896
0.00015067
0.00012940
0.00019257
0.00011794
0.00012748
0.00014608
0.00013670
0.00007833
0.00007833
0.00014478
0.00011479
0.00007731
0.00007516
0.00010264
0.00017407
0.00011335
0.00013333
0.00016603
0.00012029
0.00014363
0.00014062
0.00011490
0.00003519
0.00017723
0.00014373
0.00014393
0.00014535
0.00016516
0.00002373
0.00010150
0.00015684
0.00011189
0.00010572
0.00009659
0.00010662
0.00010447
0.00010664
0.00016181
0.00006332
0.00017524
0.00003007
0.00018633
0.00020556
0.00004538
0.00012854
0.00004038
0.00015783
0.00012390
0.00013537
0.00020950
0.00015047
0.00013113
0.00011829
0.00015151
0.00015926
0.00010722
0.00024085
0.00016352
0.00003184
0.00012747
0.00005164
0.00019465
0.00010597
0.00015615
0.00012212
0.00024866
0.00008056
0.00009738
0.00019301
0.00015058
0.00014353
0.00016279
0.00018911
0.00010302
0.00009910
0.00015775
0.00007916
0.00003466
0.00012057
0.00007752
0.00012272
0.00013918
0.00015708
0.00022396
0.00016618
0.00016635
0.00012713
0.00010160
0.00013766
0.00013051
0.00012960
0.00002642
0.00020287
0.00020349
0.00009917
0.00003939
0.00006960
0.00011946
0.00008084
0.00009384
0.00011643
0.00011235
0.00016191
0.00018452
0.00011949
0.00011817
0.00009678
0.00010720
0.00014026
0.00014113
0.00006678
0.00017521
0.00010405
0.00012007
0.00011157
0.00016099
0.00015706
0.00012960
0.00013801
0.00015537
0.00009477
0.00008294
0.00014027
0.00015046
0.00009309
0.00013364
0.00016287
0.00014775
0.00016860
0.00017672
0.00004097
0.00019280
0.00016406
0.00013891
0.00019648
0.00016417
0.00016313
0.00015543
0.00014075
0.00014166
0.00012110
0.00012909
0.00003789
0.00011649
0.00015287
0.00012782
0.00018610
0.00012904
0.00011594
0.00014418
0.00012547
0.00012578
0.00015687
0.00015564
0.00011034
0.00013834
0.00002787
0.00013016
0.00011775
0.00012587
0.00009826
0.00010621
0.00013274
0.00012949
0.00013951
0.00010911
0.00013019
0.00011648
0.00006102
0.00014795
0.00014947
0.00014850
0.00007213
0.00013598
0.00009663
0.00016191
0.00015013
0.00014025
0.00012697
0.00012147
0.00012578
0.00012958
0.00018547
0.00014372
0.00011500
0.00017653
0.00011545
0.00011564
0.00011400
0.00013106
0.00012719
0.00014014
0.00003512
0.00013154
0.00020814
0.00018444
0.00010396
0.00011428
0.00012206
0.00016438
0.00014262
0.00014577
0.00015662
0.00012044
0.00015455
0.00014989
0.00013624
0.00014286
0.00017888
0.00014769
0.00017094
0.00012320
0.00010553
0.00017790
0.00024082
0.00025086
0.00009284
0.00011930
0.00014864
0.00016810
0.00014589
0.00013117
0.00012524
0.00006002
0.00008356
0.00013067
0.00018758
0.00010975
0.00014353
0.00019487
0.00012783
0.00019499
0.00012923
0.00028825
0.00014550
0.00010558
0.00014279
0.00015936
0.00015852
0.00012297
0.00021595
0.00013934
0.00012757
0.00014112
0.00020362
0.00017389
0.00016183
0.00015202
0.00016352
0.00012358
0.00015722
0.00013960
0.00012154
0.00012631
0.00003945
0.00001763
0.00004698
0.00016752
0.00004499
0.00012627
0.00016592
0.00012153
0.00013139
0.00011680
0.00016224
0.00010561
0.00016343
0.00016930
0.00014258
0.00004627
0.00002889
0.00009061
0.00024459
0.00014896
0.00006291
0.00013217
0.00016379
0.00008511
0.00009387
0.00013946
0.00012145
0.00014435
0.00010160
0.00006932
0.00017880
0.00014755
0.00016408
0.00012949
0.00016954
0.00011828
0.00010815
0.00018053
0.00013069
0.00014782
0.00014591
0.00018686
0.00011853
0.00012564
0.00013025
0.00010565
0.00016772
0.00012899
0.00015724
0.00012901
0.00012331
0.00018111
0.00013983
0.00002805
0.00014553
0.00017614
0.00003913
0.00014694
0.00012949
0.00016071
0.00004185
0.00014322
0.00012744
0.00014660
0.00003970
0.00019558
0.00012898
0.00009790
0.00012514
0.00017474
0.00013691
0.00018237
0.00011328
0.00013164
0.00007938
0.00021160
0.00013415
0.00014447
0.00018599
0.00014947
0.00011812
0.00008063
0.00014865
0.00008518
0.00011257
0.00016228
0.00014611
0.00015818
0.00017240
0.00012040
0.00002239
0.00011795
0.00018529
0.00012353
0.00005198
0.00013898
0.00012817
0.00013927
0.00017234
0.00017045
0.00012519
0.00021435
0.00013331
0.00016209
0.00013142
0.00016873
0.00011724
0.00011915
0.00018234
0.00014533
0.00011959
0.00015476
0.00011275
0.00013784
0.00011594
0.00013701
0.00009783
0.00011102
0.00014057
0.00016290
0.00008917
0.00012896
0.00013361
0.00019231
0.00011547
0.00013924
0.00010531
0.00007156
0.00011149
0.00018826
0.00011827
0.00016075
0.00013813
0.00012206
0.00011910
0.00016146
0.00013892
0.00020771
0.00015551
0.00019343
0.00002951
0.00013055
0.00022626
0.00014335
0.00020023
0.00009174
0.00002933
0.00018885
0.00010712
0.00015923
0.00006287
0.00010575
0.00014327
0.00010462
0.00012926
0.00019734
0.00011453
0.00015496
0.00013624
0.00014794
0.00002598
0.00010840
0.00014849
0.00011294
0.00015733
0.00014341
0.00012299
0.00009603
0.00005049
0.00019176
0.00005621
0.00012347
0.00012926
0.00010750
0.00015314
0.00013417
0.00012869
0.00012502
0.00009874
0.00018954
0.00016749
0.00014216
0.00008364
0.00017560
0.00012510
0.00012058
0.00015934
0.00015351
0.00011687
0.00014206
0.00012711
0.00013786
0.00016905
0.00013674
0.00007888
0.00010973
0.00012112
0.00003692
0.00004002
0.00003865
0.00016307
0.00012218
0.00013535
0.00013164
0.00015243
0.00010621
0.00014128
0.00015054
0.00015180
0.00012742
0.00003977
0.00008020
0.00016866
0.00015035
0.00015385
0.00013894
0.00010725
0.00015251
0.00015724
0.00017696
0.00013464
0.00003776
0.00011120
0.00010985
0.00012046
0.00017813
0.00011973
0.00013135
0.00013834
0.00019119
0.00008294
0.00010983
0.00012388
0.00014258
0.00011447
0.00015971
0.00021096
0.00014038
0.00017339
0.00011176
0.00012629
0.00015469
0.00016062
0.00003034
0.00008688
0.00012855
0.00011902
0.00002509
0.00011574
0.00015632
0.00016679
0.00017470
0.00014269
0.00012644
0.00010566
0.00013811
0.00016047
0.00016247
0.00011373
0.00015529
0.00024407
0.00014300
0.00015577
0.00018042
0.00015002
0.00014860
0.00014288
0.00015215
0.00021120
0.00015639
0.00019445
0.00010821
0.00014519
0.00014351
0.00013119
0.00011374
0.00013301
0.00017521
0.00014274
0.00009255
0.00014900
0.00003945
0.00013737
0.00016157
0.00019656
0.00007227
0.00016606
0.00009860
0.00009683
0.00013399
0.00015853
0.00018693
0.00014900
0.00014304
0.00013794
0.00012197
0.00015161
0.00012440
0.00007080
0.00017184
0.00011290
0.00014152
0.00010780
0.00026124
0.00015301
0.00018047
0.00001556
0.00015568
0.00010967
0.00019361
0.00016140
0.00012244
0.00018234
0.00015194
0.00016674
0.00013902
0.00012575
0.00016463
0.00008966
0.00013017
0.00017220
0.00017853
0.00015031
0.00023027
0.00010792
0.00015499
0.00010644
0.00009175
0.00006435
0.00013630
0.00011234
0.00004081
0.00013398
0.00004848
0.00015797
0.00018052
0.00026398
0.00014979
0.00013591
0.00010489
0.00013476
0.00007361
0.00016352
0.00014278
0.00009529
0.00013060
0.00015522
0.00009683
0.00013738
0.00007250
0.00010584
0.00014183
0.00011679
0.00003290
0.00013637
0.00003887
0.00023573
0.00017574
0.00019036
0.00011351
0.00008675
0.00014417
0.00015967
0.00012739
0.00013730
0.00010976
0.00011388
0.00010209
0.00012907
0.00003148
0.00018103
0.00011872
0.00013914
0.00019443
0.00014191
0.00013603
0.00013265
0.00009893
0.00016317
0.00015672
0.00020219
0.00013928
0.00023974
0.00013925
0.00011941
0.00003308
0.00016711
0.00012388
0.00016296
0.00015778
0.00010593
0.00016232
0.00016221
0.00013595
0.00021131
0.00016423
0.00015380
0.00012566
0.00009911
0.00008378
0.00014528
0.00011251
0.00011266
0.00014823
0.00014897
0.00010255
0.00014286
0.00016352
0.00013971
0.00009587
0.00019781
0.00013089
0.00015553
0.00015073
0.00016601
0.00010436
0.00018461
0.00003873
0.00010671
0.00015170
0.00004299
0.00013435
0.00010420
0.00012341
0.00013129
0.00004904
0.00004066
0.00006820
0.00013189
0.00017887
0.00013344
0.00010869
0.00013257
0.00003808
0.00016937
0.00015917
0.00006147
0.00013966
0.00013333
0.00010474
0.00017019
0.00007472
0.00014039
0.00014359
0.00018460
0.00020811
0.00010857
0.00012073
0.00015623
0.00013798
0.00003120
0.00015389
0.00014697
0.00014853
0.00013735
0.00010531
0.00013873
0.00011875
0.00010817
0.00014029
0.00013469
0.00008375
0.00012642
0.00021874
0.00012334
0.00015199
0.00019249
0.00015948
0.00014441
0.00009968
0.00017689
0.00017973
0.00007743
0.00023369
0.00014775
0.00013524
0.00009205
0.00014027
0.00007090
0.00022438
0.00014643
0.00014465
0.00018911
0.00018652
0.00008612
0.00014346
0.00013678
0.00009353
0.00003952
0.00012773
0.00015003
0.00013176
0.00015974
0.00011952
0.00013494
0.00014233
0.00003496
0.00014478
0.00013894
0.00012986
0.00016516
0.00006840
0.00012429
0.00013593
0.00012994
0.00011844
0.00012728
0.00013073
0.00013930
0.00012935
0.00011790
0.00014522
0.00017049
0.00016595
0.00018608
0.00006496
0.00008575
0.00015111
0.00014525
0.00020401
0.00018904
0.00011020
0.00020947
0.00015763
0.00012666
0.00011754
0.00016286
0.00006437
0.00014213
0.00017270
0.00003470
0.00007343
0.00012502
0.00012375
0.00010110
0.00015553
0.00015320
0.00016488
0.00003165
0.00013067
0.00012162
0.00010355
0.00006135
0.00018140
0.00014836
0.00017949
0.00012458
0.00011801
0.00009103
0.00015654
0.00015405
0.00013148
0.00010835
0.00004410
0.00014327
0.00017064
0.00011412
0.00006464
0.00013571
0.00017673
0.00002055
0.00016453
0.00011990
0.00012579
0.00010457
0.00014815
0.00014151
0.00013472
0.00014693
0.00013205
0.00015061
0.00013680
0.00018889
0.00014809
0.00007118
0.00017930
0.00013106
0.00017038
0.00013767
0.00015683
0.00010443
0.00013908
0.00006225
0.00016721
0.00014148
0.00012160
0.00019957
0.00015932
0.00013242
0.00012716
0.00013782
0.00015136
0.00012410
0.00013568
0.00009427
0.00010195
0.00012383
0.00004723
0.00015846
0.00009364
0.00012085
0.00014432
0.00013822
0.00009198
0.00004658
0.00014164
0.00020928
0.00014849
0.00016017
0.00013047
0.00017795
0.00008976
0.00017616
0.00021581
0.00010499
0.00016249
0.00013154
0.00013751
0.00007873
0.00013576
0.00004379
0.00016376
0.00018022
0.00019711
0.00014239
0.00012044
0.00019659
0.00014302
0.00017088
0.00010728
0.00015900
0.00014833
0.00014094
0.00014270
0.00017203
0.00015720
0.00011705
0.00014874
0.00008216
0.00021936
0.00016668
0.00015100
0.00009583
0.00012010
0.00016745
0.00014076
0.00013844
0.00011445
0.00010435
0.00016928
0.00014451
0.00011523
0.00013434
0.00018539
0.00017663
0.00015774
0.00009944
0.00003165
0.00010668
0.00004201
0.00015643
0.00016287
0.00013218
0.00012874
0.00016619
0.00019785
0.00016659
0.00016289
0.00010515
0.00015807
0.00013403
0.00021603
0.00013498
0.00015355
0.00012992
0.00016571
0.00005813
0.00008707
0.00017502
0.00011734
0.00012415
0.00017252
0.00002437
0.00016904
0.00018369
0.00011749
0.00012570
0.00004134
0.00014217
0.00019104
0.00013875
0.00009843
0.00018372
0.00013912
0.00015002
0.00007007
0.00014438
0.00014941
0.00012326
0.00017586
0.00015229
0.00013481
0.00018582
0.00014109
0.00020295
0.00017279
0.00014911
0.00012212
0.00011961
0.00015671
0.00013227
0.00005914
0.00015732
0.00012402
