0.00025875
0.00016712
0.00024385
0.00017362
0.00008428
0.00026933
0.00025150
0.00025999
0.00036158
0.00034507
0.00028885
0.00018300
0.00023892
0.00029106
0.00023146
0.00027722
0.00021367
0.00020619
0.00036004
0.00027785
0.00022427
0.00021595
0.00022154
0.00024233
0.00021864
0.00022663
0.00031214
0.00029231
0.00025095
0.00029634
0.00008764
0.00021597
0.00030455
0.00031417
0.00028997
0.00027560
0.00016208
0.00019595
0.00034233
0.00029385
0.00020398
0.00023353
0.00023882
0.00029006
0.00025420
0.00024148
0.00029975
0.00029253
0.00028656
0.00019220
0.00023859
0.00029188
0.00024271
0.00020211
0.00044999
0.00026297
0.00017449
0.00018152
0.00024199
0.00030273
0.00040454
0.00023696
0.00006341
0.00032113
0.00028511
0.00018103
0.00020615
0.00035081
0.00032125
0.00027290
0.00016619
0.00028397
0.00007613
0.00027753
0.00029979
0.00018567
0.00017395
0.00020383
0.00029507
0.00027569
0.00023190
0.00034230
0.00011255
0.00024331
0.00025342
0.00029898
0.00017064
0.00029911
0.00028702
0.00027371
0.00029226
0.00023589
0.00024156
0.00026419
0.00013830
0.00030363
0.00020544
0.00020038
0.00024190
0.00020171
0.00032877
0.00036128
0.00029603
0.00006290
0.00023822
0.00020368
0.00028904
0.00022131
0.00031621
0.00054736
0.00039961
0.00028581
0.00029184
0.00024666
0.00024433
0.00032785
0.00020369
0.00017777
0.00027785
0.00026792
0.00021371
0.00016069
0.00029658
0.00032109
0.00022860
0.00034390
0.00021510
0.00030054
0.00024828
0.00027466
0.00034680
0.00030775
0.00026767
0.00006224
0.00018960
0.00029071
0.00038058
0.00031441
0.00023130
0.00023226
0.00027109
0.00025521
0.00020688
0.00026503
0.00021616
0.00015303
0.00063038
0.00023542
0.00026645
0.00026053
0.00026184
0.00027286
0.00022686
0.00020404
0.00026525
0.00014773
0.00029560
0.00020407
0.00027666
0.00035178
0.00024605
0.00024796
0.00024284
0.00025481
0.00041609
0.00030800
0.00027414
0.00028549
0.00027546
0.00022918
0.00023217
0.00027726
0.00004433
0.00025714
0.00019999
0.00026489
0.00026987
0.00026988
0.00033593
0.00007597
0.00042697
0.00036473
0.00028543
0.00022427
0.00028405
0.00024394
0.00036303
0.00022235
0.00024033
0.00027540
0.00025770
0.00014768
0.00014766
0.00027294
0.00021641
0.00014574
0.00014169
0.00019350
0.00032816
0.00021369
0.00025137
0.00031301
0.00022677
0.00027077
0.00026510
0.00021660
0.00006633
0.00033411
0.00027097
0.00027134
0.00027403
0.00031137
0.00004474
0.00019135
0.00029568
0.00021093
0.00019930
0.00018209
0.00020100
0.00019695
0.00020104
0.00030505
0.00011938
0.00033037
0.00005669
0.00035128
0.00038754
0.00008556
0.00024233
0.00007613
0.00029755
0.00023358
0.00025521
0.00039496
0.00028367
0.00024722
0.00022300
0.00028562
0.00030024
0.00020213
0.00045406
0.00030828
0.00006002
0.00024030
0.00009735
0.00036697
0.00019978
0.00029439
0.00023022
0.00046878
0.00015188
0.00018358
0.00036387
0.00028388
0.00027058
0.00030690
0.00035652
0.00019421
0.00018682
0.00029740
0.00014923
0.00006535
0.00022730
0.00014614
0.00023136
0.00026238
0.00029612
0.00042222
0.00031328
0.00031362
0.00023967
0.00019153
0.00025952
0.00024604
0.00024433
0.00004982
0.00038246
0.00038362
0.00018697
0.00007425
0.00013120
0.00022521
0.00015239
0.00017691
0.00021950
0.00021180
0.00030523
0.00034786
0.00022526
0.00022278
0.00018245
0.00020209
0.00026442
0.00026607
0.00012590
0.00033032
0.00019615
0.00022637
0.00021033
0.00030351
0.00029610
0.00024433
0.00026019
0.00029291
0.00017867
0.00015636
0.00026445
0.00028365
0.00017550
0.00025195
0.00030705
0.00027854
0.00031785
0.00033316
0.00007724
0.00036347
0.00030929
0.00026188
0.00037041
0.00030950
0.00030754
0.00029303
0.00026535
0.00026706
0.00022831
0.00024336
0.00007143
0.00021961
0.00028820
0.00024097
0.00035085
0.00024328
0.00021858
0.00027181
0.00023654
0.00023712
0.00029574
0.00029341
0.00020801
0.00026081
0.00005255
0.00024538
0.00022200
0.00023729
0.00018525
0.00020024
0.00025024
0.00024412
0.00026300
0.00020570
0.00024545
0.00021960
0.00011505
0.00027892
0.00028178
0.00027996
0.00013599
0.00025635
0.00018218
0.00030524
0.00028303
0.00026440
0.00023936
0.00022899
0.00023713
0.00024429
0.00034966
0.00027094
0.00021681
0.00033280
0.00021766
0.00021801
0.00021491
0.00024707
0.00023978
0.00026420
0.00006622
0.00024798
0.00039238
0.00034772
0.00019600
0.00021544
0.00023010
0.00030989
0.00026886
0.00027481
0.00029527
0.00022706
0.00029137
0.00028257
0.00025685
0.00026932
0.00033724
0.00027843
0.00032226
0.00023225
0.00019894
0.00033538
0.00045400
0.00047292
0.00017503
0.00022492
0.00028022
0.00031690
0.00027503
0.00024728
0.00023611
0.00011316
0.00015752
0.00024635
0.00035363
0.00020690
0.00027059
0.00036737
0.00024099
0.00036761
0.00024363
0.00054343
0.00027430
0.00019904
0.00026919
0.00030043
0.00029885
0.00023183
0.00040711
0.00026269
0.00024051
0.00026605
0.00038387
0.00032782
0.00030510
0.00028660
0.00030827
0.00023297
0.00029640
0.00026317
0.00022914
0.00023812
0.00007436
0.00003324
0.00008856
0.00031581
0.00008481
0.00023805
0.00031280
0.00022911
0.00024770
0.00022020
0.00030587
0.00019909
0.00030810
0.00031917
0.00026880
0.00008724
0.00005446
0.00017082
0.00046112
0.00028083
0.00011860
0.00024918
0.00030877
0.00016045
0.00017696
0.00026292
0.00022897
0.00027213
0.00019155
0.00013068
0.00033708
0.00027816
0.00030933
0.00024413
0.00031963
0.00022298
0.00020389
0.00034033
0.00024637
0.00027868
0.00027507
0.00035228
0.00022345
0.00023686
0.00024556
0.00019917
0.00031619
0.00024318
0.00029643
0.00024321
0.00023247
0.00034143
0.00026361
0.00005287
0.00027435
0.00033207
0.00007376
0.00027702
0.00024411
0.00030298
0.00007889
0.00027001
0.00024026
0.00027638
0.00007484
0.00036871
0.00024316
0.00018457
0.00023591
0.00032943
0.00025810
0.00034382
0.00021357
0.00024816
0.00014965
0.00039891
0.00025290
0.00027235
0.00035063
0.00028178
0.00022269
0.00015202
0.00028025
0.00016058
0.00021222
0.00030594
0.00027546
0.00029820
0.00032502
0.00022699
0.00004221
0.00022236
0.00034932
0.00023289
0.00009800
0.00026202
0.00024164
0.00026255
0.00032490
0.00032133
0.00023602
0.00040411
0.00025133
0.00030558
0.00024776
0.00031810
0.00022102
0.00022462
0.00034376
0.00027397
0.00022546
0.00029177
0.00021256
0.00025986
0.00021858
0.00025829
0.00018444
0.00020930
0.00026501
0.00030710
0.00016811
0.00024311
0.00025189
0.00036255
0.00021769
0.00026251
0.00019853
0.00013490
0.00021019
0.00035491
0.00022297
0.00030306
0.00026041
0.00023011
0.00022453
0.00030439
0.00026191
0.00039158
0.00029317
0.00036467
0.00005563
0.00024612
0.00042655
0.00027024
0.00037749
0.00017296
0.00005530
0.00035604
0.00020194
0.00030018
0.00011853
0.00019936
0.00027010
0.00019724
0.00024368
0.00037202
0.00021592
0.00029214
0.00025685
0.00027890
0.00004898
0.00020437
0.00027994
0.00021292
0.00029660
0.00027036
0.00023187
0.00018105
0.00009519
0.00036151
0.00010597
0.00023276
0.00024368
0.00020266
0.00028871
0.00025295
0.00024261
0.00023569
0.00018615
0.00035733
0.00031575
0.00026801
0.00015769
0.00033104
0.00023585
0.00022733
0.00030040
0.00028941
0.00022032
0.00026782
0.00023964
0.00025990
0.00031870
0.00025779
0.00014871
0.00020687
0.00022835
0.00006960
0.00007545
0.00007286
0.00030743
0.00023035
0.00025516
0.00024818
0.00028736
0.00020023
0.00026634
0.00028380
0.00028617
0.00024022
0.00007497
0.00015119
0.00031796
0.00028345
0.00029005
0.00026193
0.00020219
0.00028752
0.00029644
0.00033361
0.00025382
0.00007118
0.00020963
0.00020709
0.00022710
0.00033581
0.00022572
0.00024762
0.00026081
0.00036043
0.00015637
0.00020706
0.00023355
0.00026879
0.00021580
0.00030110
0.00039772
0.00026465
0.00032687
0.00021069
0.00023809
0.00029163
0.00030282
0.00005719
0.00016380
0.00024235
0.00022438
0.00004730
0.00021819
0.00029471
0.00031444
0.00032936
0.00026901
0.00023837
0.00019919
0.00026037
0.00030253
0.00030628
0.00021440
0.00029276
0.00046012
0.00026958
0.00029366
0.00034014
0.00028283
0.00028015
0.00026937
0.00028684
0.00039816
0.00029483
0.00036658
0.00020399
0.00027373
0.00027055
0.00024733
0.00021443
0.00025076
0.00033032
0.00026909
0.00017447
0.00028090
0.00007437
0.00025897
0.00030460
0.00037056
0.00013625
0.00031307
0.00018588
0.00018255
0.00025260
0.00029886
0.00035241
0.00028090
0.00026966
0.00026005
0.00022993
0.00028583
0.00023452
0.00013348
0.00032395
0.00021284
0.00026680
0.00020322
0.00049249
0.00028846
0.00034024
0.00002933
0.00029348
0.00020675
0.00036500
0.00030428
0.00023083
0.00034375
0.00028645
0.00031435
0.00026208
0.00023708
0.00031038
0.00016904
0.00024540
0.00032463
0.00033657
0.00028336
0.00043410
0.00020346
0.00029219
0.00020067
0.00017296
0.00012131
0.00025696
0.00021178
0.00007693
0.00025257
0.00009139
0.00029780
0.00034032
0.00049766
0.00028239
0.00025623
0.00019774
0.00025405
0.00013878
0.00030828
0.00026917
0.00017964
0.00024621
0.00029262
0.00018254
0.00025899
0.00013667
0.00019953
0.00026738
0.00022017
0.00006203
0.00025708
0.00007328
0.00044441
0.00033131
0.00035887
0.00021399
0.00016354
0.00027179
0.00030102
0.00024017
0.00025883
0.00020692
0.00021469
0.00019247
0.00024333
0.00005934
0.00034129
0.00022381
0.00026232
0.00036654
0.00026754
0.00025644
0.00025008
0.00018650
0.00030762
0.00029545
0.00038117
0.00026257
0.00045197
0.00026253
0.00022511
0.00006237
0.00031505
0.00023354
0.00030722
0.00029746
0.00019970
0.00030601
0.00030581
0.00025631
0.00039838
0.00030960
0.00028995
0.00023690
0.00018685
0.00015794
0.00027388
0.00021210
0.00021239
0.00027944
0.00028085
0.00019333
0.00026932
0.00030827
0.00026339
0.00018073
0.00037293
0.00024676
0.00029322
0.00028416
0.00031297
0.00019675
0.00034803
0.00007301
0.00020118
0.00028600
0.00008104
0.00025329
0.00019643
0.00023266
0.00024751
0.00009246
0.00007666
0.00012858
0.00024865
0.00033722
0.00025156
0.00020491
0.00024993
0.00007178
0.00031931
0.00030007
0.00011589
0.00026328
0.00025136
0.00019746
0.00032085
0.00014086
0.00026468
0.00027070
0.00034801
0.00039234
0.00020468
0.00022760
0.00029452
0.00026012
0.00005883
0.00029012
0.00027707
0.00028001
0.00025893
0.00019853
0.00026153
0.00022387
0.00020392
0.00026447
0.00025393
0.00015789
0.00023832
0.00041237
0.00023253
0.00028653
0.00036289
0.00030066
0.00027225
0.00018793
0.00033348
0.00033883
0.00014597
0.00044055
0.00027855
0.00025496
0.00017354
0.00026443
0.00013367
0.00042302
0.00027605
0.00027270
0.00035652
0.00035163
0.00016235
0.00027045
0.00025785
0.00017632
0.00007450
0.00024081
0.00028284
0.00024841
0.00030115
0.00022533
0.00025439
0.00026832
0.00006590
0.00027294
0.00026193
0.00024482
0.00031136
0.00012896
0.00023431
0.00025627
0.00024496
0.00022329
0.00023995
0.00024645
0.00026262
0.00024386
0.00022226
0.00027377
0.00032142
0.00031285
0.00035081
0.00012246
0.00016167
0.00028488
0.00027383
0.00038461
0.00035639
0.00020775
0.00039491
0.00029716
0.00023879
0.00022159
0.00030704
0.00012136
0.00026794
0.00032558
0.00006542
0.00013844
0.00023569
0.00023329
0.00019059
0.00029320
0.00028882
0.00031084
0.00005966
0.00024634
0.00022928
0.00019521
0.00011566
0.00034198
0.00027969
0.00033838
0.00023487
0.00022248
0.00017161
0.00029512
0.00029042
0.00024788
0.00020426
0.00008314
0.00027010
0.00032169
0.00021514
0.00012186
0.00025585
0.00033318
0.00003873
0.00031018
0.00022604
0.00023715
0.00019714
0.00027930
0.00026678
0.00025399
0.00027699
0.00024894
0.00028393
0.00025791
0.00035611
0.00027918
0.00013420
0.00033802
0.00024708
0.00032120
0.00025955
0.00029566
0.00019687
0.00026220
0.00011735
0.00031523
0.00026672
0.00022924
0.00037624
0.00030035
0.00024964
0.00023973
0.00025982
0.00028535
0.00023396
0.00025579
0.00017772
0.00019220
0.00023344
0.00008903
0.00029873
0.00017654
0.00022782
0.00027208
0.00026058
0.00017341
0.00008781
0.00026702
0.00039454
0.00027994
0.00030196
0.00024596
0.00033547
0.00016922
0.00033210
0.00040685
0.00019793
0.00030633
0.00024799
0.00025923
0.00014843
0.00025595
0.00008255
0.00030873
0.00033976
0.00037159
0.00026844
0.00022707
0.00037062
0.00026962
0.00032215
0.00020225
0.00029975
0.00027965
0.00026570
0.00026902
0.00032432
0.00029636
0.00022067
0.00028041
0.00015489
0.00041355
0.00031423
0.00028466
0.00018066
0.00022641
0.00031569
0.00026537
0.00026099
0.00021576
0.00019673
0.00031914
0.00027243
0.00021724
0.00025326
0.00034950
0.00033300
0.00029737
0.00018746
0.00005967
0.00020113
0.00007920
0.00029491
0.00030704
0.00024919
0.00024271
0.00031330
0.00037299
0.00031406
0.00030709
0.00019823
0.00029800
0.00025268
0.00040726
0.00025447
0.00028949
0.00024492
0.00031240
0.00010959
0.00016414
0.00032995
0.00022121
0.00023405
0.00032523
0.00004594
0.00031868
0.00034630
0.00022150
0.00023698
0.00007794
0.00026802
0.00036016
0.00026157
0.00018556
0.00034636
0.00026228
0.00028283
0.00013211
0.00027219
0.00028168
0.00023238
0.00033154
0.00028711
0.00025414
0.00035032
0.00026599
0.00038262
0.00032575
0.00028111
0.00023023
0.00022550
0.00029544
0.00024936
0.00011149
0.00029659
0.00023381
