0.012431356
0.01215377
0.01387854
0.012780633
0.012110608
0.0133604
0.010092264
0.010463839
0.012749738
0.010683983
0.011389129
0.009956554
0.012252075
0.013619332
0.015051077
0.017890021
0.014467396
0.013265326
0.0149994185
0.01266696
0.012242117
0.012392379
0.012157108
0.014881912
0.012815606
0.012146895
0.013193904
0.017101504
0.010633275
0.010979437
0.012289934
0.010311541
0.013740437
0.010569371
0.0116045615
0.01215345
0.014599888
0.013059995
0.01154378
0.012304497
0.014542626
0.0118838465
0.0130968345
0.015157057
0.011244003
0.011699063
0.010944546
0.0091909105
0.011537153
0.01571759
0.013942062
0.011661885
0.014318026
0.013307085
0.017115131
0.01122742
0.015032466
0.012863421
0.012913624
0.012959886
0.012843496
0.012986507
0.010953395
0.026195103
0.0105131855
0.0121819675
0.010214393
0.01338944
0.015638363
0.014049287
0.013398902
0.01164879
0.014037691
0.012307502
0.016627926
0.013482568
0.01153678
0.01655669
0.01182678
0.014321399
0.01417706
0.014823111
0.012465921
0.0120633785
0.012785548
0.012732127
0.012072499
0.011392314
0.013408142
0.014335574
0.014496409
0.011426
0.010099751
0.014380774
0.012555031
0.017226066
0.016952347
0.01572817
0.01321302
0.017983355
0.0124263065
0.013106546
0.014236117
0.013627645
0.0140721835
0.015006203
0.011219946
0.012342576
0.012926379
0.013837748
0.012616328
0.011532091
0.014210988
0.01494625
0.0118082715
0.012345961
0.011412567
0.008949662
0.009765064
0.012717287
0.012178884
0.0154732065
0.01136481
0.011059971
0.012570812
0.013503589
0.019986909
0.015511385
0.013021945
0.009685974
0.012869293
0.016440103
0.0120088
0.012333721
0.012517654
0.01274621
0.011901366
0.012918624
0.011604584
0.013600245
0.012382088
0.009693746
0.011988498
0.013630249
0.013020399
0.014132275
0.011176432
0.0131118195
0.012001585
0.011708001
0.015276529
0.012541356
0.011264719
0.01344096
0.013882632
0.012547382
0.013188476
0.009656679
0.013121424
0.014380252
0.012791667
0.012547168
0.012693981
0.01321657
0.012504679
0.011943278
0.012832447
0.011422139
0.01129423
0.01715215
0.011551798
0.013284066
0.011660837
0.010399829
0.011835976
0.013380242
0.0120052025
0.011865614
0.01086785
0.014740485
0.010300375
0.01507754
0.01430882
0.012457446
0.010895143
0.012923027
0.014980403
0.011411713
0.0116570145
0.012635112
0.013243209
0.011361462
