34
45
50
50
43
13
18
16
29
16
39
37
48
31
23
11
32
37
36
40
38
37
25
22
27
42
46
43
27
33
19
48
52
33
18
-1
35
45
32
28
41
13
33
-44
42
43
37
43
52
38
46
-5
41
43
43
36
27
22
35
13
37
53
31
36
46
36
44
37
36
41
35
32
13
32
40
40
49
20
27
38
24
8
21
33
3
38
34
32
33
36
48
30
46
33
43
38
53
7
41
36
2
24
31
39
6
41
52
31
37
44
46
27
36
40
37
46
45
40
31
31
39
33
40
-16
48
37
49
-5
30
49
40
8
54
49
15
47
45
29
37
54
29
35
19
20
42
36
17
45
35
40
35
29
30
32
15
36
40
17
33
49
38
44
12
41
37
42
42
26
40
36
45
34
39
33
31
25
25
38
40
45
42
-7
44
40
55
33
49
22
9
39
41
46
35
44
44
39
11
40
34
11
43
12
48
15
38
41
39
43
32
12
44
37
39
42
46
13
25
33
32
12
51
50
21
33
15
40
48
49
39
44
41
42
33
25
31
37
32
41
41
44
23
48
43
36
-7
27
33
28
1
36
40
20
34
34
27
46
38
31
46
44
44
12
41
7
30
38
20
45
21
35
10
46
41
34
23
49
33
35
24
39
39
37
20
26
21
14
28
42
38
41
37
40
25
14
48
47
37
40
38
37
47
38
31
7
19
1
36
23
26
8
20
27
43
39
31
43
37
36
14
12
42
33
34
36
42
10
47
28
46
41
48
25
42
36
50
49
9
38
53
36
30
44
39
43
31
51
50
35
35
28
39
1
46
28
18
34
49
47
34
31
25
35
38
34
24
22
29
36
29
1
39
9
30
37
44
48
44
34
35
11
22
45
54
36
37
12
35
38
5
32
42
41
32
-19
32
15
54
35
44
21
36
42
39
37
42
28
33
23
29
5
21
38
19
11
27
40
15
49
33
43
23
38
17
44
51
19
10
41
3
45
20
38
47
33
32
35
41
12
22
40
25
28
13
33
18
51
43
54
28
42
6
51
54
40
41
18
28
33
25
38
20
33
23
27
31
36
35
37
37
24
28
26
40
27
34
39
40
39
37
34
40
27
37
47
38
23
41
30
51
38
34
36
32
43
3
42
33
33
39
23
32
42
38
49
1
16
38
26
41
49
36
37
20
33
35
34
50
40
25
48
17
27
32
35
45
21
41
42
37
-16
34
37
37
39
43
22
49
29
20
32
35
39
32
33
33
38
34
26
33
38
30
44
49
32
50
40
30
43
37
32
30
-38
29
44
24
28
46
48
20
50
37
44
26
33
42
29
42
41
26
39
27
35
17
41
35
30
22
40
30
46
37
37
33
16
25
7
39
35
53
53
41
38
26
47
23
15
15
47
38
17
27
35
41
33
11
31
35
23
30
7
41
42
30
39
20
30
21
43
51
42
42
32
41
40
27
48
38
34
45
45
38
51
29
22
47
34
30
23
31
34
25
27
42
24
12
37
34
39
34
48
13
21
29
44
41
25
40
39
23
28
47
45
