0.00038077
0.00045328
0.00053514
0.00101332
0.00094482
0.00050129
0.00020827
0.00039695
0.00045458
0.00016320
0.00017919
0.00030702
0.00039796
0.00059468
0.00024646
0.00033177
0.00016016
0.00090697
0.00031576
0.00046366
0.00046040
0.00029716
0.00087190
0.00038406
0.00048804
0.00019734
0.00022557
0.00027485
0.00019891
0.00032570
0.00055493
0.00125608
0.00026508
0.00042101
0.00023976
0.00051457
0.00049673
0.00022692
0.00045453
0.00044139
0.00063038
0.00025203
0.00038410
0.00026131
0.00024298
0.00023685
0.00025071
0.00031436
0.00022669
0.00029883
0.00031771
0.00073351
0.00024629
0.00034942
0.00094849
0.00029308
0.00058623
0.00028856
0.00065736
0.00041186
0.00074846
0.00040889
0.00023260
0.00031020
0.00023436
0.00043419
0.00034451
0.00030931
0.00041398
0.00024107
0.00041281
0.00036071
0.00020009
0.00069262
0.00022821
0.00023920
0.00019330
0.00048738
0.00044350
0.00030824
0.00072693
0.00023653
0.00024051
0.00045624
0.00039073
0.00040187
0.00050066
0.00040259
0.00031284
0.00028958
0.00032401
0.00027590
0.00055621
0.00028049
0.00028309
0.00028215
0.00042443
0.00024495
0.00042836
0.00031680
0.00019850
0.00059886
0.00034152
0.00025248
0.00030836
0.00019136
0.00031299
0.00032552
0.00025753
0.00022948
0.00025781
0.00127626
0.00041179
0.00025893
0.00087678
0.00047018
0.00107667
0.00031080
0.00082141
0.00044203
0.00019829
0.00023291
0.00025301
0.00050538
0.00089045
0.00051642
0.00030276
0.00020414
