1577413960
1076240000
1104780359
1630113984
1689073811
1958513619
1319623579
1714189860
1427907256
1492757336
1099743371
1180650642
1967425536
1959124147
1683720708
1543070132
1983281267
1653069803
2062467414
1592389879
1561116435
1434457311
1810033384
1815584974
1605879066
1238238309
1743486733
1518022632
1138357443
1202081293
2059217671
1410482239
2014544858
1997282776
1595207265
1628543557
1843702728
1283715496
1798654356
1225943958
1266182330
1909821175
1542392057
2064632987
1808253102
1738968460
1866473243
1525743027
1200867443
1805846331
2064596994
1703324376
1883190186
1281758468
1312818889
1333620120
1291676732
1605501227
1489473229
1861820608
1816277951
1806945810
1678744630
1349518561
1136136782
1709253520
1514212599
1862837191
2023933919
1185963436
1569822331
1779465375
1202743570
1150609246
2125647184
1341906322
1788876789
1077782097
1230557668
1217888490
1111165761
1458288056
1584853534
1304911952
1704568558
1496911206
1714801406
1329494466
1106600339
2096128941
1372233621
1158494401
1171685306
2049144754
1946805122
1179529827
1292175187
1867722392
1337293263
1867813921
1580408548
1861586088
1146296667
1886706860
1223943283
1630065745
1408518525
1118667824
1130911444
2079583010
1482439556
1627639430
1839298132
1257236457
2134358170
1287195852
1749647060
1176246372
1457954901
1878054993
1383483378
2056095611
1230946826
1507692002
1264812867
1970353953
1251067458
1573100779
1948254266
1967578056
1902443050
1973812811
1321834915
1351198887
1691379648
1159639116
1395441745
1323489053
1375298516
1536855963
1598204125
1586418472
1170936305
1497798314
1476827300
1481816121
1435395252
1129580783
1974287634
1140363126
1214442499
1712191383
1699697608
1126473381
1995382871
1444689442
1991921082
1489366603
2076842243
1847297738
1414654545
1389145755
1653564577
1593606294
1311607239
1911334812
1400245678
1299360585
2074266177
1589798586
1887390065
1260793683
1319927112
1703719479
1870515960
1565902046
1319881063
2033089680
1961672934
1500062092
1210780308
1838495387
1220510157
1691323909
1356731627
1949020368
1725524793
1082731852
1721394212
1831823593
1228013686
1416155642
1340253194
1320884943
1554747938
1363231601
1500529994
1512764168
1815007467
1537474284
1975053410
1500789779
1577740824
1311915088
1472683568
1077258435
2125914603
1361427256
1140360805
1738673028
2103165586
1996609220
1310966174
1694236039
1238456544
1953138327
1425920766
1469191812
1099771530
1833443741
1593164043
1853802762
1086366804
1719515276
1691686764
1332099195
1505300255
1697499626
1398128150
1089398068
1877445564
1672305892
1190414350
1254667883
1142238845
1255030006
1559360826
1626968766
1342736917
1322235392
1918763099
1164496956
1512611078
1400597622
1740658476
1601078309
1496592323
1290571813
1429762659
1496395016
1561773517
1430646754
1143642998
1332671654
1754122907
1441834134
1444944936
1219747801
1885708517
2107202929
1477544095
1358854774
1524239081
1493570993
1802412065
1395684002
1881203761
1105691367
1598747594
1188597236
1882150965
1524588826
1110517979
1375391511
1269513057
1783033798
1261462719
1457451190
1658075195
1153874950
2040598014
1473981169
1357780985
1705024164
1814157084
1208707323
1196467123
1645120195
1307369536
1706584502
1780974086
1855797167
1981448909
1140206860
1556612168
2135385013
1688402739
1169176299
1908803289
2075323231
2010173649
1469654889
1567820475
1310878229
1700407196
1657833183
2078173149
1538852095
1872779249
1198875359
2042951692
1468744724
2077742990
1431577834
1090853848
1378799230
1123247497
1411725151
1106176166
1104156599
1436809605
1368835023
1874366337
1083659879
1650753990
2014517986
1417544038
1458026255
1778698744
1197332733
1340651961
2007114861
2127381498
1503051094
1775766581
1517441313
1650077870
1119260967
1986385167
1855566392
1456152938
1662780108
1822590309
1877143293
1227550222
1587103550
1210705107
1405062542
1654310972
2068103082
1323454942
1226058042
1705811275
1584553542
1145819401
1820665935
1613968938
1785950000
2089329667
1963021429
1313741644
1191877923
1169568389
1530668374
1507251298
1200801851
1420389212
1496255769
1961386948
1144522452
1931325195
1107988980
1666945102
1606491263
1277817540
1183931777
1495175100
1555206296
1375294934
1735664158
1247752204
1538778237
1777728088
1931631742
1405606435
1239670108
1429881100
1156433426
1726968562
1306570259
1194061044
1916662427
1365480396
1619895924
2136085970
1632491733
1094185959
1291880830
1491990339
1930933594
1531289813
1720402384
1814395269
1826518860
1212094358
1411180053
1839746002
2028445433
1584335145
2139922667
2084515474
1188778892
1080845872
1650461572
1074997181
1866494252
1684101642
1627469077
1271473179
1495219805
1719314142
1299744186
1560901946
2031124835
1484415720
1127611214
1313080038
1265091686
1262270676
1300376252
1318637939
1517700976
1836533392
1462463749
1755192746
2133188822
1407242992
1217076991
1623473020
2038915815
1638512080
1379940728
1159833125
1154110611
1418042558
1595764456
1156788221
2089166154
1169989631
1350430669
1574138534
1543066142
1751840563
1410088960
1080503659
1644286017
1540589300
1372036624
1329227861
1394465063
1780485175
2018639854
1668890925
1719351926
1855329917
1124413424
1127213587
1537591463
1523082396
1685942957
1096272706
1197290633
1569947613
1453420118
1494965008
2049543236
1423652249
1147184508
1419602447
1352042186
1672203777
1276544124
1451981805
1851848747
1522775524
1469047028
2019013703
2004382611
1827719314
1576385212
1856051720
1881076729
1492344889
1959092797
1521135408
2080929747
1651123116
1464810261
2006124743
1146382292
1698836639
1221808980
1445661140
1823235568
1368216637
1111973718
1540668247
1733405917
1684905202
1379020314
1591041954
1398645399
1901507246
1588004501
1231774449
1893909909
1407023984
1656209207
1891308518
1579342537
1144211019
1670113610
1893335170
1245513506
1237092088
1453113002
1891294024
1308704920
1090307651
1104791760
1199668089
1119452004
1807461756
1698096433
1332401385
1473240066
1545355555
1251933109
1622126072
1815773568
1500253048
1988291382
1815203715
1100581458
1129100503
1746283639
1901642747
1141753232
1119224567
1533207714
1717930713
1763635987
1355154555
1347452009
1924490784
1329902679
2031531663
1411988498
1179276577
1407625758
1742519986
1555438586
1706764016
1458953610
1460552664
1474563318
1499279949
2116149453
2069812926
1233413204
1548992396
1492519314
1490856332
1933568697
1205367700
1419296756
