33680
27375
31978
27333
23571
26325
31593
26934
32800
33653
42618
29237
20890
34146
52203
18218
36685
22806
12819
30864
42037
18548
28706
33324
42344
12336
38157
31591
25776
18967
23988
35174
35203
31014
25020
46786
27739
34325
37631
30955
36835
44773
39243
12568
26031
40064
43156
20910
20567
37586
59782
28368
24154
41041
20652
29501
37961
18321
30519
30012
28282
39895
43659
26184
31152
39523
28253
44183
31949
23887
16759
19434
58642
41232
42692
37712
19106
22376
35996
33132
25979
28271
62632
44932
25970
41953
44353
22974
48954
28155
41746
47159
41985
32375
40651
27048
29501
23929
39291
31988
24252
33440
36777
24109
32377
41993
18052
45452
43418
29063
24839
33151
29165
23572
49309
33306
28748
59018
26480
20012
20572
24147
26139
33171
16769
44867
23562
22440
22977
25507
24413
35838
25894
26746
36778
55461
45362
39311
24997
20369
38577
33239
21084
33600
23414
16509
36590
24082
33100
51247
36544
47401
35954
16835
35342
44478
40301
27371
28462
27854
20600
29833
28708
23269
57339
21207
21085
49182
17447
37616
48224
25959
28026
42247
35042
37226
42646
35000
54977
26386
22624
21070
23751
29589
11346
29278
18394
14477
36639
28652
24691
50308
45712
40410
27941
19490
28297
35971
30168
35186
32446
34440
33254
33892
21596
32951
9741
35689
37471
35412
27752
29185
37516
14660
26115
26520
34617
38289
37129
25009
43564
48876
39962
44388
52623
32338
30649
17875
31686
29213
30299
16619
35922
36688
15734
41404
18139
25934
40318
22316
31519
21720
52869
27004
67424
19276
12826
35178
32635
31754
27890
34016
43156
24214
22222
35408
33948
44888
42396
21343
31887
12911
25163
17747
37302
23669
45460
36636
43395
25789
11032
27935
59538
35803
29138
24906
34571
29577
30441
36431
36463
22624
39179
16734
41901
31846
9216
37608
26710
30866
27654
37512
39928
25772
65706
24393
29631
24422
32363
35354
30526
19424
27809
18560
20520
23984
18618
33444
20888
33598
22904
34686
33994
44450
29666
37081
12629
35583
33574
27063
40786
24228
30394
48916
36463
31097
46630
26429
35356
23422
18158
36058
32676
43659
34651
39881
31417
33617
20253
34026
28899
15421
39785
28816
22581
15664
30303
38340
38419
24230
40591
44264
75031
16599
43889
23100
74879
36394
41670
17951
24547
41119
11282
26382
25282
31810
38471
31111
28623
34342
37436
36414
23312
28155
34502
23184
68096
34233
37358
23015
23827
41189
50317
40794
33234
25995
30331
17040
45584
43376
35789
27576
24364
30285
20355
19109
37488
27647
18063
26566
34801
42546
22568
36305
28873
32523
18958
3221
19489
29175
40102
18783
19609
43162
38412
20954
29631
25188
26567
40915
36108
34717
25770
18075
25564
28050
38987
19311
22053
47204
20027
24183
29892
34215
23155
16336
21742
43980
18271
48290
51028
35607
63634
29251
30764
31664
39310
26972
43194
34770
15637
31717
26131
26148
34081
49045
30398
38088
15548
26526
29970
6622
32931
24795
43079
37075
19184
27806
37390
24179
30288
46257
75018
41460
16771
15535
23594
34308
25171
46028
41078
33183
52424
35292
32513
26662
26432
45239
31053
28313
29636
31711
24048
35148
8184
29895
19018
15074
71273
29154
54211
33003
21881
31722
33581
26931
24302
28810
53545
31168
42086
25694
40934
38516
31317
39564
20356
27012
25409
32834
49552
55151
40369
27440
42204
41743
16844
17099
59590
26220
25016
34452
38737
23639
27010
23055
32210
34467
42914
34601
42031
37780
28360
41607
35343
25708
31726
34672
32854
31416
39532
22522
32584
30294
24468
34483
43518
28801
21925
17424
32912
30686
19915
56489
37446
33224
43371
44184
22831
32893
32173
29593
32005
45608
25907
42500
26473
24962
17803
37211
28947
23307
39119
30901
62063
35589
28381
35477
49098
28869
49133
13942
13668
30339
23372
30739
45222
53173
39177
52286
36988
26532
1644
46126
26170
26255
36468
31364
47032
39995
22837
33200
27653
30659
40282
24822
29740
18702
38875
44164
27917
19687
43665
33774
24360
30531
44663
25217
30009
7409
24556
19411
18443
31707
44791
37516
37919
76621
48346
29146
33781
23034
24828
36441
19047
38323
21873
38661
20042
44966
37839
55216
23558
30899
24727
35804
38901
25186
15466
15534
33634
35748
27621
33639
36171
25949
47049
32057
14094
30860
36538
34976
27154
36821
51612
17862
12840
25157
24775
42740
37122
85731
22920
30988
31066
31012
28622
33067
30058
45433
34004
25841
48026
23734
28418
21385
26606
33214
35995
37854
35884
39978
26194
11132
35445
22664
33074
31692
42440
22252
26344
33321
34856
37353
42125
30921
52538
8993
50513
21787
38309
26519
18739
41877
27036
39775
26904
23747
42145
16781
22047
43257
26832
44236
35167
53234
45026
31188
40281
19876
29767
26102
20730
37455
56978
26805
36032
10342
26749
31377
37712
33999
42527
27247
46640
38970
44177
41867
25620
27062
34794
21216
34001
22795
22923
34770
35421
38616
45264
34318
16814
25352
46527
37311
21859
28401
31235
23357
16098
20027
33867
29318
44434
9793
44779
47958
13211
44078
35559
49773
31522
29383
34592
71593
28767
26883
26866
27623
70139
29851
25240
25795
26837
23334
28653
36954
28143
38082
18849
14119
41979
39054
18140
46659
39412
13105
28995
36527
46942
30434
46797
42816
40779
35279
28469
10868
38348
41486
33833
27290
22105
31038
24533
24607
28834
29607
32004
40101
40260
26554
23660
63932
30776
37127
28941
51570
26881
15481
43409
23978
38702
33112
30537
31931
40840
18708
28622
19302
52682
30192
38554
23589
32997
41896
52603
35952
23470
31536
17984
40660
34143
65187
25462
44253
41401
29837
21579
50335
32626
27024
9745
29376
15213
39900
24869
37043
15845
25553
28762
20239
40000
30855
19174
37325
28669
24512
18000
36114
42571
23205
28330
27687
40194
47775
26949
40370
37145
46578
17081
22606
32019
8750
41017
24688
24304
20640
88805
21568
42719
23403
36782
31268
15640
42546
18623
47475
44640
34948
34091
21827
36778
40243
26046
40633
26083
29398
18363
36949
28793
27842
35104
39630
22525
32955
29614
11851
18598
35488
46903
28383
35035
36766
40311
55102
42897
29845
29840
39001
47842
21759
28240
32205
38440
30373
37173
51295
23208
38646
21754
30472
38884
47294
24454
18607
28728
37218
60016
29456
41921
22172
41817
18097
29762
29909
43663
38965
37195
9790
13363
45287
40204
61184
24935
44675
41810
49341
26523
29595
50824
24370
42344
27691
17922
27048
34102
31891
42138
41321
49906
31381
33446
31748
55730
14933
43503
33272
28316
32526
43728
3526
46215
43233
19635
26470
38256
29334
23587
40866
36810
24825
47196
24928
43245
25925
38375
36455
44739
47703
14053
33796
45081
39140
27628
31982
29242
26279
17451
38752
23070
17034
22995
28143
37396
24153
37443
35816
48190
30576
26525
35328
37310
42333
32935
38701
31660
25250
28143
53067
9408
41262
35674
34618
12882
25043
56145
35251
27175
23779
39786
17132
34118
30200
28473
39219
27574
30563
23713
26103
31277
40187
24610
31714
35039
31816
32194
34419
20827
22888
33974
30401
10230
27774
47599
36842
44525
51810
24957
22096
41381
28391
41607
30832
40283
31635
27232
37381
26577
7908
32081
28751
45770
17092
39228
47586
22393
29198
15360
27498
23260
28819
21326
27756
32989
27846
16995
29753
20959
32834
26161
53025
43203
34522
23590
41964
42761
28414
21645
21798
30923
21091
38960
43994
