-50052
-49339
-72687
-50470
32283
-47364
-59157
-79788
-57708
-115540
-6145
-49413
-20855
-20062
-46412
-35627
-70642
-94685
-67767
-48391
-56941
-28521
39838
-28386
-76599
-59054
-75946
-27820
-24923
-67306
-24291
-83890
-145329
-77765
-67424
-2703
19753
-34161
-49489
-18413
-38669
-78526
-132940
-10543
-24426
-54316
-53160
-113037
-47919
-108824
-93646
-53791
26090
-946
-65984
-1112
-101915
5132
-102097
-56503
-46012
-146445
76813
-76303
-42658
-35860
63585
-64475
-66666
-68073
4901
-39130
81269
-27375
-70927
-83046
-55914
-12230
-96136
-61853
-98651
-85832
59244
-86232
-98297
-55936
-78946
-108674
-84630
-48196
-38356
-82069
-82766
-89714
27220
-63460
-81698
-31126
-70214
-34804
32117
-55374
-71639
24230
-32721
-116880
-42206
-84018
-64635
-10020
-82246
-109871
-54325
-79157
-27889
-33365
-52322
-63555
-125738
-75215
-54327
-900
-83245
-40397
6847
-97550
-94534
-90937
-104920
-25071
-38991
-71731
-75020
3635
-37153
-151933
-69709
-73945
-59219
-47633
-73348
-81832
-82250
-88005
-9619
-42539
-65171
-101395
-38774
-111014
-82399
-54844
-39671
-46569
-12211
-78095
-110828
-69913
-70395
-94719
124902
-31998
-50063
-67118
-64387
-53087
-59501
-94808
-52249
-78786
22572
-12398
-51229
-67137
-63331
-50015
-80774
-68213
-17865
-6163
-117494
-59758
-78736
-84393
-50606
-53607
-49003
-81113
-5590
-77586
-35446
-63795
-70085
-51550
52020
-18141
-84233
-59740
-47151
-38624
-46930
-94183
-87746
-111913
-55360
-21620
-22566
-38726
-62112
110069
-119021
-45109
51794
-25028
-96458
-87099
-73920
-52703
-128762
-82197
-60617
-49376
-85999
-13813
-11023
-63131
-89625
-51337
-39583
-916
-110303
-92765
-68380
-84675
-75621
-71368
-60995
-63969
-103551
-94328
-102065
-39143
-11987
-41119
31971
-4803
-55539
-121154
-59688
-130749
-61045
-58670
-66591
-68593
-47111
-126974
-110405
-66795
-89010
-52104
-110651
-62956
-75509
-33436
-85513
-34411
-120068
-128408
-104346
-94727
-64956
-70559
-45127
-102379
-62338
-18775
-77233
-59842
-52444
1341
-67597
-86881
-49514
-51026
12377
-51886
-38216
-108076
-69122
-54076
-103026
-87844
-10771
-12464
-51664
-79909
-37161
-21195
-61170
-77539
-128105
-38656
-52535
-55250
-68657
-47285
-45754
-76545
-33441
-84135
-69177
1532
-72002
-129306
-28414
-79442
-70861
-71744
-98558
-58726
-140835
-26713
-64349
-62646
-52835
-63646
69620
-28384
-20546
-51477
-66179
-57959
-77918
-61006
-77879
-54378
-59575
-93191
-55856
-62532
-59915
-37456
-100454
-116626
-71557
-41569
-58027
-117871
-28615
-65310
-71092
-95854
24937
-43538
-69488
-94028
-67901
-86421
-130876
-42307
-64993
-59553
-19452
-71991
-16584
-125611
-54578
-56977
-42283
-84359
-62752
-138794
-104948
-32345
-107189
-84143
-39110
-73094
-43833
-40752
30845
-67590
-118841
-78996
-58121
-69958
-15528
-69838
-77110
-48342
-67666
-47807
-64813
-130766
-70758
-42601
-71896
-69758
-8920
-69750
-92370
-109793
-69271
-69207
-122014
-112072
-38033
-28360
-35687
-73917
-81019
-40991
-45973
-78201
-102069
-57696
-112907
28455
-97579
-61935
-77632
-66318
-65222
-44845
-62645
-30756
-80319
-46634
68275
-150752
-102183
-71165
-32907
-47339
-77396
-48399
-90788
-123968
68728
-33748
-38028
-96283
-35344
-87998
-72691
-72275
-73583
-24211
-65222
-84294
-51760
-58791
-39814
-41370
-16013
-24886
-78139
28892
66005
-93506
-105550
-33792
-5789
-74788
-22382
-40607
-15906
-31121
-30007
-44428
-106321
8626
-184648
-28478
-43366
-60816
-52878
-16028
23235
-33227
-134372
-64464
-106812
-113417
-107726
-44970
-37698
-98630
-130966
-87968
-24935
-48512
-49520
-17729
32989
-79973
-29382
-70715
-35207
-66073
-56504
-51092
-32569
-74395
-145983
-64424
-64391
-36288
184
-91889
-16841
-34080
-111042
-73409
-66088
-93173
-83099
-107903
-25774
-73646
-1994
15826
-54253
-149825
-34631
-64858
-79230
-66028
104965
-60658
-71905
-64163
-26482
-103653
-64224
-100123
-54063
-83750
-108699
-67644
-14718
-91448
-15200
-103230
-112035
-50764
-56483
-110770
-22443
2013
-88244
-56370
-83092
-18348
95011
-95229
-115355
-91594
-29984
-104060
-129470
-84143
-19652
-83629
15061
-44095
-69159
146066
-65862
-60156
-87496
-92496
-103031
-6180
-27696
-109960
-26767
-82849
-20796
-95284
-15339
-71436
22542
-122527
83238
-110337
-100968
-74512
-56898
-86807
-60372
-35426
-55060
-111836
-69072
-48758
-137246
-94810
32038
-161400
-53883
-7711
53190
-93387
-22230
-113742
1015
-77657
-58722
-14213
-41535
-52952
-45794
-55977
-23485
-94121
-87993
-79792
-95677
-75989
-48797
-35368
-1952
-21160
-112128
-65059
-95818
-64928
-86151
22171
-66678
10457
-7693
-36174
-68344
42598
3918
-30464
-126015
-74309
-21516
-55979
-35430
-77057
-28506
-117162
-92956
-92624
-25817
-23641
-41779
-32146
-74694
-137412
-95063
-85075
-82341
-46204
-11396
-27058
-36667
-96868
-64460
-106237
-96082
-60687
-34747
-87128
-47737
-93286
-30617
-109982
-89974
-67723
-68783
-25698
-18257
-65351
-54601
-100282
-41770
83674
-113810
-81784
-69969
-73653
-93467
-5653
-49076
18329
-54205
-83664
-78056
-63870
-86411
-56781
-109882
-41806
-128202
-76128
-76525
-33469
-69154
-51304
-76480
-64940
-13390
-39819
-153943
-6062
-38512
-66625
-63638
-71668
-82505
-89353
-85765
20730
-90331
-21773
-76278
-59875
-1105
-48510
-77871
-42989
-54287
-43287
-49573
19685
-39542
-7079
-48914
-40827
-81477
70658
-46087
-95015
-37764
-31912
-68243
-70940
-59493
-79310
93883
-25830
-101908
-73511
-91468
-45458
-122976
-76111
-103278
-53581
-111144
-39801
-33263
-68485
-39841
-59453
-66241
-9639
-25531
34895
-75813
-88529
-47585
-69195
-43187
-45905
-55181
-9980
-66850
-15929
-72763
-53153
-89160
-18146
29166
-4657
-122949
-93255
-21511
-43205
-67267
-142980
-49346
34398
-60636
-74494
-66367
-32690
-153563
43763
-65855
-60237
-100184
44563
100873
-106516
-77368
-43538
-54717
3732
-64759
-47625
-73860
13761
-88962
-95507
-95114
-103726
-69827
-40461
-37060
31860
-96482
-83868
-52883
-61163
-40565
-20951
-43679
-57528
-89627
46805
-77812
-94639
-78213
-82336
-106639
-66125
-73235
-57068
-76436
-35975
-64312
-93967
-9834
-86460
-4775
-72677
21822
-49993
-15708
-92904
-78752
-39090
-105905
-47170
-109402
-64777
-81267
41853
-90203
32381
-66121
-56081
16866
29829
-42274
-70670
-82558
-52484
-43955
-20434
-28681
-80389
-82204
-81187
-109121
217405
-108122
-79893
5706
-32841
-66025
-69576
-56793
-15205
-20263
-75531
-63074
-97919
-25709
-56974
-44292
-54186
11459
-68817
-118631
-123057
782
-104366
79973
-58131
-116431
-92872
-78308
-1237
-26967
-115335
-102949
5788
-51459
-81356
-74780
-52642
-42209
-85084
-71194
-39771
-57598
-120633
-62816
-56800
-19006
-11949
-83847
-66137
-66915
-85981
-50547
-112213
-30503
-29965
3016
-68870
-94532
-55371
-26505
-49902
-48127
-124532
-21107
-49615
-58835
-71709
-27956
-79727
-85533
-73505
-73186
-7459
-98404
-65952
-84494
-99911
-118625
-57406
-83545
-74917
-62418
5371
-72416
-60663
-92128
-63970
-70617
-61852
-57670
-93393
-79656
-74413
-35427
-13682
-69720
-50168
-53750
-63545
-55133
-4615
4610
-48790
-81140
-18926
43681
-100014
-42416
-19452
-5010
-39862
-39934
-94116
-11997
-69814
-35768
-82775
-38304
-37235
-61678
-31260
-80577
-54787
-59467
-30398
-4211
-91526
35699
-118289
-21181
-95729
-45603
-62976
-112792
-19776
-53210
-42774
-70973
-74736
-71703
-62148
-71441
-77753
-69027
-38118
-43921
-43825
2467
37769
-54699
-125199
-48367
-82067
-58423
-37579
-73092
-56539
-90966
-110816
-60131
-76712
-47263
-10375
-64959
95866
-66339
-50307
46118
-58406
-122988
-8655
-1412
31377
-11172
-57453
-13525
-108626
-39971
23326
22269
-76038
-97761
-97936
-4302
-89903
-112982
-89335
-36032
-71636
-128944
-4131
-71609
-58583
-57033
9399
-107619
-96610
-45163
-60862
-106259
-88318
-29105
-46105
-54933
-84539
-6584
-38778
-133486
-56557
-68611
-50144
-89623
-186567
-144730
-67326
-26744
-111474
-12767
-113241
-94817
-80574
-76886
-49254
-10156
32846
40066
-26843
-79040
-95681
-42042
-16512
-115630
3567
-12708
-5665
-61800
-36589
-51789
-38764
-48659
-61612
-74425
-62140
-37624
-52643
-79903
-47873
-57459
-73252
41172
-99915
-79231
-108020
-67631
4998
1687
-81281
-84430
-12321
-55872
-50773
-53768
-95090
-63107
-80478
-89877
-12541
-147837
-106211
-35447
-93133
-52156
-56893
-70132
-127555
-76486
-43905
-46396
-26946
-71634
-79184
