0.0017361483
0.00183445
0.0016292168
0.0017330198
0.0013168873
0.001683222
0.0014958297
0.0017037597
0.0015024205
0.0013060762
0.0013064089
0.0020613573
0.0015311288
0.0013912987
0.0010506475
0.0024224832
0.0013037014
0.0020084318
0.002498716
0.0018127201
0.0012193987
0.0020102616
0.0017658037
0.0015785145
0.0013181655
0.002645795
0.001549087
0.0015324295
0.0015592291
0.0021821342
0.0020849453
0.0018375323
0.0015931941
0.0017216017
0.0018263838
0.0013353247
0.0012611562
0.0018138876
0.0015259627
0.001454344
0.0013669985
0.0012849156
0.0015114737
0.0031235048
0.0019462861
0.0013606393
0.0011424082
0.0020602073
0.0025481205
0.0013605648
0.0010523966
0.0015561301
0.001647513
0.0011839996
0.0027546587
0.0017892373
0.0015587562
0.002155862
0.0016566468
0.0018490256
0.0016495152
0.0012989375
0.001150362
0.0016549085
0.0014546871
0.0014653199
0.0015194882
0.0012072508
0.0016507532
0.002236628
0.0018929883
0.0021500033
0.0010174866
0.0014089848
0.0011118656
0.0013812982
0.0017146579
0.0014127073
0.0014489002
0.0013841052
0.0012772435
0.0016581841
0.0009085125
0.00118184
0.0018574769
0.0013841318
0.0012351116
0.0019879441
0.001108523
0.0018075397
0.0012581904
0.0011495764
0.0013011006
0.0012710333
0.0011723284
0.0014998862
0.0017659488
0.0019231882
0.0013573188
0.0014445976
0.0015880489
0.0013428815
0.0012906851
0.0015974712
0.001472092
0.0011822854
0.0027646166
0.0012936564
0.0012146513
0.0016776238
0.0017834692
0.0014772305
0.0016756968
0.0018043988
0.001140305
0.0016097174
0.0017951018
0.001021869
0.001938314
0.0017932509
0.0021425255
0.0020766102
0.0017837263
0.0014435264
0.0025104205
0.0013407624
0.0016566447
0.001959843
0.0015962579
0.0018119273
0.0019926406
0.0012866956
0.0016240658
0.0015268008
0.0013933618
0.0010485412
0.0012547727
0.0015084228
0.0019581425
0.0016237273
0.0012013579
0.0015299112
0.002214548
0.0013401323
0.0017135869
0.0028810697
0.0019213777
0.0018816037
0.0014019525
0.001088171
0.0014026503
0.0012037636
0.0014311025
0.0021518248
0.0012983087
0.001293318
0.0010960246
0.0019068028
0.0019724204
0.0016125914
0.0025148098
0.0016540497
0.0017596361
0.0019431106
0.0010726766
0.0022040037
0.0032875936
0.001201664
0.0021961427
0.0014659844
0.00113607
0.002083302
0.0018596273
0.0012548555
0.0014652286
0.001319147
0.0013013365
0.0014329716
0.0009408223
0.0025306172
0.0016125219
0.001674098
0.00201573
0.00142443
0.0033669518
0.0016098625
0.0024113285
0.003034713
0.0013728212
0.0016346644
0.0018327145
0.001155292
0.0012417893
0.0012748612
0.0017143744
0.001537816
0.0019664639
0.0010924268
0.0015851883
0.0015673919
0.00136247
0.0015253775
0.0016183284
0.0016255296
0.0020179788
0.0015518399
0.0037797214
0.0015774752
0.0013457588
0.0010671281
0.0017903328
0.0016808953
0.001169475
0.0030760362
0.0017363201
0.0014110246
0.0014474099
0.001268717
0.0013031582
0.0018748489
0.0013444127
0.0010290337
0.0014073778
0.0023005363
0.0011384535
0.0015898717
0.0017551794
0.0027506398
0.0016052146
0.0015309294
0.0018563062
0.0022893976
0.0015109964
0.0014154273
0.0020418402
0.0012346193
0.0025268057
0.0018667086
0.001270608
0.0020641251
0.0016966126
0.002113121
0.0010345895
0.0016292688
0.0009036622
0.0021719902
0.0027107042
0.0019137465
0.0016104779
0.0014575659
0.001623126
0.0017574949
0.0014248941
0.0019002203
0.0019989067
0.0013962145
0.0015239249
0.001146778
0.0013660304
0.0022795333
0.0016444889
0.0025241463
0.002230462
0.0024251426
0.001408473
0.0016081587
0.0009922326
0.0016141153
0.0012326286
0.0020601253
0.002237164
0.0017597331
0.0010620315
0.0013507898
0.0017348807
0.0019297147
0.0016812439
0.0014827949
0.0013840627
0.0013757773
0.0016378827
0.0019932135
0.0014782969
0.0026297537
0.0010520737
0.0017485117
0.004254268
0.0016722836
0.0018646413
0.0013383969
0.0018673199
0.0015327092
0.0013597375
0.0017200237
0.0009106016
0.0017776928
0.0016723784
0.0015213814
0.0014685179
0.0013776185
0.0019386134
0.0017373352
0.0016443287
0.0020208394
0.0024770272
0.0018109442
0.0023383435
0.0014455833
0.002009469
0.0015966824
0.0016218005
0.0015300033
0.0015249966
0.0012236746
0.0019958655
0.0013396117
0.003077873
0.0014664932
0.0013988469
0.0017205634
0.0014515236
0.0022847906
0.0014497391
0.0013055796
0.0014887174
0.0017521742
0.001298224
0.0020610418
0.0013698989
0.0019322581
0.0023599488
0.0013287168
0.0016171645
0.0012511341
0.0014950214
0.0012650791
0.0017877806
0.0018178566
0.0020053983
0.0014470409
0.0025238742
0.002230878
0.0013981246
0.0016518112
0.0018807155
0.0024705913
0.0013478509
0.0014010012
0.0015181083
0.0020467767
0.0014199811
0.0012751557
0.00079104933
0.002705574
0.0013553736
0.0021134822
0.00086543325
0.0016055828
0.0012814936
0.0022053034
0.0018475088
0.0013786178
0.0024279929
0.001788144
0.0017622021
0.001406545
0.0018453463
0.0018112833
0.0017991817
0.0014881488
0.0014323952
0.001512543
0.0021067974
0.0013180784
0.0014128193
0.0015719362
0.0009168101
0.0016453608
0.001317356
0.0020910762
0.0017571724
0.0013551245
0.0010888011
0.0011573937
0.0014696339
0.0017769227
0.0016542763
0.0019951595
0.0011879678
0.0013244888
0.0014459544
0.0020002383
0.0019158811
0.0016172463
0.00198193
0.0022934764
0.0014821903
0.0020048858
0.0021969264
0.0019133544
0.0014791222
0.0013581124
0.001959295
0.0013418477
0.0018647185
0.00158592
0.002444832
0.005919414
0.0024051568
0.0013760185
0.0012009153
0.0023199995
0.0015201546
0.0012257487
0.001429681
0.0017753424
0.0017347474
0.0019547092
0.0016482719
0.0010825258
0.0013979069
0.0014079891
0.0015332948
0.0022524965
0.0020150803
0.0018955824
0.0013293641
0.002213966
0.0014121431
0.001243988
0.0018599048
0.0021500378
0.0022315339
0.0014436445
0.0022282558
0.0024137069
0.0023052834
0.001368709
0.002839892
0.0011230229
0.0011896827
0.0016366579
0.0009715235
0.0016659591
0.0016828907
0.001673914
0.0016074571
0.0019795357
0.0015740369
0.0014223098
0.0023811033
0.0013775555
0.0020509558
0.0016077383
0.001433615
0.0010918494
0.0019273319
0.0010274521
0.0029452664
0.001686103
0.0013797695
0.0027451047
0.0014216824
0.0017954856
0.0010833039
0.0018241896
0.0019373313
0.0020938437
0.0016205184
0.0020504291
0.0016445118
0.0009534495
0.0018547806
0.0013418869
0.0022471682
0.0025040507
0.002082091
0.0014910719
0.0022641728
0.0012211124
0.0012142009
0.0013406357
0.0010857687
0.0014542011
0.0015319245
0.0017555247
0.0017449165
0.0012527246
0.0016718155
0.0018357894
0.0014597381
0.0016340982
0.0019616054
0.0012809852
0.0021548257
0.0019291961
0.0018753003
0.0028688412
0.0009152562
0.0017194977
0.0009814856
0.0014079999
0.0016147464
0.0016471478
0.0014528921
0.0022104878
0.0019507686
0.0017910368
0.0011460178
0.0017017428
0.0011958065
0.0020260217
0.0014488593
0.0013633781
0.0018934219
0.0012435103
0.0021746794
0.0016822811
0.001504388
0.0019466553
0.0013290169
0.0009282745
0.0013754842
0.00165872
0.0012649549
0.0013591669
0.0026069325
0.00241073
0.0009790167
0.0015563909
0.0015168679
0.0015985544
0.0013543229
0.0018951058
0.0017485262
0.0017201551
0.0017351964
0.001520735
0.0013236217
0.0014808205
0.001235221
0.0015030999
0.0016472113
0.0011304556
0.0014148063
0.0017820781
0.0016613159
0.0011598024
0.001530696
0.002175115
0.0015657744
0.002016595
0.0015283166
0.0025538597
0.0011691586
0.0015359742
0.0011191114
0.0015986004
0.0021341664
0.0020525896
0.0018020432
0.0015095838
0.0022394483
0.0009917173
0.0013502814
0.0014818666
0.0012988212
0.0008716263
0.0023421429
0.0012899785
0.0014019556
0.0015298991
0.001557618
0.0012298868
0.0018046236
0.0014034163
0.0016232975
0.0018140842
0.002551704
0.0012935678
0.0016774553
0.0018073132
0.0011701564
0.0016188924
0.00093864434
0.0019372216
0.001436008
0.001727718
0.0014743089
0.0016330067
0.0011853479
0.0024551617
0.00213791
0.0016922883
0.0021099711
0.0016097618
0.001174984
0.001094627
0.0015905945
0.0010815958
0.0012593564
0.0016930761
0.0025199305
0.0011551426
0.0018171369
0.0022727223
0.0013246802
0.0015719242
0.0013270663
0.001296898
0.0019065276
0.0013839259
0.0020780491
0.0015141072
0.0013412039
0.0017328744
0.0017517981
0.0023614585
0.0012907108
0.0012539747
0.0018744511
0.0024417832
0.0012564979
0.0013795318
0.0017481899
0.001411559
0.0012620204
0.0019422084
0.0019048885
0.002283338
0.0017824426
0.0015284888
0.0028618444
0.0016522266
0.0011933647
0.0013500412
0.0013096653
0.000856571
0.0010964522
0.0019289434
0.0014550351
0.0020029955
0.0016492512
0.0013802222
0.0026614943
0.0015147984
0.0019481531
0.0013163198
0.0023312613
0.0011948763
0.001445117
0.0008839743
0.0020649065
0.0017176141
0.0016825302
0.0012291963
0.0014777986
0.0024586588
0.0026176323
0.0019771608
0.0011563813
0.001392483
0.0017333705
0.0014213005
0.0012623328
0.0018716524
0.0012914657
0.001557116
0.001972058
0.0015399137
0.0017907341
0.001304213
0.0018858197
0.0014511598
0.0010678489
0.0024596804
0.0025929217
0.0018696417
0.0017128082
0.0011520287
0.0016229224
0.00071034394
0.0020140628
0.0014266161
0.001551847
0.00295602
0.0019092365
0.001337862
0.0014227347
0.0013005522
0.0015068403
0.0016331022
0.001212299
0.0017674776
0.001770135
0.001994436
0.001774719
0.0014206583
0.0014398545
0.0015120584
0.0016466288
0.0013613733
0.0018582533
0.0038157774
0.0015724027
0.0018781747
0.0017530379
0.0015371576
0.0011062556
0.0015034069
0.0016326024
0.001647706
0.0016468696
0.0014006293
0.0010782937
0.0017017805
0.0010983892
0.0020820359
0.0010035194
0.0017752827
0.0014784399
0.0017574537
0.002735709
0.001239306
0.0017420782
0.001413105
0.001815947
0.0021419253
0.0013013474
0.0027746523
0.0022143312
0.0012956635
0.0016819119
0.001255119
0.0015267517
0.0010703163
0.0012801808
0.001621492
0.0013132372
0.0020503576
0.0018487155
0.0018486679
0.0019908377
0.0014121493
0.0010769162
0.0018110959
0.0013739575
0.0029649143
0.0018732878
0.0014297329
0.0014938696
0.0015015218
0.0011956118
0.0015881625
0.0012599669
0.0016241046
0.0012509474
0.001479147
0.002150802
0.0018504076
0.0013671716
0.0023519583
0.0013624496
0.001487038
0.0022150185
0.0014670644
0.001506536
0.0013831259
0.0011597528
0.0017798065
0.0019511007
0.0017133685
0.0010700487
0.0014106369
0.0023950732
0.0016011259
0.0015721162
0.0017023593
0.0031479397
0.0015265694
0.0015323665
0.0015994027
0.0012334848
0.0034077002
0.0012462675
0.0011486823
0.0027035896
0.001233599
0.0014377806
0.0010086393
0.0016966201
0.0017148558
0.0013955722
0.0008982839
0.0017931373
0.0017080505
0.0017081212
0.0016390418
0.0008557892
0.0013390941
0.0020352167
0.0017663942
0.0018502598
0.0017000041
0.0016329591
0.0013092584
0.0014567617
0.0015000787
0.0020974115
0.002930544
0.0012738782
0.00177793
0.0021073625
0.0012756917
0.0013801216
0.0024524075
0.0016070259
0.0014532643
0.0012081789
0.0014212825
0.0018656967
0.0011806543
0.0014905314
0.0014017255
0.0021602814
0.0018235111
0.0014154076
0.0013156909
0.0015593785
0.0017697152
0.0018981056
0.0014981221
0.002090239
0.0017157495
0.0015971613
0.0015370083
0.0016913498
0.001339529
0.0011961167
0.0017197552
0.0021234076
0.0009426665
0.0016851095
0.0015726704
0.0019053669
0.0012864618
0.0016711373
0.0019481987
0.0013854087
0.0016894902
0.0013234165
0.0017651113
0.0015513074
0.0014405649
0.0013884143
0.0019061706
0.001912186
0.002238523
0.0011524857
0.001423547
0.0015889353
0.0016037714
0.0014254512
0.0014734251
0.0011609483
0.0014803419
0.0018487992
0.0013746351
0.0024476075
0.0013262708
0.0013537644
0.00089300534
0.001929592
0.0013727034
0.0019850396
0.0015666333
0.002051133
0.0010221436
0.0015116349
0.002134668
0.0031732516
0.0017672047
0.0029557354
0.0014002975
0.0015972167
0.0014608457
0.0027890536
0.0015790218
0.0016185775
0.0022068666
0.0013463551
0.0017879765
0.001483743
0.0014960642
0.0011722271
0.0021851296
0.0019806945
0.0015635932
0.001323222
0.0019765499
0.0017890282
0.00178037
0.0013212784
0.0010659863
0.0021462769
0.0012028323
0.0014624735
0.0012487936
0.002189845
0.0018069487
0.0016111745
0.0042743357
0.0011905526
0.0015856999
0.001911971
0.0022260149
0.0006926065
0.0019119673
0.0012870166
0.0018056518
0.0013650787
0.00147735
0.0019492396
0.0011468214
0.0019725726
0.0011066109
0.0014345387
0.0014465549
0.0015939528
0.0021867119
0.0013565626
0.0012345229
0.0016792811
0.0014254231
0.0018704053
0.0018175639
0.0019212088
0.0015444513
0.0015763479
0.0017367622
0.0013843072
0.0013917413
0.0020303244
0.0013753772
0.001817246
0.0032034682
0.0014389288
0.0013220015
0.0010694582
0.0016744853
0.0014977317
0.0012546699
0.0012538307
0.0010616019
0.0012903842
0.0018350311
0.0014680771
0.0013125525
0.0011467312
0.0016670523
0.0014177794
0.0015665041
0.0013309001
0.0017005234
0.001281732
0.0012590012
0.002038936
0.0012468995
0.002148622
0.0016321782
0.001267903
0.001230746
0.0017004878
0.002390708
0.0016858419
0.0012722152
0.0010094218
0.0017195486
0.0013510374
0.0016705716
0.0012763652
0.0029356955
0.0012261152
0.0016085
0.0010748502
0.0012484109
0.0013935296
0.0038350439
0.002387178
0.0012294309
0.0014588095
0.0009731981
0.001984047
0.001403873
0.0011927054
0.0012156311
0.0019726246
0.0019032987
0.0010790975
0.0017836082
0.001185797
0.0017528269
0.0023803345
0.0017777047
0.0017047747
0.0016232764
0.0011963848
0.0012657499
0.0011078176
0.0012110997
0.0015505702
0.0015141534
0.0010533428
0.0026355302
0.0013383027
0.0014563653
0.0016442948
0.0013738723
0.0012381886
0.0028581342
0.0012718874
0.0011256895
0.0019152347
0.0018840961
0.001225256
0.0016577548
0.0014784103
0.0015409912
0.0014695555
0.00213958
0.0011059827
0.001929215
0.0012342536
0.001902854
0.0012710196
0.0012702364
0.001337811
0.0012228069
0.0017765461
0.0014317092
0.0013034382
0.0013441291
0.0018825536
0.0012602288
0.0017190714
0.001747714
0.0026192695
0.0014413277
0.0020061014
0.0027026257
0.0021304658
0.0017274438
0.0018214296
0.0018861768
0.0013820848
0.0014194236
0.0018617839
0.0016593245
0.0017852922
0.0016815363
0.0012692361
0.0012962262
0.0014628952
0.0013918914
0.0017122073
0.002251894
0.0018978139
0.0011580175
0.004875285
0.0013127764
0.001451424
0.0013286961
0.0027068353
0.0014673317
0.0010514744
0.0014348824
0.0015564341
0.0017675352
0.0013011787
0.0018942071
0.0015525847
0.001588848
0.0016119077
0.0015882596
0.0019656164
0.0015441678
0.0017121657
0.0017893846
0.001649455
0.0012950315
0.0016053185
0.0015000997
0.0015215018
0.0015732831
0.0016566537
0.001231037
0.0014725889
0.0020918623
0.0013532852
0.0017015552
0.0042745946
0.0019521485
0.0011674896
0.0012238086
0.0011240966
0.0010237485
0.0016940683
0.0013476313
0.0013553943
0.0018277456
0.0012217927
0.0014495685
0.0014741432
0.0015642804
0.0022045795
0.00133941
0.0020060586
0.003056268
0.0015435553
0.0019426721
0.0011745814
0.0024173236
0.0013709606
0.0010181625
0.0019448675
0.0015469532
0.0018963267
0.0017766082
0.0017880595
0.001564707
0.0023485944
0.0015978969
0.0015255349
0.0018900267
0.0020946388
0.0015862637
0.0017451257
0.0020828834
0.0017759074
0.0010929344
0.0012885986
0.0015216967
0.0022291183
0.001456697
0.001231311
0.0016430975
0.0024177597
0.0021802564
0.0015076532
0.0022377134
0.0013511631
0.0013102455
