-121
-101
-117
-112
-115
-92
-107
-113
-95
-114
-119
-106
-108
-119
-112
-119
-77
-91
-110
-122
-120
-110
-74
-92
-102
-60
-88
-84
-109
-85
-122
-113
-43
-127
-91
-117
-93
-123
-121
-104
-95
-113
-124
-59
-79
-112
-107
-121
-117
-77
-112
-109
-58
-108
-123
-113
-86
-124
-124
-116
-105
-109
-103
-116
-116
-105
-53
-124
-105
-115
-119
-114
-101
-75
-108
-114
-113
-119
-122
-117
-120
-105
-107
-80
-94
-50
-80
-97
-110
-122
-116
-114
-124
-109
-107
-121
-98
-120
-123
-120
-65
-125
-79
-117
-99
-79
-119
-121
-120
-116
-105
-123
-88
-114
-122
-94
-107
-98
-92
-124
-98
-110
-120
-101
-118
-121
-121
-99
-120
-119
-125
-115
-92
-112
-116
-113
-58
-108
-63
-103
-108
-119
-113
-67
-107
-114
-121
-123
-66
-108
-124
-123
-118
-87
-96
-80
-112
-118
-86
-115
-118
-112
-97
-123
-122
-118
-115
-17
-107
-77
-114
-120
-73
-94
-104
-119
-85
-92
-110
-106
-95
-93
-104
-67
-115
-106
-123
-123
-121
-114
-82
-122
-115
-99
-121
-116
-117
-125
-101
-117
-115
-115
-120
-124
-113
-120
-124
-69
-85
-117
-97
-123
-121
-120
-91
-97
-123
-117
-124
-107
-116
-61
-125
-81
-110
-92
-127
-120
-118
-112
-121
-79
-119
-59
-101
-123
-102
-99
-117
-117
-108
-125
-118
-124
-114
-126
-44
-99
-125
-96
-123
-109
-112
-68
-116
-77
-115
-104
-94
-107
-95
-23
-107
-108
-118
-106
-107
-75
-114
-126
-18
-65
-70
-109
-112
-119
-123
-118
-90
-121
-65
-120
-120
-97
-65
-122
-107
-87
-109
-98
-91
-118
-98
-117
-105
-102
-110
-93
-124
-93
-109
-87
-99
-120
-91
-117
-118
-116
-115
-65
-95
-119
-71
-84
-118
-116
-119
-116
-107
-72
-123
-109
-123
-115
-104
-116
-121
-111
-120
-99
-111
-85
-90
-89
-95
-111
-118
-97
-105
-22
-65
-112
-62
-83
-117
-113
-121
-81
-85
-93
-119
-112
-90
-115
-117
-90
-107
-103
-59
-118
-98
-121
-25
-110
-105
-104
-106
-123
-124
-110
-123
-122
-120
-119
-100
-114
-126
-124
-119
-109
-114
-102
-117
-79
-124
-117
-123
-95
-118
-112
-118
-122
-101
-123
-117
-120
-120
-93
-121
-123
-118
-114
-123
-70
-123
-108
-126
-117
-122
-53
-117
-111
-114
-117
-117
-94
-86
-120
-124
-71
-107
-113
-111
-99
-67
-114
-113
-103
-90
-112
-85
-101
-124
-105
-108
-119
-116
-125
-122
-119
-106
-124
-120
-52
-110
-115
-121
-89
-123
-87
-102
-125
-108
-125
-83
-94
-83
-102
-116
-126
-126
-125
-98
-71
-121
-127
-112
-48
-120
-118
-117
-113
-79
-113
-115
-102
-111
-51
-107
-91
-103
-126
-123
-78
-102
-68
-112
-108
-117
-103
-124
-53
-103
-123
-100
-112
-68
-119
-102
-108
-99
-104
-73
-119
-112
-118
-123
-121
-97
-119
-121
-121
-87
-114
-119
-116
-118
-124
-115
-98
-84
-89
-124
-111
-108
-121
-93
-56
-125
-81
-119
-125
-120
-119
-117
-46
-124
-75
-110
-106
-121
-87
-110
-81
-115
-95
-117
-99
-121
-124
-113
-110
-111
-103
-96
-120
-120
-120
-90
-113
-126
-36
-120
-96
-122
-40
-119
-95
-112
-121
-81
-114
-73
-119
-120
-24
-56
-71
-112
-118
-112
-128
-88
-91
-121
-114
-115
-77
-114
-73
-117
-122
-117
-125
-120
-110
-107
-122
-81
-121
-121
-86
-114
-73
-107
-112
-91
-115
-90
-89
-99
-121
-98
-107
-88
-118
-91
-93
-113
-55
-98
-37
-121
-127
-102
-119
-122
-86
-107
-121
-109
-122
-112
-87
-122
-123
-120
-60
-124
-123
-79
-106
-127
-91
-127
-93
-93
-118
-121
-112
-61
-117
-92
-121
-89
-109
-117
-108
-62
-122
-128
-76
-116
-123
-104
-124
-105
-101
-119
-112
-95
-102
-115
-95
-93
-101
-57
-98
-94
-107
-107
-113
-118
-121
-117
-113
-118
-124
-85
-91
-123
-103
-100
-58
-124
-106
-116
-85
-119
-117
-124
-66
-56
-119
-116
-93
-118
-93
-120
-118
-123
-123
-117
-76
-118
-118
-84
-112
-64
-95
-125
-91
-96
-107
-100
-102
-108
-93
-115
-119
-120
-122
-119
-18
-15
-112
-91
-69
-120
-124
-119
-112
-82
-89
-81
-115
-108
-122
-122
-108
-118
-123
-50
-91
-111
-112
-121
-99
-109
-120
-72
-121
-88
-124
-83
-120
-110
-91
-122
-121
-122
-118
-88
-108
-115
-112
-116
-111
-111
-122
-123
-103
-100
-117
-125
-121
-121
-124
-84
-115
-94
-118
-121
-119
-89
-111
-113
-97
-105
-114
-117
-123
-87
-123
-125
-117
-108
-86
-119
-89
-112
-68
-114
-116
-107
-120
-92
-115
-113
-119
-109
-126
-89
-122
-79
-118
-97
-121
-116
-108
-113
-116
-95
-93
-123
-117
-116
-98
-111
-101
-118
-118
-106
-96
-95
-111
-122
-118
-110
-121
-99
-119
-120
-115
-97
-115
-70
-126
-120
-67
-125
-123
-124
-127
-122
-121
-116
-119
-100
-117
-111
-103
-108
-95
-103
-87
-118
-122
-112
-121
-109
-99
-55
-104
-120
-121
-107
-93
-109
-121
-95
-100
-111
-93
-96
-124
-100
-90
-109
-123
-64
-117
-120
-108
-80
-127
-121
-24
-123
-96
-123
-115
-99
-96
-120
-107
-111
-55
-122
-77
-80
-117
-111
-120
-114
-121
-125
-95
-114
-114
-122
-83
-119
-45
-119
-123
-109
-109
-111
-106
-122
-90
-123
-122
-122
-126
-117
-88
-82
-122
-91
-117
-67
-117
-106
-76
-95
-118
-100
-123
-111
-73
-72
-120
-121
-123
-46
-121
-103
-123
-125
-91
-106
-94
-104
-93
-108
-103
-127
-68
-114
-117
-64
-106
-79
-91
-121
-122
-121
-84
-81
-100
-81
-121
-102
-122
-110
-125
-70
-121
-99
-120
-121
-122
-96
-102
-117
-122
-31
-105
-113
-64
-74
-119
-103
-107
-81
-117
-121
-81
-94
-83
-119
-62
-74
-124
-119
-70
-121
-113
-123
-113
-120
-113
-100
-115
-52
-115
-124
-126
-123
-119
-82
-104
-89
-127
-111
-86
-120
-89
-91
-121
-114
-118
-123
-85
-127
-105
-78
-124
-75
-120
-118
-85
-119
-121
-76
-96
-100
-82
-121
-120
-123
-82
-100
-103
-122
-116
-100
-126
-104
-123
-107
-127
-117
-84
-108
-123
-117
-113
-98
-127
-96
-62
-98
-89
-117
-83
-122
-101
-118
-95
-58
-117
-120
-45
-123
-112
-119
-123
-106
-107
-121
-108
-87
-102
-121
-82
-120
-121
-88
-26
-116
-96
-115
-97
-125
-92
-122
-26
-65
-119
-119
-120
-108
-113
-95
-115
-126
-108
-122
-90
-115
-101
-71
-124
-69
-120
-110
-80
-107
-85
-84
-113
-106
-118
-115
-125
-125
-109
-122
-87
-122
-120
-67
-34
-40
-109
-121
-89
-118
-87
-117
-70
-113
-99
-106
-117
-122
-100
-110
-124
-123
-47
-117
-126
-122
-65
-123
-123
-99
-93
-124
-110
-125
-120
-59
-118
-122
-126
-107
-112
-110
-110
-113
-123
-116
-120
-123
-56
-115
-119
-108
-127
-113
-62
-119
-109
-119
-73
-120
-107
-122
-117
-95
-85
-101
-106
-116
-93
-118
-112
-116
-118
-121
-123
-124
-100
-120
-103
-112
-26
-104
-128
-77
-127
-120
-104
-86
-110
-93
-97
-99
-103
-49
-28
-107
-89
-118
-121
-90
-116
-41
-123
-78
-121
-110
-120
-106
-115
-118
-123
-75
-120
-78
-113
-89
-107
-119
-113
