-97
-54
-128
-128
-71
-69
-128
-45
10
-109
-98
-92
-42
-69
-79
47
-126
-128
-50
-93
-95
-128
-58
-128
-6
-128
1
-8
-108
-119
-29
-63
-128
-122
-104
-128
-116
-117
-128
-102
-111
-85
-128
-87
-49
-46
-48
-118
-76
-105
59
-20
-53
-114
-120
-46
-117
-128
-128
-88
-110
-86
-38
-20
-93
-119
-89
-21
-61
-123
-51
-124
-128
-115
-126
-128
-128
-128
-89
-114
-116
-62
-15
-54
-103
-124
-128
-46
-128
-83
51
-128
-61
-33
-88
-94
-118
-128
-99
-98
-9
-1
-88
-128
23
-40
-118
-43
-91
-106
-101
-72
-128
-28
-128
-36
-80
-100
-73
-72
-21
-71
-79
-102
-128
-79
-20
-41
-115
-125
-30
-103
-43
-127
-127
-91
52
-27
-128
-75
-128
-23
-88
-103
-124
-45
-89
-114
-91
-125
-96
-122
-74
-96
9
-65
-116
-97
1
-128
-122
-87
-88
-128
-128
-118
-32
-56
-36
-128
-128
-5
-124
16
6
-128
-68
-107
-11
-111
-57
-18
-128
-25
-91
-128
-128
-128
-36
-107
-70
-38
-120
-128
-122
-128
-128
-73
-25
-101
-128
-101
-46
-96
-128
-128
-106
-91
-128
-128
-119
-32
0
-23
-109
-26
-124
-128
-123
-83
-49
-128
-107
-45
-80
18
-81
-123
19
-104
-88
-86
-93
-128
-101
-76
-91
-32
-94
-128
-23
-13
-63
-128
-112
-94
-128
-52
-59
-128
-117
-126
-36
-128
-113
-35
-128
-102
-118
-108
-122
-115
-77
-26
-103
-128
-92
-92
9
-92
-75
-113
-128
-128
-115
-58
-111
-54
-128
-128
-71
-126
-53
-120
-101
-56
-128
-100
-86
-80
-89
-79
-128
-88
-111
-54
-128
-26
-123
-122
-72
-87
-118
-128
-91
-118
-78
-128
-61
-86
-98
-128
-128
-125
-128
-59
-120
-105
-116
-95
-128
-128
-128
-118
-114
-128
-87
-97
52
-118
-128
-128
-53
-128
-100
-61
-77
-40
-128
-128
-128
-116
-61
-27
-104
-107
-128
-76
-128
3
-112
-128
27
-128
-107
-49
-128
-58
-7
-21
-116
-113
-73
-51
-128
-75
-29
-75
-128
-88
-128
-36
-104
-96
-92
2
-81
-77
-128
-69
-67
-101
-93
-102
-128
-89
-34
-128
-119
-67
-115
-128
-66
-103
-90
-128
-74
-58
-114
-13
1
-105
-128
-114
-83
-110
-128
-4
-85
-75
-46
-123
-128
-116
-74
-22
-126
-71
-128
-95
-115
-120
-58
-94
-128
-76
-85
-99
-15
-87
-125
-128
2
-69
-128
-56
-98
-93
-128
-20
-128
-71
-117
-13
-103
-62
-89
-22
-128
-128
-128
-127
-128
-115
-89
-128
-16
-118
-128
-83
-106
-62
-56
-128
-38
-104
-104
-104
-83
-54
-85
-56
-110
-119
-55
-107
-128
-82
-88
-86
-128
-114
-82
-128
-128
-83
-104
-94
-128
-59
-77
-62
-86
-115
-128
-45
-117
-71
-70
-56
-89
-36
27
-71
-30
-128
-128
-84
-128
-128
-57
-24
-84
-80
-128
-29
-108
-98
-128
-75
-128
-90
-107
2
-35
-32
-60
-128
-119
-96
-97
-111
-128
-45
-121
-59
-88
-127
-63
-128
-86
-23
-70
-128
-128
-105
-73
-128
-109
-67
-41
-78
-55
-128
-128
-100
-115
-128
-19
-128
-98
-73
-128
-95
-61
-128
-56
-14
-96
-78
-98
-110
-34
-73
-36
-28
-128
-78
-99
-98
-128
-128
-39
-128
-16
-65
-100
-15
-109
-78
-103
-26
-128
-128
-86
-32
-104
25
-69
-101
-119
-128
-46
-128
-52
-74
-74
-65
-86
-87
-65
-60
-89
-47
-128
-128
-128
-118
-128
-112
-118
-128
-128
-128
-128
-91
-108
-128
-39
-128
-62
-27
-45
-113
-128
-72
-37
-14
-106
-61
-128
-43
-36
-128
-91
-128
-128
-89
-115
-71
-48
-39
-59
-16
-65
-118
-128
-61
-67
-52
-67
-128
-64
-78
-106
-128
-128
-108
-128
-106
-63
-77
-128
-76
-92
-111
-97
-67
-127
-48
-77
-44
-128
-22
-59
-128
32
-58
-79
-128
-71
-50
-128
-10
-113
-128
-86
-128
-104
-128
-93
-117
-54
-89
-85
-84
-101
-128
-128
-51
-39
-128
-128
-123
-97
-36
-122
-62
-83
-128
-95
-103
-103
-91
-128
-55
-128
-87
-2
-89
-125
-105
-41
-128
-90
-124
-76
-123
-92
-71
52
0
-90
39
-128
-128
-128
-128
-128
-106
-39
-100
-86
-123
-128
-102
-128
-107
-123
-89
-101
-128
-122
-78
-128
-101
-107
-43
21
-46
-101
-121
-54
-80
-128
-88
-97
-117
-122
-88
-128
-67
-67
-72
-128
-108
-103
-128
-100
-128
-71
-128
-102
-93
-102
-55
-128
-80
-53
-84
-128
-44
-64
-10
-90
-80
-101
-104
-18
-103
-78
-107
-23
-83
-128
-116
-98
-41
-81
-88
-92
-20
-128
-98
-80
-125
-128
-76
-113
-87
-105
-128
-128
-128
-85
-61
-26
-124
-45
-116
-128
-35
-128
-128
-46
-114
-128
-78
-21
-75
-128
-128
-43
-122
-47
-128
-51
-82
-65
-128
-75
-128
-37
-128
-128
-64
-128
-101
-93
-81
-128
-124
-57
-79
-128
-94
-106
-103
-33
-47
4
-79
-118
-127
-82
-48
-114
-126
-128
-88
-128
-5
67
-41
-128
-128
4
-110
-84
-111
-40
-128
-45
-128
-11
-98
-98
-4
21
-128
-100
-45
-79
-92
-123
-49
-26
-59
-124
-128
-120
-126
-101
-113
-64
-128
-60
-100
-128
-24
8
-128
-87
-13
-105
-115
-72
-88
-128
-63
-119
-128
-128
-96
-5
-51
-100
-109
-56
-84
-128
-71
-88
-128
-128
-128
-64
-53
-90
-58
-65
-100
-128
-110
-128
-128
-128
-59
-128
-52
-103
-96
-61
-39
-128
-90
-86
-57
-77
-71
-128
-116
-54
-128
-128
-113
-128
-126
-67
-113
-31
-104
-108
-128
-128
-128
-98
-90
-128
-53
-128
-128
-128
-110
-128
-128
-99
-10
-6
-11
-128
-102
-109
-128
-123
-103
-34
-36
-84
-113
-128
-99
-80
-96
-98
-37
-109
-128
-128
-108
-59
-128
-87
-10
-102
-97
-128
77
-68
-121
-11
-99
-98
-108
-128
-54
-128
-66
-117
-82
-85
-128
-112
-121
-86
-56
-128
-80
-41
-126
-87
-45
-128
-116
-128
-128
-81
-128
-128
-75
22
-83
-128
-102
-114
-114
-66
-116
-104
-128
-128
-103
-128
-89
-120
-106
-34
-7
-128
-128
-60
-128
-128
-48
-51
-128
-128
-55
-91
-117
-61
-18
-95
-57
-116
-128
-27
-119
-67
-127
-21
-60
-71
-108
-128
-114
-46
-84
-35
-128
-101
-86
-23
-88
-68
-89
-95
-128
-12
-89
-10
-88
-81
12
-112
-128
-128
-90
-105
-82
-105
-26
-128
-19
-92
-119
-62
-80
-117
-128
-66
-127
