-428
1807
-56
-349
185
3938
5504
265
-35
99
-48
1863
-96
-6
-36
216
1307
-608
-225
-713
185
-32
-763
-74
-63
-22
-1751
1353
1798
106
-49
-77
-627
2046
1399
-907
212
136
-36
338
1362
975
4669
90
-205
878
-116
-372
2323
272
-242
362
7102
960
-352
-185
171
-74
227
-233
29
112
616
-100
-3
2623
-13
332
652
3
-655
513
33
-46
699
1358
-167
69
-208
-716
-518
-175
172
3232
-615
137
266
-172
186
4407
-4494
416
48
-639
-218
-1147
-1553
-63
-300
-231
-102
-640
-134
144
46
-531
5
65
3584
1645
791
-813
2438
230
304
392
186
818
104
695
-33
-93
4
3948
-91
-33
-144
857
-30
-158
-1610
1090
413
-6276
222
993
-281
1077
-182
-63
-43
-131
2393
1751
13
8108
-751
59
5362
823
5221
-197
-125
-70
235
-1926
-130
403
-34
-498
-167
103
-45
441
152
-653
329
3244
8875
188
1758
886
-744
-670
93
466
-55
3233
74
69
-34
190
77
123
-463
-206
-93
2857
-252
-39
-214
-279
61
-136
-60
5685
1961
-798
-47
1015
351
155
45
63
-698
47
2366
183
1482
2235
-66
2081
810
2692
-228
-1254
-5
-770
732
145
42
-241
700
-97
675
-467
-13
-150
-142
-44
-252
7554
1732
2544
-354
359
-529
-449
408
1088
-364
-23
175
-2928
550
3845
-41
-669
106
-397
655
954
95
-136
-52
1028
643
194
2141
-68
2614
-77
-181
-82
-27
145
160
-91
1304
-9
-1168
-67
54
-32
6355
386
148
-59
4736
215
-1099
-141
138
157
215
223
-295
-107
-6921
103
-55
-103
66
-176
-45
157
423
-85
454
-69
-579
4
-185
-355
-399
-351
-46
1197
-970
-91
535
-3142
-201
1778
-655
9621
-33
-813
-1773
-331
28
1262
-47
-115
61
-45
70
-391
-192
-63
4096
209
-87
-256
-361
-2418
-1100
-239
70
5573
124
101
301
-124
238
394
-245
-111
-101
-812
-283
-328
-231
-203
-597
-746
-66
1011
-5
97
47
-111
1113
76
-983
-108
-846
6318
-1033
-30
1670
4228
672
-36
4939
-33
113
-551
1360
-213
3217
-1792
4634
4282
-23
-7503
-553
823
3955
385
-884
-202
-721
119
-47
280
-617
-1127
-78
387
77
-381
-64
-5649
87
103
-82
-22
-143
2793
425
-36
372
-351
-3321
20
168
-309
-594
66
5303
952
19
3675
-19
1648
5063
525
2637
184
-251
-53
5942
-770
246
745
89
10419
-61
-115
-950
-209
9588
3643
-1361
-30
-166
17854
-78
-43
-1463
-56
-1824
-16
155
184
125
-589
2899
1210
-177
-97
77
347
-149
-256
476
98
-436
448
-198
-743
-977
369
-177
116
-873
56
4429
52
-342
-17
106
1935
-201
-1026
2392
7
-1533
56
303
-638
9302
335
107
-427
3151
13
258
66
5043
7
-71
-62
-142
-73
-581
-959
-519
-159
1124
44
167
-3251
-278
2800
309
6908
-160
202
16
108
-359
4
-205
-369
192
-245
-934
2195
2807
-19
-29
-403
-267
986
49
315
74
-6189
-62
2309
4181
1417
60
35
363
-111
3996
4
-231
5416
-285
180
-1107
80
-529
48
-393
-1083
452
222
358
-504
-38
29
91
-170
1076
163
666
-247
83
-53
-6
-925
