0.00010558
0.00024015
0.00010886
0.00012271
0.00017314
0.00020245
0.00012984
0.00012929
0.00015162
0.00017545
0.00013153
0.00014348
0.00012006
0.00015484
0.00018533
0.00019237
0.00013869
0.00014986
0.00017224
0.00020792
0.00012338
0.00020401
0.00023527
0.00015183
0.00023471
0.00009858
0.00020485
0.00012562
0.00015431
0.00019081
0.00013545
0.00008846
0.00009724
0.00011408
0.00014986
0.00014155
0.00019712
0.00011440
0.00017330
0.00025997
0.00017132
0.00021756
0.00014822
0.00013035
0.00011042
0.00019499
0.00014106
0.00019214
