-109
-39
-82
-3
0
-67
-97
-60
24
-47
-15
9
3
16
-52
-59
71
79
31
-123
-11
-84
-86
-65
-40
-128
-36
-38
2
-91
-106
-22
-20
-17
-68
-128
-13
-34
-75
1
8
-114
-20
-61
25
42
18
-72
-112
37
25
-8
-35
-44
37
-55
-79
24
10
-128
-48
52
1
4
-41
29
-38
-30
72
-31
-73
-24
36
-1
20
13
-8
-62
-78
-23
-89
18
-19
7
-128
8
23
9
-93
16
-52
-66
-40
-66
-33
-36
1
-100
-56
-44
-32
-55
54
-74
-25
-46
-11
-100
-23
-62
-16
-6
-117
-118
-40
-11
-21
-38
-128
-64
-76
-28
2
-69
55
10
14
-65
38
-32
53
-58
4
3
2
18
-63
-122
30
-76
-49
-11
-2
-68
-84
12
-13
-50
-94
-126
-58
-58
-64
-42
-6
-57
-9
-2
-24
27
20
-48
-88
-55
-9
-86
-82
15
-95
-63
-43
-128
-42
-74
-28
-39
-42
-18
-1
-35
-12
26
-52
38
10
-7
-38
-112
-24
5
-38
-73
-12
21
-52
5
-75
10
-100
-17
-9
-96
21
8
-6
-45
-94
17
2
-91
20
1
-57
12
8
8
-113
-17
53
41
-40
-28
-28
-15
-59
-40
28
-56
31
-44
-30
-41
-7
32
-60
44
-15
-6
-57
-9
-111
8
-34
-128
-26
-26
-9
-42
-60
-99
-104
25
-120
-66
-24
-85
21
-1
-33
-75
-115
11
4
4
-40
-42
-5
-53
56
-88
-16
26
26
-10
-118
-103
-20
39
-21
-125
-122
-78
-45
-123
55
-123
-126
-111
-97
-5
-32
-26
17
-93
-54
24
-5
-113
-89
-55
-25
-44
-48
6
-119
-69
-56
-17
38
-28
6
-15
37
-55
-13
-45
-18
-60
-94
-67
27
16
-33
-128
-113
-16
-64
-63
12
-82
-61
19
-18
-42
35
-67
-25
-57
-4
-62
-6
49
-12
-28
-118
-46
-128
-39
-128
-92
-128
-128
2
-1
12
-16
9
-23
-5
24
-5
-34
-2
22
5
-80
-10
-32
-48
-27
-51
-66
1
-83
20
-128
44
-128
-10
-39
-43
-79
-64
-40
-14
-22
21
-28
-47
-15
-16
-7
44
-25
1
11
-92
0
-9
-71
-49
-19
-7
20
2
47
-60
-56
-2
-102
-101
-58
-33
9
22
-69
-7
-128
-78
-68
-77
-26
-9
-128
16
18
-21
-8
60
-105
-121
-41
0
-123
-21
-28
-34
-41
-26
-18
-21
3
-68
-62
-128
-128
-5
-32
37
13
-65
-57
-54
5
-59
-90
-7
-27
-4
-39
-31
-51
21
-46
-14
-48
-10
18
-128
20
-128
58
-75
-14
7
15
-57
-69
32
-128
-28
22
-3
-128
-72
17
22
-3
-53
37
-73
-24
13
4
-10
-62
-107
-81
-50
-18
-26
-121
-33
-128
-75
-48
-128
36
-50
-67
-60
-44
-74
-37
-125
-85
-80
-92
-28
-43
32
-72
-94
-57
-71
-32
-65
-22
-96
-27
-54
-14
59
-67
-14
-69
-103
-43
1
17
2
-109
-26
-57
-20
6
65
-77
0
-80
-14
-105
-51
-128
-33
-12
-111
-36
-42
-12
-64
-5
-51
-122
-52
-128
-87
-111
-90
15
-81
-115
-4
-71
-1
-66
-30
-80
-83
54
-61
-44
-45
-53
-83
7
-36
-51
-30
-70
13
-11
-42
-55
-128
-128
-21
15
-128
-57
-68
-1
-84
-117
-113
18
-65
-24
-27
-68
-62
-10
-84
-29
-16
-9
-29
8
-72
-29
-70
-87
-1
-15
-23
6
-112
55
-103
-66
-86
5
-123
-84
-52
-44
3
-66
-43
21
11
-37
-30
-85
24
-128
29
-77
-98
-56
8
-68
-28
-79
-32
-41
-52
-56
-3
-33
-62
-41
-53
-8
-70
-28
-96
-7
-11
-128
-38
-4
