0.02323695
0.00459433
0.01836451
0.02735673
0.01892809
0.02301629
0.02354118
0.00272837
0.02506195
0.02482586
0.02134536
0.02530460
0.02683599
0.00469537
0.02280794
0.02651613
0.00589465
0.02724672
0.01823107
0.01547552
0.02234592
0.02255474
0.01537915
0.03266600
0.03987703
0.00667108
0.00404796
0.01709567
0.02037136
0.02310206
0.01717712
0.00720661
0.00499718
0.02166913
0.00354704
0.01261297
0.02014446
0.02202630
0.02216641
0.02081710
0.00987384
0.00346401
0.00440994
0.05437564
0.01970513
0.02137449
0.02117427
0.02143523
0.01709557
0.00527272
0.00413767
0.02605747
0.02291925
0.01515032
0.00678377
0.02051610
0.02707589
0.02484749
0.01912952
0.00833218
0.02395228
0.01009625
0.02618560
0.01946706
0.02564755
0.02296845
0.02098308
0.02471691
0.01863254
0.01771047
0.02090240
0.02071099
0.01442172
0.02278274
0.04233554
0.02330374
0.00732643
0.03717941
0.01965295
0.02057827
0.02391678
0.01251990
0.02604680
0.02616591
0.01101057
0.02395047
0.01883210
0.01812826
0.02047435
0.02560419
0.02156042
0.01980995
0.01470542
0.04591266
0.02006606
0.02356945
0.01511682
0.00839685
0.02309167
0.02727445
0.00748586
0.00772400
0.02280786
0.02124272
0.01416020
0.01954481
0.01089357
0.00394179
0.03091582
0.01790506
0.00516839
0.05181687
0.01835794
0.00434464
0.02246169
0.02738906
0.03473510
0.02443363
0.02426532
0.00433639
0.02100571
0.00909951
0.03264293
0.00838645
0.01850934
0.02207277
0.00963051
0.02662201
0.02787807
0.00539362
0.02300864
0.01464363
0.02558072
0.00230349
0.01131013
0.02139313
0.01360602
0.02443468
0.02022996
0.00407891
0.02175885
0.02305884
0.01536204
0.02692299
0.01710858
0.00476662
0.03012036
0.02545585
0.00790352
0.01702248
0.01984472
0.02633737
0.01623722
0.02132192
0.02031299
0.00368598
0.02926503
0.08833665
0.02408252
0.00894388
0.02405576
0.02437828
0.02534624
0.01496370
0.02112466
0.02843282
0.00793999
0.02021510
0.02093268
0.00790562
0.02136765
0.02132539
0.02382470
0.01993268
0.01777698
0.02569765
0.02044746
0.01021212
0.01921512
0.00325218
0.00548400
0.01499228
0.02717935
0.01889427
0.00572593
0.00476827
0.00703323
0.02756676
0.00479836
0.00483208
0.02054353
0.00377163
0.01114631
0.01175322
0.01151550
0.01045205
0.02395325
0.02837860
0.01826678
0.00399785
0.02054900
0.02471621
0.00659929
0.00680781
0.02029787
0.02526279
0.02232483
0.02469478
0.02999810
0.02582794
0.00612522
0.02591855
0.01756625
0.02741948
0.00770683
0.02384342
0.02249736
0.02492433
0.02829755
0.01061668
0.00923242
0.01942706
0.02329630
0.02019298
0.02355831
0.02164898
0.01027835
0.01385192
0.02042192
0.08733283
0.01946207
0.01570523
0.01635458
0.02260015
0.02264110
0.02262050
0.01585236
0.02747797
0.02107630
0.02455231
0.00787388
0.00482967
0.02326601
0.02290640
0.09189472
0.02259148
0.01976422
0.01983750
0.00998731
0.00956224
0.00566583
0.01518667
0.02725122
0.02768530
0.02181521
0.02414835
0.02291531
0.02372253
0.01310194
0.02769250
0.02376664
0.02302704
0.02597889
0.00829538
0.00341265
0.01396146
0.02025202
0.00338436
0.02300913
0.00571474
0.02848219
0.00868154
0.02078235
0.02310571
0.02185090
0.01637381
0.02736745
0.02116106
0.02472326
0.02449158
0.00583713
0.02864928
0.08429823
0.02188993
0.05098809
0.02493675
0.01500733
0.02803538
0.02660999
0.02137010
0.00635944
0.02167318
0.02909778
0.01467812
0.02098825
0.02063642
0.01198093
0.01811692
0.02544797
0.00393718
0.01274318
0.02396511
0.02433540
0.00830850
0.06201082
0.03749503
0.02291550
0.02151929
0.01212633
0.00748535
0.00629328
0.02567003
0.02396474
0.02888545
0.02522488
0.02302098
0.02047462
0.02039601
0.00765438
0.02744837
0.02656612
0.00304316
0.01802517
0.05315742
0.02045793
0.02135289
0.02865268
0.01615722
0.02701743
0.02619206
0.01683392
0.01299152
0.01927432
0.01902865
0.02429552
0.01766546
0.00773150
0.02538115
0.02065576
0.02255792
0.02391465
0.02156375
0.02147834
0.00545213
0.01587926
0.00377824
0.00425071
0.02315131
0.02644855
0.01978828
0.01699185
0.00795898
0.00736661
0.01679740
0.01870783
0.02964995
0.00897934
0.02333123
0.04931720
0.00365173
0.01828039
0.07352963
0.02536687
0.01790637
0.06320353
0.01460180
0.02616015
0.02423779
0.01907595
0.02021218
0.03609546
0.05147224
0.01778151
0.02034272
0.00358571
0.00679182
0.00839145
0.02108463
0.02795708
0.06226002
0.02625796
0.00560534
0.01687543
0.01733400
0.02111994
0.01658951
0.01977373
0.00792569
0.01027468
0.02484127
0.01954637
0.02465752
0.02485394
0.01315285
0.00387214
0.02000664
0.01039499
0.01998792
0.02471745
0.02469705
0.01669930
0.02254649
0.01375317
0.02242722
0.01894023
0.02335799
0.00503235
0.02523093
0.01917360
0.02636014
0.02014067
0.00657741
0.06906855
0.00452469
0.02380077
0.01963123
0.11080814
0.00929522
0.02364731
0.01896660
0.02008067
0.00873739
0.02772005
0.01995526
0.00589873
0.02925121
0.01779754
0.02299520
0.00551598
0.02200286
0.00452434
0.02065934
0.01312988
0.02224084
0.01855547
0.02031044
0.02150499
0.00569702
0.02141002
0.00358823
0.00765507
0.01964521
0.05115443
0.02055907
0.01400919
0.01559408
0.02291478
0.01161802
0.00872347
0.02675186
0.06358819
0.00648033
0.01339184
0.02038147
0.01852939
0.06063477
0.02520019
0.01896496
0.05587237
0.01972899
0.02657584
0.01879779
0.02069245
0.02502307
0.01225033
0.01868252
0.04197030
0.01389725
0.02593880
0.02231601
0.01812347
0.01768515
0.02498765
0.02581368
0.02035003
0.02386360
0.02672523
0.02397123
0.02152753
0.02291174
0.00980994
0.01658521
0.01757516
0.01903693
0.01819438
0.01626618
0.01958982
0.00373419
0.03200042
0.02412239
0.01717808
0.01350047
0.01584425
0.02267117
0.01704237
0.02736260
0.02364798
0.02473982
0.02310661
0.01404466
0.00676227
0.02473221
0.01781098
0.00682348
0.01557619
0.02370174
0.01609716
0.01998774
0.00208579
0.02228800
0.01724795
0.02363608
0.02423456
0.02157804
0.02502511
0.02212590
0.00857145
0.00339311
0.02049706
0.00490678
0.02169835
0.02326429
0.03075321
0.01830516
0.02183964
0.02444195
0.01813337
0.06035480
0.01722578
0.01585753
0.01998845
0.02069985
0.02298777
0.04039926
0.01645610
0.02204246
0.02620826
0.02866137
0.00839443
0.02348614
0.00564259
0.01505995
0.00644504
0.00859956
0.00389174
0.02150665
0.02072694
0.02760912
0.00548167
0.02231155
0.03299588
0.00998860
0.00349181
0.02368953
0.00798343
0.02491666
0.02449661
0.01096532
0.02735439
0.02440049
0.01939791
0.03448572
0.00245256
0.00449013
0.01826114
0.02055375
0.02542172
0.01951032
0.01862935
0.01576992
0.02993126
0.01510342
0.02200525
0.02397824
0.02153337
0.02197498
0.02545847
0.02080582
0.02409964
0.03796206
0.02217481
0.01639999
0.01040957
0.02339674
0.00376709
0.01839123
0.03303065
0.02477388
0.02320622
0.01278541
0.01156415
0.02601524
0.02367759
0.02549113
0.02614546
0.02272685
0.02601483
0.02476783
0.00438003
0.01890896
0.02291863
0.01590179
0.01980004
0.02348948
0.02288244
0.02080684
0.02505064
0.02091097
0.03218400
0.00323165
0.00390462
0.02272336
0.04731978
0.02492553
0.04925082
0.00770190
0.01945717
0.02168579
0.00838685
0.02374716
0.01816083
0.01722283
0.01292938
0.02853438
0.01579916
0.00403881
0.02546524
0.00364596
0.02146300
0.02409305
0.02119473
0.02360067
0.02528807
0.01801405
0.01486771
0.01780040
0.01129345
0.02247194
0.00395091
0.02452105
0.01971542
0.01699402
0.02279049
0.02301503
0.00679273
0.01872305
0.04708538
0.14941275
0.02255061
0.02841693
0.02428058
0.02431778
0.02410434
0.11267924
0.01671659
0.02366908
0.03646249
0.01658085
0.02251230
0.02344223
0.00392893
0.05800414
0.02761880
0.00681709
0.02625376
0.00625201
0.02713765
0.02591087
0.01813166
0.01667733
0.01600491
0.02440607
