-106
-43
-116
-123
-90
-92
-100
-65
-56
-89
-106
-75
-75
-62
-90
22
-112
-125
-78
-100
-97
-121
-70
-126
-11
-118
-11
11
-90
-102
-50
-47
-115
-109
-114
-120
-117
-108
-108
-89
-113
-90
-118
-120
-65
-62
-65
-109
-99
-107
56
-53
-84
-103
-108
-53
-113
-126
-119
-87
-110
-68
-75
-50
-104
-115
-109
30
-78
-109
-53
-102
-112
-111
-100
-122
-118
-120
-108
-114
-107
-68
-50
-92
-109
-119
-109
-89
-120
-78
65
-119
-56
-43
-96
-73
-122
-109
-111
-99
-33
-22
-94
-113
47
-70
-96
-59
-110
-103
-106
-102
-124
-47
-124
-59
-82
-111
-87
-96
-56
-78
-82
-100
-121
-68
-80
-15
-114
-115
8
-108
-70
-107
-112
-100
56
-78
-118
-96
-111
-40
-106
-113
-108
-94
-84
-102
-106
-103
-113
-100
-92
-78
15
-94
-109
-68
-8
-122
-100
-94
-100
-121
-117
-102
-53
-75
-97
-117
-120
4
-114
53
26
-118
-92
-112
-15
-116
-109
19
-122
-47
-103
-111
-120
-111
-37
-107
-84
-43
-100
-123
-100
-116
-111
-78
-92
-108
-125
-112
-40
-114
-121
-118
-99
-100
-125
-114
-110
-40
-62
-43
-106
-87
-109
-104
-109
-96
-92
-121
-97
-62
-82
33
-87
-107
-15
-113
-97
-94
-106
-121
-102
-89
-108
-50
-108
-121
-53
8
-90
-122
-94
-102
-125
-80
-59
-103
-114
-120
-59
-114
-109
-33
-122
-94
-107
-111
-109
-94
-90
-62
-103
-121
-111
-90
82
-104
-73
-114
-118
-118
-87
-70
-110
-75
-123
-116
-102
-113
-59
-108
-104
-96
-116
-89
-112
-62
-92
-73
-123
-117
-97
-53
-123
-53
-103
-112
-109
-100
-118
-117
-78
-114
-96
-110
-33
-103
-84
-121
-118
-118
-119
-82
-97
-89
-108
-104
-106
-122
-120
-94
-99
-126
-107
-82
37
-121
-123
-121
-56
-122
-96
-90
-87
-56
-123
-114
-123
-107
-70
-43
-118
-111
-110
-104
-125
-8
-102
-125
56
-114
-107
-82
-121
-89
-15
-26
-118
-109
-112
-70
-120
-84
-80
-33
-114
-78
-111
-37
-114
-104
-104
22
-94
-92
-112
-84
-107
-113
-90
-104
-127
-99
-15
-126
-114
-96
-112
-124
-84
-87
-103
-103
-92
-80
-107
-40
22
-112
-118
-100
-109
-104
-114
4
-106
-89
-62
-117
-114
-112
-102
-62
-114
-80
-121
-100
-112
-109
-80
-109
-124
-80
-99
-108
8
-87
-110
-116
-11
-82
-115
-62
-82
-103
-116
-78
-120
-80
-92
-40
-90
-103
-96
-80
-116
-106
-108
-120
-127
-111
-100
-125
15
-115
-123
-94
-110
-73
-70
-106
-43
-113
-110
-87
-102
-80
-80
-82
-80
-108
-89
-97
-122
-108
-113
-84
-120
-106
-112
-110
-125
-94
-92
-112
-121
-50
-89
-90
-92
-120
-120
-75
-103
-62
-99
-70
-97
-15
0
-103
-59
-108
-110
-78
-111
-116
-108
-11
-113
-68
-118
-37
-103
-104
-125
-84
-115
-100
-94
-4
-11
-59
-82
-120
-113
-94
-90
-119
-122
-78
-96
-84
-92
-119
-73
-107
-114
-43
-102
-120
-115
-111
-70
-121
-89
-96
-53
-92
-84
-118
-118
-113
-97
-119
-73
-115
-109
-87
-119
-102
-82
-111
-70
-50
-104
-104
-102
-110
-47
-78
-33
-50
-120
-87
-109
-103
-120
-118
-56
-116
-33
-80
-90
-56
-111
-47
-96
-11
-119
-124
-99
-15
-100
37
-50
-112
-100
-122
-56
-118
-75
-114
-70
-65
-92
-87
-62
-62
-90
-50
-113
-119
-121
-117
-114
-108
-114
-114
-125
-118
-118
-100
-104
-121
-84
-123
-68
-15
-47
-109
-114
-84
-56
-22
-92
-90
-124
-87
-82
-114
-59
-114
-116
-100
-102
-94
-62
-89
-56
-30
-70
-111
-121
-70
-70
-53
-56
-106
-80
-102
-117
-119
-121
-104
-126
-73
-84
-102
-107
-102
-84
-99
-116
-99
-102
-73
-100
-68
-122
-50
-80
-117
26
-68
-94
-115
-59
-47
-116
-11
-114
-110
-97
-113
-90
-119
-107
-109
-53
-103
-103
-99
-109
-118
-114
-99
-62
-126
-119
-119
-102
-62
-111
-87
-87
-125
-108
-114
-102
-75
-124
-62
-114
-100
-37
-80
-119
-102
-50
-109
-87
-111
-103
-112
-100
-97
68
-30
-118
37
-123
-119
-116
-122
-125
-92
-80
-104
-94
-109
-121
-100
-116
-103
-114
-96
-89
-123
-113
-87
-119
-112
-104
-84
33
-59
-94
-116
-43
-78
-118
-94
-102
-100
-102
-65
-115
-73
-111
-107
-126
-116
-96
-97
-100
-113
-97
-122
-107
-56
-89
-47
-124
-78
-89
-94
-119
-47
-47
11
-110
-89
-104
-102
0
-107
-84
-114
-26
-90
-118
-107
-109
-78
-99
-114
-97
-40
-122
-97
-96
-111
-116
-92
-114
-100
-107
-99
-114
-120
-97
-73
-37
-113
-75
-104
-107
-56
-121
-113
-73
-117
-112
-92
-26
-59
-127
-115
-43
-117
-68
-106
-47
-103
-100
-124
-92
-120
-82
-123
-119
-70
-118
-96
-75
-96
-119
-118
-84
-100
-112
-113
-97
-104
-40
11
40
-108
-116
-114
-100
-50
-106
-100
-117
-40
-122
22
89
-70
-120
-119
22
-108
-89
-97
-80
-113
-59
-121
-8
-82
-90
-11
15
-111
-92
-43
-89
-103
-96
-70
-30
-89
-108
-123
-117
-112
-96
-111
-70
-118
-100
-114
-113
-73
26
-113
-90
-56
-108
-87
-113
-82
-115
-73
-103
-123
-118
-107
11
-50
-109
-109
-102
-84
-114
-65
-92
-99
-121
-125
-84
-75
-112
-37
-100
-94
-117
-96
-118
-122
-121
-78
-104
8
-97
-114
-82
-73
-118
-92
-99
-84
-97
-87
-118
-102
-70
-120
-122
-109
-124
-92
-82
-104
-26
-100
-82
-118
-118
-125
-110
-103
-116
-92
-117
-117
-115
-94
-114
-122
-113
-50
-15
-53
-119
-103
-110
-116
-121
-109
-78
-37
-75
-114
-120
-112
-102
-107
-96
-59
-106
-123
-121
-108
-92
-117
-110
-47
-111
-87
-116
90
-80
-114
11
-114
-104
-114
-111
-75
-125
-87
-84
-80
-102
-116
-82
-103
-99
-53
-118
-90
-30
-109
-90
-68
-116
-100
-121
-120
-80
-123
-127
-56
68
-112
-118
-104
-115
-96
-90
-113
-102
-100
-113
-97
-113
-89
-75
-103
-33
-8
-116
-121
-97
-116
-111
-92
-40
-114
-109
-65
-100
-97
-90
-4
-108
-75
-114
-121
-15
-112
-87
-107
-80
-11
-75
-113
-119
-112
-47
-94
-82
-120
-100
-111
-50
-104
-59
-89
-107
-121
-8
-75
0
-102
-87
-8
-107
-127
-122
-100
-106
-73
-102
-33
-119
-43
-102
-114
-73
-89
-109
-122
-84
-121
