0.0019141558
0.002471166
0.0017532482
0.0029118625
0.0037353006
0.00065014994
0.0032973574
0.0014827641
0.0009998804
0.00059023465
0.001916863
0.0016598996
0.00067942176
0.0009869364
0.0011151666
0.002019596
0.001151844
0.001121478
0.0027994982
0.002907499
0.0012880608
0.0005321454
0.00068179605
0.0009734883
0.0013542856
0.0020055333
0.0031554725
0.00079767057
0.0003451736
0.0050658076
0.0013699525
0.00075038086
0.002237725
0.0018064675
0.0011606374
0.0016535922
0.0009364349
0.0015995961
0.00073228346
0.0028803032
0.0019429865
0.0011174495
0.0033917828
0.0014969496
0.0018996459
0.0009037339
0.0009201398
0.0010689532
0.000823769
0.0009923421
0.0010070476
0.002485365
0.0008053255
0.0010439877
0.00043356215
0.00042092608
0.0018834146
0.0012324003
0.0018845629
0.002021425
0.0010904862
0.001299002
0.0041807736
0.0018023618
0.0025976952
0.0025303566
0.00090354274
0.0013145185
0.0010286095
0.0018649825
0.0023072266
0.001268196
0.0032100014
0.00287695
0.00092339015
0.0018357019
0.0018918624
0.0010329135
0.0031571074
0.0010043025
0.0026886899
0.0016539269
0.0029630938
0.0019851648
0.0016776114
0.0009532811
0.0015403103
0.0015431943
0.0017519128
0.0014464923
0.0010376921
0.0012045307
0.0013046468
0.0013828933
0.002080292
0.0005735676
0.0026196353
0.00074749696
0.0018081905
0.0018117821
0.00054488867
0.0013070022
0.0010571122
0.0020038818
0.0011185254
0.0016327274
0.0013232538
0.0025345453
0.0014114067
0.00022456475
0.0012261035
0.0015546423
0.0011795725
0.001531481
0.00087366014
0.00039985895
0.00051624456
0.0014302004
0.0015436956
0.0034530538
0.0016277469
0.0005676946
0.0014747975
0.0021656838
0.0018622974
0.0015523491
0.0022816362
0.0008758727
0.002250122
0.0020236238
0.0024739038
0.0015202365
0.0015845455
0.002423851
0.0007261887
0.0012124676
0.003339847
0.0013342194
0.0008292107
0.001189996
0.0019120655
0.0017430271
0.0011630753
0.0019549618
0.0012831998
0.0018031776
0.00027988557
0.002076304
0.0014256823
0.0011703487
0.0011002035
0.0012998993
0.0011739453
0.0018278676
0.0007739327
0.0020185413
0.0009872508
0.001488043
0.0004772009
0.0014870766
0.0011585066
0.0011017184
0.003170606
0.0017030047
0.0020854194
0.0013110936
0.0005624583
0.0019831643
0.0012413233
0.0013185939
0.0026099596
0.0005155755
0.0033183938
0.0008478851
0.0021111837
0.0007033919
0.0009322291
0.0008723613
0.0013310405
0.0035435401
0.0032205284
0.002274027
0.0015545918
0.0015347878
0.0017466173
0.0018558397
0.00039116072
0.0017336495
0.0007173494
0.0010948124
0.0012707646
0.0029489384
0.0021667085
0.0015210117
0.0009702846
0.00072289497
0.0042099217
0.00075508887
0.0009957618
0.0014497477
0.0012686665
0.00079093117
0.0010937494
0.0010121474
0.0014073926
0.0025401318
0.003623363
0.002964341
0.000914722
0.00073999213
0.0011266192
0.0009852694
0.0031314024
0.0017288843
0.0013693662
0.00097407866
0.0018840539
0.0013061207
0.0010600206
0.0021617762
0.0021443923
0.0010929784
0.00089323916
0.00059447123
0.003254799
0.0012564583
0.0032579163
0.0013778342
0.0008987919
0.0013120159
0.0016713346
0.0011581773
0.0006835807
0.0010153173
0.0022545133
0.0007150608
0.0017393078
0.0017225049
0.0012676568
0.002358958
0.00075038767
0.0015551819
0.0033072634
0.0011226167
0.008298007
0.0011717941
0.0010070752
0.002404135
0.0012121919
0.0013824715
0.003015341
0.0022064652
0.0015844051
0.0012544824
0.0011879519
0.0011576674
0.0011479303
0.0008775303
0.0015164877
0.0012955312
0.0017694916
0.0026232193
0.0018204936
0.0007752304
0.0014097356
0.001319976
0.0019038251
0.0020032655
0.0016164089
0.0015591796
0.0018593327
0.001137137
0.0017885112
0.001748553
0.0010292736
0.0027410495
0.0011737664
0.0019263072
0.0015650678
0.0010385163
0.00067544467
0.0017136341
0.0013482148
0.0006499577
0.00073454494
0.00127129
0.0010031883
0.0010510634
0.0015820854
0.0011197565
0.0023227427
0.002257157
0.0031916795
0.0014831033
0.0020673894
0.0010884091
0.0013792454
0.002190061
0.0007852654
0.0020243607
0.0010525761
0.0009380822
0.0023787837
0.0011035021
0.0009638388
0.001010187
0.0016060265
0.0010303907
0.0012282035
0.0009127198
0.0017456363
0.00039818545
0.0010221337
0.0016454151
0.00859672
0.0023985973
0.0011147297
0.0020532547
0.0015377488
0.00076928746
0.0020089815
0.00084103644
0.0017251958
0.0007974906
0.002746489
0.0010566985
0.0038940911
0.0010681616
0.0007641342
0.001551437
0.001963931
0.0010247994
0.0016207055
0.001256602
0.0010716971
0.0010381758
0.0014131564
0.0017668467
0.001398979
0.0015458283
0.008697258
0.0008175542
0.0013481663
0.0007345508
0.0031163283
0.0025510686
0.0014477441
0.0017558425
0.0019865758
0.0011674314
0.0012077792
0.0016476171
0.0016456177
0.0026647656
0.00138293
0.0014038129
0.001803822
0.0016207007
0.0014475194
0.0014646801
0.0017464989
0.0007445737
0.0005941961
0.0017327759
0.0013418922
0.0028164277
0.0010391086
0.0014743531
0.00122959
0.0016989481
0.0023188854
0.001965266
0.0016344052
0.00076692796
0.001122583
0.002424675
0.0035464838
0.0012885764
0.0010505385
0.0009235103
0.0010262141
0.0010263333
0.0011886649
0.0011641872
0.0013271709
0.0014930689
0.0018083885
0.0022598424
0.00066918565
0.00096560095
0.0018513752
0.0017684842
0.0015452234
0.003014074
0.002162792
0.0033076585
0.0013031649
0.0006641487
0.0003823525
0.0003800982
0.0012713411
0.00133342
0.0020870643
0.00109855
0.0018655439
0.000675704
0.0020218831
0.0058179004
0.0007762286
0.0016334094
0.0010628279
0.003941815
0.0016872219
0.001382786
0.0020943203
0.0009966242
0.0012974989
0.0005423909
0.002674832
0.0013535726
0.0017645507
0.0015710209
0.0011024092
0.000993656
0.0013610275
0.0017917523
0.0012366682
0.0024838652
0.0006578798
0.0011362489
0.001956424
0.003170035
0.0011084985
0.003707678
0.0028630588
0.00223155
0.001973783
0.0026389824
0.0016671558
0.0034313707
0.0026252768
0.0010724983
0.0031429147
0.0016871106
0.0012760739
0.0018419003
0.0017358538
0.0022341348
0.0015366165
0.0031288078
0.0020501274
0.002987958
0.0012551474
0.0012778343
0.0020631978
0.0012870125
0.00027966526
0.00084538956
0.0015796951
0.003098474
0.0014019458
0.0019587963
0.0011741831
0.0016484188
0.0026680906
0.0023315111
0.0014837624
0.0018304237
0.002071359
0.00083933596
0.00082927593
0.0009988382
0.0006918694
0.0015459293
0.0026701584
0.00042972952
0.00076811237
0.0020588427
0.00069400587
0.0009329655
0.0020015324
0.0008383932
0.0022573145
0.002411434
0.0010734951
0.0012233956
0.0021574388
0.0017472502
0.0013296532
0.002097911
0.001005359
0.0027676714
0.0008798882
0.000985081
0.0042830515
0.0012363086
0.0020118447
0.0020601165
0.0052858004
0.0010183477
0.0011127546
0.0020283868
0.0023470146
0.0027192647
0.002193423
0.0006398856
0.00251365
0.0015895198
0.0015497123
0.0009998496
0.001051917
0.0020579027
0.0011953017
0.0011231555
0.001272812
0.0013846745
0.0026068606
0.0011902805
0.0009535925
0.0024011347
0.0010290893
0.0015660465
0.0012221053
0.0011318479
0.0011444672
0.0015580963
0.0012881669
0.0011279534
0.0049820924
0.001008502
0.001579236
0.0012854021
0.002578857
0.0021824914
0.002507752
0.001267065
0.0019084933
0.0021272283
0.0014348964
0.004027806
0.00088267244
0.0021536727
0.0019480193
0.001732478
0.0018987932
0.0009184554
0.0035379953
0.0013463135
0.0009823559
0.00086589507
0.0032643545
0.0032199777
0.001267631
0.002365206
0.0010675141
0.000883736
0.0013051744
0.0011365542
0.0017789413
0.0029537592
0.0021307042
0.0014405885
0.0021961874
0.0012879436
0.000993874
0.0009107867
0.0023801404
0.000724969
0.0015327892
0.0016128499
0.0021420498
0.001505478
0.002129801
0.0016010146
0.0018598431
0.0014431785
0.0012536417
0.0013162342
0.0053141993
0.0015227947
0.0002669628
0.0007391323
0.0003628489
0.0016811236
0.0053726286
0.0011843333
0.0028118382
0.0015470443
0.0042394693
0.0017851423
0.00095463323
0.001645555
0.0030284321
0.0024845598
0.0010196365
0.0015858366
0.0011260586
0.00091832096
0.0057010096
0.0025693828
0.0009747294
0.00093076023
0.0005772303
0.0014483719
0.0005271857
0.0019095222
0.0015477022
0.0027180633
0.0030323323
0.0010032153
0.0030432395
0.0012333175
0.001379877
0.0018058503
0.0010066675
0.001925962
0.0013316423
0.0020522482
0.0011195343
0.0022579934
0.00151761
0.0012259898
0.00093321246
0.00070906844
0.0010792528
0.0013473545
0.0007444768
0.0014776165
0.0017695196
0.0006303748
0.0014609249
0.000882221
0.004589676
0.0018666725
0.0013356864
0.011948713
0.0016973251
0.0042810175
0.001464185
0.001042411
0.0010557268
0.0016398665
0.0015668786
0.0012392652
0.0016887981
0.0027864845
0.0018712109
0.0017213252
0.0018528758
0.0010341486
0.0007651251
0.004684953
0.0022821361
0.002467444
0.0025722526
0.0008287985
0.000947545
0.0012709489
0.000500504
0.0029998852
0.0016246284
0.002500614
0.002769254
0.001855473
0.0013138965
0.0003783203
0.0024287307
0.0014195833
0.0037181287
0.0027611395
0.0012892248
0.0014602857
0.00057639834
0.00209479
0.0011530649
0.00085860817
0.0011859158
0.0018039189
0.0014523573
0.0013061427
0.001503997
0.0026782062
0.0027247418
0.00066592376
0.0024488743
0.007612906
0.0019447319
0.0005977656
0.0032979893
0.0029174753
0.0013004944
0.0019120841
0.0016159626
0.0011880227
0.0010986048
0.0010264452
0.0015602958
0.0014247962
0.00072752085
0.0012724946
0.0009084284
0.0019297777
0.0015259004
0.0003663061
0.0014153434
0.0012763769
0.00089259766
0.0019771084
0.0012470075
0.0014811634
0.0010361951
0.0041010696
0.0014378775
0.0013617865
0.0010959662
0.0024887885
0.0012396617
0.0007419507
0.0020914904
0.0015501163
0.0012081052
0.00083693856
0.0003978822
0.001795606
0.0009609245
0.0036456098
0.0006291256
0.00244966
0.0005447528
0.00049115665
0.0017441962
0.0017185773
0.00091336365
0.0020530643
0.0018781386
0.0020570639
0.002906699
0.0013970163
0.0012867186
0.0029308796
0.0018884861
0.00030457528
0.0006348267
0.0010874086
0.003635434
0.00087234227
0.0020492724
0.000948064
0.0013160768
0.0035497425
0.0018757712
0.0015872532
0.0011826771
0.0017557926
0.002183369
0.0011843
0.0015057359
0.0025843303
0.00032310438
0.0012200073
0.0011736699
0.00030475637
0.0014378858
0.000666801
0.0015340315
0.0015813542
0.0011619241
0.0011964639
0.0013496546
0.0051606707
0.0011236318
0.0014605526
0.0012151168
0.0007397771
0.00029214256
0.0024905542
0.0013887681
0.0008752459
0.0006668531
0.0013799239
0.0017908408
0.0010625959
0.0010051568
0.0006677566
0.0013765473
0.0007699942
0.0011721944
0.0008913293
0.003319054
0.0007452153
0.0016305805
0.0027370704
0.0021013564
0.0036259575
0.00035445596
0.0009259382
0.0015004086
0.0016281652
0.00047704685
0.0018330711
0.0021966663
0.0016488183
0.00097548636
0.0010103163
0.0030488626
0.001000227
0.0031286469
0.0016701422
0.002392929
0.0015140023
0.0007937605
0.00038993958
0.00070678454
0.0022616072
0.00071279885
0.00043330982
0.0005588649
0.0011100518
0.00091856305
0.0006522146
0.00022895652
0.0008707692
0.0018456153
0.0033075062
0.0012637848
0.0018237993
0.001738436
0.0010414744
0.0013858009
0.00079470815
0.0014976987
0.0013597526
0.0014428726
0.0016502215
0.0018899776
0.0010910841
0.0011413924
0.0015843528
0.0015280056
0.0012966275
0.0029270991
0.0014420082
0.00036860342
0.0019531718
0.0024464587
0.0029076173
0.000518448
0.0027063994
0.0015582643
0.0019576396
0.00134782
0.0019245077
0.0012524531
0.0014381728
0.0010050987
0.004701657
0.0012595038
0.0019987419
0.0027756018
0.0011011047
0.00093697826
0.002299434
0.002104546
0.0050174124
0.0033808246
0.00087381585
0.0012827197
0.0012642404
0.0015430547
0.0016220888
0.0024046896
0.01093356
0.0024369787
0.0011832943
0.00028220538
0.0010727976
0.0011958333
0.0014812587
0.0018614632
0.0013811535
0.0012542908
0.0015737882
0.00083683035
0.0012765331
0.0012779364
0.002039887
0.0018974964
0.0016948084
0.0015594588
0.0017064854
0.0020173746
0.0011531832
0.00079399213
0.0029521843
0.00071030954
0.000609634
0.0013662099
0.00094361685
0.00094591884
0.0009656478
0.00071703596
0.0036527026
0.0012982744
0.00069433986
0.0014765693
0.0030956045
0.0009001288
0.0009112403
0.0014496493
0.00096373714
0.0016951114
0.0010483366
0.0014257475
0.0016769287
0.0037697358
0.0012211498
0.0017621807
0.00022534274
0.0016143045
0.0010563822
0.0009962475
0.0015970363
0.00070336054
0.0015555996
0.0004958298
0.0008096219
0.003859697
0.0014165741
0.0017025858
0.0007658883
0.0015830597
0.0026085896
0.002332186
0.0017932003
0.0037499305
0.0018541829
0.0011523842
0.0011595254
0.0025617885
0.0016176866
0.0024231805
0.0008735784
0.0011065964
0.0018631053
0.0014170369
0.0029782578
0.0025210378
0.002108256
0.0017830923
0.0008124458
0.0024953026
0.0020019908
0.001245322
0.0029977355
0.0017717725
0.0015355772
0.0007495795
0.0018989003
0.0022921266
0.0024318323
0.0008714638
0.00086833455
0.00055347156
0.0016058214
0.002640027
0.0021790385
0.0011604683
0.00094699947
0.0022036897
0.0011400693
0.0012845638
0.0014131197
0.000548389
0.00063706056
0.0026289648
0.0007554888
0.0038692197
0.0011542371
0.0020897444
0.0031869095
0.0034383123
0.00054159976
0.0009860044
0.0009789098
0.00171799
0.0016933199
0.0016536576
0.0016062885
0.0006653794
0.0015372148
0.0024525777
0.0031253921
0.0014971653
0.0011918936
0.0026176441
0.005540919
0.0010609487
0.0011408157
0.002720433
0.0015428037
0.0020049983
0.0014446133
0.0015263726
0.001186529
0.0015120812
0.00156572
0.0009840019
0.0015897551
0.0019178097
0.0015872646
0.0011292322
0.00093812984
0.0017397929
0.0013217095
0.0012521459
0.0009557927
0.0007614001
0.00048057822
0.001771473
0.0005298217
0.0023605775
0.0018823982
0.0012137289
0.0017525104
0.00084431045
0.0013383845
0.0018235293
0.0035555088
0.0013406655
0.0021540332
0.000621761
0.0029532374
0.0011992297
0.0011513823
0.0010449038
0.004307133
0.0012185887
0.001813781
0.00086750434
0.00082367676
0.001990225
0.0009279904
0.001054184
0.0005750673
0.0008215778
0.0010846044
0.0007390259
0.0009907846
0.00093239243
0.0012107132
0.0006336759
0.0010871548
0.0012367974
0.0016930074
0.0027669468
0.001178984
0.0010065887
0.0020057673
0.0016342505
0.0023405529
0.0027990248
0.00056496344
0.0013319043
0.0019680168
0.0015805148
0.0029125873
0.0007643247
0.0018397291
0.00030317914
0.0008653812
0.0019705635
0.0015308472
0.0012618497
0.0008576927
0.001619078
0.00083615317
0.0009974318
0.0007027151
0.0019202565
0.0017688974
0.00161984
0.0016564742
0.0015463801
0.0017157573
0.0021214348
0.0010016583
0.0024105192
0.0017469635
0.0014608754
0.0011354364
0.0012050077
0.0013651107
0.00072764885
0.0016197206
0.0020360823
0.0039497297
0.0014835829
0.0015162228
0.0008146232
0.0023558899
0.0010952825
0.0010248366
0.001332767
0.00091177755
0.004986489
0.00069660734
0.0007663381
0.0004075234
0.0023224205
0.0014037414
0.00077952765
0.0008866978
0.0019807108
0.00096443004
0.0012103352
0.0024542508
0.0011156172
0.0017106928
0.0022709176
0.0020359738
0.0039472305
0.0025701213
0.0011611851
0.0009836205
0.0029367534
0.0032793146
0.0007309893
0.0014480693
0.0012570322
0.0017881602
0.0009966409
0.0017088922
0.0012728102
0.0010190102
0.0010445233
0.0012863685
0.0024490682
0.00020062055
0.0014203504
0.0023425107
0.001696339
0.0011561202
0.0017321331
0.0015086555
0.0011548122
0.0019592883
0.0014372905
0.0009806157
0.0013245994
0.0014980212
0.00087227224
0.0009891309
