1346440702
1320332986
1182987951
1397149513
1513437629
1118654548
1100329705
1185284399
1196565804
1157588632
1384096020
1745947403
1471128800
2146187332
1668095302
1249531626
1754042847
1827838098
1531690172
1766347776
1645295873
1206189779
1230388475
1828711544
2049506476
2025809501
1850661627
1300454782
1210715487
1447011899
2111405769
1807290202
1616326817
2041708997
1357709327
1578721891
1493711328
2100635213
1086688316
2127563063
1801440450
1667462857
1164555023
1994299710
1156851023
2096155515
1077927563
1455186946
1814435518
1193570818
1636723539
1599509326
1438509674
1530880262
1481316571
1632599500
2025831410
1938914749
1077036954
1637572885
1557773057
1409254338
1772122308
1829729591
1119714222
1265029819
2014603683
1747865187
1228549564
1569458687
1146190013
1307175059
1483860228
2060348602
1471081330
1721026435
1167688036
1139436872
1193680364
2084644429
1798617086
1389885157
1263739368
1160906048
1723651155
1537805756
1416275502
1799839619
1296032778
1170770659
1222125060
2009953823
1384258878
1412156575
1654997991
1725075252
