0.01843666
0.01807917
0.01619852
0.01913101
0.02072333
0.01531761
0.01506669
0.03245993
0.00819222
0.01585073
0.01895227
0.01195353
0.02014400
0.01469375
0.01142052
0.03421939
0.02401791
0.02502838
0.01048663
0.01209320
0.02252885
0.01651622
0.01684757
0.01252017
0.01403183
0.01386959
0.01267045
0.01780698
0.01657819
0.01981377
0.02891124
0.01237351
0.01106609
0.02795689
0.01859096
0.01080863
0.01022661
0.02876376
0.02975980
0.01456624
0.01233346
0.01141619
0.01594612
0.01365386
0.01584063
0.01435121
0.01475994
0.01992571
0.01242243
0.03268686
0.02241147
0.02190190
0.01969735
0.02096217
0.01014175
0.04471000
0.01386974
0.02654934
0.02949549
0.01121155
0.02133041
0.00964838
0.02426547
0.01252714
0.03066424
0.01732191
0.01379287
0.02393332
0.03364478
0.01074521
0.01569465
0.01789900
0.02031833
0.01410606
0.02014335
0.01178291
0.01598902
0.01560218
0.01634493
0.01427240
0.02462826
0.03806308
0.00865212
0.03179231
0.01180088
0.01052850
0.00969645
0.01232250
0.01774643
0.01603123
0.00836721
0.02752207
0.01895450
0.01933650
0.01133085
0.01181063
