1220513377
2000462941
1322630851
1220686398
1812595096
1869150546
1708291287
1417498820
1904143415
1335096876
1388757527
1095533306
1342989065
1601896776
1515509276
1933867637
1950616545
1381645174
1369299939
1662302569
1149423597
1897330056
1130321406
1650945403
1333914717
1776036336
1765676542
1846635426
1437021287
2022510503
1838627217
1161584738
1794848510
1778553069
1524736846
1645845368
2016186412
1216780423
1770736303
2130330727
2007869852
1872000122
2041404169
1267567836
1310508528
1821521741
1130583379
1462621205
1767072086
1701848898
2008781879
1472846708
1589686528
1916656264
1505340012
1386367530
1737419487
1376206389
1624444068
1319036747
1786384713
1317252734
1430908820
1674311219
1209416296
1310398735
1892548365
1660190883
1078264295
1764803478
1257087247
1427711717
1859445783
1850871760
1400590027
1232027721
1298439116
1860385272
1315099911
2072148841
1399917891
1964229808
1333895830
1504584677
1189946926
1347461301
1901928052
1572010313
1869542470
1169607573
1825034370
1595004239
1600014065
1236840090
1286231500
1671453027
1598161658
1790488899
1210428787
1290052375
1881273615
2118506597
1770007823
1806932064
1589344221
1589256659
1654589395
1536160445
1149427799
1859180384
1378703156
1200553996
1597891547
1658465765
1410144242
1433565278
1251934344
1321080761
1839927391
1831371873
1212535193
1827929318
1410127180
1116158500
1412416097
1622168669
1548322477
1660683229
1595809945
1108898125
1554202353
1638804253
1127795081
1177080458
1647595842
1790930460
1106467277
1393697448
2075786338
1583477969
1725842370
1888628914
1274001940
1508037172
1293699656
1405145325
1387883699
1701999912
1254122887
1169515233
1428585782
1902060943
1135662186
2095792501
1391064758
1502546504
1623158771
2146780832
1819784059
1647290079
1142621115
1099255309
1660848546
1951682133
1760731358
1915228803
1838898983
1117651579
1297193220
1481998918
1423240203
1249218483
1212258818
1423801306
1252112395
1439159254
1848888160
1485923568
1813221139
1366682376
1406613108
1272678210
1892763256
1260536699
1294952802
1775421966
1292097115
1735203594
1082408230
1207049537
1707547370
1892541277
1815648571
1860729489
1750531470
1374695160
1337965318
1840088014
1704942736
1579380298
1315667085
1802225286
1784875632
1964947316
1133456712
1236978444
1290758827
1179188986
2093707028
1256810515
2021521186
1716915479
1907297629
2141208333
1076233201
1266653686
1784961792
1240205576
1867482684
1799796793
1892232479
1139238204
1395927093
1920671468
1156857035
1327638503
1889050251
1204151809
1309189603
1446256984
1257143035
1562136243
1273893607
1168001907
1479372532
1364825810
1907286594
1165547269
1401153423
2114717694
1220889979
1436522660
1901182998
1695250452
1679401348
1412351392
1890020745
1540287147
2043963643
1116462565
1401480748
1704212410
1611266616
1140524138
1378060582
2135261650
1220158591
1407946939
1802920325
1491942171
1399530211
1339252313
1458024907
1344777297
1530982076
1894300859
1259037699
1914915484
1760748505
1294747248
1580593674
1500709631
1156232181
1750951237
1337198075
1792887278
1780920911
2068404555
1723020629
1486461583
1179353225
1872226707
1442616070
1545741145
1194621362
1166869980
1698677855
1586314047
1120651066
1222147454
2106780748
1908107113
1206909792
1461549505
1570552156
1202295158
1133131722
1218673788
1293612711
1257911077
1319528243
1236037364
1305424180
1808359951
1463145841
1157867192
1630114231
1383736793
1110548751
1768114246
1158180001
1158590006
1852236320
1205009967
1517668041
1128850992
1863574162
1240623560
1737874482
1124169042
1517832976
1852947462
1196522367
2137898669
1443937444
1866928159
1443053748
1207520639
1573403141
1544224170
1661134081
1346446815
1702897169
1788747673
1981902033
1426036724
1686006415
1963540227
1400595566
1423948297
1466745021
2135122011
1571589697
1296083499
1277397509
1169240644
1833831256
1115302371
1309039183
1303070006
1775325831
1185238747
1297635151
1489900424
1440421186
1558365133
1664227478
1404444157
1285009698
1916796158
1692116505
1596179841
1150125826
1452499265
1457193353
1202123113
1214967956
1088574973
1427710019
2090199004
1784094076
1449797647
1493236424
1417579250
1539473148
1476664824
1801400607
1473358407
1564597206
1279849325
1620698509
1733011978
1661258594
1142588444
2067237357
2088226206
1743421856
1907267749
1615252423
1074551214
2015154525
1656389553
1783480088
1923507334
1728210508
1719302029
1755876494
1301814441
1631869145
1629798748
1794280913
1115363999
1407651596
1256102557
1713751897
1775645431
1329777637
1104207263
1428271038
1361887188
1764476535
2036370278
1213052393
1631861420
1361768516
1293229594
1694471061
1345461530
1125526239
1515552908
2013578578
1187756032
2090581824
1336106460
1516138078
1405153236
1812009087
1273031969
2078503575
1669950101
1188774210
1318572049
1572599769
1285722983
1375362976
1312043763
1722165378
2018738357
1431464024
2071755134
1973224362
1281255502
1230746502
1392743656
1114458618
1201102982
1507341735
2089313780
2134985326
1691778017
1738807731
1151078366
1460623472
1412460133
1819251520
1464910908
2134714468
1730800839
2132220688
1729932104
1099745184
1975803105
1647822745
1739673453
1143214147
1411937907
1700581279
1082209233
1448075288
1833321560
1554695140
1952208773
1922619754
2014993579
1471211782
1989278087
1471920759
2111562694
1894947742
1118899165
1398754004
2064154893
1172107876
1512502405
1360351325
2023663610
1384508841
1528355456
1600723042
1605729005
1254083771
1706547570
2110923460
1927126921
1618778702
1812310130
1109305647
1133127690
1411427056
1201241369
1451914732
1784957123
1667557600
1718376017
1256732377
1995010981
2040194833
1407420257
1865544711
1226754596
1561952038
1302717257
1240601065
1133605095
1721954752
1112219635
1347976481
1427397974
1773808474
1198007934
1292476433
1263473560
1764331845
2132918766
2037445543
1663899602
1763858260
2065087251
1640237826
1832520395
1918830393
1436225216
1925671319
1556111974
1832801202
1160192250
1286034901
1818707733
1772483386
1227778153
1967377528
1195188918
1827227768
1415825143
1157920480
1875233302
2018488976
1364603958
2100516503
1553080825
1233872912
1824677165
1338757315
1765948860
1699007132
2105593092
1708150069
1632102054
1402378684
1080326339
1147856284
1866376010
1442888515
1346494097
1216154636
1586371771
1311868683
1427379468
2060599014
1172923450
1249617775
1302232403
1347044420
1364592286
1889866738
2029711477
