0.014378075
0.011783077
0.0077905273
0.057520453
0.021353005
0.005504812
0.0050310674
0.033397265
0.17945181
0.12582327
0.1308804
0.012905766
0.031641763
0.15096724
0.14282584
0.022781638
0.011489473
0.008138132
0.0040327082
0.0048956266
0.0135406125
0.1788097
0.006657791
0.03889743
0.031427965
0.08368932
0.010400144
0.021754012
0.008464307
0.011912941
0.17327738
0.0547355
0.010571972
0.010475989
0.008980967
0.0048471587
0.023751382
0.028668199
0.16687915
0.050192084
0.011826705
0.0110264085
0.003006057
0.0074661965
0.0077191247
0.021458164
0.106549345
0.01723019
0.020816728
0.040096752
0.0059160385
0.01735065
0.002340883
0.011289441
0.07093373
0.06532758
0.010233705
0.0040530483
0.01913652
0.0077693574
0.042088475
0.062070794
0.0084283035
0.15779178
0.11397878
0.007718478
0.044589765
0.01955763
0.012702331
0.020790003
0.007404464
0.008409472
0.17523938
0.08721567
0.032998882
0.007256859
0.06118427
0.08766396
0.06196935
0.024410639
0.0082457615
0.04627863
0.00785688
0.0044311336
0.028035983
0.007936783
0.044810757
0.018518832
0.04404773
0.0034445967
0.010749772
0.037579417
0.009424363
0.0072852047
0.06060903
0.009845151
0.009413452
0.084370345
0.02851855
0.060789075
0.011081031
0.0062391874
0.005212828
0.08514517
0.037446063
0.0046805
0.07796657
0.018096508
0.0033851655
0.005475449
0.008120803
0.028285893
0.009411861
0.039074615
0.016611993
0.016887901
0.0073741125
0.007781397
0.043349978
0.010787101
0.0071420446
0.08613459
0.016611792
0.006574369
0.13311005
0.15287772
0.018239781
0.01956343
0.1503936
0.104505666
0.004577262
0.004826422
0.013285821
0.00693321
0.038818512
0.010548894
0.052138288
0.008209122
0.04890698
0.1492314
0.08132411
0.08899484
0.015008189
0.008882603
0.12192188
0.002069138
0.008174878
0.08020062
0.0036935017
0.027554598
0.0021036551
0.011203472
0.053513993
0.0061722924
0.03277446
0.008850262
0.076485515
0.02528983
0.042875387
0.019405654
0.107683815
0.05179845
0.15652302
0.0114957495
0.010371016
0.011281033
0.010831437
0.0065831635
0.0019101738
0.13966773
0.004191567
0.0073581156
0.0071404167
0.008386439
0.05900129
0.00423845
0.1742444
0.004376175
0.005340095
0.016099997
0.13256316
0.014992595
0.089189656
0.11879651
0.06101999
0.08366037
0.060885426
0.010220653
0.025502296
0.11375573
0.020115506
0.044589598
0.021388976
0.08768018
0.16497499
0.0020242988
0.00788085
0.0054192203
0.16067858
0.018605653
0.015499019
0.08492338
0.01051323
0.09259107
0.0066762585
0.058288157
0.015205591
0.0069456296
0.012332301
0.007402834
0.09525691
0.0050564664
0.044937268
0.003153023
0.006339202
0.014921624
0.1682198
0.029220112
0.0109998
0.042404473
0.17832929
0.02684125
0.008222255
0.09050473
0.027256362
0.062560186
0.089014694
0.05674132
0.015422712
0.13629931
0.0074047926
0.002300314
0.0075034564
0.0137594715
0.069710106
0.016078126
0.005617126
0.013730555
0.008253039
0.024912115
0.057530046
0.00846137
0.044793203
0.004992661
0.009891968
0.008318997
0.17812085
0.009072561
0.09631443
0.05260928
0.008254967
0.0100381095
0.07592514
0.10748619
0.12987229
0.012577065
0.028747791
0.033172216
0.0053097582
0.14060481
0.008243478
0.12621489
0.008588022
0.12673558
0.14428404
0.08926211
0.05932762
0.0902335
0.010371117
0.015252576
0.018619947
0.14143108
0.10896656
0.16501455
0.0019690827
0.08448336
0.041959744
0.04873306
0.0050744466
0.017511038
0.006946597
0.088221945
0.06797809
0.018209372
0.056292232
0.027492274
0.02001102
0.07474934
0.006600831
0.1151786
0.09927446
0.08991268
0.02843564
0.06887026
0.0046254136
0.014163458
0.026697377
0.014356404
0.060956843
0.059274532
0.0077722524
0.014560953
0.061513416
0.042606227
0.0043090926
0.013640081
0.076813266
0.008150452
0.0065413266
0.08331602
0.013643766
0.006824298
0.08727997
0.0070977197
0.0089393305
0.0016622825
0.17562845
0.00730749
0.010236385
0.05297242
0.008940302
0.0054570925
0.11276362
0.05037039
0.13608071
0.17594454
0.033999357
0.007112508
0.01853524
0.036383003
0.0048921853
0.12689292
0.0802429
0.010536037
0.046695
0.008399606
0.009930873
0.046262383
0.13199605
0.0041936524
0.06911508
0.05030497
0.0092569385
0.030536635
0.03009638
0.055096257
0.0054007936
0.10510922
0.06168376
0.015350621
0.04182792
0.05585011
0.0152865965
0.14041239
0.008484333
0.018358087
0.07842073
0.008272422
0.060551457
0.04516106
0.0797349
0.07521423
0.02709777
0.0684438
0.017166248
0.11329145
0.007156374
0.0016029743
0.008409462
0.19698621
0.021017253
0.0021348905
0.008795424
0.13359664
0.0022669416
0.13916503
0.08488452
0.008678339
0.018431503
0.060308293
0.009546198
0.005103872
0.002446276
0.003365023
0.09741112
0.006150009
0.00513453
0.011234141
0.0023785299
0.0063292948
0.0059348065
0.019512849
0.01050501
0.011329795
0.1628714
0.08101592
0.04136968
0.03067166
0.01922399
0.0767984
0.16909806
0.026278757
0.066330515
0.007398664
0.08075439
0.0836709
0.25064394
0.052031793
0.016825533
0.008021754
0.041572303
0.09595662
0.057160728
0.019223899
0.008021055
0.12187758
0.07984585
0.015850008
0.053036373
0.017853744
0.0029650826
0.0034980455
0.049255572
0.007869901
0.1428851
0.0041382993
0.0053365254
0.0037491906
0.006121375
0.039345194
0.0140041765
0.062132962
0.002315722
0.015146267
0.06480903
0.03091267
0.081150845
0.0014863403
0.06745259
0.0122030005
0.011622637
0.060374554
0.0018123281
0.004101752
0.0065643564
0.11319531
0.035514027
0.003076606
0.0062877187
0.1594379
0.010241882
0.10848085
0.008603328
0.016639275
0.02143142
0.034514327
0.025147684
0.04077888
0.0062795766
0.020379206
0.0064776917
0.09310261
0.038823858
0.08197585
0.013467463
0.016633123
0.020033443
0.10199043
0.008529417
0.02159717
0.0045787133
0.022997703
0.022649134
0.04747466
0.06932556
0.09373757
0.008669871
0.012437474
0.0027903935
0.013181024
0.008238906
0.19453174
0.11046273
0.017817808
0.03205083
0.023839466
0.016309999
0.1440365
0.009428539
0.01891605
0.007386773
0.005025932
0.0031084272
0.02270223
0.03813956
0.010674824
0.013068009
0.013348641
0.016627105
0.028302088
0.008552032
0.16821936
0.07857765
0.16194457
0.05921899
0.005875482
0.0060085524
0.033159807
0.010988385
0.057806395
0.009200171
0.030692931
0.05845886
0.013354265
0.010142615
0.0065511684
0.03175927
0.004203812
0.04179217
0.028225906
0.0609033
0.029768322
0.020784447
0.02512653
0.048003644
0.03920264
0.020778868
0.024327451
0.009661288
0.005396933
0.011302247
0.008459618
0.18148066
0.009165772
0.08636416
0.013667471
0.030299883
0.010712507
0.0835219
0.0072318283
0.092705585
0.007039872
0.0107626915
0.008339458
0.10912567
0.04418181
0.023778507
0.032151025
0.006186205
0.009147918
0.014535455
0.005373834
0.03154206
0.041606992
0.020014899
0.024804624
0.010061303
0.15381387
0.008260256
0.0063633113
0.054088596
0.021986563
0.033995464
0.007931086
0.11461382
0.07475206
0.030908545
0.008407515
0.012137289
0.055269796
0.02944187
0.061363015
0.12694924
0.128603
0.044526584
0.005977678
