18282
41476
36315
-10443
-8214
27474
-6941
34817
28878
27896
-6767
-14395
25565
-1505
-6222
-1461
18100
-6737
-1422
-2951
8006
16291
-15229
-619
-11737
-8557
24565
33644
-11427
-12413
-3849
-6336
-1599
2799
21494
-10306
28139
3236
-5211
40505
10536
-16764
8572
25535
26497
-10460
21449
19302
-8268
3402
-214
-15967
7373
-1321
6494
-10855
13563
22269
-14831
35251
13612
-9295
-6477
-120
-6872
-13803
3782
-10522
31
8553
-7035
-7156
-18176
15929
14325
-7827
26142
-3377
-13568
16398
14274
-9730
1258
6375
-8706
-9001
38875
-17276
-3674
29134
33295
11036
36396
-10422
11160
-6745
35980
38275
-4933
14598
4909
7839
-6048
2882
40019
39434
12834
16530
-9725
-19613
-4448
-9149
-4410
14058
6600
4583
-1455
-4205
-5033
-12704
25370
23826
-3608
-8654
-3897
-3152
4170
2750
-1846
-19288
14600
-168
34081
-10348
-4656
-8160
-5211
1622
-6714
-19815
5874
19050
-4939
-7546
8120
-4701
-6091
-12633
18616
2486
-5692
7006
6167
18749
16783
2958
-7082
10151
18821
-8611
4074
21335
25725
40804
21102
4180
-4521
4932
-4168
-9610
627
17808
-838
-11813
2174
-947
4884
-13229
-15840
10415
-4397
1449
-2744
17076
28150
-2024
-9382
-7903
9159
2737
-9110
9699
40729
-10493
-6835
-24930
31273
15561
12902
3061
3205
-9097
-1432
-15664
-1178
24666
-8492
-5022
-5980
-23886
30974
40168
56011
1920
-3052
15519
44019
-1534
35879
5750
-1427
-5685
39399
19227
30849
31801
-5514
-17916
12155
14533
39687
-940
6917
-8055
-7944
24879
-14055
-7235
-14867
24716
-8807
14404
-7130
-4460
-5497
15645
-838
38051
-583
-7814
-6530
-6597
23422
3224
-9069
10881
804
4842
-12241
5634
-7176
-16111
25209
-964
701
-6238
-582
25999
21758
45852
-5655
-3669
-6854
-5941
-5005
-5706
-7048
16621
5407
-10581
29122
19134
27168
41036
-2864
-2064
1163
-9286
-16316
-13846
6515
46442
-10064
9286
-17311
-22644
-75
4802
-10815
-4470
14272
-568
2366
27671
44912
-7799
-5098
37679
-16258
6818
5151
17924
23202
-4895
26848
-7703
-10222
-8783
23036
12300
19504
-4650
40847
-20089
22095
-7479
11537
8377
4476
-7932
-4089
7630
-3916
-3237
631
9453
-767
3171
-6718
3577
-7418
10713
-10588
69989
-6348
18640
29457
21682
50265
28896
-27149
-16700
-4503
-19988
995
10152
-2079
22692
-117
-17426
6956
28485
-3839
1493
5444
21873
28422
9719
-14715
-6257
12165
5616
-4939
4390
1488
27253
-5408
-11279
10159
8223
6241
-14551
23900
-10197
