0.0013267441
0.0036072119
0.0014780544
0.0029606307
0.0020626157
0.0011902134
0.0016417913
0.0011696182
0.0011546704
0.0018793824
0.00065608387
0.002689852
0.0010338833
0.00096805824
0.0006028146
0.00048519496
0.0021139483
0.00088006316
0.0024348937
0.00079120556
0.000814943
0.00051925925
0.0011777031
0.00044044683
0.0018836792
0.0011917705
0.00079461496
0.0005031503
0.0021606623
0.0014294157
0.0008968021
0.0014048566
0.00010776515
0.0010936621
0.0022253098
0.0010269628
0.0006154634
0.0029268109
0.0019835285
0.0005211143
0.0034416355
0.00070462417
0.001483417
0.0007008417
0.0009699687
0.0010315214
0.0036968002
0.0020166074
0.0028801812
0.0020323696
0.0016152095
0.0008279179
0.0010647081
0.0010429536
0.0010663354
0.0017894844
0.0031470442
0.0015410725
0.002204465
0.0012818233
0.0023041975
0.0010806718
0.00079627323
0.0005460796
0.0015996204
0.0010362834
0.0010598243
0.0033934342
0.000630829
0.0015292807
0.001362095
0.00055990607
0.0006106752
0.00095116376
0.0006107945
0.00089640653
0.0030445259
0.00078123796
0.0023317852
0.0016041613
0.0028632446
0.0015129638
0.0012335939
0.0010939952
0.00299947
0.0020881218
0.00087723247
0.0013201339
0.0026138201
0.000862101
0.003679438
0.0014936222
0.0008103429
0.0027092937
0.0021270732
0.0030433664
0.0017949016
0.0029306994
0.004014086
0.00085198996
0.00059186795
0.0022193007
0.0033165754
0.0014761242
0.0018340384
0.002298992
0.0029267492
0.0023188477
0.00055800425
0.0009853003
0.0024666316
0.0015612767
0.0028472247
0.0018953341
0.0019760663
0.0010365407
0.0012495166
0.0014756985
0.0019565092
0.0018953136
0.0014933648
0.00027140565
0.0023769727
0.0015523958
0.0013656472
0.0020831448
0.0036657974
0.002797841
0.0012259738
0.00085773255
0.0017539738
0.0018658818
0.0017671635
0.000616956
0.0010759502
0.0023210603
0.0007219756
0.0012595373
0.0012444378
0.0010983122
0.0015560113
0.0013265029
0.0025258968
0.0012539824
0.0009574037
0.00063255115
0.0010797777
0.0025787666
0.0029124317
0.0018860458
0.001309809
0.00247194
0.0010207986
0.0005345301
0.0025142047
0.0020692877
0.0004886367
0.0005162003
0.0013292508
0.0013943907
0.00052685774
0.0017963345
0.0009544235
0.0023932685
0.0009538034
0.00089707784
0.00047749135
0.0011072272
0.0010811402
0.0015966272
0.0013958691
0.0016959198
0.0016197347
0.0009472408
0.0012721049
0.0019685093
0.001388163
0.00079814723
0.0023716951
0.0024432477
0.00022087886
0.0019204416
0.002216006
0.0011475828
0.0014847274
0.0012443429
0.0022414557
0.00022978924
0.0010087447
0.0014893854
0.0036406294
0.0021612304
0.0012741679
0.00091843394
0.0016823477
0.0012998304
0.0013858377
0.0018386109
0.0023303065
0.00037294446
0.0010442495
0.00066324783
0.0012742017
0.0012998958
0.0017541263
0.0017915927
0.0020310897
0.0010711796
0.0022879497
0.001764092
0.001364057
0.0007187828
0.0021928358
0.0021698624
0.001720909
0.0012265833
0.0018957998
0.0007032712
0.0012194056
0.0011837519
0.0022294207
0.0019102158
0.00047981058
0.0017856566
0.0014985297
0.0038043277
0.0013942255
0.0016683636
0.0015036236
0.00076900714
0.0011401704
0.0024307133
0.0019486061
0.0013113326
0.0012855415
0.0014758409
0.0012760778
0.0017632787
0.0012395123
0.0022613672
0.0010673266
0.0014438288
0.0013640957
0.0021215482
0.0012459195
0.0006302823
0.0009993176
0.0019980413
0.0011278656
0.0002971196
0.0009450408
0.0011028594
0.0009926384
0.0015533273
0.0014931691
0.001938793
0.002187433
0.0008190763
0.0008026303
0.0009299083
0.001204771
0.0012465651
0.0008565876
0.0018566583
0.0036364624
0.0007699191
0.0014205419
0.0011541395
0.0018326759
0.0015674054
0.0019195875
0.00065940135
0.0029562037
0.0029405954
0.0007962809
0.0005225925
0.00029931925
0.003073956
0.00078029314
0.0007434125
0.005001186
0.0002872819
0.0021102757
0.0025359835
0.0006806834
0.0010781968
0.00027389286
0.0012025625
0.0007969499
0.000654971
0.0014862572
0.0021849852
0.0010512687
0.0006465182
0.0008948999
0.003182511
0.001840606
0.00088878255
0.00046353182
0.0007118496
0.0009172939
0.0017028145
0.0015226936
0.0008720966
0.0033441659
0.0005860222
0.0014556258
0.00087538944
0.00156484
0.0013811536
0.00035642678
0.001714734
0.0012215319
0.001110493
0.00090508966
0.00086861453
0.0015911133
0.0015692152
0.0010170558
0.0018056763
0.0019015992
0.0014256721
0.0011078541
0.0004390208
0.0012604517
0.0007141559
0.0014171231
0.0013371694
0.00087623356
0.0012765641
0.0022871697
0.0013297208
0.0006985353
0.0034080546
0.00073313504
0.0025600174
0.0010483668
0.0014704516
0.0006242887
0.001424055
0.00042874072
0.00064655504
0.0009027574
0.0030266794
0.0012805808
0.0009082792
0.0025774448
0.000406544
0.0018482734
0.0019975929
0.001502412
0.0014043904
0.0024402956
0.00081168883
0.0014217336
0.0018451577
0.0019479289
0.001269711
0.0012107273
0.0016305082
0.0030075612
0.002290452
0.0013245405
0.001605377
0.0017861745
0.0020521134
0.00072552153
0.0005978363
0.0012835944
0.0013571648
0.0018203736
0.000459696
0.0027193476
0.00064979243
0.001041521
0.0016130632
0.0023468637
0.0010913457
0.0032187009
0.00048500282
0.0025441907
0.0017755816
0.0014446916
0.0011084998
0.0009957096
0.0025506625
0.0008780796
0.0016093818
0.0009018428
0.00043761538
0.0010232719
0.0007444024
0.0012598726
0.0017471251
0.00116622
0.00053968764
0.00018579139
0.0029065264
0.0014425006
0.0018746406
0.00044634135
0.0020940055
0.0009837463
0.0009136481
0.00040778416
0.0010478123
0.00036635046
0.0007831611
0.0009073705
0.0011744256
0.0012148548
0.001372702
0.0016643665
0.0011937307
0.0012228264
0.0018596543
0.0011868026
0.0049164407
0.0026970604
0.0011448307
0.0017284653
0.0023176754
0.00030840206
0.0014059916
0.0014874585
0.0022477496
0.0015311595
0.0013697755
0.0013389301
0.0021831787
0.0010403097
0.0010231627
0.0015160762
0.0015632316
0.003274954
0.0013157463
0.0017991209
0.0031603996
0.0012388927
0.001565239
0.0010842036
0.001110262
0.0016377952
0.0015249752
0.0011677197
0.0014418565
0.0006633488
0.0006549065
0.0019194268
0.0025347783
0.0015950053
0.0007448718
0.00079028483
0.000891086
0.0011062998
0.002694221
0.0016743034
0.0010469841
0.0020764377
0.0013037476
0.0014187683
0.0027181432
0.0016879985
0.0011583297
0.0015564705
0.0010679748
0.00068814296
0.001860362
0.0011160029
0.0014264587
0.0015085741
0.002594179
0.0010142868
0.0009167269
0.0036775349
0.0019381865
0.0009083648
0.00039925048
0.0020588443
0.0012546931
0.0016878537
0.00091520365
0.0031014676
0.0016168703
0.0018449213
0.0010977008
0.0005341489
0.0014858342
0.0013568017
0.0028039329
0.001222703
0.0015909972
0.00107096
0.0016576777
0.0021245654
0.0034257912
0.0015385856
0.0018584636
0.002249468
0.0004069791
0.0021975972
0.0007957521
0.002467453
0.0010298687
0.0010287516
0.001459019
0.0034595346
0.0025719746
0.0011615889
0.0002534232
0.0035191292
0.0017356785
0.0018214352
0.0007712788
0.0018145305
0.0021755558
0.00091917056
0.00096867356
0.00052529876
0.0010825562
0.0005323813
0.00070525764
0.0018222666
0.002154692
0.00050023035
0.0010338908
0.0007156972
0.0020859058
0.0038830675
0.0013821532
0.0018378221
0.0026549827
0.0009846647
0.004575678
0.0006319758
0.0020158722
0.00089940475
0.0027120176
0.0021453018
0.0011101124
0.0009258408
0.0004724456
0.0017704397
0.0025704287
0.0010944516
0.0006392257
0.0014838235
0.0020563973
0.00022415379
0.00080370856
0.0028410647
0.0009057515
0.0020333459
0.0026384688
0.0007661829
0.0013729783
0.002089842
0.0020786752
0.00318983
0.0023600915
0.0005952061
0.000542283
0.00030407362
0.00033902598
0.0006813333
0.0018285587
0.0010150482
0.001445264
0.0015599674
0.0022721011
0.00073332264
0.00036788
0.0023534435
0.0017281842
0.0006499604
0.0011928696
0.0025599357
0.0011008629
0.0013740067
0.001864591
0.00090819545
0.0017312192
0.0022394962
0.00057398085
0.0005898831
0.0015167802
0.0007513519
0.0019918543
0.00052592874
0.0018732112
0.0028842583
0.0009906715
0.0011560053
0.001804906
0.002272732
0.0009223589
0.00029255578
0.0029678761
0.0011722835
0.00059876754
0.0015259723
0.0007362163
0.0018482467
0.0020413978
0.0022816893
0.003926162
0.0011573252
0.0014339371
0.00045983942
0.0016236141
0.00077636837
0.00234984
0.0012600757
0.0004608487
0.001091202
0.0010734026
0.0026907152
0.0010399439
0.0010885228
0.0018417066
0.001178409
0.0016014322
0.0020562569
0.00081855676
0.0011694786
0.0039307047
0.0024899885
0.0019507088
0.0014406715
0.0019860058
0.0005747776
0.001998838
0.0015670185
0.00062585366
0.0009146048
0.00052456296
0.0022958883
0.0013510853
0.0019488244
0.0018651623
0.0016475234
0.0018659999
0.00085663435
0.0018848834
0.0007156098
0.0014920492
0.0019796838
0.003959251
0.002364617
0.0008651077
0.0004766074
0.0008527991
0.0021896863
0.0029925453
0.00087075983
0.0002947105
0.0020942935
0.0022119447
0.001145094
0.0014205922
0.0005880601
0.0013752936
0.0017129299
0.0023477625
0.00069329864
0.0030924934
0.00088654796
0.0009774732
0.0013405078
0.00057234
0.0013239774
0.0026427691
0.0013266184
0.0030745417
0.0011930446
0.0019512293
0.00022931982
0.003205065
0.0044399956
0.0011671291
0.0016442111
0.001018652
0.0006942572
0.0009269899
0.001097607
0.0014853899
0.0021193284
0.0025133537
0.0018478298
0.0015284081
0.0020450025
0.0014776854
0.002912753
0.0018778169
0.0011547098
0.0018337028
0.002569338
0.0016489504
0.0010037097
0.0014265201
0.0023154211
0.0020707692
0.0030701885
0.0027360467
0.0009404027
0.0029448525
0.00069921726
0.0021967236
0.000828869
0.0012921775
0.0022663178
0.0011808904
0.002707428
0.0028120927
0.0011663084
0.00074690505
0.0018063871
0.001829258
0.0027769974
0.0023208142
0.0018180422
0.00019738782
0.0010926935
0.001752719
0.0010024663
0.0014852743
0.0010809938
0.0016119803
0.0005574648
0.0011238033
0.0010170907
0.0008125197
0.0019272773
0.0013058204
0.002971453
0.0009682197
0.0005168234
0.0011965632
0.0017773025
0.0010920155
0.0015921968
0.0013942337
0.0025528257
0.00063094933
0.001985342
0.0006641998
0.0020029438
0.0026229953
0.0013413614
0.0012623512
0.0012842595
0.0012490085
0.0011699188
0.0010635228
0.0014804149
0.0027241388
0.0010532577
0.0007065975
0.0021166797
0.0017634577
0.0021698468
0.0012805663
0.0018194378
0.00085478526
0.0015013547
0.0007427079
0.00051311695
0.0012954029
0.0028682717
0.0036751786
0.0014309493
0.0008670779
0.0014767508
0.0018758462
0.0024691776
0.0013808918
0.0010098524
0.0010550993
0.0029414007
0.003295151
0.0019960692
0.0022388324
0.0010137187
0.002660225
0.00082699733
0.001245139
0.0019440986
0.0013574489
0.000870035
0.0013625168
0.0019049395
0.0021830976
0.0015681044
0.0009985185
0.002316511
0.0011219305
0.0010167608
0.0024837174
0.001161639
0.0014046427
0.0031527812
0.0013668037
0.0015174109
0.0016228515
0.0013734774
0.001101948
0.00029062844
0.0006425166
0.0021631017
0.00089361885
0.0026754995
0.0033227485
0.0012731286
0.0033813326
0.0017251795
0.0020873456
0.0005109698
0.0011671293
0.0010115389
0.00082167983
0.0010781665
0.0015416741
0.002621275
0.00035009545
0.00057914323
0.0014983959
0.00034725032
0.0025984847
0.00062289956
0.001351091
0.0014398833
0.0018563286
0.0011678167
0.0006074466
0.00010153079
0.002461416
0.0007626502
0.00020390257
0.0011570954
0.0008707303
0.0011051414
0.0020254473
0.0012951216
0.00083110377
0.001886505
0.0010833214
0.00088183733
0.0030104618
0.0003372398
0.0015508652
0.0011757407
0.0012848965
0.0016540582
0.0012526497
0.0005267953
0.0004395722
0.0005467717
0.0016188276
0.00082834606
0.0018358829
0.0016762529
0.0016491897
0.0016000229
0.0006759021
0.00047049538
0.0011277582
0.0011492999
0.0009611778
0.0010212866
0.001315972
0.0017138794
0.0022410713
0.0016579719
0.0008478415
0.0017262776
0.0014166704
0.0014472107
0.0007289963
0.0006075137
0.0017612309
0.0010193511
0.0010200063
0.0016377432
0.0013116967
0.0010549732
0.0014611353
0.00140211
0.0016555517
0.0017659456
0.0020708535
0.00041144862
0.0011077442
0.0023972525
0.0019942075
0.0030319311
0.0025590647
0.002950036
0.0022240912
0.0013057404
0.0024872783
0.0013111517
0.0016740863
0.0018111537
0.00050576555
0.0012661294
0.0009365754
0.000733681
0.00076540187
0.0008390853
0.0008395605
0.002638484
0.0011496049
0.0020260117
0.0017474853
0.0022993567
0.0010848381
0.0023981475
0.0022300011
0.0004974463
0.0014645852
0.0019271167
0.0019144829
0.0025825643
0.0031276827
0.002533607
0.0006859321
0.0006127477
0.0025420836
0.0026443186
0.0015313572
0.002121779
0.0016171724
0.0019178077
0.00045522008
0.0012637872
0.0013687451
0.0016098873
0.0010825351
0.0017910439
0.0011386313
0.0004626348
0.0014922962
0.00061630586
0.00134212
0.003272667
0.002740083
0.0026502179
0.0013947673
0.0016671756
0.0008143159
0.0012191677
0.0018768733
0.00085105194
0.0008558273
0.0004082032
0.0027780496
0.002021548
0.0013895417
0.0012211684
0.0018547332
0.0033653104
0.002471021
0.0008112323
0.0030547425
0.000631675
0.0018512402
0.0024230294
0.0017196407
0.000735406
0.00018887625
0.0011556573
0.0022558316
0.0013138574
0.0019227808
0.0020099024
0.0011434241
0.0014077759
0.001912287
0.0014683695
0.0021878555
0.0013480707
0.0020680143
0.00020717975
0.0013093281
0.0014503647
0.0012559885
0.0025691048
0.0009396317
0.0010650371
0.0005064679
0.0008132392
0.0010513562
0.0014333319
0.0025721705
0.00091497076
0.0050493153
0.0019016821
0.0026196064
0.0034119391
0.0022086706
0.0013795822
0.0007045824
0.0017966386
0.0017352754
0.001590916
0.0036610262
0.0011296712
0.0023198882
0.00344679
0.0008899823
0.00085795275
0.0008193888
0.0018407855
0.00095067656
0.0025193982
0.0032324928
0.0026488055
0.001371406
0.003940694
0.00069334323
0.0014399462
0.001282701
0.002270113
0.00061867456
0.0004768508
0.0025326845
0.00040459834
0.00055345165
0.0011940114
0.0012346454
0.0019074071
0.0013827448
0.0010870816
0.0009634296
0.001342782
0.0030532943
0.0014891388
0.0021516464
0.0014562877
0.0022157335
0.0029936456
0.00092998985
0.00028502627
0.0007732211
0.0024511765
0.0007807929
0.0020072954
0.0022189324
0.001313636
0.0023469862
0.0010504973
0.0018617172
0.0022856595
0.0017048368
0.0009405651
0.0018327525
0.0015463859
0.00014060138
0.0014034277
0.0014493301
0.0015637283
0.0020646772
0.00061842555
0.002547238
0.00214199
0.001191533
0.00058867247
0.0013630362
0.0006818226
0.0027979235
0.0011369754
0.0016406418
0.00186238
0.0015810778
0.0016680675
0.0016974816
0.0018219518
0.0012386163
0.0018069296
0.00049137336
0.0017071889
0.0022530092
0.0014370356
0.0005397485
0.0013926191
0.0019128512
0.0024022402
0.0017357437
0.0038677375
0.0030026897
0.0011421994
0.00205966
0.00092995394
0.0012002101
0.0007209531
0.0029767049
0.0010111515
0.0015828708
0.0013524228
0.0008919366
0.0022435554
0.001521147
0.0009920277
0.0009831402
0.00070107233
0.002047163
0.0015959968
0.0019784183
0.002123068
0.0023475369
0.00032735785
0.001362705
0.0015902437
0.001766554
0.0018434208
0.0018232071
0.0028307207
0.0029378408
0.0024863004
0.000663997
0.0024535249
0.0005900686
0.0005490789
0.0020019792
0.0006287928
0.0016380264
0.0043732426
0.0019429543
0.0006701358
0.0021068002
0.0016602357
0.0005474589
0.0018448342
0.0017580495
0.0023443867
0.0011715175
0.0014524122
0.002144446
0.002889962
0.0004002943
0.0015886851
0.0023489767
0.00083586026
0.0027858682
0.0014097567
0.0020663464
0.0010331778
0.001084655
0.0022294063
0.002754502
0.0010971538
0.0013666911
