0.02099447
0.057080716
0.023388814
0.04684918
0.03263894
0.018834
0.025979795
0.018508103
0.018271567
0.029739449
0.010381906
0.042564362
0.016360225
0.015318606
0.009538971
0.007677751
0.033451233
0.013926167
0.03852989
0.0125200795
0.012895702
0.008216786
0.018636039
0.0069696545
0.029807441
0.018858641
0.01257403
0.007961878
0.03419044
0.02261915
0.014191045
0.022230526
0.0017052816
0.017306168
0.035213422
0.016250715
0.009739126
0.046314012
0.031387463
0.0082461415
0.054460626
0.011150011
0.02347367
0.011090158
0.015348837
0.01632285
0.058498368
0.031910904
0.045576144
0.032160327
0.025559163
0.013101017
0.016847998
0.016503753
0.016873749
0.028316898
0.049799
0.024386015
0.034883574
0.020283641
0.036461744
0.017100608
0.012600271
0.008641193
0.02531248
0.016398204
0.016770717
0.053697888
0.009982272
0.02419942
0.021553865
0.008859984
0.009663357
0.015051267
0.009665245
0.014184785
0.048176743
0.012362352
0.036898296
0.025384337
0.04530814
0.02394122
0.019520456
0.017311439
0.04746378
0.033042554
0.013881374
0.02088987
0.04136123
0.013641932
0.058223628
0.023635158
0.01282291
0.04287201
0.03365892
0.048158392
0.028402619
0.046375547
0.06351911
0.0134819355
0.0093657505
0.035118334
0.05248167
0.023358269
0.029021922
0.03637937
0.046313036
0.036693573
0.00882989
0.015591444
0.039032113
0.024705727
0.045054637
0.029991869
0.03126938
0.016402276
0.019772418
0.023351533
0.030959906
0.029991545
0.023631085
0.0042947377
0.037613343
0.024565194
0.021610076
0.032963797
0.058007777
0.04427319
0.019399876
0.0135728065
0.027754975
0.029525815
0.02796369
0.009762744
0.017025894
0.036728583
0.011424581
0.019930987
0.01969205
0.017379751
0.024622407
0.020990653
0.03996993
0.019843087
0.015150008
0.0100095235
0.017086461
0.040806543
0.04608648
0.029844891
0.020726489
0.03911611
0.016153172
0.008458433
0.039784912
0.03274452
0.007732214
0.008168382
0.021034136
0.022064915
0.0083370255
0.028425295
0.015102849
0.03787121
0.015093037
0.014195409
0.007555849
0.017520823
0.017108021
0.025265114
0.022088308
0.026836326
0.025630768
0.01498919
0.020129858
0.031149797
0.021966366
0.012629925
0.037529834
0.038662083
0.0034951991
0.030389173
0.0350662
0.018159412
0.023494406
0.019690549
0.035468917
0.0036361972
0.015962431
0.023568114
0.057609517
0.034199428
0.020162502
0.014533348
0.026621561
0.020568587
0.02192957
0.029094277
0.036874894
0.005901493
0.01652426
0.01049527
0.020163037
0.020569623
0.02775739
0.02835026
0.032140072
0.016950404
0.03620464
0.027915087
0.021584911
0.011374057
0.03469955
0.03433602
0.027231758
0.01940952
0.029999238
0.011128602
0.01929594
0.018731754
0.035278473
0.03022736
0.0075925486
0.028256325
0.023712816
0.060199887
0.0220623
0.026400276
0.02379342
0.012168811
0.018042117
0.038463738
0.030834848
0.020750597
0.020342477
0.023353787
0.020192724
0.027902218
0.01961411
0.035783995
0.016889434
0.022847226
0.021585524
0.033571493
0.019715497
0.009973621
0.015813256
0.031617112
0.017847408
0.0047016367
0.014954376
0.017451707
0.015707564
0.024579935
0.023627989
0.030679565
0.034614056
0.012961108
0.012700866
0.014714919
0.019064361
0.019725714
0.013554689
0.029379861
0.057543576
0.012183242
0.022478731
0.018263167
0.029000362
0.024802709
0.030375656
0.010434403
0.046779126
0.04653214
0.012600392
0.008269533
0.004736444
0.048642445
0.012347401
0.011763799
0.07913904
0.0045459643
0.033393115
0.04012954
0.010771171
0.017061444
0.0043340954
0.019029414
0.012610978
0.010364297
0.023518614
0.034575325
0.016635332
0.010230538
0.014160944
0.05036023
0.029125849
0.014064143
0.0073349527
0.011264347
0.014515308
0.026945429
0.024095185
0.013800104
0.052918263
0.009273247
0.0230339
0.01385221
0.024762113
0.02185545
0.0056401165
0.027134044
0.019329587
0.017572502
0.014322188
0.013745003
0.025177862
0.024831347
0.016093947
0.028573118
0.030091008
0.022559913
0.017530743
0.006947089
0.019945456
0.011300841
0.022424633
0.021159442
0.013865568
0.020200418
0.036192298
0.021041574
0.01105366
0.05392924
0.011601169
0.040509854
0.016589412
0.023268506
0.009878778
0.022534322
0.0067844163
0.010231122
0.014285282
0.04789434
0.02026398
0.014372659
0.040785626
0.006433174
0.02924718
0.031610016
0.02377425
0.02222315
0.038615372
0.012844208
0.02249759
0.029197875
0.030824132
0.020091975
0.019158613
0.02580125
0.047591813
0.036244236
0.0209596
0.025403572
0.028264523
0.032472752
0.011480692
0.009460193
0.020311667
0.02147585
0.02880569
0.007274254
0.043031104
0.010282351
0.016481085
0.0255252
0.037136897
0.017269513
0.050932895
0.007674711
0.040259413
0.0280969
0.022860877
0.017540962
0.015756162
0.04036182
0.01389478
0.025466943
0.014270809
0.0069248495
0.01619231
0.011779464
0.019936292
0.027646601
0.01845433
0.008540046
0.002939973
0.04599303
0.022826208
0.029664414
0.0070629297
0.033135656
0.015566854
0.014457617
0.0064527984
0.016580638
0.0057971496
0.012392784
0.014358279
0.018584173
0.019223928
0.02172171
0.026337026
0.01888966
0.019350072
0.029427271
0.018780028
0.077798024
0.04267843
0.018115863
0.02735133
0.03667502
0.004880171
0.022248488
0.023537623
0.035568513
0.02422915
0.021675402
0.021187302
0.034546737
0.016461916
0.016190583
0.02399047
0.024736661
0.05182305
0.02082044
0.028469387
0.050010335
0.019604305
0.024768427
0.017156497
0.017568845
0.02591656
0.024131289
0.01847806
0.022816015
0.010496868
0.010363276
0.030373113
0.04011047
0.025239449
0.011786891
0.01250551
0.0141005935
0.017506149
0.0426335
0.026494268
0.016567534
0.032857664
0.020630574
0.022450667
0.043012045
0.02671098
0.018329471
0.024629673
0.016899692
0.010889212
0.02943847
0.01765969
0.02257236
0.023871759
0.04105043
0.016050128
0.014506336
0.058193512
0.030669967
0.014374013
0.0063177613
0.032579266
0.019854331
0.026708689
0.014482232
0.04907779
0.025585443
0.029194133
0.017370077
0.008452401
0.023511922
0.021470103
0.044369586
0.019348118
0.025176026
0.016946929
0.02623118
0.03361924
0.054209903
0.024346663
0.029408429
0.0355957
0.0064400593
0.034774896
0.012592024
0.03904511
0.016296698
0.016279021
0.023087597
0.054743864
0.040699065
0.018381046
0.0040101823
0.05568689
0.02746547
0.02882249
0.012204758
0.028713228
0.03442611
0.014545005
0.015328343
0.008312356
0.017130427
0.00842443
0.011160035
0.028835645
0.034095965
0.007915672
0.016360343
0.011325231
0.033007484
0.06144587
0.021871267
0.029081797
0.04201259
0.015581387
0.07240578
0.01000042
0.03189927
0.014232229
0.042915113
0.03394737
0.01756648
0.014650555
0.007476005
0.028015533
0.0406746
0.017318662
0.010115142
0.023480104
0.03254054
0.0035470217
0.012717928
0.04495716
0.0143326605
0.032175776
0.041751273
0.012124119
0.021726083
0.033069775
0.03289307
0.050476044
0.037346218
0.009418573
0.008581116
0.0048116776
0.0053647654
0.010781455
0.028935213
0.016062178
0.022869935
0.024685008
0.03595385
0.011604137
0.0058213533
0.03724102
0.02734688
0.010285009
0.018876033
0.04050856
0.017420113
0.021742357
0.029505389
0.014371334
0.027394908
0.035437908
0.009082704
0.009334342
0.024001613
0.011889433
0.031519208
0.008322325
0.029641796
0.04564066
0.015676439
0.01829269
0.028560929
0.035963837
0.014595457
0.0046294183
0.046963833
0.018550279
0.00947493
0.024147067
0.011649927
0.029246755
0.03230319
0.036105577
0.0621278
0.018313577
0.022690699
0.007276524
0.025692157
0.012285295
0.037183996
0.019939506
0.0072924946
0.01726724
0.01698558
0.042578023
0.016456129
0.017224845
0.029143265
0.018647207
0.02534115
0.03253832
0.0129528865
0.018505894
0.062199686
0.039401714
0.030868122
0.022797264
0.031426664
0.009095312
0.031629723
0.024796585
0.009903542
0.014472756
0.008300712
0.03633026
0.021379646
0.030838303
0.029514428
0.0260705
0.029527683
0.013555428
0.029826496
0.011323849
0.023610268
0.03132662
0.0626514
0.03741783
0.0136895105
0.0075418614
0.013494739
0.034649715
0.0473542
0.013778951
0.004663515
0.033140212
0.035001934
0.01812003
0.022479529
0.009305495
0.02176272
0.027105495
0.03715112
0.0109707955
0.048935782
0.014028783
0.015467589
0.021212267
0.009056739
0.02095069
0.041819323
0.02099248
0.048651714
0.018878803
0.030876357
0.0036287692
0.05071712
0.07025873
0.018468715
0.026018085
0.016119204
0.010985964
0.0146687385
0.017368592
0.02350489
0.033536367
0.039771445
0.02924016
0.024185613
0.03236023
0.023382973
0.04609156
0.029714676
0.018272191
0.029016612
0.040657345
0.02609308
0.015882757
0.022573331
0.036639348
0.032767963
0.04858283
0.04329535
0.014880983
0.046599504
0.011064452
0.03476107
0.013116068
0.020447487
0.035862338
0.018686473
0.04284249
0.044498708
0.018455727
0.011819066
0.028584367
0.028946279
0.043943357
0.03672469
0.028768798
0.0031234757
0.017290842
0.027735122
0.015863081
0.023503061
0.017105704
0.025508063
0.008821352
0.017783124
0.016094498
0.012857355
0.03049734
0.020663373
0.04702043
0.015321161
0.008178241
0.01893448
0.028124131
0.017280113
0.025195008
0.022062428
0.040396053
0.009984177
0.03141616
0.010510334
0.03169469
0.04150642
0.021225777
0.019975513
0.020322192
0.019764377
0.018512858
0.016829241
0.023426166
0.04310692
0.016666807
0.011181237
0.033494454
0.027905049
0.034335773
0.02026375
0.028790882
0.013526169
0.02375752
0.01175265
0.008119591
0.020498525
0.045387685
0.058156226
0.022643419
0.0137206875
0.023368185
0.029683491
0.039072398
0.021851307
0.015979959
0.016695948
0.046544883
0.05214265
0.031585906
0.035427406
0.01604114
0.042095542
0.01308645
0.019703148
0.030763522
0.021480344
0.013767481
0.021560539
0.030143866
0.034545455
0.024813768
0.015800612
0.036656596
0.01775349
0.01608928
0.03930248
0.018381838
0.022227142
0.04988978
0.021628374
0.024011591
0.02568009
0.02173398
0.017437285
0.0045989202
0.010167217
0.034229036
0.014140673
0.04233725
0.05257935
0.020146055
0.05350639
0.027299333
0.033030268
0.008085613
0.018468717
0.016006647
0.013002306
0.017060965
0.024395535
0.041479196
0.0055399295
0.009164394
0.023710698
0.005494908
0.041118562
0.009856797
0.021379737
0.02278479
0.029374644
0.018479595
0.009612268
0.0016066288
0.03894958
0.012068219
0.0032265654
0.01830994
0.0137784835
0.017487817
0.03205079
0.020494075
0.0131514305
0.029852157
0.017142536
0.013954242
0.047637712
0.0053365007
0.024540976
0.018604985
0.020332271
0.026173906
0.019821996
0.008336037
0.0069558145
0.008652145
0.025616415
0.0131077925
0.02905111
0.026525117
0.026096867
0.025318848
0.0106955115
0.0074451445
0.017845707
0.018186584
0.01520973
0.016160894
0.020824011
0.027120521
0.035462834
0.026235837
0.013416289
0.02731671
0.022417469
0.02290074
0.011535677
0.00961333
0.027869813
0.016130267
0.016140634
0.025915736
0.02075636
0.016693953
0.023121085
0.022187063
0.02619754
0.027944418
0.032769296
0.0065107853
0.017529003
0.03793425
0.031556446
0.047977444
0.040494777
0.046681527
0.03519414
0.020662107
0.03935883
0.020747734
0.026490832
0.028659794
0.008003262
0.0200353
0.01482042
0.011609809
0.012111761
0.013277732
0.013285251
0.04175151
0.01819141
0.032059718
0.0276523
0.036385145
0.017166536
0.037948415
0.03528766
0.007871617
0.023175675
0.030494798
0.03029488
0.040866636
0.04949262
0.04009193
0.010854227
0.009696152
0.04022607
0.041843843
0.02423228
0.033575144
0.025590224
0.030347493
0.007203427
0.019998236
0.021659097
0.025474945
0.017130094
0.028341576
0.018017763
0.0073207584
0.023614176
0.009752457
0.02123778
0.051786862
0.043359224
0.04193719
0.022070874
0.026381476
0.012885779
0.019292176
0.029699745
0.013467092
0.013542658
0.0064594294
0.043960005
0.031989086
0.021988183
0.019323835
0.029349398
0.053252853
0.039101567
0.012836984
0.04833841
0.00999566
0.029294124
0.038342148
0.027211687
0.011637105
0.002988788
0.018287184
0.035696402
0.02079055
0.030426187
0.031804804
0.018093605
0.022276722
0.030260133
0.023235558
0.034620743
0.021331944
0.03272437
0.0032784236
0.02071888
0.02295065
0.01987483
0.040653653
0.014868783
0.016853204
0.008014375
0.012868741
0.016636718
0.02268112
0.040702164
0.014478547
0.07990064
0.030092321
0.041452795
0.05399071
0.034950122
0.021830583
0.01114935
0.028430106
0.02745909
0.02517474
0.057932276
0.017875979
0.036710035
0.05454219
0.0140831275
0.013576291
0.012966053
0.02912869
0.015043558
0.039867096
0.05115114
0.041914843
0.021701204
0.062357757
0.010971501
0.022785787
0.020297531
0.03592239
0.00978994
0.007545713
0.040077336
0.006402386
0.008757849
0.0188941
0.019537095
0.030182913
0.021880629
0.017202038
0.015245361
0.021248255
0.048315495
0.023564214
0.034047768
0.023044376
0.03506189
0.04737161
0.01471621
0.004510271
0.0122354925
0.03878755
0.012355309
0.03176355
0.035112508
0.020787047
0.03713884
0.016623126
0.029459914
0.0361684
0.026977431
0.014883553
0.029001575
0.024470095
0.0022248838
0.022207916
0.022934278
0.024744522
0.032671563
0.009786
0.040307634
0.033894967
0.018854884
0.009315185
0.021568758
0.010789198
0.044274494
0.01799156
0.025961606
0.0294704
0.02501906
0.026395591
0.02686104
0.028830664
0.019599931
0.028592952
0.007775519
0.02701465
0.03565174
0.022739729
0.008541009
0.02203688
0.030269062
0.03801318
0.027466502
0.061203286
0.047514725
0.018074226
0.03259217
0.014715642
0.01899219
0.011408401
0.04710354
0.016000515
0.025047434
0.021400811
0.014114053
0.035502143
0.024070712
0.0156979
0.015557263
0.0110938065
0.032394417
0.02525514
0.0313066
0.033595543
0.03714755
0.0051801284
0.021563519
0.025164101
0.027954046
0.02917039
0.028850527
0.04479348
0.04648855
0.039343353
0.0105071245
0.03882471
0.009337277
0.008688655
0.031679425
0.009950051
0.02592022
0.06920243
0.030745413
0.010604265
0.033338122
0.02627166
0.008663019
0.029192757
0.02781947
0.0370977
0.018538157
0.02298305
0.03393383
0.045730915
0.0063342783
0.025139438
0.037170336
0.013226698
0.04408373
0.022308066
0.032697976
0.016349062
0.01716364
0.035278246
0.04358739
0.017361421
0.021626594
