0.013577647
0.0066444874
0.009439069
0.016825467
0.02080516
0.0068375873
0.005913452
0.0068194536
0.01081373
0.016225716
0.005919093
0.0098254075
0.0048500067
0.013988105
0.0068071946
0.0054256464
0.007321342
0.009482333
0.0072448864
0.008691567
0.008236169
0.014235344
0.009756598
0.0074753324
0.005138155
0.0078004883
0.0047978414
0.01114323
0.007834994
0.009531846
0.010225187
0.0074215634
0.007959372
0.0090268925
0.012700115
0.010377449
0.0092383735
0.007552412
0.009440901
0.010260157
0.010112215
0.009873366
0.011545088
0.011871632
0.010977476
0.011649162
0.008922678
0.009849546
0.006959008
0.011902035
0.006081411
0.01079476
0.008165941
0.013576808
0.008013975
0.005005463
0.008174404
0.008107408
0.0062863682
0.012961205
0.011222714
0.011899027
0.007775701
0.013275359
0.015967183
0.01955762
0.009286642
0.010396364
0.008873647
0.010694314
0.009443087
0.011026483
0.010988658
0.006209674
0.012518187
0.0119283805
0.00479205
0.007894007
0.0048731794
0.005823417
0.008413189
0.010535549
0.009774703
0.00847983
0.0068006665
0.005990285
0.007477334
0.0107084615
0.020185748
0.011060392
0.044998262
0.010804212
0.00603954
0.010031342
0.0077274996
0.0065081567
0.011186564
0.0048262384
0.008940374
0.007279536
0.013858881
0.01598936
0.0077729956
0.015899183
0.0070485184
0.0112580685
0.014087946
0.009607828
0.005978743
0.01577282
0.008947544
0.012181675
