0.00082323
0.00173020
0.00275044
0.00176990
0.00121980
0.00075990
0.00116902
0.00144373
0.00166762
0.00161870
0.00146532
0.00076870
0.00070020
0.00220163
0.00152323
0.00130268
0.00217649
0.00231413
0.00092545
0.00176619
0.00120753
0.00130747
0.00171477
0.00159950
0.00065502
0.00180527
0.00155436
0.00123490
0.00189421
0.00076250
0.00122446
0.00122740
0.00081254
0.00116216
0.00076627
0.00143170
0.00107552
0.00087653
0.00096935
0.00104111
0.00110023
0.00332265
0.00246986
0.00128449
0.00145877
0.00067470
0.00167228
0.00244698
0.00144698
0.00200987
0.00118012
0.00145246
0.00126303
0.00082287
0.00112220
0.00086827
0.00282549
0.00088680
0.00197818
0.00145189
0.00199801
0.00079232
0.00096918
0.00121266
