6
-5
15
11
23
-1
44
-14
43
5
-2
16
-7
12
1
14
20
20
9
16
-35
11
-29
43
1
2
19
9
-27
19
-5
12
13
20
1
11
-17
-7
-43
4
-13
-11
6
-4
-10
3
-7
1
9
3
9
5
-66
11
36
17
-6
0
19
18
-14
18
14
21
12
12
8
0
-127
19
-21
87
-21
-31
37
2
-26
18
-14
15
14
17
-5
-5
-51
5
-38
25
-3
-29
13
-1
-5
11
-3
-4
5
-4
15
-3
-61
5
-8
15
-26
-9
12
13
-1
7
17
5
2
6
12
-13
-65
9
9
37
4
-35
6
-1
-7
-1
-8
6
0
12
-1
-18
-22
0
11
1
20
-29
-14
-14
0
3
4
-4
-3
18
14
4
5
7
-5
10
-1
11
0
8
-2
-14
9
12
-40
11
5
2
0
0
1
5
-7
-4
-3
3
-14
-42
15
7
-38
7
9
7
7
-3
12
-1
-4
-15
-14
11
-21
-14
15
8
-22
8
4
5
6
13
-3
-3
8
22
-1
5
40
-55
-13
4
-127
-20
-5
6
-15
-7
2
-7
-10
-5
6
-7
54
-118
-19
-18
-121
-12
-1
3
-17
-1
-6
-13
0
9
-4
1
34
-72
-24
1
-2
9
4
-5
1
11
3
-1
7
-12
-5
7
-2
-19
-2
3
-54
-6
-3
3
-2
7
17
3
-2
-15
7
5
-2
-50
-4
1
-52
-10
5
2
-5
2
-1
-9
-3
9
-3
7
-4
-27
-6
5
3
-1
12
2
6
-5
15
18
3
9
3
3
-27
-9
0
-1
-20
-41
-23
-31
-24
36
-5
-43
-8
-47
1
48
51
17
17
33
0
13
0
31
6
-33
-9
16
8
33
-2
-18
-10
-23
-10
-28
-11
-8
-20
-38
-4
53
-11
0
-3
-40
-4
7
36
20
-25
26
19
72
-4
100
1
-127
5
-6
0
69
-6
-91
-57
-56
43
-50
-13
-32
2
-76
12
76
4
17
-1
-25
3
39
25
20
-40
1
3
13
-1
26
-4
-24
-5
-30
-1
18
3
-12
-3
-18
29
-16
-13
-48
18
-58
18
52
2
49
3
-19
4
43
27
23
-57
6
-1
21
-15
39
-23
-36
6
-36
-6
-2
-6
-23
-8
-2
32
7
17
17
23
11
3
15
1
12
17
12
13
6
-22
17
32
43
0
18
18
6
22
12
22
46
0
28
0
8
-7
17
49
27
2
11
5
11
2
3
-6
-4
10
-7
-6
6
-34
17
21
8
3
25
8
1
-17
8
-12
-11
6
21
-6
-6
31
7
42
-44
-63
-10
-23
-72
-61
-29
-16
-94
-38
-45
17
-18
127
-68
-112
-104
5
6
12
-15
-9
0
16
-6
-14
5
-5
25
-40
21
56
5
9
12
-23
-7
13
6
10
12
-2
18
-9
2
-10
13
33
-11
-23
-12
-63
-27
7
-10
10
9
5
13
-5
-5
13
-21
-104
-23
9
2
7
-4
14
9
-7
16
-1
-19
-11
10
-46
2
5
4
-6
-42
-19
-72
-50
67
41
-19
-1
-45
20
23
50
-2
35
37
-3
-84
-26
-69
-71
74
28
-76
3
-30
6
31
79
-7
33
43
-8
-52
-18
-10
-44
11
17
-47
8
-10
-2
21
44
-16
32
-7
-7
-8
37
-44
48
17
-40
43
-24
9
-22
30
-56
3
-28
-36
27
54
38
-81
63
53
-42
90
1
16
-5
2
-78
32
-45
-15
27
34
-9
-48
43
21
-26
43
-1
0
0
-22
-36
14
-49
-23
-7
31
-39
71
-18
-75
15
-41
0
28
2
-26
17
-14
19
15
-26
33
-20
106
-22
-127
15
-30
13
7
2
-35
19
-17
13
12
-9
28
-19
47
-7
-64
11
-16
1
20
5
-26
-11
-1
11
-3
10
105
-7
-106
-5
90
-30
22
10
-19
4
-115
60
-23
30
-5
-22
95
-7
-94
-24
50
-19
11
-20
-11
-5
-127
26
-9
11
-19
-6
27
-5
-35
-24
15
4
-3
-15
-36
8
-33
4
-1
15
-2
-8
43
-7
-112
-4
83
-19
12
13
4
-6
-87
36
-29
-17
-18
-8
72
-12
-86
10
67
-6
15
0
36
0
-83
-13
-5
-42
-8
3
20
-4
-6
5
18
9
1
-5
-5
8
-10
-23
14
14
1
-12
3
-5
-31
3
23
1
-21
28
-18
-15
-10
0
-4
-13
-8
5
8
4
-16
30
3
8
-2
4
5
1
0
-31
-9
-6
2
-1
-6
11
27
12
-7
4
4
-2
2
1
31
-31
8
9
9
6
-36
8
3
2
6
-1
-5
-3
19
-6
40
12
15
3
13
-1
-86
-1
-20
-7
10
-5
7
-13
-10
-12
73
29
-2
24
1
0
-53
-4
-18
2
7
7
14
6
-11
-4
47
-3
-15
7
-1
3
-56
8
-10
15
17
0
-7
-8
28
2
50
3
8
-10
12
-3
-127
6
-31
-6
11
-1
-7
-7
-5
0
92
24
-8
14
3
-2
-74
8
-13
-15
1
7
0
-1
-8
-4
60
-1
-15
10
-1
2
-14
10
-7
15
9
0
-3
-4
10
-1
8
2
2
-9
0
-2
-40
9
-12
3
6
4
-4
3
-10
4
17
3
-7
2
4
-4
-26
-1
3
-16
-9
-1
-6
2
-3
0
17
-4
-3
-6
0
-10
47
-5
-54
-17
41
4
-17
3
-28
-4
-48
44
2
40
34
5
64
20
-89
-8
62
-13
-25
0
-8
17
-51
-14
-12
4
-3
-4
9
-4
-3
12
-18
5
19
-5
43
20
3
-54
8
-38
-46
-1
-93
-16
86
23
-97
-5
7
-13
35
13
86
-63
5
-58
-18
-9
-107
-58
118
17
-127
1
33
10
-3
-5
98
5
-2
-5
45
-6
-34
-4
24
-39
8
0
-28
-1
-35
-23
30
42
-13
37
36
-5
41
16
-21
-21
35
-3
-13
2
-45
-13
-44
36
-14
51
-3
-9
54
7
-81
-6
78
0
-5
-1
19
-11
-48
9
6
-7
-55
-6
13
-19
-16
29
2
-1
21
-3
10
4
-8
-6
-12
-27
-23
19
72
3
30
1
-37
26
31
-12
44
7
-73
-6
-87
5
-13
-38
-127
-15
-77
-38
74
-18
-88
10
22
-8
99
-4
42
53
9
-6
43
5
49
33
-51
-12
53
5
-46
2
-39
25
25
-64
1
13
-27
-22
3
-43
-19
-20
-50
1
52
-2
15
-63
-32
63
-5
-37
41
1
-60
54
70
19
62
0
-97
10
-21
68
81
-120
13
-11
-9
-12
42
-19
-40
7
-32
1
45
-9
-1
-25
-63
58
-17
0
-23
-1
-7
7
6
-2
13
13
-9
-3
26
-3
29
-36
7
-21
55
4
40
7
-34
-3
9
-17
-4
-3
-59
23
-12
10
-13
7
-62
-11
-38
-20
35
9
-19
-4
-2
1
50
-13
-25
25
-4
0
6
14
21
19
8
-26
8
5
20
-1
-8
-13
18
3
40
-4
-84
-32
-37
-42
-5
43
-21
-16
-21
8
62
46
-24
1
-57
7
74
4
-8
22
12
-7
5
13
11
-12
-53
-30
19
-11
12
8
4
35
27
29
41
-2
30
9
32
-3
-10
-25
36
6
55
-15
-127
-58
-33
-74
-40
21
-44
-23
-16
22
107
55
-41
6
-63
16
100
18
-1
40
-2
3
3
10
-26
-19
-72
-15
34
-37
12
0
-1
29
-4
11
30
3
16
6
-8
1
-3
-8
8
18
8
-24
-46
-36
0
-43
-46
-5
-14
-15
20
14
45
8
-15
-8
-12
4
53
11
10
18
-10
-4
-4
1
-8
-11
-42
3
5
-16
3
-16
-13
-8
-8
-30
-28
-17
-38
-17
-22
-7
-19
47
-34
-25
-45
25
21
41
35
43
18
63
71
-15
47
-19
12
-80
42
72
51
27
27
27
18
35
35
4
28
7
22
-34
19
-69
30
34
56
-43
-21
-89
-57
-63
-51
-38
-110
4
-44
32
-15
93
-61
-127
-111
23
-4
32
-15
-27
-15
14
37
-6
-4
23
-13
-16
22
47
-22
-2
11
42
27
3
27
3
-11
-23
6
-50
23
-29
1
41
27
-24
-18
-80
-44
-13
-5
14
-39
21
5
33
-4
23
-24
-73
-32
17
5
-18
-28
12
-6
-4
30
14
13
27
-6
-9
16
-1
-11
0
0
8
0
1
7
-8
3
8
-1
0
3
-18
0
4
2
17
27
-11
16
-2
9
29
10
10
-11
27
11
4
26
39
-16
3
15
-1
8
16
20
18
20
34
12
28
34
17
2
64
15
0
15
7
11
12
27
0
18
22
11
13
24
-9
-1
40
29
-3
-4
37
7
-2
17
12
37
-4
-10
-8
-24
-2
-33
5
65
-89
-56
80
15
13
10
-18
19
-21
-4
-21
-40
20
-127
-68
125
-105
-61
49
40
9
4
-10
17
-23
0
-7
-35
10
-82
-35
57
10
1
43
26
7
-4
-22
-4
1
5
-25
-25
16
-15
3
15
-54
-72
85
34
-18
-18
-19
-59
-4
-15
-10
-67
45
-95
-69
34
-69
-73
46
35
-5
-6
2
-12
11
-16
27
-46
16
-63
-46
22
17
36
12
-4
-38
69
-55
34
10
6
14
-31
-41
10
2
34
30
48
6
38
68
57
58
-33
41
45
-20
13
-26
40
24
16
1
-4
2
21
66
8
30
-63
44
8
-24
-7
0
-2
-1
-15
9
23
25
51
82
15
0
-71
40
32
-52
9
17
8
20
30
-3
-11
6
106
97
-27
19
-108
20
78
-32
53
28
-8
47
-22
-17
-46
-10
50
-30
-20
-22
8
-17
22
12
34
47
-23
-8
-20
-1
-17
2
7
15
-6
36
-52
32
-3
-14
8
-4
-3
6
-9
-7
-46
-34
42
-87
-44
-28
17
-18
10
25
24
14
-12
-3
1
11
-23
-12
1
-127
-12
-43
86
-30
7
64
-14
20
-6
14
0
20
10
13
7
30
17
-7
32
24
30
5
21
-40
31
32
27
-27
-32
-39
-29
-60
-26
-47
-77
-10
-43
2
-32
99
-69
-80
-77
-35
-9
-7
-10
-30
-26
16
-14
-25
-16
6
-2
33
-22
-23
-27
40
36
45
37
63
47
41
91
-11
58
-21
31
-101
65
127
76
-19
-27
-69
-36
-2
-24
-23
-58
28
-12
-4
-32
44
-38
-75
-35
-20
-14
-31
-21
-24
-14
-3
-14
1
-12
24
-10
36
-22
-56
-32
10
11
53
31
-5
14
-4
16
3
-8
3
10
-23
7
50
23
-8
0
-5
6
-7
-1
13
-18
-17
-12
-21
5
-4
-2
3
-3
-2
-9
-13
-20
3
-7
6
1
10
5
14
0
-16
-2
-15
1
-2
53
3
-36
0
18
-2
12
8
24
-3
-82
-8
-51
27
-1
-17
14
3
42
3
-29
3
-26
-14
-10
5
-7
-1
46
-39
19
11
-78
-3
12
-2
-14
2
5
4
3
-8
65
14
-20
18
-14
-1
63
5
-45
-16
28
6
5
4
44
-13
-126
-2
-42
35
5
-24
-12
-3
34
11
7
-14
2
-8
-23
9
10
-3
58
-51
11
14
-127
-8
19
-11
-34
6
-2
1
4
-1
83
-3
-44
13
-8
7
31
-4
-36
-3
34
-2
17
-6
8
-6
-66
3
-25
31
-1
-21
-19
3
8
22
6
0
-9
4
-49
7
17
11
26
-32
-8
-6
-42
-6
8
-20
-19
3
-14
5
10
-1
33
-13
-26
16
-3
-4
27
-1
-6
12
-1
-9
11
14
12
3
-36
26
-16
6
0
-10
79
2
-5
-11
-8
8
-3
-10
-1
-9
-83
15
-13
6
-4
-23
46
9
11
-1
-19
6
-8
-11
-13
-5
-46
-9
4
-13
7
-5
31
8
10
5
-5
-8
-6
16
4
9
-50
6
-19
19
8
-14
99
2
-9
0
-6
-7
4
-3
10
-10
-127
6
-21
19
6
-22
66
5
6
10
1
8
9
-16
-16
0
-81
-5
5
-22
9
0
-10
7
8
-7
-7
9
-6
2
3
6
-8
-5
-1
4
4
1
8
7
3
-4
0
-2
-3
0
6
-3
-35
-2
-5
5
2
0
9
7
-8
6
12
4
9
0
-10
1
-27
2
-3
-8
3
-94
-18
-30
-18
-22
4
-10
-27
-10
1
-7
-27
97
-116
-8
-31
-127
-21
-18
-11
-1
-9
-13
6
-5
10
-12
7
58
-64
28
-21
-18
2
3
5
-1
1
5
1
4
-9
7
4
10
-5
-1
6
-45
-12
-5
-2
-3
5
-1
-6
-2
-8
-14
-8
21
-63
15
-2
-82
-21
-7
-7
-5
-6
-16
-15
-9
8
-6
0
3
-31
38
3
-11
8
8
4
-17
2
4
-5
-4
9
13
7
-2
4
-7
18
-7
5
12
12
10
0
4
-4
9
-7
-4
5
7
-4
-8
10
-6
7
13
11
0
-7
2
-12
3
-5
3
17
-3
7
-3
10
4
8
13
6
-16
-1
8
-6
-6
-4
5
9
0
4
-10
8
-8
-3
4
1
16
12
65
50
-9
7
18
10
-77
17
36
39
37
16
-16
-18
-2
26
16
-38
13
8
-18
21
-32
36
13
16
-39
-23
-25
-4
-22
-22
-5
-54
28
-13
15
-14
105
-68
-69
-44
-35
-18
40
10
-51
-31
-49
-22
-3
-67
31
-24
60
-48
-34
-22
33
40
44
28
15
27
18
29
-45
60
-39
31
-92
68
127
44
-6
-20
-28
-2
4
-2
-17
-15
15
6
-3
-4
52
-26
-59
-7
-11
-7
-35
-17
-2
-11
5
-15
13
-32
12
-6
46
-23
-63
-25
-1
8
13
-4
-19
-6
-12
5
-10
2
5
4
-20
0
29
-7
5
1
-2
-6
27
9
7
12
-5
29
-12
8
-4
11
5
7
6
28
1
43
4
-38
-9
10
-9
42
-10
-29
4
6
14
-6
20
68
7
61
23
-42
-10
42
-10
54
5
-40
-28
22
24
2
9
42
-2
9
19
10
-1
24
2
5
10
-15
-16
23
1
-4
-2
20
-15
68
-19
-109
-8
-37
-2
-10
-19
-60
32
-27
-10
-34
-13
29
-9
99
-8
-127
-8
5
-1
-18
-3
-76
14
-20
-1
-20
-14
12
-1
22
-10
-38
7
-2
-12
-43
5
-17
-11
-6
23
-5
4
12
-36
39
-11
-57
10
-17
3
4
0
-30
-8
-1
-2
4
-6
11
-25
57
-2
-74
9
-12
8
11
-7
-38
-11
-4
-13
2
-1
0
-6
26
-6
-29
9
-6
-4
-3
2
-2
-12
-7
-1
-3
2
-20
9
-40
20
23
8
20
0
26
10
36
-11
7
-4
-1
12
-8
3
-66
-14
51
6
-1
3
19
17
30
7
14
1
21
7
6
-5
-38
-16
31
4
-24
10
2
9
-7
12
0
18
3
-10
26
-24
69
-39
-55
15
-39
-13
6
-10
-46
7
-11
6
18
-23
30
-6
126
7
-127
-6
-7
0
-18
-13
-50
-15
-15
-1
16
-8
28
-14
56
28
-61
-7
28
-1
-2
4
-28
-18
0
-28
-17
8
0
-7
-51
6
30
-13
14
-7
-12
1
7
8
-4
-8
-35
-5
-22
4
-58
16
52
-1
13
3
-17
-9
30
11
-2
-5
-24
-8
-35
-6
-35
-18
44
6
-13
-4
-3
-15
36
11
-7
17
-5
-13
96
4
-97
-20
87
-14
-31
0
16
-9
-114
-16
-19
-10
-8
-12
-118
-12
124
27
-127
35
7
-4
-42
32
123
-5
23
-10
2
16
-3
3
-24
3
31
-6
17
2
5
-14
16
13
-12
29
-11
-1
-26
-9
23
10
-15
16
-19
1
34
26
24
-20
27
-66
-5
27
-67
8
64
-7
-75
-6
39
-17
-33
-12
72
-2
-23
76
5
-33
92
-11
-78
-20
81
-13
-20
14
4
-16
-103
24
17
-25
1
-4
-69
1
62
4
-69
-1
16
-16
5
6
70
1
30
-27
20
-2
69
11
-54
-39
52
-16
-12
-1
33
-32
-75
24
-58
60
-6
-10
-3
-16
-14
25
20
15
-24
11
-23
12
-7
7
11
-52
-15
4
-7
11
25
25
-26
11
13
6
28
-11
13
-10
6
13
-7
-12
-4
9
3
-12
-11
-43
-16
-28
-39
4
0
0
-15
-48
-30
-3
9
-9
-21
-15
6
-12
26
-4
-32
12
-23
-2
-4
-23
-27
-10
16
-94
-1
-27
21
-35
-28
-24
-29
24
-27
66
-27
-52
-12
8
84
-52
-106
-25
121
19
12
39
-35
-1
-96
34
-24
80
70
19
63
10
-57
17
64
45
-24
23
48
-6
-23
-37
54
37
21
5
-1
57
-36
9
27
12
-3
27
26
-4
8
-39
-7
13
-16
0
-39
39
44
27
-79
9
2
-6
84
-28
71
-47
36
-19
-33
-21
-108
-45
78
-22
-127
-24
-4
-35
-43
3
72
75
-65
-2
12
2
3
-1
-1
-21
3
22
-1
-5
0
-19
-2
0
-1
4
3
-3
0
-1
-2
-63
2
-23
37
-40
10
-4
0
3
-3
3
3
-4
-2
-1
-4
-42
4
-48
16
-17
-1
-9
3
4
3
14
1
3
3
3
2
-80
1
25
33
-26
-6
-1
-1
4
3
7
4
1
2
5
2
-127
0
-12
82
-53
-5
16
2
5
0
8
2
-1
-2
3
2
-83
1
-33
35
-35
-11
0
0
2
1
20
3
2
4
5
5
-57
-1
-5
29
-19
-5
14
-3
-2
1
6
0
-1
-1
3
0
-77
-4
2
44
-30
-11
6
0
-4
0
9
-1
-2
-3
5
3
-45
-3
6
10
-20
-14
-2
-1
-4
0
7
2
-26
-10
-19
12
-2
-25
-30
-22
14
26
-2
-30
44
-38
-64
-34
-50
-29
-28
-3
-45
-44
-23
-54
-39
2
4
-60
51
-77
-127
-63
-29
-12
-4
-2
2
-9
2
-16
-19
3
-12
-23
9
-14
-31
-19
37
22
-6
51
25
-28
22
26
16
3
-8
10
-59
68
92
58
44
43
-51
57
34
-85
29
47
14
22
4
16
-56
58
49
23
20
9
-14
17
6
-16
1
15
4
9
2
-6
-18
6
-3
2
-2
-10
41
-28
-8
31
-8
-4
2
-47
4
12
22
-3
42
2
-6
-6
21
-25
-10
12
0
0
2
-22
11
25
28
7
36
0
2
-2
3
-9
-8
8
3
1
3
3
5
15
-11
4
18
-1
5
12
-54
-56
-64
-49
-24
-72
-21
-24
-33
-2
99
1
-6
-127
-31
-4
-27
-56
-55
-54
-36
-56
-34
-43
0
-18
56
-26
-40
-89
-3
-6
14
-12
-24
-9
25
-2
-18
-30
21
-1
-56
20
18
8
-4
10
-96
-66
-38
-53
-1
-83
-8
38
-51
6
58
4
-14
-92
-19
-3
-69
-73
-10
-46
-28
-28
6
9
19
-7
16
-19
-74
-59
19
7
2
-3
3
16
5
31
-4
7
9
-8
-62
12
13
8
-1
5
-33
-20
-10
-13
12
-22
-4
40
-15
20
-26
17
-6
0
9
11
-15
-26
28
5
19
13
21
-4
19
10
-35
13
-43
6
21
26
11
-2
3
14
12
6
-12
-18
-8
2
-42
22
6
1
-15
-23
3
-20
-8
-3
2
-32
-12
-7
8
30
26
8
-36
-15
22
-39
6
-7
19
36
-12
49
22
43
-9
38
-49
10
65
39
-11
33
-14
14
-20
-8
2
-19
-8
-12
4
-58
44
-6
-31
-19
-26
-14
-32
-48
-22
-13
0
-50
-19
-20
-3
1
54
-22
-113
-46
18
-98
67
18
32
36
0
46
22
1
-6
81
-79
22
127
62
5
38
-24
29
-4
-21
-2
-6
6
-9
13
-91
40
-4
-25
-17
-7
16
-38
-28
5
-1
12
-15
-23
7
0
-19
21
-14
-49
-25
-5
-38
46
2
-6
1
-1
5
7
-26
-7
46
-44
2
46
20
1
19
-10
25
-4
-13
3
-2
12
12
7
-34
12
0
-2
0
-14
-42
-10
28
5
-25
-2
-32
8
-16
7
44
15
51
-45
1
27
59
-1
-82
-12
66
9
33
2
12
2
-54
-4
-62
38
-5
-22
5
-3
45
-1
-31
4
-8
-10
19
0
9
-10
28
-25
-1
5
-96
-1
59
7
-62
12
3
4
-45
10
92
19
29
-25
-8
-2
110
-7
-101
-13
84
-1
-1
-6
32
-18
-127
-2
7
22
0
-14
-32
6
40
0
-36
4
-15
3
8
-2
25
21
-14
-7
12
-3
-35
3
39
-8
-46
-1
23
-6
-28
-1
36
3
-16
17
10
-9
45
9
-46
-1
41
-1
-12
-6
15
-9
-44
7
16
-23
-11
-8
-24
-6
13
-3
-5
-1
-19
1
7
5
12
-4
-18
22
-3
1
4
2
5
-9
3
-18
14
-33
15
5
5
8
3
1
5
2
15
0
4
65
9
46
-36
28
13
-10
5
1
1
3
4
2
2
-2
1
36
0
31
-46
20
2
-13
0
-2
3
0
-3
1
3
0
1
37
7
-34
-36
1
6
-7
4
8
2
11
6
1
10
1
0
127
13
0
-105
75
20
-6
3
0
2
4
4
2
3
-1
-4
44
0
11
-76
30
6
-7
-4
-11
5
9
-1
-2
-1
6
-1
22
-7
-25
-37
10
-1
-14
2
3
2
15
-3
0
2
8
-8
60
-7
-33
-61
32
22
-17
-2
-6
-1
14
-1
0
1
0
-6
19
-5
-22
-43
3
15
-3
-5
-13
-2
13
1
5
4
-2
-1
-25
3
38
12
-14
9
9
0
-7
1
6
6
1
-5
-1
-4
-22
3
47
-12
-29
-8
18
-6
-17
-6
1
7
-2
-7
0
-1
42
7
-29
-35
32
26
-29
3
13
-1
11
2
-1
5
4
4
6
4
64
-34
57
7
-58
0
-13
-1
3
4
-1
-9
-2
-8
-46
4
127
-34
-25
-19
4
-26
-16
2
-5
3
3
-11
0
-2
-8
5
-5
-19
-33
13
44
-9
10
0
8
1
-5
7
12
10
17
-6
1
-52
84
5
-61
3
-10
-2
4
0
-2
-9
5
-10
-57
-6
42
-18
-16
-11
-19
-12
-9
-6
11
-2
-4
-11
1
-4
-50
0
21
16
-56
-4
83
-8
7
-6
7
0
16
9
37
16
31
0
25
68
-9
-29
6
-5
15
32
57
37
20
-15
29
18
71
-11
18
57
22
-60
-2
-14
7
26
15
37
25
-8
6
2
42
-5
3
12
45
-42
3
-8
-16
-4
-9
10
18
0
30
-14
34
-1
2
64
0
-68
8
-2
35
34
57
18
27
-23
33
-11
66
-13
3
59
18
-127
1
-10
42
20
9
14
24
2
3
-6
29
4
-1
15
31
-65
5
1
15
9
-8
-4
6
-13
-4
-8
15
-4
-14
9
9
-38
5
12
6
3
-4
6
9
-14
-4
-7
24
15
-16
22
22
-66
26
5
26
3
-20
7
1
13
-4
8
4
6
-6
19
-2
-35
8
3
17
12
-2
-5
6
6
-1
5
-30
9
-22
1
-3
13
-59
3
-3
3
13
6
-8
6
-1
3
-48
10
1
5
47
24
-65
6
6
-1
15
2
-7
-1
-1
0
-37
2
13
-1
35
5
-41
0
1
1
8
2
1
3
6
8
-51
6
-8
-9
31
14
-59
5
9
4
17
5
-6
1
6
5
-96
6
-5
1
127
24
-82
3
8
0
14
4
0
0
1
-1
-69
-2
10
-2
51
3
-43
-3
-4
3
10
0
-2
0
10
1
-35
-4
-1
-7
28
1
-41
-1
1
0
10
2
-3
0
7
-1
-58
-8
-10
2
59
5
-49
-3
-4
-1
9
3
2
1
3
-3
-45
-3
-1
1
30
3
-26
-4
-11
0
6
0
22
-3
11
31
16
-26
-21
24
-5
8
-16
11
12
6
62
-17
-40
-24
-12
28
11
-15
-41
-6
-4
-33
-19
9
50
-47
7
-27
-40
-38
-13
8
-29
-7
-15
-17
-28
-41
14
3
2
-26
-21
-37
-18
-23
-76
3
-29
-38
-8
-87
5
-32
-6
-2
81
-55
-63
-65
-60
-66
-85
-63
-40
4
1
-96
37
-56
39
-36
55
-79
-103
-37
-13
-14
-42
-34
-28
32
31
-11
25
6
25
-29
3
-2
6
11
-4
13
-21
-33
10
37
-2
-18
6
-2
0
-12
-39
11
-39
10
56
93
81
-85
59
105
31
127
4
93
-5
-9
-113
80
54
59
61
91
51
-6
31
41
-4
71
-57
59
-50
-10
-70
77
47
44
-2
-39
-2
49
18
-57
-28
7
-16
49
-11
49
2
18
3
-18
2
-63
-11
42
-9
-80
-29
25
-34
21
8
51
6
-11
6
-30
0
-22
0
2
-14
-25
0
6
-21
-15
9
23
-6
-1
-1
-4
-6
-69
-23
97
-9
-110
-19
-15
-9
0
7
64
12
4
4
-12
-10
-105
-21
97
-10
-127
-12
8
14
-20
8
82
-4
-8
5
-11
10
-31
-3
11
-1
-32
9
11
11
11
-1
48
-32
-3
3
0
-1
-22
-10
57
-3
-60
8
-19
6
6
-3
22
-9
4
-8
13
0
-40
-6
67
10
-60
19
-14
18
10
3
44
-11
2
-8
18
8
-1
3
8
12
7
12
-6
-7
5
-15
24
-12
3
0
6
0
-4
2
17
20
13
-20
13
5
8
5
5
-4
-2
12
-12
4
-10
-22
18
-4
4
-4
1
0
-20
-1
-2
12
7
11
-61
7
5
-4
4
-5
6
7
-9
-7
-20
-1
-2
-8
0
1
-26
-2
-3
-46
26
26
29
-7
18
5
27
0
1
14
6
-14
-46
31
9
-112
-9
-23
-12
8
-3
-16
20
-4
-9
24
44
5
-127
43
14
-48
-22
-25
-9
12
-24
-3
-8
-10
7
19
30
-10
-69
-1
0
-46
5
17
35
4
11
-1
1
-12
8
-8
1
-9
-13
12
12
-107
-24
5
12
3
14
-1
16
12
6
-5
34
-4
-57
22
28
-58
-32
0
-9
-7
-4
15
4
2
-4
3
14
-23
-28
6
15
-1
3
5
19
-1
11
-5
15
-11
0
-3
5
9
11
2
11
3
8
-16
20
1
24
32
23
-52
11
4
-11
6
11
-4
-17
1
-2
-16
14
2
2
23
14
-30
4
-3
3
-2
5
9
15
11
8
-26
6
-5
25
18
24
-53
-6
5
6
23
6
2
23
3
25
-78
13
-6
50
97
34
-127
27
13
0
7
-1
-8
-18
5
7
-36
3
-3
11
47
24
-45
3
-3
0
3
0
-2
10
-1
-7
-17
-10
-6
8
15
21
-29
-4
-2
0
-1
-5
0
5
-2
-8
-29
-19
1
8
50
28
-35
2
-3
3
2
-7
2
-9
-4
-1
-10
-12
-1
1
20
24
1
5
-19
-2
7
4
-12
-127
-11
87
1
-111
20
-37
-7
17
26
121
-18
9
-36
-3
33
-49
8
10
8
2
18
15
29
7
-2
68
-4
26
40
23
-2
14
9
-49
6
45
-2
4
2
8
-15
-28
10
-17
7
-9
1
0
40
52
-5
-53
1
31
9
-23
9
14
-33
-7
77
21
-1
81
11
-54
-42
55
-29
-17
-16
-7
-22
-80
14
-14
20
-6
-31
28
-23
-31
4
24
-2
-20
-9
3
6
-45
6
-5
-42
-26
-2
49
-12
-36
-12
34
-7
12
-8
10
-17
-63
11
-13
10
-6
-16
28
-28
-43
10
38
0
-27
0
5
8
-50
3
-22
-47
-29
-8
-10
-5
8
19
-3
4
11
2
-3
9
22
-2
3
-20
-4
2
12
2
3
13
19
18
-22
-9
-2
-30
3
-4
3
15
12
0
14
-1
5
8
19
-15
-7
-60
1
44
9
3
0
18
7
-2
-5
-1
-2
-1
7
-19
-10
-43
2
24
-2
1
1
6
4
1
7
13
7
1
11
18
-20
-47
-5
13
3
1
2
27
9
1
12
8
15
32
11
0
-16
-98
-13
127
13
9
1
29
4
0
-5
3
1
12
0
-5
-19
-54
-4
49
-4
0
3
11
1
-2
4
8
-4
-4
-7
-1
-11
-34
1
7
-2
-5
-3
10
0
-1
-2
7
-6
16
-13
14
-15
-51
-4
45
-1
-1
-1
12
1
-1
-5
2
0
0
-7
6
-14
-21
0
26
1
-8
-1
7
0
9
5
17
-6
37
13
28
40
26
49
29
-15
-26
13
39
23
33
15
12
-9
25
-3
34
62
15
51
-10
15
-70
51
104
20
-4
-26
-12
-22
-12
-10
-33
-30
-7
45
-8
-17
13
-14
-9
-16
2
-22
42
10
9
-1
2
55
8
9
13
-13
-15
-11
37
20
7
-19
9
1
-29
-18
9
36
-30
37
-68
-14
-45
1
127
-12
-30
-43
-23
-37
-12
-30
9
-46
-6
25
-37
-28
15
-45
-3
-35
-4
-9
4
-17
-5
-18
-14
-7
-10
11
2
-18
18
-19
6
-14
-6
-23
-11
-20
-31
-46
-8
-10
-22
9
-20
-12
15
-21
51
-32
-26
-40
-31
-27
1
-16
-11
-13
6
20
-4
-14
39
-35
-9
-27
4
109
-21
92
-16
-127
-33
-10
0
35
-9
-126
-40
-34
-11
-51
-1
53
6
15
72
11
11
38
-17
3
3
-19
-7
23
-37
-39
-2
-87
13
-86
-21
89
19
-13
-10
34
5
97
25
17
31
17
-10
-91
-21
-52
-78
67
42
-37
8
4
-10
81
-4
3
38
20
-41
100
-32
90
-24
-120
-36
-6
10
4
10
-92
-19
-42
3
-27
5
84
-11
49
41
-53
0
-15
-7
-6
15
-87
-2
-14
-31
-13
-10
-45
35
-92
72
102
1
77
-19
-40
5
58
59
8
-25
-1
15
-101
-28
4
-58
45
12
-63
23
1
-17
81
-20
-9
45
24
-6
5
-21
33
-17
-37
-18
-7
1
-16
-8
-12
-15
-2
-17
-11
4
-127
-16
-104
-30
126
2
-21
-3
-23
1
93
40
23
-44
-18
-39
51
-7
49
-66
-76
15
-46
-22
58
1
-18
-35
-47
70
-35
11
95
31
83
75
-66
7
35
18
-42
-7
-83
6
52
-15
31
0
-3
-16
-20
65
85
6
45
1
14
-9
21
11
67
-66
29
-18
-96
-25
-69
-78
48
15
-34
1
-35
19
78
6
-65
-4
-51
-16
25
-10
76
0
-76
-9
-21
-1
37
-11
-45
-41
-42
14
-13
-12
84
28
60
15
-49
-25
14
-10
21
-6
-96
5
-20
11
9
19
-65
-37
-68
-1
97
-1
-12
-10
-10
14
65
3
-14
22
-7
-16
-23
-21
-6
-21
-4
-5
4
10
-13
-8
22
-1
-10
-19
-12
9
0
-1
-7
6
-1
31
28
-2
38
8
-8
-9
1
-12
-18
-6
-5
5
6
29
4
7
43
10
71
22
-3
-13
-21
-13
-8
-13
-5
2
8
16
-1
-5
-2
15
34
10
6
-16
2
0
-3
10
6
-27
-4
11
2
8
44
-14
74
21
-10
-3
-3
-23
-29
-11
0
-23
7
28
8
-2
47
-1
127
27
6
-11
-17
-34
-23
-14
-3
-6
15
16
-1
-6
6
17
57
14
8
-11
-8
10
-5
0
2
-25
-10
12
10
-12
22
-8
39
18
-4
-2
-2
-18
-14
-8
5
-23
-3
18
11
-9
14
15
59
21
-1
-5
-10
-21
-17
-1
-1
-5
-5
6
8
3
12
11
35
10
3
-12
-5
1
0
-1
-1
0
-1
0
0
-60
-1
-2
1
-3
-2
0
-2
-2
-1
0
-3
0
0
9
1
-40
-18
22
-4
-19
0
-3
-1
3
1
2
-1
1
3
-11
1
2
7
-1
2
15
1
2
1
1
1
-1
-2
0
-2
-25
1
-76
21
-41
-9
26
-2
-5
-3
-1
-1
1
-6
-1
-2
7
1
-127
-10
-4
1
-16
-6
-3
0
9
1
2
-2
2
2
16
2
-28
-17
39
8
-23
0
-2
2
3
1
1
2
0
1
-26
1
-13
25
-39
-9
36
1
-3
0
-3
1
1
-2
0
-3
-14
-3
-65
7
-18
-5
6
-3
-2
0
5
-2
1
0
0
-1
26
0
-30
-17
40
13
-17
-2
1
0
2
2
-5
0
-4
-6
-9
5
-13
-12
2
-12
8
-1
10
-6
18
-20
-9
-2
-3
-8
-7
2
-10
10
-6
9
6
10
15
-9
16
-26
-6
-4
3
-4
-1
8
-7
13
2
15
4
3
-10
1
26
3
-23
-10
-30
-4
3
-2
-1
-19
6
23
-11
-21
34
-29
-75
-25
-40
-32
-44
-15
-18
-22
-5
-46
-20
11
8
-41
30
-53
-127
-36
-16
-8
-6
-10
0
-4
8
-17
-3
-6
10
-10
12
-11
-37
-10
26
0
13
23
13
-19
4
19
-2
-21
-9
20
-40
42
65
42
45
31
-17
47
19
-57
14
41
5
-8
-16
27
-56
63
78
30
18
15
-3
22
-2
-7
0
-2
-2
-15
-9
-4
-2
12
12
2
2
-31
-16
47
19
-85
-15
7
5
3
11
23
-36
2
-37
-35
7
-58
-18
89
35
-127
3
38
26
-6
20
73
-40
8
-51
-1
-5
-53
-2
68
14
-80
3
28
16
4
4
57
-17
5
-13
6
9
36
15
-4
-47
51
20
-20
3
-30
1
-69
32
3
45
50
-23
31
28
-57
-30
91
15
-40
-14
-4
-18
-46
53
-1
64
24
-6
8
0
-48
-22
37
10
-20
-18
28
-16
-12
26
-11
13
3
-3
4
-3
-57
-1
46
-9
-1
-17
12
-9
-7
0
-7
-12
-28
-11
12
-17
-73
14
42
-10
13
-15
20
-5
-3
-9
1
-18
-34
3
27
-11
-16
6
2
-10
-9
3
-3
10
-20
-13
-2
-5
-12
9
-27
-35
49
14
-62
8
14
2
23
3
14
32
9
-25
2
1
50
-12
-39
-24
47
-9
1
18
-83
-5
-66
59
-20
70
52
-7
59
2
-52
-41
53
18
-59
-6
-14
10
-54
-6
12
9
11
-10
88
42
-127
-37
116
-30
-34
12
-1
-1
-84
-23
-25
32
-26
-5
-33
11
16
47
-35
6
44
-18
81
7
53
-88
6
-94
-89
-6
-79
-22
53
44
-78
-28
55
-9
-42
-7
77
5
-17
-14
-11
-3
-57
-23
55
12
-57
20
6
-6
-3
0
59
-7
13
-20
23
-11
-15
-5
23
-26
-18
-8
-52
-2
-30
-14
12
36
-4
51
18
4
15
-2
-16
-14
16
19
-2
4
51
-1
-15
2
-4
-13
-1
-1
-15
-15
-23
-21
20
-28
-35
-4
-28
-20
1
-71
-9
53
-42
-37
-6
-5
-2
0
20
-46
2
9
-63
-6
10
-83
-57
88
-23
-28
5
-3
13
-15
-1
24
14
-16
-15
8
12
-54
-4
40
-9
11
-6
-11
7
7
20
-6
-39
21
-96
-22
-8
-81
-21
95
-38
-48
-13
-22
24
20
13
-11
7
9
-127
-18
20
-110
-44
99
-30
-37
1
-24
42
-3
-24
2
35
-24
-85
-4
4
-53
-36
55
-17
6
4
-8
-13
10
20
23
1
11
-46
-22
-13
-29
-13
31
-9
-24
10
-21
4
11
6
13
9
7
-72
-17
-12
-48
-38
36
-28
-16
-9
-20
-11
9
11
15
20
-8
-58
9
1
-22
-13
-13
-20
-10
-36
-23
-49
-32
59
13
-31
-14
-54
7
31
53
13
33
46
-3
7
-16
53
-7
-42
-2
-15
9
43
-7
-3
-8
-4
28
-37
10
29
11
10
24
-23
-10
48
5
10
7
-20
-22
-4
-61
-16
2
54
9
93
-3
-127
-37
-39
4
41
-11
-65
-91
-34
23
-81
-20
-2
31
-102
82
98
18
121
-10
-50
5
9
55
-14
-103
-1
-19
-87
-29
-46
-46
57
9
-72
4
1
-5
76
15
-2
69
15
4
-25
12
-49
30
59
28
64
12
-13
2
25
64
13
-60
8
-5
-6
-42
63
-74
-69
-24
-120
-1
18
-1
-11
-38
-15
91
33
-5
55
-7
22
14
-18
7
33
-12
-6
-3
-55
6
4
-42
-16
-23
-14
-4
-9
1
11
1
-3
1
-42
0
20
24
23
-14
5
34
64
3
15
1
-28
16
36
-7
29
0
-59
-28
-69
-4
-17
-20
-41
-8
-13
-21
20
-12
-54
7
4
2
40
18
7
28
6
19
49
4
45
8
-58
3
16
-2
34
1
-53
19
-62
29
-8
-20
-127
-32
-74
-39
74
-22
-76
-4
8
-7
107
-28
32
47
11
-18
76
10
26
37
-37
10
71
4
-37
3
-78
22
38
-86
-15
6
-24
-9
-6
-13
3
-8
-26
2
6
-2
19
-28
9
8
2
-13
31
21
-23
29
18
13
46
6
-36
9
-20
51
24
-65
-5
-10
-18
-18
29
-17
-20
0
-28
-12
26
-12
21
-15
-30
46
3
-12
-60
-14
-66
-24
46
8
-12
-4
17
-3
64
1
-9
25
-19
11
90
0
50
13
-50
-2
12
3
-1
6
-96
4
15
-37
10
-11
-37
1
-6
-5
19
4
-18
3
-7
-2
28
5
-7
23
3
-9
-122
0
-70
1
71
4
-12
10
-58
6
108
11
40
-14
2
18
120
-5
82
3
-89
3
28
-3
40
-11
-127
2
-24
11
-6
-23
-21
5
-20
-3
32
3
-20
-7
10
6
17
-1
3
-3
-4
-3
-46
3
-19
11
25
-6
-6
3
-60
7
46
8
31
-32
5
3
37
-16
42
-27
-69
9
7
-12
47
-19
-22
-19
-40
26
-10
-19
14
4
-15
5
27
-5
-3
0
22
7
-6
2
7
-18
2
-21
28
16
-46
-33
43
-18
-72
-8
5
4
-26
-40
5
22
-15
5
-57
-17
38
42
-57
10
72
15
25
3
55
25
-29
-33
-16
11
17
-3
-5
0
13
6
-3
-1
-20
-12
-12
6
15
4
14
8
-54
-19
61
33
-57
31
46
20
-24
-7
45
70
4
-21
43
-26
119
25
-118
-64
114
-11
-93
-8
51
-3
-127
-46
19
22
-29
-7
-50
-7
52
19
-62
-20
49
-22
-36
5
37
7
-36
-15
-30
4
33
-9
-37
1
38
-13
18
-13
30
2
-35
-19
-18
8
-30
-17
-75
-34
70
21
-69
-8
16
-11
-90
2
71
38
5
-18
30
-3
31
5
-28
-31
33
17
-48
12
46
-6
-20
4
11
8
0
19
2
9
2
-6
-6
-32
-14
-5
31
-16
-8
-18
6
16
31
8
-10
18
-6
-8
0
-17
15
-16
67
-14
-7
-30
12
22
36
-2
-4
5
-4
-8
5
19
13
-12
16
-1
10
-6
0
18
8
20
14
40
-2
4
-2
-10
-14
5
68
-20
-10
-16
23
53
33
23
4
43
-19
-3
-1
-5
-8
-8
127
-10
-18
-13
29
31
33
13
5
6
-12
-32
5
7
-11
-19
39
-4
1
3
7
7
1
1
6
33
14
3
-2
14
-7
6
24
-14
6
-2
12
26
15
11
16
23
-1
-1
-1
7
-17
-3
47
-15
-9
7
12
7
7
10
16
1
-5
-12
-3
3
-19
-9
5
-10
-3
6
8
-10
-2
14
-51
-3
19
0
-22
31
1
-3
59
5
48
44
8
-67
-3
-49
123
1
-91
-9
96
-26
-32
21
5
-12
-123
-51
24
53
-6
-2
-83
-3
77
14
-83
12
43
-22
-33
1
77
22
-45
-7
-20
21
39
0
-70
-16
60
-41
28
7
-90
0
-61
17
-92
116
1
-18
-112
-26
103
14
-112
51
-17
-15
32
17
111
-9
102
-127
-16
-23
49
-4
-49
-35
51
-18
-36
8
29
-17
-46
15
-29
58
2
-14
28
-15
-37
8
19
17
-15
-3
58
2
-24
-41
-1
-21
-15
9
-31
6
64
1
-51
-29
38
-13
-71
-5
31
53
-40
32
17
-7
20
-10
-24
-1
27
12
-32
10
4
-4
-14
-10
34
-51
-9
-1
4
-7
40
-1
-46
-2
-4
-10
-23
-11
-3
0
0
-14
-29
-18
-61
11
-79
5
80
23
-2
4
-51
-2
76
11
27
-26
-15
21
-54
-2
-34
-12
39
-1
-6
4
22
-9
53
-17
-23
66
5
2
97
-28
116
8
-101
-7
35
-6
29
1
-127
-4
-15
-17
-9
-22
24
-14
-24
19
42
-11
-21
-3
-26
13
-4
5
-29
-30
-11
-12
-81
13
-59
-16
66
19
-2
8
-5
-5
73
-9
-12
-3
-3
2
14
9
58
-33
-71
-2
-21
-4
26
-13
-31
-11
-7
53
18
4
43
-10
20
4
-19
-9
13
-11
18
5
-44
-6
-11
-8
-14
-17
1
4
-37
-2
39
-17
-9
10
-2
11
10
11
-5
-21
-2
-85
-47
3
4
-8
15
-35
-19
-12
12
-15
-48
67
-121
-96
28
-102
-35
12
16
4
16
-14
22
-1
10
7
-22
19
-39
-26
27
7
10
8
2
6
12
-1
20
-1
7
6
2
-9
11
21
6
-63
-52
20
20
-8
8
6
-46
-1
-15
-20
-36
35
-89
-127
22
-77
-42
25
17
-12
4
22
-12
5
-15
13
-17
22
-33
-41
13
14
9
11
14
-4
13
14
1
-7
6
-5
8
-6
16
24
5
-2
-9
8
5
5
8
3
2
-13
-8
-13
-14
-24
-12
-14
3
-9
-21
1
4
2
14
3
-4
4
-3
-2
3
-17
-5
7
3
3
6
1
0
3
12
-9
-8
-2
-7
-8
-1
-16
3
8
0
7
-5
-3
-45
-7
35
-21
-10
14
-18
4
-9
36
8
9
4
7
-7
-8
-54
-4
43
-3
-6
10
-21
-1
10
33
10
30
-9
3
-2
-5
-11
-8
6
8
-1
-4
-13
8
2
9
1
10
-8
-3
-17
-7
-84
-6
86
-5
-13
-6
7
-20
4
17
0
13
6
8
-29
-17
-127
-2
106
-8
0
-1
40
-9
1
17
4
7
-6
1
-17
-10
-47
-15
24
-4
4
-11
15
-2
8
7
-2
0
-7
-4
-16
8
-58
11
54
11
5
-5
-10
-5
16
-6
3
-3
-18
11
-8
-1
-96
15
79
4
9
-10
-8
-1
5
-15
5
-26
-17
7
4
-4
-35
7
29
1
4
2
-7
3
-11
-3
6
-8
-2
-26
18
17
-12
10
-9
7
6
-9
16
1
7
31
-53
-16
21
-110
9
22
9
19
1
3
11
-7
24
-10
8
25
-120
-35
40
-96
-2
-6
26
15
-12
6
17
-12
24
-21
24
1
-27
13
6
-2
40
13
-16
11
-12
23
24
-1
7
11
38
14
-41
27
12
-119
-7
39
5
3
1
-6
-21
8
-20
-18
27
-1
-127
-34
22
-117
14
18
10
7
-6
11
24
10
-3
-3
22
-6
-45
12
-3
4
14
-2
-11
-5
0
0
10
-12
9
4
33
13
-2
35
-6
-49
26
11
1
9
5
0
9
11
-5
-8
29
10
-51
4
-4
-42
-8
2
1
-11
9
-6
-7
16
-5
3
26
-13
-20
29
5
14
-2
-3
-7
18
3
-26
49
6
-91
0
-9
61
-54
43
14
-5
-4
7
-10
-42
7
41
-83
-10
80
16
5
-56
33
-59
-40
-14
-14
-13
7
25
-12
-16
34
11
7
-24
10
9
-6
25
12
-23
14
-21
-17
7
8
39
-46
12
111
-6
-4
-61
45
-44
-11
-2
-6
7
14
11
-17
-59
66
-1
-127
-10
-3
82
-75
84
25
12
4
2
-9
-17
9
27
-26
-13
18
16
-8
-26
16
-64
-27
8
-4
8
1
-24
5
-18
-4
-10
-20
1
3
14
-7
17
-5
-10
1
-31
-2
24
-6
21
6
2
49
0
-3
-30
25
-52
0
-8
3
9
7
-12
-2
-12
-8
-1
-35
1
3
23
-14
35
7
-32
0
-5
38
-10
-8
23
-13
-27
-31
-8
47
98
5
33
4
-3
127
21
42
45
5
60
72
18
-37
19
89
33
49
53
21
27
75
0
31
-5
-35
4
-19
11
-45
-6
-5
-40
29
12
14
-9
-36
41
82
6
72
-8
-4
-25
-55
17
32
40
19
93
60
-7
105
2
89
70
68
12
79
47
-109
32
88
79
38
73
-21
-12
83
-15
10
-47
19
-14
-10
36
-78
9
-34
-27
6
17
13
-2
-47
27
-17
-11
38
-23
-51
-4
-58
18
2
-11
-18
58
13
5
30
-17
-4
21
-4
17
32
45
-48
3
4
43
6
30
-2
-11
19
-1
-3
-28
-16
-15
-24
-17
-70
-23
-25
-48
-7
-9
-11
6
2
-22
9
5
16
-14
-6
2
-15
-5
4
6
9
9
-52
-4
2
-49
7
-4
0
-15
-4
-1
-8
3
8
43
-6
8
-95
-6
-2
-10
9
-8
7
2
7
-11
-18
11
5
11
3
9
-41
3
-4
-81
2
4
12
0
-11
7
8
-4
-6
10
-7
13
-72
-13
-3
-127
-4
-3
-20
-2
5
-10
23
-12
-1
42
-16
12
-114
-11
-3
-61
1
-12
3
6
5
-14
9
-2
-6
11
-4
15
-50
4
5
-65
-3
-2
13
13
-6
5
-3
-3
2
-12
2
-2
-19
8
5
-106
-1
7
4
5
1
-4
4
-1
3
-4
10
-23
-33
14
3
-45
-2
6
10
7
1
2
8
-2
-2
1
7
-2
-9
8
41
-22
49
-27
-61
6
-16
-3
19
-6
-52
-14
1
35
-5
1
96
2
67
53
-105
-17
67
15
-1
7
-93
-39
-7
-77
-54
-9
38
4
-7
31
7
-15
10
0
-32
12
-46
-4
-11
-39
-17
-9
-68
21
-81
18
82
15
30
-3
-33
3
58
52
-5
-38
21
-7
-127
-14
-33
-67
76
32
-74
2
12
-15
103
36
9
97
68
5
-38
-40
28
-48
-12
24
-31
0
29
-1
29
-8
-1
39
2
-3
27
-15
14
-20
-26
-15
-40
-13
-2
-4
-17
-27
-2
17
-2
-2
29
17
-1
33
-5
-18
31
-12
6
8
-18
-2
-3
-48
-21
-6
-17
10
-51
16
48
-5
21
0
18
-15
25
9
0
-13
-17
-53
-38
-44
-18
-54
-32
-46
-99
-20
-55
-19
-18
108
-87
-115
-80
-81
-47
-25
-27
-46
-23
-20
-54
-3
-52
33
-36
55
-63
-86
-32
-7
-5
-3
-13
-8
-4
9
-4
5
3
12
-10
-9
-1
-7
4
16
12
-14
-13
21
28
44
17
3
13
11
5
-80
35
-2
27
59
43
37
-9
79
60
49
115
25
49
1
26
-127
70
67
71
17
11
8
19
35
11
-4
30
-12
7
-33
6
-26
23
25
19
-7
5
23
-4
-15
-7
-14
-2
1
7
1
0
11
-3
23
-7
10
21
35
14
4
-8
-12
12
-12
23
-22
7
16
11
60
3
-13
2
-6
5
-18
-4
-2
-33
0
5
-5
0
47
-12
12
-20
-51
-19
45
5
53
13
-64
3
46
24
21
0
-68
-89
-67
48
-35
10
2
-6
0
-29
25
50
-1
21
57
29
-40
5
56
-5
14
20
0
-13
-3
-16
9
-6
14
-9
10
39
3
20
19
2
-58
-39
78
1
104
53
-52
45
70
15
14
-20
-83
-127
-102
90
-65
-27
11
-32
-5
-17
27
90
0
6
51
18
-50
-24
26
7
-2
26
-1
-30
-1
-36
3
9
2
0
-5
14
-6
1
-6
-6
-16
-4
47
31
42
23
8
1
37
-11
-9
3
-24
-27
-34
25
-4
0
14
7
-32
-19
15
1
-26
-18
12
-2
-6
-2
34
0
5
-1
3
-7
-16
-22
14
-9
-24
-15
3
20
11
10
-3
-1
36
12
21
14
38
14
-31
3
26
28
-39
-4
-46
33
66
28
10
-4
3
11
-11
4
-70
32
-54
32
-43
-7
-18
-3
43
9
-2
-4
17
-3
-19
9
21
25
-49
20
9
5
-21
8
26
10
12
-18
2
-5
-2
-5
-69
-54
17
0
-24
-43
11
-13
14
-12
-58
-66
-37
-25
-76
-29
-127
-85
-28
-31
25
-58
22
-78
-74
-41
-30
-44
-5
-19
-59
4
7
-15
-7
-4
51
-29
-16
-12
-7
-11
4
-16
7
-2
2
1
35
-38
4
-8
-9
-17
-34
-1
-18
1
-24
-50
-11
-18
-17
5
-12
-58
43
-11
26
-32
-44
-43
-57
-1
-8
-22
-9
-5
-17
11
12
-7
36
-15
29
-25
-36
-5
-13
5
22
7
-69
-36
-38
-48
-9
-30
-29
-11
8
10
38
52
32
-127
70
40
-51
-40
-31
-47
25
-46
-12
-30
3
19
20
80
33
-104
31
18
-8
-5
-10
-2
12
-23
-3
-31
-16
19
3
16
15
-17
9
3
-80
-31
13
-7
8
23
8
48
18
0
-33
14
11
-21
29
16
-75
-22
37
-6
10
64
32
71
4
-11
-37
28
14
-18
-2
12
-16
5
28
4
-26
33
23
9
3
8
-16
-4
-8
6
-5
-4
8
5
5
19
-6
18
-3
25
8
-4
0
-8
16
0
-4
-6
11
21
9
24
3
18
-10
20
-18
-9
6
-17
23
5
-15
-1
8
14
6
9
-7
7
5
0
-11
1
4
-9
-4
6
