-1536
-10878
11055
-1556
-5217
-14551
-3114
-3978
-14409
-9091
-1888
-3918
-11571
-13828
-1909
-1025
-10124
-10049
-1128
-8630
-7851
-1510
652
-1820
1970
-1981
-1177
-5128
-3020
-2570
-16143
-2566
-12522
-9081
-1323
-16524
-6498
-4264
4244
-6515
-11369
-11141
-1513
-3144
-2068
1712
-11308
-3198
-1367
3397
-5128
-130
-3495
-14640
-10150
-10127
-3331
2508
-5978
-13875
528
-3655
-927
1653
-15743
-11234
-12224
-12220
-3098
-314
-7775
5575
-7891
-8747
-6651
-9548
-471
-14170
-2780
-8037
5074
-3566
-11323
-3169
-1946
-19098
-11751
-4774
-4019
-12011
-7794
-3683
-875
6255
-7965
1157
-15384
1901
-11236
-5693
752
-10156
-8100
13970
-1433
-10232
-8175
-7704
-14023
-2858
-9809
-980
117
-11514
-7907
-8747
-1239
-12525
-604
5890
-5909
-584
-8456
5884
4813
-8933
-6672
-4532
1180
-4558
8324
-2030
-1870
-5968
-3500
2904
-14964
-6172
-13595
11789
10478
-13479
4462
-7947
-1646
3400
402
-6208
-16508
-2953
24219
-14166
1281
-2617
1120
2205
-7547
-9169
-10442
-10069
-760
2730
-6444
-5428
-8816
-7428
-530
-1393
-923
8149
-371
-7817
-8507
-5261
-11670
-4467
-4174
-1454
-8295
-13074
-6847
-5992
-9838
5350
-7249
-2813
2152
12153
1172
-2008
6221
-11206
-2044
-1587
-13116
2582
-2774
1308
-6518
-20371
-3427
-7542
-1874
-1209
1409
-7967
-270
-7776
-11173
-2597
-2169
-6284
-15795
-10507
-6609
-1862
-12564
-4165
-8880
-9649
2882
2970
241
4756
260
-13810
-8973
13663
833
-2499
2963
-11058
8616
773
-14796
-17694
1726
1177
2459
-11236
-9728
-5548
-3645
916
2327
-15698
495
-909
-4917
-4151
3378
-5382
1412
-7252
-15892
-11882
-7576
-8263
-7407
-6731
1928
-4876
-8789
-8089
6634
-2495
-3432
-1547
-4433
-15687
-14408
2091
-9084
-9559
3836
10839
-3231
-2193
2876
4410
-14614
-3490
-731
27944
-1242
2166
-196
-9548
-6426
-6316
-11516
-3072
-2813
-2609
-9009
-10815
-5080
-4165
-8697
672
15561
-11807
1784
-11082
2062
4177
-10368
-1185
-11343
-9545
13320
-13448
-11498
-13795
12333
-7127
311
-3155
-8099
-10473
-13932
12487
3632
-19413
-5082
-13056
-12950
2994
3887
3389
1044
-2529
-9229
-8851
-11829
2973
1846
-15044
-4450
-6943
-1321
-5721
3582
855
-393
7116
7600
-2206
-3230
-2790
-14
-10134
-10229
-6806
1437
2521
826
76
-4120
2783
-322
13506
-6646
3330
-9484
-7253
-11986
-10538
4220
-6151
1116
-6073
-5634
-9228
4067
-13521
-3404
-4854
6621
-422
8130
-18494
-6885
1773
-9283
-4819
-1964
-10785
814
1362
-8325
-8215
-9792
-3535
-10887
-14585
-7293
-3372
-9437
22545
-2359
5419
-17113
-10361
-12930
-9122
18260
1344
5817
-29505
-1148
-7796
-12101
-7936
1732
-1739
-11616
10267
17964
1096
-2896
2507
20777
-15302
-19328
-9343
-5550
-3104
-2508
43
-14667
-2558
-11531
1034
-17659
3791
-2225
1874
-4763
-1859
-4202
-5485
-9431
-7543
-10459
-10683
40296
-389
6645
-9638
-2270
-4060
2629
-1686
-2354
-13553
-2209
-1870
-7909
-3169
-3604
-458
3855
-2558
-7973
-8517
-1854
-5778
-6057
-13465
7035
20525
-12823
-8619
-12686
-11678
-6857
-4908
-1030
-12962
6553
-9885
-9982
2913
168
4022
-11551
-5319
-12645
-11792
2294
-7281
-2807
-16005
-13322
52542
-4442
1002
-14382
-2379
-8683
90
-613
-1359
2843
-4144
-5923
-6997
-2626
-9312
-5770
-9337
-2063
-2060
-11366
4268
-14850
-1423
-9823
-7541
-9378
-9947
-7405
-8536
-9299
-8811
4235
3404
-9678
-10806
2805
-8421
314
20285
-4874
-12985
-2072
-10596
1363
-11028
3113
-11167
-13259
1959
-18204
-15467
-7993
6905
-9590
-10888
-6190
3039
-270
-10153
-8124
-2130
-10169
1393
-10562
-2576
-10657
-12576
2875
-12504
-7912
1107
-2515
-2814
17007
-3722
-10156
-6237
-10659
-1191
336
1414
10150
-9718
3267
173
-7461
-15712
-9682
437
-358
-13874
4564
-3416
-7086
-16119
-7232
-3900
2644
-11830
9939
6942
-4626
-5208
-5690
-10424
6736
1994
-11023
-2584
-5650
-10926
-4944
-4449
-7578
-18565
-13243
-1040
872
6157
-10858
-2488
-13038
-169
-2389
-13320
5233
-12445
-1168
-11417
-10173
-8225
-2750
-1755
7134
-11825
-3980
1949
-10791
1458
-6787
-6340
344
-2514
2581
-15239
-9444
-5604
2616
-13588
-3459
-5293
-3100
-15030
-10191
-17831
3273
-10191
-5218
-15355
-10087
-10141
5956
-8457
6244
-2170
-7888
-463
6862
-3856
-6534
-15549
-662
606
-9076
-4188
-14619
-27
-604
-4874
-9187
-8167
7865
-13845
-1763
3591
9366
-11689
-3334
-2230
-294
-6823
15406
-3259
-6124
-8291
3686
-5109
-11011
-3836
-953
-2789
194
-9992
11986
-13
-5242
-4975
3372
2523
-7102
-13662
-17128
324
10084
-1570
-16113
-4947
-4649
-8486
6125
-9072
-2807
3866
3756
1492
-10328
1622
-355
-5917
-3123
-2412
-5981
-13150
-4731
616
1966
-1986
-8236
15530
-8469
-5798
-5429
-11386
356
-13074
14342
-9159
-658
-12331
-7252
-10509
-13271
6335
2797
-3032
-2696
-142
-13300
-1586
1726
-2513
937
-202
-4801
115
-4010
-5486
-9885
9752
-360
-12879
-12648
-4890
-4922
-3086
23150
-3138
-807
412
-3852
3880
1344
-15961
-5325
-10038
6210
-9250
-8094
-836
-2679
-9514
8143
-2561
3236
-4190
-15409
-334
-16890
-3710
-6460
-4804
-14564
-2287
-5031
-2782
1216
8365
-13603
-1508
-6351
-5318
-8776
1439
-4207
-1597
-6523
-13079
246
-6765
-1163
3276
-12097
-8959
-4440
-3953
-8444
-19956
-16567
687
-7062
694
2892
-6265
-12164
-6729
-4644
-1064
-400
-994
-2613
-845
-9127
-3646
474
-3647
-4704
-818
-8703
-9512
-9251
-12502
-9160
5203
481
6976
-1545
-2156
-1666
-12154
6566
-13279
11087
-3165
-11803
-4925
-9777
-7795
-5399
-9133
-397
-5050
-5795
971
-10844
827
-19835
-10216
-85
-2738
-3902
-8856
-1495
-3264
-5596
-13639
-12223
-483
-15486
-10219
11205
-2869
-10497
-2047
-1555
-2442
-16322
-9772
-3756
-2816
-14499
-674
5452
-12663
-11459
-8939
7958
-10384
-6298
-2365
451
2752
-1552
-4812
-7882
-8152
4313
-11606
-8660
-4793
-7675
-2587
-10614
6839
490
-6960
7863
1388
-12256
-11261
-13498
-16974
-10823
7588
-14494
2322
-10635
2592
-9498
-2074
-8767
-13523
-5615
-8038
-892
-8322
-3572
794
9285
-5250
-3220
-9604
-5358
-3442
-11209
3311
-9947
-4698
-17229
-8321
-13269
-12181
-7509
-8846
-5594
-731
-15568
-11587
-4120
-5859
-15674
-8448
-3972
-8267
-4382
-3860
25422
-15385
-2617
-4479
10752
3001
-5794
-10210
-4674
-184
-10167
-2657
-9416
-9156
-6121
-10159
107
-8494
5493
-12257
-12590
-13408
-12353
1967
-6464
-12680
3840
-8037
-1428
-3228
-8221
7831
-4780
3071
740
82
-8825
-7671
-7848
-11694
3032
-6600
-1693
2053
-5428
-11058
6207
-12316
4351
-8127
-965
-7563
-8939
-329
-3950
-31550
-11855
6492
3029
-7848
1007
-12909
1157
-10958
-16802
-1247
-9500
-7034
-3200
-3020
-1936
1118
-11989
-9795
-5080
2530
-8414
3022
-773
2179
34055
-12533
-638
-13556
-968
1246
-5918
-11121
27968
-5177
-9451
-11162
-4304
2285
33
-1115
1736
-10034
-8347
-14846
-5282
-8049
-8604
-2295
2540
2256
3105
-5586
5770
5346
-8673
-15709
5045
3671
27621
-10306
-7647
-2909
-3456
-1715
327
-17048
35
-1914
-10118
3134
-10478
-6458
-3349
-8494
-4943
-5313
4079
-13176
4091
-5011
-11055
-5195
14115
-9687
-7694
-8985
-939
-4131
-9539
-5500
-6278
-13594
-5265
-1487
-8934
-9642
-6632
13178
-11282
-2980
-3117
-7989
-7999
-6229
-4336
7144
-8832
-7810
-4598
-6040
1579
1961
-12009
5110
4351
-8582
8968
8910
-13762
-10924
-4003
-5118
-2394
-1424
-10560
-3908
