2139425035
1506607327
1800078547
1705096323
1386309252
1630204980
1695523811
1276316588
2117394377
1201579220
1319889654
1158680223
1156059535
1399071499
2029454728
1401602486
2008840097
1392993369
1268785297
1465451243
2008924861
1098240538
1734687628
1770760929
1883786057
1755924847
1428103789
1306861411
1738568579
1149556145
1285953800
1864193961
1096166345
1216476279
1239008911
1272423932
1248628470
1577166213
1252264057
1406149652
1164902219
1694199936
1907154588
1330602282
1384657752
1259745983
1302610647
1623624836
1522074132
1561031793
1232929108
1540664456
1083978161
1409569417
2087851520
1399444034
1230313980
1178931184
1105450075
1524095678
1687839128
1688705900
1641924590
1993132298
2052816182
1328797506
1385027720
1712674545
1113998870
1626937907
1438854988
2003681307
2095255346
1896869669
1524129623
1221249859
1377655770
1475603377
1456802349
1768798570
1995829351
1583428647
1267550385
1080027920
1858840758
1160609812
1598002980
1903700722
1755716863
1673768209
2120521084
1216310716
1909349091
2035815644
1934744760
1507990055
1206764956
1819321337
1270220921
1428356837
1089188587
1120716130
1162001265
1152793628
1323135342
1668646863
1274699421
1587935531
1904248190
1489766487
1276955701
1471943007
1662990181
1336525115
1683517170
1227863092
1095394370
1276450811
1277077015
1739634196
1112636594
1102453859
1686036453
1237487279
1550814763
1699131807
2037792639
1200933497
1808973490
1182813575
1138640627
2141937630
1565047006
1519793200
1502375731
1449292793
1948437040
1666649346
1321877722
1221787644
1452604893
1997895107
1927014740
1501409421
1414653630
1640262125
1899984633
1193195078
2128497075
1337885152
1760543791
1484806737
1916292345
2118698500
1602825318
1369776908
1815859913
1479545219
2064096185
1789500453
1538845294
1666549185
1252922200
1494993089
1843613547
1806251785
1146796917
1750826091
1876824474
1217229279
1202379852
1218668247
1785644736
1592061443
2014983862
1362565018
1218339573
1379880011
1230557968
1151445412
1867063498
1247080087
1725115038
1247054580
2001098568
2133977114
1999494303
1804537295
1936968690
1320951383
1374709930
1081326677
1339974704
1379626497
2091517606
2075757471
1174334015
1456878263
2074269200
1974788101
1107566767
2026448246
1401733442
1483154327
1409717132
2138389591
2131088757
1185163563
1619841129
1191176565
1201727246
1454404147
1923096150
1296256411
1538070674
1246729599
1567471765
1955710267
1950776685
1266947238
1795120671
1101757626
1502077813
1272501698
1490000561
1866645899
2103253314
1750292000
1356744465
1821188309
1663631822
1449719880
1298284878
1187861472
1396614157
1865262689
1400493087
2034087670
2017372654
1997796384
1201527856
1221674535
1157072310
1815193698
1326307604
1257067048
1319658458
1711216913
1424485839
1121795083
1972861078
1245550834
1787773987
1506077590
1132938219
1462230596
1984584110
1842783481
1493788272
1721100097
1186082359
1279444656
1741113680
2094095446
1428371223
1456078977
2025313107
1842136163
1626705933
2041733392
1955656609
1205983104
1413282668
2003727811
1412150795
1235172830
1626705156
1270603643
1797441559
2023229932
2094993246
1090145877
1955458774
2025272514
1504798119
1936222455
1879742031
1372278265
1675176849
1950835398
1106035686
1869918805
2078938769
2102688116
1086295682
1141328388
2000648774
2091634021
2127692049
2002127247
1086676926
1183760678
1536062387
1496787911
1937678842
1379069892
1428259358
1245027380
1388669349
1235037324
1162671213
2018462301
1498860587
1437296806
2007162701
1093321537
1523463875
1443090860
2047119101
1372357314
1470661513
1530358229
1693392733
1131163461
1409608416
1300254555
1263233248
1408191456
1390471870
1260092233
1540592523
1393141161
1821872021
1476705039
2044812118
2137183063
1796992162
1095648701
1179947382
1705560037
1316332517
1783690302
1595336215
2087079544
1162088751
1334155609
1916472729
1118105279
1690794518
1942577741
1620214403
1634011899
1105314492
1125547295
1388679459
1872565933
1104192705
1494173171
1254086112
1887680151
1252413227
2028430871
1807770540
1341302763
1389878210
1238581280
1705517188
1385467249
1933958242
1983006175
2026644448
1291088133
1669156342
1272561577
2098077882
1390633932
1186142394
2099580228
1299783608
1525102855
2070379383
1541429821
1794684984
1423117482
1380054983
1151514934
1728911187
1335528165
1499079808
1207727845
1169528668
1156036672
1642086652
1646202922
1177218677
1377619571
1981946080
1755751975
1147138190
1996464071
1929690641
2126677174
1441515570
1979170638
1112695579
1448146145
1822879314
1888320548
1595472211
1536695069
1469862476
1380215219
1265070296
1169442154
1222484576
1475659874
1924063238
1223366356
1165717199
1194773028
1671060579
1200233921
1392203546
2031696311
1094225286
1134303427
1277955296
2070729715
1359500310
1211023225
1166254168
2036766060
1523257252
1737201560
1235179829
1964186677
1483567587
1519918495
1969928085
1878385339
1591847356
1751731279
1256796814
1931742322
2124868627
1556853000
1566084138
1493659260
1278141621
1767550127
1525069182
1392630944
1418167258
1779783532
1304621928
1223622981
1359321839
1479138157
1464970420
1135517459
1421316128
1903870251
2031602604
1770686010
1546440352
1210214155
1769771102
1527331684
1790004372
1529999420
1717515353
1262998615
1552556938
1345690565
1527493630
1206105662
1706553877
1640565253
2040221091
1077209941
2116069957
1553381249
1133253596
1403978525
1364157903
1206325310
1316910196
1267218483
1208666161
1283949907
1555388292
1192305522
1477979844
1490939732
1393466881
1196740489
1148716475
1088376718
1368062029
1342064022
1097461097
1783185916
1650546499
1521984624
2058376707
1445556874
1320604395
1866432122
1212477979
1226175509
1516465781
2017768324
1132618993
1788647742
2017273154
1123369052
1785299264
1846541642
1102302527
1476100647
1343570801
1179462710
1708102299
2021747571
1469782261
1469128294
2015072359
1216962739
1830312348
2110660919
1330104273
1533814388
1398410300
1302282439
2037415990
1228122633
2032623350
1421615097
1994072199
1235352156
1837749893
1544094680
1454915609
1194370500
1143971084
1084827357
1853139866
1678296168
1399843164
1274549101
1627563139
1382989999
1894790506
1088257815
1200311453
1897591641
1612917068
2009074482
1438463090
1430992145
1227277714
2100382532
1178547841
1352188978
1441766985
1357400804
2087274424
1625485719
2079441288
1902944533
1110445870
1970566848
1275996467
1415066136
1587709623
1170741455
1773515498
1438501428
1327803122
1748779621
1354023382
1405010314
1934043550
1656001108
2008251726
1323799535
1377736335
2101099372
1419413757
1183162469
1833823526
2117618730
2001026091
1849700699
1650408777
1169405915
1633614791
1969744014
1974170800
1170543310
2059753463
1159630825
1691259710
2016995338
1112552996
1288964053
1743062943
1463361613
1567943489
1121363098
1991058843
1174359833
1867084744
1653962026
1611523049
1456174161
1112894502
1576552878
1079177713
1822361475
1088183860
1657853826
1828479188
1445449013
1308618050
1388384495
1827462875
1960640116
2034870299
1200990343
1713500645
1856322409
1153574469
1947806364
2085255094
1466090862
1287436589
1848557550
1483616813
1280967143
1084065258
1268633499
1319247547
1484180727
1850346524
1989649348
1313212576
1238228226
1257421852
1114946027
1429410478
1281917823
1190510389
1318677916
1321819087
1709549549
2144798457
1321518097
1310727199
1542143162
1602181111
1953561458
1953370467
1562061716
1079255595
1365390599
1354394944
1599624501
1230865413
1683137987
1692673871
1479690057
1300528677
1868762513
1844654046
2133991811
1212264980
1647688704
1233747315
1915629412
1837656964
1470566640
1491504229
1781281368
1212274623
2059385167
1100466335
1571209240
2050987921
2009510123
1579970894
1843806794
1645954851
1482120221
1165016768
1142999330
1956550365
1520806598
1170508937
2108603095
1190489898
1686505066
1955774812
1215402247
1852699948
1286311248
1130721288
1689701139
1345527841
1266345102
1105502684
2060830045
1115429494
1537413091
1735966710
2146686752
1819022236
1653477665
1543745592
1660534121
2144050278
1324160443
1085019126
1555141232
1730176933
1450836822
1284127600
1426066729
1845301131
1780421984
1194164344
1206622490
1761769759
1861054968
1117660811
1265865601
1304696894
1498021734
1858474406
1434669274
2006012553
1645403495
2090767794
1434969059
1148010677
1774001375
1843659118
1133293762
1847205835
1267648603
1141380880
1718282896
1186314488
1550715846
1626300621
1078259889
1119499049
1084782098
1349229777
1486584801
1440488058
1253743557
1128629287
1112081895
1182145688
1219334384
1203163182
1590397578
1327453334
1879804166
1136480426
1843755780
1692682658
1509184778
1369696576
1497898554
1555298979
1647515677
1375572906
2114372964
1175873961
1404568296
1255724937
1192725337
1554710101
1393142095
2008045570
1706001277
1094087797
1113333682
1783571554
1565806345
1473923921
1386841478
1858370745
1149120309
2029934306
1838414941
1520227985
1352476865
1102392346
1326678559
1975662571
1989298316
1171690347
1659650631
2125278294
1580418433
1483581507
1959417025
1085204441
1340072454
1261741944
1832843529
1672816596
1327769528
1372640612
1111089649
2104573456
1949594264
2063218993
1345479409
1143983060
1912146182
1207152460
1131809613
1343256941
1130136183
1202777621
1222642517
1237217667
2121901417
1256960549
2137962893
2065378689
1137501756
1859428663
1148555812
1929146285
1185242105
1809440393
1301363720
1437415320
1124300446
1407245948
1081974423
1367828927
1688323061
1263746405
1987068553
1261517125
1836467700
1400822345
1538070207
1087673565
1258153740
2044836380
1310954157
1687450069
1419465938
2000330248
1334823923
1851627877
1236086455
1305246445
2088135130
1113913305
2065155970
1188519405
1776739645
1185196457
1281977236
1505253901
1124721234
1672491366
1819250010
1079485197
1103555481
1169151390
1212181538
1805880922
1386176880
1373895627
1618661509
2115557796
1171794319
1718797235
1640722106
1719532894
1812771000
1595805917
1220948791
1680845856
1114265387
1175474014
1240862368
1299682980
1707745551
1339579267
2146141307
1128301467
1386366332
1210645986
1269849748
1285653276
1842955809
1335005427
1113729584
1820805782
1185672147
1083111856
1726384633
1137828020
1253334006
1722014927
1413358489
1263843822
2005586711
1222108270
1530857326
1075783377
1482271879
1142308852
1206144934
1600269059
1932906078
1951875197
1147065869
1078461301
1259797911
1811308158
1263010995
1189728537
1079175691
2047351308
2123930001
1401676635
2051867874
1938011055
1911423588
1309026667
1682912623
1885834082
1773696147
1667016631
1825562837
1514916931
2135000348
1180635876
1895725275
1127940015
1390723790
1337257586
1159662515
1275088092
1379665574
1367778886
1171351174
1770656926
1412751687
1187750812
1337900627
1412744066
1344035993
1311697709
2122052670
2017401272
1840450602
1462392503
1385602444
2040374056
1461091801
2016482087
1521115053
1107625752
1275894144
1761814785
1343346215
1705880196
2021053905
1244787140
1677373950
1609100662
1712511238
1118286510
1975498720
1657478881
1500308965
2035556966
1120063757
1821332719
1157135456
1170036786
2037204656
1409067793
1723367342
1787183438
1162734825
1403124118
2129205516
1936591762
1426991513
1358449002
2008516594
1472018595
1398825022
1402007876
1398474223
1288858371
1401744407
1357277468
1266430721
1768117502
1193391513
1540028608
1372535940
1175845343
1475912611
1612356692
1909224620
1707825260
1573211695
1491882402
1414981994
1348550265
1852214973
2043362029
1589905465
2011241768
1082225877
1345190612
1215707336
1743047002
1581880730
1176115772
1465806941
1845806449
1171948761
2008171472
1723125648
1983217230
1557403811
1336156897
1449597322
1862489308
1974978595
2060113594
1087267630
1839269659
1272084720
1847144011
1250284170
1734807697
1596897119
1152944123
1311826566
1702463892
1296371736
1684364656
1556893049
1549352232
2106772657
1205601977
1426617384
1531112707
1267381090
1827099478
1253758332
1380550192
1209639392
1578436041
1999153971
1925565390
1744509532
1320029398
1491141626
1407897892
1726968495
1475780721
1938072178
1924174598
1383225005
2080562818
1425890528
1222840041
1657097287
1716548576
1149698261
1826691770
1764835732
1345519676
1230043979
1547595982
1544133524
2104813129
1310772691
1917301551
1145891458
1988146302
1239994430
1803716016
1322601872
1416792835
1282275893
1342228534
1254965171
2106820405
1607418522
2037840153
1291533300
2130887967
1541795551
1810770100
1542508036
1193299634
1336995129
1372608262
1496091523
1455024441
1578912898
1606923741
1089606031
1793439185
1122703692
1139225694
1163348237
1146911699
1099418682
1253179098
1811828563
1272034134
1754430976
2132653083
1776453236
1516249166
2132545922
1170956904
1094248149
2093619756
1861293707
1117934117
1542535798
2016565607
1299476358
1713625380
1544115055
1154931317
1881092891
1766618577
1823836666
1325539221
1275845214
