0.011937647
0.009591498
0.0078101717
0.012166812
0.010917546
0.006153309
0.004816691
0.005999502
0.009549847
0.011847974
0.008945249
0.010635407
0.007603938
0.010525575
0.0051810243
0.0077347807
0.0067035067
0.009923386
0.004729603
0.008382833
0.00892078
0.017094117
0.009212897
0.008155274
0.0065386016
0.0064939437
0.006597896
0.008758267
0.008163864
0.010451194
0.010305495
0.010347629
0.008864471
0.007172088
0.008431679
0.009024235
0.012631263
0.00628396
0.008025267
0.008492508
0.010180766
0.008478297
0.010316227
0.008922503
0.010442602
0.008323104
0.007899126
0.006236299
0.008019727
0.0126062995
0.0065101376
0.010417154
0.0057530636
0.010811709
0.008228153
0.0063179377
0.0049574813
0.0078399
0.008529637
0.010498167
0.010453489
0.010227053
0.006351934
0.009204992
0.011466766
0.013767391
0.005533019
0.007536904
0.009359009
0.008155271
0.0071661533
0.010384881
0.010504518
0.008869344
0.009766982
0.0096298
0.0068070022
0.010254128
0.005979048
0.00543933
0.0076241326
0.012415088
0.006930123
0.0068980795
0.005220803
0.007278493
0.0060538226
0.008573596
0.01316109
0.0083848955
0.030553417
0.008038681
0.00551391
0.007534504
0.0068565486
0.006077612
0.009798568
0.006258054
0.00712002
0.007883953
0.010189364
0.010583169
0.009936766
0.0124143
0.009265279
0.010273554
0.008468153
0.009409059
0.007517601
0.011123768
0.0067647323
0.010412206
