-1229
-7376
-4188
-11791
-7215
-5976
-11570
-11385
-6773
-6677
-6326
9025
-7270
-8230
-6281
1180
-7399
-6544
-9946
7945
-8730
-5784
-832
-10307
2140
-4923
-6850
-6726
-7700
-667
-6871
-10521
-7107
-9802
-8035
-5790
-5663
-6505
-5875
1393
2661
-13821
-4339
-11099
-4851
-5357
-5240
-7942
-7270
-6419
-6066
-9368
-6337
-7598
4622
-9925
-3632
-8660
-13054
-6605
-8944
-8583
-11908
-6716
-2602
-4730
-2487
-7856
-9100
-8995
-13443
-7015
-1044
-8883
-4463
-9821
-6931
-5340
-8875
-4040
-2671
-10620
4572
-5066
-7681
-4041
-2210
-5012
-5579
-4106
3478
-9272
351
-10432
-9466
-10936
-6773
-5910
-4377
-3386
11690
2511
-176
-6223
941
2637
-8061
-8292
1738
-5142
-11557
-4887
4769
-6225
-5990
-3781
-9693
-11495
-10474
-8338
-286
-891
-3674
-6838
1711
-5424
-10766
-4061
3213
-5248
-4922
-4950
-7809
-10198
-9959
-5659
-7575
-11133
-5606
1249
612
-12599
5516
-8352
-5114
-11839
-6709
-4368
12250
-4762
-4910
-6871
-9625
10393
1609
-8783
-8950
-5974
-4039
-9696
-6698
17105
-8677
-7785
10336
-10177
-8458
-8479
-5045
-5667
-4367
-7533
-6656
-7221
-7808
-3364
-6295
-7591
-4094
-8635
-2171
-2331
-13073
-4456
-5963
-2595
-3631
-4096
-5321
2694
-6383
-8677
15
-7362
-10985
-10868
3638
-7097
4246
-6437
-2213
-9582
-3029
11536
-4459
1475
-7422
-8341
-6047
-7119
1712
-7094
-7742
-4254
-9559
-10470
-8852
14387
-314
-5697
-3908
-8033
-8864
-6759
-10166
1927
-6967
-6471
-8888
-3043
278
-8238
-306
-4769
-6754
-7705
-11151
2003
-5794
-3002
2815
-7671
-2944
2678
-2940
-12778
375
-2551
-7940
-9539
-5497
1592
-11836
-8872
-6553
-1828
-4386
-9003
-3962
-9302
-10155
-6793
-659
-8107
-5078
-7807
-1840
-6755
-7536
-439
-2542
-5561
-4370
-13142
-7427
11176
-1878
-9282
-7543
-8502
-4399
-10718
77
-6017
-3153
-8496
-7866
1516
-4262
1862
-6130
-4482
-9617
-1153
6672
-9491
-3997
-5688
-10438
-9993
-2803
-8780
-9154
-6298
-7590
-2152
-7254
-7096
-6906
1340
-9858
-7704
-7991
-9277
-5786
-8486
-6422
-9431
-6328
-7497
-8719
-2399
-2466
-2047
2885
-6987
-3129
-7135
-9897
-3089
-6597
-12054
-7493
-8924
-5988
-7256
-9524
-5447
-4884
-1766
-12021
-6630
-2506
-1933
-3999
-6553
-12370
-8700
-9122
-4540
-8643
5141
-9444
-6736
-8408
-5564
-10428
-4009
-2711
-6858
-3106
8535
-9387
-10366
-2792
-7605
-5940
-6558
-9062
-7873
-7249
-443
-9308
-5852
-7586
2685
-343
7082
-5918
-9991
-6392
-9458
-323
-4095
413
-5429
-8871
-5908
-1401
2547
3289
-8866
-4721
892
-1121
-4707
-8667
-9286
-4799
-1127
-7480
-6496
-6642
-6736
-8062
-2309
-5339
-6173
-2723
-2689
-9774
-6657
-8336
-5175
-8526
-269
-6980
-11412
-11056
-5104
-975
-10512
-6753
-6652
-7736
-5330
-7753
-5053
-8901
-4361
-10627
-8740
-4915
15169
-7406
-5631
-5326
-5529
-8567
-5818
399
-6416
-4551
-4562
11294
-9935
46275
-10603
-4484
-4985
-6386
-6422
-3293
-9542
3847
-8639
1871
-4037
-6685
-4761
-10406
-243
2480
-6851
-7706
776
-5594
-2675
-11253
-9198
-6666
-949
-9238
-8140
-10330
-8376
-4515
-14626
-9981
-4239
-4761
-5101
-5997
-7445
-620
3786
-7486
-6135
-2875
-11375
-5241
-8249
-6808
-11220
-6791
-3319
-3444
-11840
-4289
79
-8019
-8825
-8222
-12202
-6077
-5645
-8797
-3709
-6568
-6711
-6131
-8493
-2655
-5068
-7529
-3926
-7196
-4599
-8266
2329
-7829
-6331
-10729
-3197
-9461
-8931
-8169
-5575
-7604
-11252
-1268
-7764
-2910
-6244
2733
-6330
-10344
862
-5570
-8447
5987
-3758
-8468
-1513
-338
-8355
-6232
3364
-2693
-6357
-2622
-7457
-8647
-7750
-10705
-1662
-6712
-6971
-7005
3987
202
-6219
-7273
-8080
-9916
4511
-6591
-5256
-7947
-6262
-8556
-10450
-7004
-9474
-7886
-3918
-4298
-7777
-1826
-10620
-7312
-8626
-10742
-7750
-2772
-2460
6590
-2114
-7550
-4168
-1449
-2118
-9016
-7381
1770
-1081
-10264
-5028
2419
-5378
-1950
-4274
-10913
17568
-8550
-3806
-8330
2908
-13719
-5477
-5626
-5868
-7492
2335
-6984
-14792
-752
-3605
-11628
-4398
6801
-9915
-1037
-2328
-3581
-3367
-1712
-4561
-5921
6626
-6064
-2758
4007
-7025
-10388
-9593
-6703
-4311
2216
-3763
-5812
-8113
-3351
572
-5583
-11439
-9757
-5995
4696
-7011
896
-559
-4372
5377
-4276
2716
-8994
-3882
19552
-4270
-7354
-4919
-2670
-5407
-7090
-8415
-2672
-8139
-1680
6390
315
-9195
-1372
13216
-5714
-3766
-7893
-8819
-10138
-4008
-5573
-6146
268
-9564
2552
-2575
2127
-731
-5999
-8251
77
-9207
-7022
11529
-6079
-9282
-6448
-794
10557
-8986
-9922
-9846
730
-9267
-5282
-7603
-11369
-1695
-2690
-8409
-4898
-5008
-12122
-8370
7409
-8151
-3897
-5280
-7960
-6249
-7278
-10330
-8931
6487
-8405
-6213
-8431
-10389
-8754
-13319
-5149
-903
-12261
-3376
-7286
-6376
-7910
-8697
5823
-6101
-349
1003
-8173
-7930
-10524
-10043
-9123
-6460
-12687
88
-2191
-10289
-7880
-5494
-5363
-6545
-4983
-4658
-3524
-5387
2688
2493
-6321
-41
-5484
-8849
-2751
-8771
-9376
-4095
-5547
-7579
-10407
2375
-9417
-8063
11490
-3920
-8163
-4994
-735
-5859
-5071
-7257
-5265
-10903
-5276
-6102
-6764
-2662
-8259
-1316
-3807
-5942
-7712
-5607
965
-690
-7140
-9067
-4288
-1509
-8623
-9041
22438
-5466
-6975
-8159
-9126
-8499
-1733
-8065
-8069
-2984
-7486
2946
-11018
-5495
-8029
-3778
-11155
-10313
-7087
-5924
-7917
-479
9544
132
-3085
-1037
-4613
-15565
514
-3716
-5575
-4707
-9396
10040
-9513
-9028
-3194
-7677
1211
3586
-7334
-7292
-7040
-5327
-7712
-7650
6581
-7037
-9828
-7015
573
-7140
-8674
-6173
-8747
-6585
-9869
-4246
-7887
-5940
-5140
-10682
-7294
-7009
-5768
-5109
-5167
-5602
-8329
-465
-5402
-9379
-8274
-7127
-2906
-5810
-4661
-9561
-7651
-4807
-5059
-3693
-9650
-5713
425
-9391
-5890
-9523
-6806
-8580
990
-6288
-9659
-8938
-3018
-7865
-5679
-5175
-2686
-5361
-5038
-558
-3317
-4017
-838
-14044
-8004
6955
-283
-8325
-8731
-4127
-4038
-5837
-11950
-6411
-7956
-6679
-6890
-8563
-7630
-6660
-4614
-4016
-5145
-10546
-5924
-10884
-1690
-4239
-4967
1166
-566
-9153
-3180
-4947
-6691
5128
57190
10045
-7618
2758
-7760
-7382
-10892
-9972
-1074
-9605
-6544
-5523
1201
-6855
-7272
20473
-12568
-2710
-8563
-2471
-4030
-7207
4209
-2664
-10063
-5766
-9583
-7110
-6963
-4729
-8452
4639
-4894
-3844
5756
-9048
-7182
4504
-8138
-5484
-1153
-9308
257
-6924
1976
-6397
-5434
-1493
-7577
-6358
-3493
1885
-5334
-8017
-4455
-2801
-7885
-5256
-1782
-8782
1044
-5331
-6078
-5483
-874
-13459
-6549
-11008
-8716
-4536
-8342
-7802
-6496
-3974
-10255
-10209
-2241
-3464
-1822
-3623
-5281
-4898
1206
-9303
-11362
-549
-6279
-699
-8896
-5696
-1704
-5647
-8028
-5294
-2904
-8204
-8083
-7460
-8666
-7313
-7125
-7974
-3217
40965
-9414
-1597
-8008
-6176
-7882
-6472
-5199
-8189
-3585
-4095
6867
-7015
6157
-9136
-2283
-9235
3950
-11219
-633
-1307
-6061
-5940
17
-6706
-7433
3802
-5709
-10680
-6591
25559
1071
-10031
-5739
-9788
-1233
28850
4914
-10407
1633
-10516
-6701
-7774
-9390
-5199
-6496
-6234
-982
5251
-3720
-9841
3033
2257
-8302
-7287
-10319
-8745
5851
8843
-11860
-9046
-10525
-7734
-12383
-7183
-5763
-683
2967
-3775
2197
237
-6031
-3209
-7573
-6455
-8538
1925
-9824
1423
-7169
-7655
3077
-2926
-5781
-2072
-2400
-10035
-7170
-10379
-5382
-7455
-8651
-7096
-6118
-1831
-7961
-1280
-1935
-10378
-2286
-7887
-2595
-3853
-751
-2022
-3345
-10398
