0.00008748
0.00013660
0.00003192
0.00017881
0.00015867
0.00010017
0.00003850
0.00003601
0.00019442
0.00008607
0.00013467
0.00005562
0.00012491
0.00002616
0.00002947
0.00009204
0.00009293
0.00006201
0.00012203
0.00010505
0.00003569
0.00005256
0.00008681
0.00002584
0.00004821
0.00007978
0.00004945
0.00007073
0.00017801
0.00005396
0.00008099
0.00003195
0.00018549
0.00004756
0.00007009
0.00013634
0.00016225
0.00005053
0.00013456
0.00007989
0.00008354
0.00012731
0.00017028
0.00015456
0.00010610
0.00009629
0.00016044
0.00003255
0.00004567
0.00008011
0.00005267
0.00009143
0.00003243
0.00004998
0.00014975
0.00020525
0.00015079
0.00003235
0.00003131
0.00007770
0.00029863
0.00004413
0.00008431
0.00004910
0.00011946
0.00004122
0.00001569
0.00004271
0.00018107
0.00005254
0.00012142
0.00012988
0.00003450
0.00002968
0.00006549
0.00004266
0.00003288
0.00003671
0.00015306
0.00003718
0.00005329
0.00004621
0.00013506
0.00014392
0.00006070
0.00005036
0.00008133
0.00013761
0.00002576
0.00005103
0.00004652
0.00002920
0.00014402
0.00012552
0.00008981
0.00007181
0.00005599
0.00010915
0.00002587
0.00020731
0.00006295
0.00003837
0.00007154
0.00006206
0.00011314
0.00003040
0.00009647
0.00009740
0.00003622
0.00003732
0.00006883
0.00005773
0.00008872
0.00003859
0.00016351
0.00010642
0.00006139
0.00007014
0.00003423
0.00002680
0.00005709
0.00015942
0.00006424
0.00009233
0.00003503
0.00004077
0.00017335
0.00005884
0.00012651
0.00004018
0.00002414
0.00004355
0.00002868
0.00017101
0.00003336
0.00004737
0.00014609
0.00003354
0.00005908
0.00003511
0.00004640
0.00010854
0.00003257
0.00002903
0.00006316
0.00003487
0.00011126
0.00006840
0.00006148
0.00002866
0.00008621
0.00004771
0.00003185
0.00004433
0.00005466
0.00006782
0.00036276
0.00005739
0.00007393
0.00003945
0.00006306
0.00004622
0.00004826
0.00017565
0.00003812
0.00005221
0.00002224
0.00003006
0.00008610
0.00004632
0.00008161
0.00005746
0.00008697
0.00004715
0.00005907
0.00004832
0.00004670
0.00005954
0.00005315
0.00003306
0.00003176
0.00004447
0.00004262
0.00003500
0.00005102
0.00002169
0.00005108
0.00016123
0.00004291
0.00007877
0.00004113
0.00003216
0.00007989
0.00015511
0.00006873
0.00008581
0.00005931
0.00014559
0.00004561
0.00005782
0.00005774
0.00012956
0.00010626
0.00005950
0.00004022
0.00002870
0.00005294
0.00017660
0.00011057
0.00008192
0.00010169
0.00004526
0.00010453
0.00009069
0.00003723
0.00005039
0.00006485
0.00007064
0.00011445
0.00012945
0.00008252
0.00005152
0.00003916
0.00014231
0.00016947
0.00005041
0.00007083
0.00010985
0.00004825
0.00003392
0.00007728
0.00004377
0.00009631
0.00003886
0.00004013
0.00003384
0.00029332
0.00009291
0.00019720
0.00004614
0.00004395
0.00010592
0.00007259
0.00004445
0.00003921
0.00002985
0.00003700
0.00030361
0.00003839
0.00006158
0.00020932
0.00007006
0.00014907
0.00004398
0.00009477
0.00002585
0.00008452
0.00004261
0.00006867
0.00016907
0.00002778
0.00003942
0.00011979
0.00005475
0.00005235
0.00021335
0.00014992
0.00005616
0.00004070
0.00007622
0.00004735
0.00011174
0.00006094
0.00004678
0.00008279
0.00007015
0.00011348
0.00015584
0.00004535
0.00002421
0.00003800
0.00006314
0.00003570
0.00004729
0.00022173
0.00005583
0.00002981
0.00008515
0.00015484
0.00006364
0.00017826
0.00026410
0.00009013
0.00002702
0.00016803
0.00005874
0.00014287
0.00005623
0.00007957
0.00014163
0.00009855
0.00004144
0.00005205
0.00020235
0.00004885
0.00005703
0.00008494
0.00008170
0.00015627
0.00018772
0.00006806
0.00002368
0.00006041
0.00014218
0.00002959
0.00009010
0.00003909
0.00003520
0.00021637
0.00004666
0.00003193
0.00005835
0.00007065
0.00003602
0.00005798
0.00018591
0.00007714
0.00003796
0.00017610
0.00004061
0.00022214
0.00003358
0.00006987
0.00019415
0.00005535
0.00007791
0.00002849
0.00013521
0.00007904
0.00007584
0.00005094
0.00002950
0.00002846
0.00004850
0.00009556
0.00002822
0.00013007
0.00007431
0.00011678
0.00010771
0.00015198
0.00014818
0.00004842
0.00008121
0.00006228
0.00003203
0.00014133
0.00015690
0.00024512
0.00012639
0.00006754
0.00015148
0.00003677
0.00004834
0.00010586
0.00008749
0.00006281
0.00003827
0.00007389
0.00038613
0.00005799
0.00006406
0.00011912
0.00007176
0.00011199
0.00013068
0.00003823
0.00018635
0.00006907
0.00007900
0.00018931
0.00005725
0.00006149
0.00002858
