0.00244065
0.00381099
0.00089044
0.00498843
0.00442677
0.00279467
0.00107417
0.00100458
0.00542414
0.00240130
0.00375718
0.00155166
0.00348481
0.00072979
0.00082204
0.00256776
0.00259250
0.00172987
0.00340438
0.00293083
0.00099582
0.00146626
0.00242183
0.00072101
0.00134488
0.00222573
0.00137952
0.00197340
0.00496613
0.00150530
0.00225954
0.00089142
0.00517481
0.00132690
0.00195541
0.00380373
0.00452662
0.00140961
0.00375393
0.00222894
0.00233078
0.00355181
0.00475059
0.00431196
0.00295996
0.00268624
0.00447613
0.00090812
0.00127416
0.00223496
0.00146932
0.00255072
0.00090481
0.00139425
0.00417779
0.00572620
0.00420697
0.00090241
0.00087359
0.00216780
0.00833133
0.00123105
0.00235224
0.00136977
0.00333290
0.00114993
0.00043768
0.00119151
0.00505164
0.00146589
0.00338752
0.00362356
0.00096261
0.00082813
0.00182717
0.00119007
0.00091717
0.00102414
0.00427018
0.00103715
0.00148665
0.00128906
0.00376808
0.00401517
0.00169340
0.00140500
0.00226899
0.00383922
0.00071867
0.00142373
0.00129797
0.00081476
0.00401795
0.00350184
0.00250565
0.00200334
0.00156213
0.00304518
0.00072188
0.00578366
0.00175612
0.00107048
0.00199589
0.00173150
0.00315642
0.00084816
0.00269149
0.00271724
0.00101056
0.00104128
0.00192030
0.00161059
0.00247522
0.00107648
0.00456182
0.00296904
0.00171284
0.00195679
0.00095497
0.00074763
0.00159266
0.00444754
0.00179212
0.00257587
0.00097718
0.00113744
0.00483638
0.00164162
0.00352953
0.00112088
0.00067336
0.00121493
0.00080005
0.00477106
0.00093060
0.00132162
0.00407568
0.00093581
0.00164820
0.00097950
0.00129455
0.00302817
0.00090872
0.00080980
0.00176211
0.00097279
0.00310399
0.00190836
0.00171515
0.00079964
0.00240505
0.00133100
0.00088867
0.00123679
0.00152507
0.00189208
0.01012066
0.00160118
0.00206256
0.00110049
0.00175933
0.00128956
0.00134638
0.00490038
0.00106353
0.00145659
0.00062036
0.00083857
0.00240214
0.00129219
0.00227680
0.00160308
0.00242642
0.00131537
0.00164799
0.00134816
0.00130277
0.00166123
0.00148293
0.00092247
0.00088608
0.00124069
0.00118917
0.00097648
0.00142353
0.00060524
0.00142504
0.00449816
0.00119713
0.00219765
0.00114758
0.00089718
0.00222871
0.00432733
0.00191745
0.00239412
0.00165455
0.00406164
0.00127243
0.00161314
0.00161088
0.00361462
0.00296458
0.00165996
0.00112197
0.00080057
0.00147703
0.00492698
0.00308488
0.00228535
0.00283711
0.00126282
0.00291614
0.00253028
0.00103878
0.00140574
0.00180930
0.00197069
0.00319295
0.00361141
0.00230223
0.00143725
0.00109256
0.00397013
0.00472791
0.00140635
0.00197597
0.00306460
0.00134608
0.00094623
0.00215605
0.00122104
0.00268686
0.00108404
0.00111949
0.00094416
0.00818331
0.00259209
0.00550176
0.00128738
0.00122605
0.00295515
0.00202522
0.00124016
0.00109404
0.00083271
0.00103214
0.00847043
0.00107094
0.00171808
0.00583969
0.00195455
0.00415896
0.00122687
0.00264404
0.00072106
0.00235793
0.00118878
0.00191572
0.00471672
0.00077500
0.00109975
0.00334206
0.00152749
0.00146056
0.00595233
0.00418259
0.00156679
0.00113552
0.00212644
0.00132108
0.00311739
0.00170018
0.00130517
0.00230972
0.00195717
0.00316586
0.00434778
0.00126509
0.00067552
0.00106025
0.00176139
0.00099612
0.00131942
0.00618587
0.00155769
0.00083169
0.00237562
0.00431988
0.00177538
0.00497334
0.00736812
0.00251454
0.00075377
0.00468779
0.00163884
0.00398580
0.00156879
0.00221990
0.00395139
0.00274954
0.00115621
0.00145209
0.00564528
0.00136289
0.00159120
0.00236979
0.00227940
0.00435987
0.00523723
0.00189871
0.00066075
0.00168546
0.00396664
0.00082542
0.00251372
0.00109068
0.00098213
0.00603650
0.00130186
0.00089093
0.00162801
0.00197115
0.00100496
0.00161757
0.00518657
0.00215217
0.00105912
0.00491290
0.00113299
0.00619739
0.00093688
0.00194942
0.00541641
0.00154413
0.00217364
0.00079485
0.00377227
0.00220512
0.00211585
0.00142112
0.00082291
0.00079386
0.00135308
0.00266605
0.00078719
0.00362882
0.00207322
0.00325804
0.00300493
0.00424014
0.00413413
0.00135072
0.00226562
0.00173741
0.00089369
0.00394291
0.00437736
0.00683862
0.00352626
0.00188437
0.00422617
0.00102574
0.00134862
0.00295334
0.00244086
0.00175232
0.00106766
0.00206156
0.01077253
0.00161790
0.00178711
0.00332319
0.00200199
0.00312431
0.00364569
0.00106662
0.00519891
0.00192709
0.00220401
0.00528160
0.00159719
0.00171537
0.00079726
