0.00016320
0.00011698
0.00010831
0.00011188
0.00010027
0.00011782
0.00007214
0.00016158
0.00009297
0.00014485
0.00012505
0.00016193
0.00011610
0.00012323
0.00012422
0.00015283
0.00013981
0.00015579
0.00008719
0.00010941
0.00011868
0.00010487
0.00008590
0.00013550
0.00010417
0.00010924
0.00016663
0.00011294
0.00010547
0.00012239
0.00011610
0.00009799
0.00019560
0.00013659
0.00009796
0.00012533
0.00020752
0.00014503
0.00012074
0.00018394
0.00018783
0.00011243
0.00014433
0.00009259
0.00011479
0.00009139
0.00014448
0.00008977
0.00014898
0.00008979
0.00009673
0.00012531
0.00010451
0.00012110
0.00022565
0.00013561
0.00010529
0.00008616
0.00012650
0.00015460
0.00011327
0.00014291
0.00012829
0.00014736
0.00010241
0.00011608
0.00011814
0.00011094
0.00013580
0.00012209
0.00011232
0.00013247
0.00010815
0.00013564
0.00010789
0.00011663
0.00012859
0.00011992
0.00010175
0.00009600
0.00010662
0.00016328
0.00010164
0.00011235
0.00012615
0.00010671
0.00011326
0.00015967
0.00012339
0.00010550
0.00019283
0.00011015
0.00019050
0.00020233
0.00011189
0.00009932
0.00010175
0.00010677
0.00012049
0.00016456
0.00038246
0.00007657
0.00015627
0.00014587
0.00019346
0.00009018
0.00009072
0.00011752
0.00008660
0.00015064
0.00010626
0.00016482
0.00010426
0.00011039
0.00010138
0.00013877
0.00012764
0.00012041
0.00011549
0.00011594
0.00011872
0.00013620
0.00016396
0.00012047
0.00007553
0.00014453
0.00014351
0.00011241
0.00015129
0.00013675
0.00011491
0.00011014
0.00010062
0.00014484
0.00012011
0.00010174
0.00014379
0.00014385
0.00014927
0.00009990
0.00019717
0.00013197
0.00015031
0.00017344
0.00008994
0.00010900
0.00011229
0.00022437
0.00012581
0.00012667
0.00012192
0.00010239
0.00009641
0.00017756
0.00019334
0.00011782
0.00012595
0.00011178
0.00015795
0.00015266
0.00013021
0.00019380
0.00016667
0.00010566
0.00016178
0.00011873
0.00014599
0.00009432
0.00013732
0.00012369
0.00012817
0.00012072
0.00013769
0.00010300
0.00012347
0.00012043
0.00013085
0.00009351
0.00010879
0.00011219
0.00014726
0.00012836
0.00012113
0.00011426
0.00013603
0.00011647
0.00011403
0.00021115
0.00015041
0.00014456
0.00012061
0.00014999
0.00010610
0.00011639
0.00011741
0.00015908
0.00012294
0.00014055
0.00010755
0.00009924
0.00012382
0.00012151
0.00012177
0.00027475
0.00009320
0.00008787
0.00010932
0.00012248
0.00014670
0.00014395
0.00017030
0.00010612
0.00014792
0.00012429
0.00009385
0.00012826
0.00013580
0.00014776
0.00016139
0.00010210
0.00013599
0.00011284
0.00013812
0.00008999
0.00010275
0.00013331
0.00016847
0.00008199
0.00012153
0.00014505
0.00010694
0.00014343
0.00014307
0.00010203
0.00008599
0.00010405
0.00009986
0.00012629
0.00013748
0.00013123
0.00010405
0.00009130
0.00012926
0.00010385
0.00017343
0.00007511
0.00013947
0.00011881
0.00010599
0.00011692
0.00009459
0.00006118
0.00010550
0.00012550
0.00008835
0.00015444
0.00012219
0.00009118
0.00010546
0.00013199
0.00009585
0.00014394
0.00017427
0.00010237
0.00009734
0.00014419
0.00008567
0.00009484
0.00014611
0.00021305
0.00011913
0.00014269
0.00014485
0.00009740
0.00011873
0.00009912
0.00015856
0.00010519
0.00014091
0.00012735
0.00014289
0.00015638
0.00010069
0.00011054
0.00012076
0.00012725
0.00010335
0.00018011
0.00012519
0.00006842
0.00012368
0.00013709
0.00010879
0.00016582
0.00013393
0.00010884
0.00014294
0.00011496
0.00010769
0.00013171
0.00011647
0.00016730
0.00009109
0.00010897
0.00014034
0.00015447
0.00013457
0.00010619
0.00011258
0.00011556
0.00010845
0.00012634
0.00015207
0.00013435
0.00012040
0.00013394
0.00015959
0.00011267
0.00010088
0.00010345
0.00011843
0.00015377
0.00011356
0.00018902
0.00014237
0.00010822
0.00031420
0.00009426
0.00011446
0.00011899
0.00011159
0.00019926
0.00011013
0.00008206
0.00011183
0.00016307
0.00014993
0.00013953
0.00013668
0.00010310
0.00009909
0.00011171
0.00018585
0.00007413
0.00010275
0.00015658
0.00013012
0.00010062
0.00015103
0.00016128
0.00008142
0.00008775
0.00011501
0.00013670
0.00011406
0.00010097
0.00013429
0.00016860
0.00015334
0.00015802
0.00025699
0.00013549
0.00009470
0.00013222
0.00013173
0.00010148
0.00011203
0.00012646
0.00011682
0.00012238
0.00014411
0.00015665
0.00009304
0.00012256
0.00014034
0.00012469
0.00011297
0.00014174
0.00012571
0.00013265
0.00012442
0.00014609
0.00010139
0.00016163
0.00022878
0.00011842
0.00010101
0.00011067
0.00011122
0.00018897
0.00013950
0.00009911
0.00020937
0.00009020
0.00010599
0.00013326
0.00017691
0.00014901
0.00012691
0.00019943
0.00014173
0.00008657
0.00011105
0.00022145
0.00013011
0.00016550
0.00017432
0.00011070
0.00013090
0.00017087
0.00011577
0.00009611
0.00010932
0.00012977
0.00012403
0.00015882
0.00011073
0.00011303
0.00013386
0.00028737
0.00009293
0.00009569
0.00013326
0.00012619
0.00010326
0.00012538
0.00014910
0.00014737
0.00017601
0.00011405
0.00012079
0.00011513
0.00016406
0.00023397
0.00015037
0.00010891
0.00011788
0.00014568
0.00009585
0.00009929
0.00017917
0.00011472
0.00007625
0.00014280
0.00040788
0.00019355
0.00021282
0.00014332
0.00019408
0.00010632
0.00011190
0.00008945
0.00011910
0.00010588
0.00023534
0.00013496
0.00022156
0.00011269
0.00010794
0.00012821
0.00014101
0.00014186
0.00011421
0.00009155
0.00010298
0.00011325
0.00013715
0.00013747
0.00010948
0.00013367
0.00012278
0.00012945
0.00009669
0.00012850
0.00012930
0.00020812
0.00010389
0.00009973
0.00011248
0.00012453
0.00019132
0.00010976
0.00016854
0.00014625
0.00017528
0.00019833
0.00016638
0.00011736
0.00012823
0.00011819
0.00012583
0.00011230
0.00011554
0.00007253
0.00013420
0.00015145
0.00017158
0.00011903
0.00007715
0.00015199
0.00014668
0.00012208
0.00014576
0.00011372
0.00018677
0.00012081
0.00009765
0.00010197
0.00016938
0.00013846
0.00011870
0.00013405
0.00014214
0.00014272
0.00011910
0.00019046
0.00011318
0.00010149
0.00015036
0.00009998
0.00016242
0.00012401
0.00015693
0.00010704
0.00011018
0.00012738
0.00010973
0.00008231
0.00020300
0.00012741
0.00013572
0.00011001
0.00014845
0.00011821
0.00009574
0.00010094
0.00008346
0.00030431
0.00014563
0.00010889
0.00013472
0.00013707
0.00016841
0.00018492
0.00014131
0.00013979
0.00012965
0.00011319
0.00013861
0.00012900
0.00013793
0.00014328
0.00014616
0.00016603
0.00011110
0.00009867
0.00009145
0.00013835
0.00011384
0.00010796
0.00009197
0.00015019
0.00017972
0.00009834
0.00010522
0.00013595
0.00012084
0.00010122
0.00011331
0.00015270
0.00011558
0.00008720
0.00012855
0.00011557
0.00012574
0.00012912
0.00014719
0.00010758
0.00011376
0.00011275
0.00012914
0.00012045
0.00010358
0.00010208
0.00011336
0.00016343
0.00013401
0.00010387
0.00011167
0.00014082
0.00014825
0.00010094
0.00012938
0.00015387
0.00033041
0.00017661
0.00014663
0.00011847
0.00013059
0.00013577
0.00013038
0.00008394
0.00010316
0.00034540
0.00009844
0.00013442
0.00010152
0.00008375
0.00011232
0.00015956
0.00011071
0.00013468
0.00014243
0.00016233
0.00017064
0.00011007
0.00012499
0.00012648
0.00010856
0.00012564
0.00019321
0.00013096
0.00015401
0.00014797
0.00011022
0.00013412
0.00010814
0.00016160
0.00014409
0.00011321
0.00015794
0.00018010
0.00022635
0.00013243
0.00013144
0.00010067
0.00011485
0.00012292
0.00020329
0.00013772
0.00011388
0.00013451
0.00012290
0.00006874
0.00018244
0.00012281
0.00012474
0.00015112
0.00013592
0.00014941
0.00030522
0.00012673
0.00013901
0.00007816
0.00009046
0.00011681
0.00008855
0.00012128
0.00011924
0.00010612
0.00013271
0.00013161
0.00009875
0.00010780
0.00014779
0.00010178
0.00012757
0.00013033
0.00009765
0.00016645
0.00008219
0.00013214
0.00010159
0.00009539
0.00013499
0.00019776
0.00012560
0.00011052
0.00009797
0.00020803
0.00012905
0.00013428
0.00016355
0.00009185
0.00009930
0.00011666
0.00013297
0.00013877
0.00016766
0.00009424
0.00017615
0.00009463
0.00008943
0.00012537
0.00015232
0.00012155
0.00014900
0.00013423
0.00019124
0.00011082
0.00009150
0.00010518
0.00009392
0.00011979
0.00018455
0.00011541
0.00010946
0.00008449
0.00013719
0.00016229
0.00006129
0.00012876
0.00010753
0.00011909
0.00010661
0.00014738
0.00012074
0.00011697
0.00013918
0.00013499
0.00016240
0.00012335
0.00017296
0.00008963
0.00011089
0.00012423
0.00012431
0.00009243
0.00011425
0.00008865
0.00007169
0.00015025
0.00015568
0.00013919
0.00015182
0.00009506
0.00013956
0.00011035
0.00014933
0.00009950
0.00014525
0.00012689
0.00011823
0.00010922
0.00009799
0.00010746
0.00015307
0.00013404
0.00014046
0.00011316
0.00009529
0.00011710
0.00014782
0.00013537
0.00012739
0.00012274
0.00011934
0.00014309
0.00017081
0.00013247
0.00010101
0.00009800
0.00016338
0.00013780
0.00010198
0.00013613
0.00015892
0.00010480
0.00012389
0.00010733
0.00012805
0.00012843
0.00009661
0.00023864
0.00013993
0.00008784
0.00013864
0.00022163
0.00014028
0.00009323
0.00012396
0.00009833
0.00013489
0.00022946
0.00012604
0.00009498
0.00012037
0.00012399
0.00011102
0.00011757
0.00012480
0.00018038
0.00012065
0.00008433
0.00009514
0.00013978
0.00008294
0.00014623
0.00017882
0.00011524
0.00012612
0.00012249
0.00012964
0.00010858
0.00012065
0.00011548
0.00011782
0.00013482
0.00012922
0.00009001
0.00023726
0.00012461
0.00010637
0.00011478
0.00016225
0.00010775
0.00010938
0.00012811
0.00012587
0.00012203
0.00012979
0.00011746
0.00011936
0.00029702
0.00014784
0.00021255
0.00012936
0.00016169
0.00014317
0.00014404
0.00011060
0.00013656
0.00015516
0.00012853
0.00016796
0.00011336
0.00010056
0.00011662
0.00012173
0.00012050
0.00012565
0.00008295
0.00011521
0.00019317
0.00010879
0.00013263
0.00010534
0.00014791
0.00012194
0.00013132
0.00017259
0.00017149
0.00011271
0.00016212
0.00013355
0.00012902
0.00010788
0.00011324
0.00011679
0.00011044
0.00011798
0.00012128
0.00010870
0.00012273
0.00013381
0.00013306
0.00013742
0.00011762
0.00012818
0.00011703
0.00016921
0.00014870
0.00012409
0.00013153
0.00016766
0.00008411
0.00010333
0.00009661
0.00009936
0.00008988
0.00010705
0.00019645
0.00011503
0.00014353
0.00012908
0.00017243
0.00012093
0.00011017
0.00018977
0.00013663
0.00011753
0.00009482
0.00014054
0.00013808
0.00012787
0.00012329
0.00009098
0.00014184
0.00013110
0.00014518
0.00011824
0.00012737
0.00012915
0.00013673
0.00011293
0.00008562
0.00015516
0.00011378
0.00015438
0.00010381
0.00011507
0.00010843
0.00014845
0.00012778
0.00014490
0.00024290
0.00012827
0.00010368
0.00011135
0.00012220
0.00010733
0.00012071
0.00016683
0.00012983
0.00013603
0.00009809
0.00018400
0.00018127
0.00012273
0.00012209
0.00012028
0.00013283
0.00015619
0.00023548
0.00009509
0.00021673
0.00011606
0.00010032
0.00011370
0.00021113
0.00015242
0.00012191
0.00009230
0.00016564
0.00012716
0.00016619
0.00010999
0.00008373
0.00017058
0.00009902
0.00016071
0.00012857
0.00011763
0.00016164
0.00016598
0.00011925
0.00012918
0.00015735
0.00007845
0.00013169
0.00019277
0.00012225
0.00018506
0.00011831
0.00009468
0.00013179
0.00010406
0.00009476
0.00011500
0.00009571
0.00014641
0.00016363
0.00009507
0.00021385
0.00012924
0.00011005
0.00015764
0.00016448
0.00012889
0.00015820
0.00013456
0.00010991
0.00008568
0.00015010
0.00015198
0.00019994
0.00015992
0.00012879
0.00012234
0.00011256
0.00009217
0.00010886
0.00012885
0.00009553
0.00010447
0.00012854
0.00009769
0.00015854
0.00010860
0.00008979
0.00012577
0.00012612
0.00012300
0.00010815
0.00013412
0.00014786
0.00011230
0.00013384
0.00011990
0.00009809
0.00010671
0.00008049
0.00012167
0.00010990
0.00014931
0.00025876
0.00009829
0.00007870
0.00013105
0.00011802
0.00008655
0.00011731
0.00010233
0.00011984
0.00015074
0.00015370
0.00011314
0.00015979
0.00021058
0.00012634
0.00008854
0.00012835
0.00015978
0.00018498
0.00011782
0.00010777
0.00012049
0.00011683
0.00017843
0.00015335
0.00012495
0.00011659
0.00011737
0.00011470
0.00011365
0.00025747
0.00009304
0.00016091
0.00017410
0.00014074
0.00016335
0.00011830
0.00016939
0.00012695
0.00012956
0.00009956
0.00009785
0.00012468
0.00005942
0.00011511
0.00010417
0.00009466
0.00013882
0.00012527
0.00012566
0.00015289
0.00014522
0.00013344
0.00010929
0.00012831
0.00012955
0.00022586
0.00014053
0.00014401
0.00015030
0.00015395
0.00010824
0.00013206
0.00010098
0.00015132
0.00015427
0.00010818
0.00012304
0.00015837
0.00015011
0.00017362
0.00011046
0.00014101
0.00012436
0.00009452
0.00010086
0.00015800
0.00016833
0.00016778
0.00014253
0.00010680
0.00017339
0.00015832
0.00010959
0.00016809
0.00008375
0.00016316
0.00022823
0.00016710
0.00014052
0.00011023
0.00014336
0.00009970
0.00007998
0.00014879
0.00012024
0.00012041
0.00013774
0.00013043
0.00015829
0.00010955
0.00011729
0.00010985
0.00012831
0.00011087
0.00013501
0.00008786
0.00019720
0.00011186
0.00011516
0.00012273
0.00009759
0.00009074
0.00009715
0.00012709
0.00009595
0.00011208
0.00010535
0.00010382
0.00019422
0.00008160
0.00012251
0.00011893
0.00012564
0.00011345
0.00014176
0.00026460
0.00012032
0.00012235
0.00018708
0.00013188
0.00020310
0.00009958
0.00011872
0.00016506
0.00011872
0.00012843
