0.0004837133
0.0010633447
0.00055470265
0.0005829741
0.0005005113
0.0005165273
0.0007027721
0.00052596827
0.00054041203
0.00059865427
0.0007334576
0.00067247293
0.00065721467
0.00056044693
0.0006021503
0.00062902784
0.00049683667
0.0006254699
0.0006977648
0.00060480495
0.00065290654
0.000808414
0.00064246316
0.00057908206
0.00058423606
0.0005976957
0.0009980275
0.0006818083
0.0006295577
0.0006213177
0.0004866054
0.00063391903
0.0006053371
0.0005263297
0.0006344246
0.0011265326
0.00068608945
0.0006656679
0.0005083363
0.0005628167
0.0005288347
0.00056286866
0.00044280675
0.00053614797
0.0006955171
0.00056508154
0.0006014627
0.000548732
0.0005914336
0.0006013468
0.0008592905
0.00042623974
0.00052781857
0.00048048183
0.0005768031
0.0011050178
0.0010975252
0.0007383502
0.00062068953
0.00087789283
0.0008131758
0.0004976975
0.0006177826
0.00048621005
0.00050605024
0.00068337785
0.00057330594
0.00058919465
0.00049143157
0.000737562
0.0006244027
0.00055752235
0.0005947598
0.00073936814
0.0005651686
0.00049247796
0.0006974909
0.00055498583
0.0009421145
0.0009309059
0.00050670037
0.00054155634
0.00053172145
0.00047194754
0.00053490244
0.0005726129
0.0012530711
0.0005549446
0.0005831602
0.0006262465
0.0009459161
0.00060762686
0.0006659453
0.0006193266
0.00061323773
0.0006692289
0.00061120064
0.00058900914
0.0004744232
0.0004389072
0.0005055518
0.0005144712
0.00053790055
0.00060894917
0.0005640347
0.00063332525
0.00045912008
0.0006251901
0.00059171417
0.00050190056
0.00060771534
0.00056441536
