1684320359
1851316828
1931509953
2029952871
1742812290
1798580786
1223548616
1831454867
1881748865
2084552225
1276972991
1170796712
1144231521
1951511585
2096725436
1095157444
1730016947
1088963000
1214830617
2105969296
1136731019
1407474434
1118548748
2016400351
2034347009
2081214434
1737597529
1187049801
1096079957
1081733800
1694390813
1103673206
2107822033
1832713230
1104553311
1961329000
1194503489
1158948887
1770059205
1959763426
1841435856
1959944514
1541881164
1866901191
1210917398
1967649676
2094331418
1910719640
2059409412
2093927605
1496052021
1484193775
1837897811
1673068208
2008464863
1923871101
1910826266
1285491067
1080640112
1528439235
1415764827
1733014152
1075579121
1693014192
1762099044
1189782533
1996287576
2051613155
1711195912
1284118807
1087104866
1941328139
2070991554
1287263394
1967952922
1714839570
1214353664
1932496023
1640251273
1620736727
1764362864
1885733462
1851487892
1643351358
1862564331
1993874501
1090818326
1932352387
2030600778
1090314992
1646869907
2115795413
1159431788
1078267243
2135332649
1165148727
2128239375
2050967230
1651971720
1528302759
1760363507
1791421421
1873003768
2120399498
1964004675
1102639330
1598685276
1088475803
2060386230
1747649455
2116103284
1965330010
