9.6583084e-05
6.8614485e-05
6.4681706e-05
6.5566506e-05
5.889644e-05
6.952536e-05
4.1253406e-05
9.534149e-05
5.4645832e-05
8.615004e-05
7.427695e-05
9.644052e-05
6.986502e-05
7.2317576e-05
7.300617e-05
9.035926e-05
8.218166e-05
9.1950315e-05
5.072137e-05
6.4685075e-05
6.985195e-05
6.059848e-05
5.1663603e-05
8.011182e-05
6.0737617e-05
6.4140746e-05
9.884125e-05
6.753674e-05
6.228897e-05
7.244601e-05
6.798499e-05
5.7471898e-05
0.00011598929
8.056e-05
5.7813857e-05
7.443699e-05
0.00012234578
8.5366584e-05
7.096905e-05
0.00010770374
0.00011048324
6.637817e-05
8.3975974e-05
5.5505127e-05
6.7288776e-05
5.3812422e-05
8.486085e-05
5.2744395e-05
8.72758e-05
5.2334864e-05
5.6241348e-05
7.440585e-05
6.1974875e-05
7.174972e-05
0.00013292415
8.034928e-05
6.297401e-05
5.0662682e-05
7.363653e-05
9.015688e-05
6.722509e-05
8.4669366e-05
7.5136915e-05
8.710707e-05
6.0997507e-05
6.7787194e-05
6.944127e-05
6.521994e-05
7.9532794e-05
7.247521e-05
6.5128035e-05
7.737164e-05
6.333214e-05
7.9565936e-05
6.33262e-05
6.9162226e-05
7.591145e-05
7.131327e-05
5.9739596e-05
5.6412555e-05
6.2864296e-05
9.691022e-05
6.007619e-05
6.499091e-05
7.4185125e-05
6.207927e-05
6.668198e-05
9.487684e-05
7.269267e-05
6.312859e-05
0.000114460556
6.515278e-05
0.00011232928
0.00011923379
6.792925e-05
5.9011218e-05
5.8366484e-05
6.268834e-05
7.12029e-05
9.646143e-05
0.00022589523
4.4135362e-05
9.18356e-05
8.619429e-05
0.0001150757
5.346729e-05
5.3986776e-05
6.933385e-05
5.14896e-05
8.883801e-05
6.153812e-05
9.7273645e-05
6.1473846e-05
6.434677e-05
5.9161714e-05
8.21872e-05
7.4550066e-05
7.099103e-05
6.773135e-05
6.800034e-05
6.968323e-05
7.972443e-05
9.706475e-05
7.1214134e-05
4.3320753e-05
8.553187e-05
8.4675085e-05
6.5601e-05
8.9957815e-05
8.070542e-05
6.7699315e-05
6.5392975e-05
5.8312933e-05
8.589734e-05
7.111269e-05
5.9825223e-05
8.45445e-05
8.478038e-05
8.803239e-05
5.822216e-05
0.00011542277
7.698926e-05
8.816721e-05
0.00010204632
5.3704396e-05
6.455147e-05
6.516991e-05
0.00013301057
7.424485e-05
7.367144e-05
7.218311e-05
6.0714658e-05
5.7786165e-05
0.000104400526
0.00011429646
6.92954e-05
7.465888e-05
6.607048e-05
9.347497e-05
9.0018686e-05
7.655214e-05
0.000116136995
9.9084515e-05
6.2113846e-05
9.474663e-05
7.029849e-05
8.62069e-05
5.5067307e-05
8.05227e-05
7.396461e-05
7.524746e-05
7.090849e-05
8.121069e-05
6.0125407e-05
7.276234e-05
6.9424124e-05
7.604183e-05
5.4828553e-05
6.4397515e-05
6.501684e-05
8.601155e-05
7.533268e-05
7.1003844e-05
6.747978e-05
7.971866e-05
6.947594e-05
6.680079e-05
0.00012456799
8.8342706e-05
8.521646e-05
7.04567e-05
8.770409e-05
6.239913e-05
6.883437e-05
6.836737e-05
9.387763e-05
7.167909e-05
8.235559e-05
6.3571795e-05
5.8452173e-05
7.2255374e-05
7.1728624e-05
7.225566e-05
0.00016114679
5.448791e-05
5.310091e-05
6.336806e-05
7.210728e-05
8.5754706e-05
8.5022126e-05
0.000100243655
6.207252e-05
8.578003e-05
7.2891984e-05
5.457953e-05
7.638977e-05
8.036494e-05
8.75042e-05
9.6223775e-05
5.9579237e-05
8.054837e-05
6.7311266e-05
8.0999926e-05
5.2533465e-05
6.0721162e-05
7.781481e-05
9.857927e-05
4.809027e-05
7.175816e-05
8.441193e-05
6.2653045e-05
8.451008e-05
8.526537e-05
5.9983737e-05
5.029772e-05
6.175753e-05
5.9261507e-05
7.335092e-05
8.219062e-05
7.768847e-05
6.214021e-05
5.43885e-05
7.668096e-05
6.080149e-05
0.00010218769
4.3396976e-05
8.27826e-05
7.114269e-05
6.188652e-05
6.8793284e-05
5.5155557e-05
3.632239e-05
6.316613e-05
7.353324e-05
5.1601866e-05
9.052613e-05
7.292118e-05
5.2571922e-05
6.3003274e-05
7.843766e-05
5.700907e-05
8.532745e-05
0.00010286389
6.0883798e-05
5.736729e-05
8.5233216e-05
5.2308424e-05
5.6075896e-05
8.623672e-05
0.00012622449
7.054365e-05
8.3278894e-05
8.55973e-05
5.7094985e-05
6.915618e-05
5.8532107e-05
9.25408e-05
6.2029016e-05
8.2548235e-05
7.53865e-05
8.4316125e-05
9.14269e-05
6.1001087e-05
6.541298e-05
7.131292e-05
7.591112e-05
6.0705228e-05
0.00010544085
7.353294e-05
4.056443e-05
7.260493e-05
8.1908154e-05
6.3835796e-05
9.7829965e-05
7.7812314e-05
6.339513e-05
8.40749e-05
6.822951e-05
6.349041e-05
7.731183e-05
6.8943686e-05
9.862534e-05
5.3885564e-05
6.3734566e-05
8.228725e-05
9.0769005e-05
7.9338184e-05
6.2097315e-05
6.6074535e-05
6.8599424e-05
6.385563e-05
7.428646e-05
8.950502e-05
7.909654e-05
7.023335e-05
7.817566e-05
9.356741e-05
6.6187706e-05
5.9068967e-05
6.148727e-05
7.014e-05
9.0753245e-05
6.673779e-05
0.00011079533
8.3951854e-05
6.411788e-05
0.0001833625
5.5348228e-05
6.72983e-05
7.056524e-05
6.4858796e-05
0.00011699698
6.451475e-05
4.875853e-05
6.5247455e-05
9.647364e-05
8.8897825e-05
8.257192e-05
8.065428e-05
6.087249e-05
5.8279413e-05
6.653902e-05
0.000109937806
4.5544984e-05
6.036054e-05
9.197243e-05
7.644451e-05
5.959431e-05
8.9225716e-05
9.459089e-05
4.7471192e-05
5.1458355e-05
6.726882e-05
7.8957346e-05
6.672166e-05
5.931099e-05
7.8820885e-05
9.9004006e-05
9.077132e-05
9.2776034e-05
0.00015145239
7.923429e-05
5.6394943e-05
7.779072e-05
7.648645e-05
5.928524e-05
6.596486e-05
7.408057e-05
6.890479e-05
7.2396295e-05
8.434439e-05
9.296392e-05
5.5337547e-05
7.25031e-05
8.230671e-05
7.282641e-05
6.792431e-05
8.3078325e-05
7.39169e-05
7.8678066e-05
7.278612e-05
8.596174e-05
5.9560378e-05
9.5205076e-05
0.00013485225
6.9908805e-05
5.9440266e-05
6.4504566e-05
6.460937e-05
0.00011182434
8.1840655e-05
5.9700465e-05
0.0001238701
5.309361e-05
6.274949e-05
7.844567e-05
0.000103929146
8.834867e-05
7.5071854e-05
0.000116494535
8.367683e-05
5.0711533e-05
6.493032e-05
0.00013073576
7.6543525e-05
9.648105e-05
0.00010247096
6.5520064e-05
7.697465e-05
0.000100390556
6.665629e-05
5.6732355e-05
6.36431e-05
7.6924836e-05
7.2188086e-05
9.314022e-05
6.4543936e-05
6.600826e-05
7.925872e-05
0.00016987577
5.5111e-05
5.687679e-05
8.0138896e-05
7.374504e-05
6.0501672e-05
7.4259064e-05
8.856682e-05
8.665959e-05
0.000102351165
6.739979e-05
7.032449e-05
6.783754e-05
9.654199e-05
0.00013896526
8.856537e-05
6.3378764e-05
6.885885e-05
8.6433516e-05
5.6029723e-05
5.8582038e-05
0.00010621509
6.853462e-05
4.470647e-05
8.408489e-05
0.00024076879
0.00011418408
0.00012606177
8.420132e-05
0.000113887814
6.326361e-05
6.585503e-05
5.2708936e-05
6.969767e-05
6.2990606e-05
0.0001373576
7.938807e-05
0.00013113426
6.494156e-05
6.368133e-05
7.5995944e-05
8.299723e-05
8.441613e-05
6.763974e-05
5.4228956e-05
6.1596096e-05
6.72927e-05
8.134259e-05
8.074462e-05
6.412194e-05
7.953132e-05
7.2714276e-05
7.593124e-05
5.6118224e-05
7.577703e-05
7.679317e-05
0.00012249306
6.0979197e-05
5.934983e-05
6.570957e-05
7.294017e-05
0.00011382061
6.570197e-05
9.962398e-05
8.604675e-05
0.00010270797
0.000116899806
9.811818e-05
6.933856e-05
7.463784e-05
6.947099e-05
7.2796574e-05
6.594364e-05
6.7616995e-05
4.2319025e-05
7.9148245e-05
9.0318936e-05
0.00010051819
6.9099966e-05
4.5662302e-05
8.930348e-05
8.721909e-05
7.131794e-05
8.4893014e-05
6.722418e-05
0.00010873517
7.138387e-05
5.845986e-05
5.9837268e-05
9.956442e-05
8.1952145e-05
6.97259e-05
7.837807e-05
8.343629e-05
8.468254e-05
7.117077e-05
0.00011227341
6.5715656e-05
5.940139e-05
8.882212e-05
5.9741582e-05
9.472894e-05
7.238262e-05
9.299518e-05
6.350705e-05
6.581801e-05
7.434338e-05
6.423846e-05
4.8258386e-05
0.00011898108
7.625323e-05
8.014597e-05
6.43762e-05
8.704981e-05
6.9088506e-05
5.6957164e-05
6.048861e-05
4.923015e-05
0.0001792275
8.635592e-05
6.4445965e-05
7.954446e-05
8.117515e-05
9.967941e-05
0.00010892723
8.401074e-05
8.269196e-05
7.662453e-05
6.72093e-05
8.171611e-05
7.564458e-05
8.021653e-05
8.39657e-05
8.695091e-05
9.8002456e-05
6.52192e-05
5.9557035e-05
5.3225696e-05
8.170663e-05
6.6475164e-05
6.32355e-05
5.558933e-05
8.875347e-05
0.00010673653
5.796667e-05
6.223619e-05
8.0102815e-05
7.022515e-05
6.0170187e-05
6.607933e-05
9.0499e-05
6.791027e-05
5.1999057e-05
7.595607e-05
6.745488e-05
7.358341e-05
7.6867305e-05
8.738616e-05
6.340583e-05
6.798402e-05
6.606241e-05
7.652585e-05
7.1177434e-05
6.038207e-05
5.95105e-05
6.729633e-05
9.5383955e-05
7.913602e-05
6.184096e-05
6.659935e-05
8.311924e-05
8.8489986e-05
5.9521142e-05
7.633598e-05
8.998338e-05
0.00019421303
0.000104361774
8.632008e-05
7.019729e-05
7.591188e-05
7.9049445e-05
7.702616e-05
4.8385893e-05
5.955097e-05
0.00020380583
5.7298177e-05
7.866489e-05
6.026554e-05
4.9428418e-05
6.612791e-05
9.461757e-05
6.531125e-05
7.9362515e-05
8.505944e-05
9.528556e-05
9.979236e-05
6.467486e-05
7.38065e-05
7.3234856e-05
6.423042e-05
7.3816824e-05
0.00011540891
7.614651e-05
9.066422e-05
8.691821e-05
6.565472e-05
7.896347e-05
6.425667e-05
9.473358e-05
8.5193766e-05
6.6604574e-05
9.3104965e-05
0.00010659715
0.00013422954
7.525819e-05
7.7133016e-05
5.975056e-05
6.731726e-05
7.246558e-05
0.00012082233
8.093122e-05
6.599356e-05
7.837491e-05
7.219262e-05
3.9873066e-05
0.00010655714
7.2501796e-05
7.188945e-05
8.9145906e-05
8.0422746e-05
8.761302e-05
0.00017921433
7.395465e-05
8.20381e-05
4.7037604e-05
5.358988e-05
6.895101e-05
5.2349038e-05
7.1592105e-05
7.1073664e-05
6.248684e-05
7.695869e-05
7.862789e-05
5.7853e-05
6.444115e-05
8.664065e-05
5.9933765e-05
7.412145e-05
7.691374e-05
5.7313253e-05
9.752962e-05
4.908948e-05
7.787426e-05
5.9169877e-05
5.5741573e-05
8.050456e-05
0.00011683615
7.491442e-05
6.473126e-05
5.7469024e-05
0.00012287984
7.580001e-05
7.933218e-05
9.672089e-05
5.5282075e-05
5.8691465e-05
6.923207e-05
7.7484525e-05
8.1136226e-05
9.874655e-05
5.5839817e-05
0.00010358114
5.609592e-05
5.2791573e-05
7.5961296e-05
8.8988134e-05
7.140237e-05
8.79241e-05
7.952126e-05
0.000113102236
6.55138e-05
5.3428725e-05
6.153819e-05
5.7318564e-05
7.007459e-05
0.000108314496
6.872162e-05
6.397024e-05
5.0270573e-05
8.150093e-05
9.543327e-05
3.640443e-05
7.634244e-05
6.272174e-05
6.994161e-05
6.2862484e-05
8.66062e-05
7.092404e-05
6.97841e-05
8.269334e-05
8.0347985e-05
9.527942e-05
7.219193e-05
0.000102832186
5.191984e-05
6.603017e-05
7.280931e-05
7.1522976e-05
5.429251e-05
6.7737135e-05
5.1740415e-05
4.1919997e-05
8.834223e-05
9.0980175e-05
8.141783e-05
8.884199e-05
5.5534063e-05
8.310531e-05
6.5032895e-05
8.7973356e-05
5.8882782e-05
8.572276e-05
7.6023876e-05
6.9524336e-05
6.461103e-05
5.8190348e-05
6.369204e-05
9.033786e-05
7.857441e-05
8.270717e-05
6.7134126e-05
5.5305394e-05
6.920893e-05
8.690612e-05
7.999002e-05
7.546886e-05
7.201771e-05
7.045713e-05
8.464596e-05
0.000101147874
7.8663645e-05
6.0395992e-05
5.785029e-05
9.57091e-05
7.993673e-05
6.0477014e-05
8.003888e-05
9.365941e-05
6.1432416e-05
7.3618365e-05
6.300331e-05
7.568691e-05
7.6771685e-05
5.72639e-05
0.00014102028
8.2335646e-05
5.358489e-05
8.1922175e-05
0.00013083892
8.2924525e-05
5.4639477e-05
7.33228e-05
5.7759706e-05
8.030705e-05
0.00013510454
7.478435e-05
5.535473e-05
7.078885e-05
7.346715e-05
6.517831e-05
6.947487e-05
7.3505405e-05
0.00010598274
7.172507e-05
4.9206003e-05
5.5860277e-05
8.158443e-05
4.8350765e-05
8.5121384e-05
0.000105483065
6.8187386e-05
7.4391464e-05
7.140175e-05
7.66745e-05
6.4216525e-05
7.140505e-05
6.754329e-05
6.9846166e-05
7.9757396e-05
7.508026e-05
5.343035e-05
0.00013946442
7.1897266e-05
6.159793e-05
6.805265e-05
9.713288e-05
6.4163265e-05
6.443009e-05
7.5269956e-05
7.3910625e-05
7.2710354e-05
7.607878e-05
6.9426824e-05
7.0856535e-05
0.0001749099
8.7011416e-05
0.00012579597
7.538047e-05
9.5847754e-05
8.48944e-05
8.529298e-05
6.442216e-05
8.0369384e-05
8.986987e-05
7.587378e-05
9.907618e-05
6.747986e-05
6.0011273e-05
6.815995e-05
7.1247625e-05
7.129102e-05
7.383667e-05
4.7831487e-05
6.865023e-05
0.00011469916
6.36654e-05
7.7634235e-05
6.232368e-05
8.764327e-05
7.15082e-05
7.6855955e-05
0.000101875805
0.000100565485
6.528755e-05
9.484312e-05
7.9190984e-05
7.7326884e-05
6.3337655e-05
6.743388e-05
6.8434674e-05
6.494774e-05
7.008686e-05
7.161198e-05
6.470838e-05
7.252044e-05
7.886112e-05
7.793161e-05
8.149803e-05
6.904991e-05
7.6056946e-05
6.8968264e-05
0.00010053384
8.798856e-05
7.288987e-05
7.723154e-05
9.846407e-05
4.9884173e-05
6.18177e-05
5.6422767e-05
5.8840287e-05
5.317231e-05
6.2309606e-05
0.00011499344
6.764309e-05
8.432241e-05
7.572583e-05
0.0001021123
7.049799e-05
6.39113e-05
0.000111606496
8.053582e-05
6.926261e-05
5.5830416e-05
8.2463186e-05
8.20809e-05
7.5171396e-05
7.313215e-05
5.3582768e-05
8.4279345e-05
7.716024e-05
8.649555e-05
6.888506e-05
7.548338e-05
7.686016e-05
8.067407e-05
6.6259425e-05
5.1396913e-05
9.170866e-05
6.6579414e-05
9.052486e-05
6.107006e-05
6.734341e-05
6.4046384e-05
8.7573964e-05
7.576585e-05
8.536665e-05
0.00014218538
7.5837015e-05
6.0680897e-05
6.594257e-05
7.220914e-05
6.350464e-05
7.077129e-05
9.7901844e-05
7.6595206e-05
7.9949226e-05
5.813245e-05
0.000109230685
0.00010619876
7.211687e-05
7.142485e-05
7.1523944e-05
7.795039e-05
9.336645e-05
0.00013813803
5.5240234e-05
0.00012554922
6.9137284e-05
5.8993028e-05
6.7631685e-05
0.00012487298
8.947726e-05
7.1261245e-05
5.528615e-05
9.7010125e-05
7.40371e-05
9.8169585e-05
6.3993866e-05
4.9496393e-05
0.00010060294
5.805165e-05
9.42101e-05
7.597376e-05
6.9169946e-05
9.457547e-05
9.800245e-05
7.039646e-05
7.675166e-05
9.251912e-05
4.5477973e-05
7.739032e-05
0.00011358632
7.205604e-05
0.00010963038
6.918522e-05
5.506322e-05
7.6576864e-05
6.129775e-05
5.7145422e-05
6.826025e-05
5.4611253e-05
8.6614236e-05
9.653252e-05
5.502106e-05
0.00012412514
7.633085e-05
6.49223e-05
9.3507864e-05
9.752208e-05
7.557395e-05
9.273581e-05
7.988712e-05
6.3465144e-05
5.1066567e-05
8.9005924e-05
8.962793e-05
0.000119384385
9.425838e-05
7.555244e-05
7.2192815e-05
6.6860615e-05
5.4413835e-05
6.407681e-05
7.563683e-05
5.710599e-05
6.27013e-05
7.531256e-05
5.7359895e-05
9.349713e-05
6.380147e-05
5.3540072e-05
7.40094e-05
7.472705e-05
7.325202e-05
6.379762e-05
7.8955345e-05
8.7099805e-05
6.5520886e-05
7.829916e-05
7.032402e-05
5.730528e-05
6.224449e-05
4.7771904e-05
7.205602e-05
6.608059e-05
8.870442e-05
0.00015327035
5.8399324e-05
4.6154993e-05
7.70672e-05
7.0085e-05
5.17302e-05
6.933554e-05
5.9478414e-05
7.084634e-05
8.934526e-05
9.105079e-05
6.6765584e-05
9.4899835e-05
0.0001239539
7.4765005e-05
5.248877e-05
7.5736505e-05
9.345406e-05
0.00010908509
6.869007e-05
6.396498e-05
7.056093e-05
6.940295e-05
0.000104974235
8.8927634e-05
7.3412826e-05
6.850348e-05
6.839203e-05
6.7624474e-05
6.80043e-05
0.00015050102
5.454251e-05
9.380947e-05
0.000102298094
8.2295985e-05
9.603601e-05
6.903889e-05
0.000100047524
7.5180695e-05
7.6737975e-05
5.829944e-05
5.7703794e-05
7.292662e-05
3.479496e-05
6.684914e-05
6.210822e-05
5.46247e-05
8.269707e-05
7.3218325e-05
7.315758e-05
8.97923e-05
8.480123e-05
7.9292986e-05
6.443227e-05
7.540354e-05
7.505407e-05
0.00013322679
8.259331e-05
8.39868e-05
8.7835855e-05
8.920757e-05
6.450503e-05
7.798464e-05
5.8932714e-05
9.139263e-05
9.1296264e-05
6.3412495e-05
7.12628e-05
9.343801e-05
8.926421e-05
0.000102904196
6.551458e-05
8.228188e-05
7.29411e-05
5.6074354e-05
5.9292208e-05
9.291628e-05
9.9797704e-05
9.871183e-05
8.345938e-05
6.271751e-05
0.00010203134
9.390824e-05
6.491516e-05
9.896074e-05
4.9327726e-05
9.572438e-05
0.00013438164
9.771815e-05
8.342574e-05
6.442833e-05
8.5173044e-05
5.7706206e-05
4.6298574e-05
8.7589484e-05
7.127561e-05
7.074465e-05
8.089834e-05
7.7473305e-05
9.417955e-05
6.445616e-05
6.948004e-05
6.417584e-05
7.590589e-05
6.478495e-05
8.004796e-05
5.2269083e-05
0.00011713904
6.644682e-05
6.7711735e-05
7.239195e-05
5.765184e-05
5.3576638e-05
5.6321584e-05
7.604555e-05
5.55707e-05
6.6398e-05
6.18067e-05
6.152006e-05
0.0001145772
4.869062e-05
7.195748e-05
7.052e-05
7.476933e-05
6.7076166e-05
8.347192e-05
0.00015626641
7.0822614e-05
7.179565e-05
0.00011015818
7.849919e-05
0.00011911146
5.899079e-05
6.964867e-05
9.674105e-05
7.133454e-05
7.553652e-05
