-11734
-599
-13223
-7278
-8708
-9216
3357
-3344
-3967
-3108
-9818
-4891
-1410
-11636
-7461
-4941
-2553
-10756
-7468
-321
-2325
-2648
4607
-5833
-4062
-8030
-6010
-14655
2008
3095
-12310
2395
-13941
-1927
-1351
-2710
-19657
-3743
-6810
-11992
-6
5960
689
6401
2321
-3721
-10986
-10570
1841
-18163
-8586
-6600
-8430
-1353
9197
-2173
-7350
2252
-8658
-5788
166
-4472
-275
-2409
610
-5480
-10818
-19170
-3005
-8563
-6695
-9757
-3159
-7801
-13505
-7161
-11725
-9413
-9011
-5554
-26189
-2563
881
-5008
-13445
-7301
5629
-7335
-10889
-2664
-2028
-11167
-7340
-2512
-82
-12366
-6292
-10850
-11728
-7861
-4734
6294
-2766
-6907
-5398
304
2620
-8701
2329
-7470
4033
-5666
-5685
-8254
-9955
-5128
-1866
-1538
-1352
-3217
1413
-4475
-6734
-10210
6039
-13302
-8859
-14095
-4952
-6479
-2996
-3366
-8296
-12196
-8023
-564
-3698
-6262
1368
-3244
8232
313
-6183
4705
-10600
470
-1360
-4212
-7037
-5583
-608
5378
-1493
-14050
-4666
3781
-5579
4764
-8424
-1726
-9290
210
-6723
-13704
-8066
-2655
-7157
-16764
-7032
-6123
-7374
-8925
-8862
-6682
-5829
-4505
-5073
-9960
-8449
-6883
-5561
-10075
-5069
3165
-5311
-13527
-13955
1932
-12120
3500
-2861
-6640
-2896
1138
-4934
-7908
-1338
-7574
-2517
-6746
-10668
-2491
-12951
-21305
-9677
334
575
-994
-2975
-4912
-5755
-1745
-11204
-8551
-5377
-2973
-6285
-16539
-2985
-5160
-14087
-7742
-1969
1871
-5137
-5691
-2874
-13113
-6581
-1730
-139
-5205
-5360
-5172
-7381
3777
-1996
-14535
-9764
-7163
1486
-12820
-2463
-1101
-7747
4231
-14331
-10269
-14315
-3681
-5152
2356
537
3363
-139
-7584
-5464
-9610
1993
-10810
-10366
-10413
-15887
-1133
-1246
-8039
-220
606
-2777
-3444
-8873
-8404
-10960
-3582
-6055
-10562
-2668
-5773
-18212
-6791
-3692
3497
-198
-3055
-5207
2806
-5479
-20576
-9338
-1301
-5060
392
6079
-10267
-1562
-4773
-9870
-18384
-2292
-6889
-1595
-3030
-7297
-8241
-8658
-7649
-2995
-2033
-7185
-1279
-7497
-5474
-7169
-8347
-3111
-14379
-12434
-7092
-4477
-3870
-8455
-11120
-14276
-1927
-3948
-532
10717
-6680
-7758
-10471
-10216
1412
-3294
-848
735
-5733
-5996
-7279
-9296
-6932
124
-4044
1744
930
-1127
-4967
-11987
-5415
776
1371
-10163
2243
-5696
5705
-9288
-5110
-8356
1032
-9404
-2987
-11520
-12683
-10935
-9010
-4447
-4877
-6882
-5424
-7125
-13856
-7031
470
-224
-4870
-8783
9375
-6922
-204
3865
-11981
-8638
-6214
-23280
-6159
-3084
-3636
-7254
1443
-9245
-18084
4404
-5152
-3811
5282
2743
-6768
1875
-4181
-4341
-6753
-10689
-11344
-1393
-466
-8463
4206
1462
-3363
-1442
-8417
-3750
-6647
-4520
-8819
-6951
-5790
-5273
1659
-1367
-297
-12908
-608
-2196
-8308
-3972
-13721
-3629
-8523
3855
-11035
-3757
5220
1273
-4615
-7897
-9757
-6106
-10909
-12881
-2401
-5668
2983
292
-7641
-5565
340
4323
-6810
-7589
-4063
-11799
-10136
-3726
-514
-4638
-1472
-4978
-11609
-2083
-10490
-11522
-9310
-1273
-7206
-6521
-19773
-4059
-154
-10876
-3902
-3769
-5700
-12499
-4690
-6509
-1518
-6231
-13922
-8220
-19244
-9518
-4019
-11503
-2050
-6308
-13391
-5925
3639
-4635
441
-6743
-14616
-6445
-3932
-6215
-14381
-4515
-3732
-1137
-20383
-7883
-2834
-4158
6445
-8870
-1036
-5874
-2837
-8425
-5485
-13165
37
-2651
-1718
-6413
-6000
-7479
-1458
-7196
-8403
-6347
-3502
-11325
-10935
131
-3842
129
-2967
-1134
-10128
-36
-3290
-1794
-14777
-15143
-4825
-1387
-7191
-4236
-4465
-10372
-10431
-12097
-13166
-9423
-3469
-5387
-7657
-2161
195
3721
-6834
-4445
-3858
-2011
-4698
-11223
-3223
2130
-3313
1256
-142
-11598
-6006
-6155
-6006
-1926
-9570
-933
-14983
-7219
-7608
-5842
-9051
-3545
-2638
-9196
-3183
-9321
-605
-6434
-2924
-8143
-2893
-6980
-4201
-3188
-7552
3282
1122
-826
-1733
-10000
-5805
-2152
-7574
-5559
-6299
-5920
4798
-8805
-9252
-8300
-2946
-7436
-6693
-3115
1116
-9201
-5838
-3898
-10919
-3006
-5355
-10040
-13924
-11492
-15159
3275
-8341
14010
-15264
-2807
-4391
-3391
-2410
1730
658
-9378
-3680
-15643
-7344
983
-4381
-853
-2856
-3493
-3159
-5335
-3858
-6092
-10356
-7680
2546
-11533
111
-1484
-3259
906
-2937
-11005
-11901
-6958
5908
-5313
-14309
-5466
-6926
-29319
-1010
-9734
-6367
-19525
-6765
-3899
-4807
-7437
-9320
-11855
-5733
-1918
-2061
-15902
-5864
-2678
-4219
-14844
-9901
-3708
449
-10128
-4370
-21944
-3354
893
-12790
-4928
-2095
-3494
-14502
-7390
3999
-16774
-9506
-11244
-5014
-8662
-7481
-11694
-2558
-10535
-14383
-1990
-3303
-5783
-8326
-6135
4151
-14960
-7244
1854
-8039
-1185
-3597
6224
-11486
-5871
-3443
-3034
-9460
-7276
1624
3269
-6858
-7291
-8980
-9615
-1928
-3867
-11626
-20477
-9537
-4693
-7565
1213
-4121
-6609
-6906
-12478
-4358
-3022
-8240
-7203
-8759
4046
311
-6008
-9442
-6163
-5778
-2851
-2353
-5017
-10469
-1805
-3612
-3725
-2946
1121
-1278
58
-25315
-3049
-12225
-11752
-1050
-8048
-7566
-4835
-3501
776
-6569
-3733
-13332
-16406
-814
-3032
14780
-6173
-4609
-7323
7806
110
-336
-11346
-14404
-11307
8909
-5975
-7661
-11913
-5026
-2156
-8651
1416
-6703
2421
-1629
-4460
-8614
-6006
-9929
-11346
-6054
-3667
-5443
1118
-5322
-6781
-3327
-1834
6657
-11491
-13482
-95
-5524
-3703
3842
-7294
-7552
-4845
-4950
-13400
-3829
-4164
-19087
-13146
-7661
-10921
-13793
-5805
794
-14214
-6189
2704
1792
5193
-4457
-2194
-7453
-8040
1303
-21471
-14120
-14035
4
-11620
-8099
-5438
-9205
-5520
-13918
-5254
-4050
-16353
-3566
-10647
-6359
-8640
-7111
-2423
-5125
-6205
-9739
-5580
2689
-4438
-3727
-8007
-5062
-10092
-4698
-1398
-12765
-9235
605
-5985
-9073
-5549
-6464
-9027
12458
-7249
-541
-19214
-8849
361
-84
-6983
-4470
-6152
-2836
8842
-3275
-4614
674
-8901
-6914
-8194
-8374
-7663
1626
-8439
-3615
-10174
827
-4480
-6630
3222
-3228
-7761
-6799
-10523
121
-2596
-10146
-18092
-8774
-5981
-5520
5233
-10058
-2363
-6013
-2429
-14607
-10807
-5286
-6899
-6339
-3816
-8588
1172
359
-6301
6171
-15757
-12809
-1620
-4060
-8431
-14781
18565
-6845
1962
-7345
-5982
-10257
-34
-9691
-13051
-5875
-5214
-6655
-2731
-2465
-6982
-8819
-4647
-393
-868
-3364
-5538
-9427
2645
4246
-5047
-6066
-5130
-2008
-9254
-6486
-12245
-7728
466
-9464
-7472
-2256
-12178
-8546
-2225
-4381
-3983
3469
-10853
220
-20267
-4675
-1663
-7273
-1696
-3010
-2918
20676
-4037
-1274
-7408
-4843
-1816
-2242
4054
-3164
-20143
-1697
-8872
-6424
-16309
-8225
-7521
-4997
-2116
1144
-8406
-2541
-10191
-923
-9804
-20213
-7748
7395
1480
-1852
-14497
-11066
-12275
3686
-6649
-11626
3101
-18273
-4337
-6049
-9450
-6066
1969
-2527
-7582
6915
-1161
-9462
-14085
-4720
195
-8537
-2637
-28840
-6091
-9084
-7911
4098
-7989
-4638
-16108
-5415
-3478
-8663
538
-5134
2005
-4154
1994
-3361
2335
-5545
-496
-3028
-11920
-9283
6447
-2826
-7169
3602
-3412
-4112
-15026
-3418
-12002
-7849
-4858
-9390
-5314
-8136
6738
-7022
-10545
-3331
167
-5258
-10692
2782
-7115
-8700
-9697
-4545
-10923
-13265
4906
-1927
-2328
-10114
-848
-6411
6845
1019
-6140
-7855
-11039
-10714
-1961
-4674
-6504
-9149
-4931
-6202
-10212
-2906
-8106
-2909
-2607
-5146
-10362
2626
-8221
-2659
-3730
-5581
3168
-1620
-4951
-7278
-28030
-4675
-8225
996
-1989
-2694
-8916
109
-6148
-7253
1995
-10419
4415
-7074
-9280
-7882
4057
-3054
-1936
-9094
-28478
-9183
