7.556726e-05
0.00038988717
0.00024247977
0.00010345432
0.00018102596
0.00020743837
0.00022020214
0.00031923756
0.0002627529
0.0003239696
0.00034180732
8.474298e-05
0.00030009032
0.0003662247
0.00026992735
0.00017687194
0.00026222423
0.00035853594
0.00066604285
0.000384305
0.00026523892
8.061615e-05
0.00022379447
7.635295e-05
0.00012539593
0.00022187286
0.00036510435
0.00034402535
0.00023329684
0.00029950595
0.0003307084
0.00023135172
0.0002691956
0.00031213977
8.532455e-05
0.00032628764
0.00032911298
0.00020013204
8.121275e-05
0.00038235247
7.634428e-05
0.00021617861
0.00013005176
0.00035297012
9.83708e-05
0.0003242441
0.0003459285
0.00040679594
0.0001053756
0.000102418926
0.00031807824
0.00018984477
0.00014144514
0.000361083
0.00027428294
0.00036810117
8.8715315e-05
0.00030887377
0.00014948571
0.00039588605
0.00043319515
0.00042915443
0.00012154831
0.00012942149
0.00027411833
0.00016722748
0.00036379512
0.00043787534
7.343222e-05
0.0002020642
0.00018438182
5.9332076e-05
6.916691e-05
0.00024372076
0.0001941527
0.00031851104
0.0001741033
0.00037621974
0.00036265305
0.00023423012
0.0001292275
0.00011138626
0.00030115352
0.00027540926
6.6475215e-05
0.0002953812
0.0004102871
0.00026167027
0.00045657507
0.00021139345
0.00027049473
0.0003178773
7.8108555e-05
7.557483e-05
0.00024886843
9.681909e-05
0.0003254667
0.0001175531
0.0003107962
0.00019003141
0.00027279492
0.0002824865
0.00030623344
0.00015713103
9.242137e-05
0.00042839692
8.88014e-05
0.00041058354
0.0002464541
9.420474e-05
0.0003312141
0.00016997539
0.0004245756
0.00034832582
0.00011421463
0.000308391
0.00028882225
0.00031811165
8.610362e-05
0.0002135362
0.00029872672
0.00012669782
0.00020758106
0.00016901646
0.00020553108
0.00021819712
0.0002720683
0.00017376011
0.00024550417
0.0002971859
0.00029585932
0.00014298107
0.00040047165
0.00018929582
0.00038900407
9.011882e-05
0.00026274202
0.00021246531
0.00033179516
8.147593e-05
0.00018884693
0.00025623664
6.918903e-05
0.00018350389
0.0007178403
0.00011546851
0.00013131177
0.00031724432
0.0002616839
0.0001793726
0.00011550774
0.00038695187
7.246475e-05
0.00027692004
9.503242e-05
0.00034654688
0.00024265623
0.0003765325
0.00025237649
0.00022529217
0.00020074601
0.00020394838
0.00031555607
0.00038482688
0.0002444016
0.00023398953
6.8718226e-05
0.00021990149
0.0009759668
0.00031574754
0.00015422923
0.00032232585
0.00045329315
0.00040990784
0.00025466364
0.00069617113
0.00062619254
0.00034811464
0.00031659458
0.00030759777
0.00024038312
0.00017041223
0.00022046716
8.4550265e-05
0.00025067115
7.122898e-05
7.921413e-05
0.0001150927
0.0002456602
0.00033021168
9.177707e-05
0.00027800008
0.00017229753
9.1317255e-05
0.0002671142
0.0005273062
0.00030388974
8.999648e-05
0.0002623828
7.0146736e-05
0.00014145169
0.0002563618
9.19014e-05
0.00010137701
0.00016308961
0.00027387368
0.00015186965
0.0003064565
0.0004157907
0.00030432048
0.00015248044
0.00018751067
0.00025655454
0.0003489685
0.00038970885
0.00016437155
0.00040344096
0.0001239337
0.0002599428
0.00033099158
6.994584e-05
7.8311234e-05
9.884424e-05
0.00017048302
0.000107301516
0.00023710879
0.00028308912
0.00011786687
8.8105495e-05
0.00012130406
0.00020889106
0.0003574899
0.00033724777
0.0001482544
0.00036053013
0.00025138626
9.021783e-05
0.0002572471
6.382861e-05
0.0005175682
0.0003043813
0.00030618926
0.0002999371
0.00023405625
8.018927e-05
0.00032197434
0.00018215709
0.00022702993
0.00036578186
8.21279e-05
0.00012947015
6.866263e-05
0.0004663965
0.00019449202
0.00028906885
0.00019443904
0.00023201018
0.00022542816
0.00017743678
0.0002297806
8.774298e-05
0.00033599476
0.00022918284
0.0002669391
0.00036112024
0.00037303026
0.00026737768
0.00023389274
0.00010619744
0.00025784498
0.00024712688
7.595507e-05
0.00037630787
0.00024928295
0.00017539618
0.00030610728
0.00022312225
0.00032548618
6.588839e-05
5.9078615e-05
0.00026726993
0.00014839527
0.00013400753
0.0001205543
0.0003700196
0.00011287934
0.00012885868
0.00035662332
0.00022868675
0.00023905623
0.00028482007
0.0004777878
0.00026740794
0.0002619239
0.00028124737
0.0002977184
0.0002500626
0.00053445646
0.00027072418
6.150851e-05
0.00014786902
0.00029768396
0.00022280635
0.00039918238
0.00011736782
0.00037346125
0.00036114355
8.455484e-05
0.00035468308
0.00032039508
0.00014683919
0.0002660617
0.00039253815
0.0003691711
7.222464e-05
0.00028402894
0.0001955949
9.7798715e-05
0.00026989853
0.0003491766
0.00037201558
0.0002028662
0.000118265525
0.00029004284
0.0001909786
0.00034334292
0.00032881764
0.00018229408
0.00035703304
0.00016255221
0.00019311182
0.0003614562
0.00047070745
0.00040408393
0.00025432796
0.00027606366
0.0004592173
5.2442367e-05
0.0001454784
0.00021570925
0.00016576536
0.00045362802
0.0001050916
0.0001315881
7.933105e-05
0.00018324876
0.00014179881
7.293496e-05
0.00021823795
0.0001302829
0.00010552153
0.00041153491
0.00028024096
0.00029380774
0.00019103079
0.00049675856
6.275084e-05
0.0003774275
0.00032150047
0.0002455085
0.00032746376
0.0002683861
0.00045966438
9.855048e-05
0.0003625894
0.0003200273
0.0004338725
0.00034822527
0.000503524
0.00026346726
0.00026364476
0.0003350488
0.00023027373
0.00031988372
0.00026292366
0.0003686099
0.00031436488
0.00054333726
0.00016190772
0.00020400662
0.0002598284
0.000103504666
0.00023601131
0.00019556761
0.00035950806
0.0003008919
0.00043920722
0.0003247263
0.00010716685
7.281505e-05
0.00030187008
0.0003007307
0.00021305765
0.00021329883
0.00031184303
0.0003382521
0.000265074
0.00021845936
0.00029595455
0.00013687514
0.00012737564
0.0005565727
0.00038242844
0.00025440732
0.0002810813
0.00036259624
0.00013346775
0.00025503215
6.9867834e-05
4.8630693e-05
9.45938e-05
0.00036332133
0.00033594063
0.00030196217
8.3279716e-05
9.0108304e-05
0.00025126612
0.0001515369
0.00015035979
7.787187e-05
0.0001144778
0.00015558819
0.00019747246
0.00027384612
5.9206814e-05
0.0002956016
0.00032631864
0.00026525152
0.00018215284
8.588401e-05
0.00031205144
0.00013329873
0.0003954765
6.2715044e-05
0.00031683303
0.00049602345
0.00037155344
0.00010597885
0.00024197546
6.748975e-05
0.00040812118
0.00023530741
0.0003340267
0.0002420027
0.00026422297
0.00021879908
0.00011182054
0.0001898588
9.575289e-05
0.00022575264
0.000399424
0.00036956614
0.0003661097
0.000119409626
8.645675e-05
0.00030871914
0.00018851354
9.359194e-05
0.00018922288
0.00015506303
0.00037621954
6.1196115e-05
0.0001278423
0.0001197969
0.00038790953
0.0003129424
0.00023035181
0.0001973823
0.00021556551
0.00039999068
9.9384204e-05
9.42871e-05
0.00039459844
0.00033904027
0.00039779692
0.00034619885
0.00022781854
0.00020813163
0.0005314167
0.0002866399
0.00027367973
0.00019954544
0.0002930545
8.80622e-05
9.0532456e-05
0.00032337394
0.00034315488
0.0003240157
0.00031694237
0.00031621123
0.00020812714
0.0003059963
0.00038549435
0.00036828584
0.00037597812
7.54933e-05
0.0002970226
6.782202e-05
0.00033982514
0.00017490011
0.0002780358
0.00010999897
0.00021774435
9.5718264e-05
6.361536e-05
0.00018495038
0.00018004581
0.0002454131
0.00015938989
0.0003277707
0.00019431318
0.00027211526
0.00028003842
7.223537e-05
0.00049638684
0.00015262685
0.0004541183
0.00047497876
0.00028478872
0.00037434933
0.00033015877
0.00030421937
0.00044653643
0.0002712423
0.000377396
0.00036224214
0.0005191325
0.0006281487
0.00024050988
0.00027065823
0.00017079416
0.00039977976
0.0001919017
0.00016477167
6.7466615e-05
0.0003166579
0.00013948721
0.00036943585
7.291359e-05
0.0002996624
0.00023657315
0.0004064357
0.0003725024
8.629821e-05
7.81032e-05
0.00027178685
0.00024706646
0.00022702251
0.0003606154
0.00034061467
0.0001952684
0.00018973422
5.3933993e-05
0.00027616663
0.00031293015
0.00049615523
0.0004083366
7.20144e-05
0.00038053156
0.00018762899
0.00029577294
0.00027148036
8.156721e-05
0.00032734193
0.0001788762
0.000100265584
0.0002618555
0.0002114104
0.00013008922
0.00012715
0.00028661103
0.00025482703
0.0003317693
0.00018357605
0.00010107079
0.0001540308
0.000107991225
0.00036731292
9.832066e-05
0.0001226455
0.0003532568
0.0003513168
0.00025176606
0.00010874485
0.0001366491
0.00034661486
0.0001714038
0.00027251735
0.00035618377
0.00029702033
0.00012172741
0.00013721526
0.00013788701
0.00047272054
0.00011688654
7.650923e-05
0.00041064364
0.0005102868
0.00024946517
0.00030674666
0.00013413622
0.00029700962
0.00021379997
0.0002637378
0.00027842677
0.00032497305
0.0002259519
9.7379176e-05
0.00019429071
0.00028887184
0.00025685848
0.00029906863
6.616189e-05
0.0004335435
0.0004165121
9.336791e-05
0.0002845495
0.00010071839
0.00056598947
0.00023360636
7.580819e-05
0.00043713616
0.000108561275
0.00036913884
0.00034356868
0.00017963405
0.000238765
0.00025448672
0.00024803777
0.00031406546
0.00010750036
5.9006954e-05
0.00029508202
6.366914e-05
0.0002665308
0.00037523505
8.420222e-05
0.00023463105
8.65377e-05
0.000165835
0.00028588413
0.00014510004
0.0003352987
0.00038175134
0.00013293864
0.000121830344
0.00033383444
0.00031790326
0.0006393384
0.00028570008
0.0007343717
0.00018011531
0.0003036099
0.00018003448
0.00034990735
0.0002365153
8.0322505e-05
0.00033205084
0.00016370352
0.0002076419
0.00020361706
0.0004871268
0.0001303193
0.00019593997
0.00027510882
0.00035722903
8.5933454e-05
9.060407e-05
0.0003076281
0.0002258151
0.00041688865
0.000107443215
0.00017933214
0.00024314545
0.0002241396
0.00027379554
8.0020145e-05
0.00041186475
8.832094e-05
7.104044e-05
0.00011614983
0.00038172846
0.00018720486
0.0004556133
8.509217e-05
0.00026161573
0.00027275793
0.00020520847
0.00026520327
0.00025734428
5.890505e-05
0.00023281244
0.00043088684
0.0003865711
0.00014709412
0.00029461808
0.000506404
0.00039745236
7.772554e-05
6.7879904e-05
0.000306808
0.00022048509
6.457267e-05
8.5621585e-05
0.00023958493
0.00033112968
0.00028605302
0.000108796165
9.2220915e-05
0.00031519885
0.00028075217
0.00026355512
0.00028688926
0.00020523329
0.00045864593
0.0002731754
0.00023471387
0.00043295798
0.00019939506
0.00011377159
0.00028353266
0.00016370373
7.3700896e-05
0.00020396918
0.0002289879
0.00038953824
0.00016493516
0.00036629286
0.00024231953
0.00010926979
8.259471e-05
0.0003140589
0.00023950523
0.00023766096
0.00027181025
0.0003188964
0.00032945766
0.00038330094
0.00023701618
0.00036679793
0.00014546645
0.0002172775
0.00012989575
0.00036340466
0.00029337412
0.000229111
0.00023452204
0.00015806226
0.0002313431
0.00032184646
0.00014078946
0.00011086385
0.00030868794
0.00020395928
6.012404e-05
0.0005565958
7.68215e-05
6.808381e-05
7.790222e-05
9.786402e-05
0.0001958521
0.00034064482
0.0002829044
0.00015657759
0.00030306343
0.00032296721
0.00032050628
0.00020979636
0.00032975458
0.00025778508
0.00015252315
0.00012122039
0.00022824037
9.1398695e-05
9.077177e-05
9.754505e-05
0.00039702814
0.00021617519
0.00016837654
0.00027467954
8.591209e-05
0.0003673836
0.000333716
0.00031887295
0.00019628303
0.00035482913
0.00026858508
0.00020715153
0.00014712586
0.00015298366
0.00022133406
0.0002103691
0.0003876224
0.00034783283
0.00023576849
0.00015606695
0.00025246252
0.0002410878
0.0004052625
0.00035223912
7.6856246e-05
8.071989e-05
0.00024969867
0.00025845156
0.00015401925
0.0002111215
0.00027643942
0.00040674343
8.3961546e-05
0.00011241674
0.00014107191
0.00035644887
8.831002e-05
0.000111525944
0.0002108366
0.00017413909
0.0003564316
0.00029213828
0.00013069209
0.0002486674
0.00027512593
4.5713565e-05
0.0003124265
0.0001209456
0.00032370453
0.00016681933
4.8481485e-05
0.00028505418
0.00031223352
0.00030561336
7.704431e-05
0.00028984292
0.00031768667
6.704053e-05
0.00014045613
0.0002933554
0.00023499466
7.168478e-05
0.00012273877
0.00030868655
0.00023770715
0.00017124992
0.0003890233
0.00029748335
0.00037029636
0.0002787005
0.00035019705
0.00011390478
8.6739405e-05
0.00024914384
8.6301014e-05
0.00022474804
9.150832e-05
0.00039669665
0.0002643778
0.00031140374
0.00013342735
0.00034834413
0.00022488357
0.00035867936
0.00024864613
0.00035199808
0.00012856982
0.00031454847
8.734849e-05
0.00026459797
0.00031002174
0.00026460027
0.00029260383
0.00011523181
0.0003036416
0.00033364628
9.1180504e-05
0.00014790651
0.00012033257
0.00023268131
7.3351446e-05
0.00015127475
0.00032028017
0.00031017294
0.00045165786
9.395812e-05
0.0003483734
0.00042314196
7.7372264e-05
0.00030417377
0.00043670493
0.00021321297
0.00011897184
0.00025392856
0.0004233269
0.0003089772
0.00021343016
0.00014776071
0.0002972164
0.00015442165
0.0003245733
0.00022732407
0.00034124308
0.00027134048
0.00014902458
0.00037058748
0.00030997558
0.0003317369
8.591339e-05
6.4493186e-05
0.00017420662
0.00029547026
0.00023070656
0.0003076879
0.0005611066
0.00022108461
0.00028490115
0.00033434186
0.00045575836
0.0003763274
0.00032307266
0.00012374688
0.00014974858
0.00020196525
0.00028553186
9.636081e-05
0.00014884293
0.00030968347
0.000419714
0.00024577326
0.00026650546
0.0002886983
0.0002720253
0.00066684943
0.00023137093
8.027975e-05
0.0003018955
0.0002819088
0.00025116984
0.00026320165
0.00037007238
0.0005176092
0.0002665484
0.00024350795
0.0003364773
0.0001112061
0.0002449495
0.0004480736
0.00042941762
0.00022635561
0.00020062113
0.0002747181
0.00030575105
0.0001135814
0.0002985907
0.00035187218
0.00033881317
0.00028958693
0.00032327822
0.00036547158
0.00034822212
0.0003100905
0.00022227605
0.0001009153
0.00030775915
0.00034150752
9.595167e-05
8.899205e-05
0.00032597216
0.00026663017
0.00026088278
0.00024659157
0.00019140732
0.00017364028
0.00013566237
0.0003614551
0.00025891408
0.00010814974
0.00028947674
7.855329e-05
0.0002270982
0.0003540086
0.00042214076
0.00012606692
0.00032412994
0.00021520715
0.00020824287
0.0004392677
0.00028700862
0.00024390801
0.0004368764
0.00036956152
6.207464e-05
0.00027531845
0.00023310403
0.00029683113
0.0003005112
0.00014023969
0.00036684872
0.00043902075
0.00022620217
0.00015020193
0.00035908193
0.0002743504
0.00024228184
0.00018187413
0.00018531691
0.00012601558
0.00019237041
0.000353277
0.00017115967
0.000183394
0.0003448753
0.0003572849
0.00034440486
0.00017065508
0.00021645606
7.8351346e-05
0.00039232586
0.000359076
0.00029097375
0.00038244613
0.0002036389
0.00024153666
0.00012316646
0.00040518568
0.00038444926
9.068217e-05
0.0003383987
6.238836e-05
0.0002712062
0.00010484553
6.475307e-05
0.0002857297
0.00068085
0.000313526
0.00022933222
0.0002085202
0.00030707498
0.00018929096
0.000249825
0.00032386687
0.00014060787
0.00010533815
0.00013147139
0.00020392952
0.00035292233
0.0003815951
0.00047068868
7.509475e-05
0.00026837122
0.0005549014
0.00023793758
7.135365e-05
0.00012291569
0.0003400228
0.00024508307
0.00020061244
0.00059398566
8.691883e-05
0.00022710083
0.0003245681
0.00011806181
0.00038785345
0.0001972535
0.00028361593
0.00030867354
0.0003580101
0.0001917426
7.733151e-05
0.0001264373
0.00031420257
0.00035411018
0.0003170863
0.00020572163
0.00013020994
0.0004966425
0.00011752145
8.342468e-05
9.425532e-05
0.0003738507
0.00022902328
0.0002000648
0.00012856531
0.00025052033
0.00036441008
6.4332315e-05
9.4802206e-05
0.00015266665
0.00020418795
0.0004333804
0.00029693014
0.0001261516
0.00043922305
0.00034876223
0.00031434075
0.00021339982
0.00040800145
0.00026895877
0.0001703276
0.00024060713
0.00029198496
0.00013140401
0.00031163264
0.0002336297
0.0001780635
8.9488e-05
0.0003495367
0.0003327729
0.00032809042
0.00027862863
0.00019299204
0.00013879112
0.00031635872
0.00027901074
0.00020102762
0.00046163652
0.0002170018
0.00030501475
0.00032805977
0.0001653941
0.0003972229
0.00037364065
0.00011085859
0.00040893257
0.00027743157
0.00023401288
0.00013269256
0.0002983772
0.00016174425
7.883336e-05
0.00027866114
0.00032714708
0.00045840518
0.00032288424
0.00022554933
0.00026409037
0.0002313963
0.00039799386
0.00027298412
0.00030123207
0.00014395367
0.00026472542
0.000235807
0.0002837445
0.00019546835
0.00012943444
0.00033055365
0.00022553671
0.00018654432
0.00014727542
0.00013406739
0.00010781975
0.00012482719
0.00034108467
8.266088e-05
