0.00013595
0.00009584
0.00021517
0.00003749
0.00032720
0.00062726
0.00032995
0.00010055
0.00001754
0.00002078
0.00003807
0.00009709
0.00008603
0.00002824
0.00002313
0.00013835
0.00015330
0.00017440
0.00028540
0.00045376
0.00030742
0.00001792
0.00025519
0.00005141
0.00008185
0.00003813
0.00016594
0.00003314
0.00023342
0.00019053
0.00002330
0.00003955
0.00014015
0.00011837
0.00016171
0.00022768
0.00006897
0.00005427
0.00001787
0.00002483
0.00015192
0.00011442
0.00025432
0.00024862
0.00019614
0.00012748
0.00003139
0.00008430
0.00008756
0.00013598
0.00036776
0.00012844
0.00015948
0.00010298
0.00003101
0.00005248
0.00010368
0.00038475
0.00015878
0.00021272
0.00006871
0.00003588
0.00018507
0.00003671
0.00002400
0.00010246
0.00008262
0.00016601
0.00021327
0.00010467
0.00030003
0.00030247
0.00002437
0.00001784
0.00003596
0.00013528
0.00006561
0.00003414
0.00009716
0.00007235
0.00021569
0.00007795
0.00011031
0.00019421
0.00007504
0.00018668
0.00013447
0.00012700
0.00006796
0.00033059
0.00016260
0.00010017
0.00021168
0.00035810
0.00003769
0.00016522
0.00019043
0.00004314
0.00009271
0.00005459
0.00011379
0.00036350
0.00027039
0.00019946
0.00004040
0.00023554
0.00004248
0.00011938
0.00021239
0.00016647
0.00013691
0.00008268
0.00012447
0.00003491
0.00007400
0.00008226
0.00027229
0.00015637
0.00008196
0.00013564
0.00027089
0.00002880
0.00016131
0.00017939
0.00004496
0.00002826
0.00009940
0.00010066
0.00003751
0.00009351
0.00025330
0.00022216
0.00009490
0.00017534
0.00009735
0.00009924
0.00005390
0.00026441
0.00004464
0.00002057
0.00003151
0.00003743
0.00012127
0.00025930
0.00003630
0.00031748
0.00031263
0.00002940
0.00026717
0.00010523
0.00032535
0.00020561
0.00006573
0.00020425
0.00006144
0.00014242
0.00003642
0.00011996
0.00016669
0.00014986
0.00003217
0.00010958
0.00002059
0.00021310
0.00027729
0.00019014
0.00019545
0.00019719
0.00027682
0.00015471
0.00024110
0.00009702
0.00019899
0.00018738
0.00004217
0.00026423
0.00001590
0.00028577
0.00027469
0.00009292
0.00002856
0.00009289
0.00001447
0.00016392
0.00003308
0.00013032
0.00004458
0.00010269
0.00006059
0.00002466
0.00009438
0.00007685
0.00007920
0.00019232
0.00003029
0.00041666
0.00018810
0.00029667
0.00001625
0.00021738
0.00012851
0.00003246
0.00013180
0.00001785
0.00025045
0.00004163
0.00011722
0.00012246
0.00015761
0.00009841
0.00002463
0.00041524
0.00012973
0.00023020
0.00019676
0.00008100
0.00001977
0.00006174
0.00009886
0.00007219
0.00002520
0.00007370
0.00011964
0.00002814
0.00013326
0.00003812
0.00005940
0.00006154
0.00020015
0.00002519
0.00014779
0.00032564
0.00013477
0.00008577
0.00012073
0.00016065
0.00021172
0.00014310
0.00011861
0.00014260
0.00006038
0.00018225
0.00016275
0.00036505
0.00016704
0.00011970
0.00002101
0.00015411
0.00004146
0.00004326
0.00011777
0.00018331
0.00009730
0.00003349
0.00002373
0.00028060
0.00009544
0.00005845
0.00022262
0.00002472
0.00022216
0.00004322
0.00014029
0.00003443
0.00001934
0.00005565
0.00007012
0.00008877
0.00015907
0.00011475
0.00007763
0.00002447
0.00005495
0.00002135
0.00033871
0.00017720
0.00005957
0.00006241
0.00018575
0.00019700
0.00021001
0.00004706
0.00010859
0.00009239
0.00006783
0.00014775
0.00008335
0.00003446
0.00021126
0.00002360
0.00002227
0.00003050
0.00006758
0.00003048
0.00039291
0.00009502
0.00008801
0.00012339
0.00014380
0.00002405
0.00017985
0.00012605
0.00006517
0.00007737
0.00034947
0.00025839
0.00003228
0.00023120
0.00016597
0.00004260
0.00017163
0.00012134
0.00007901
0.00014976
0.00028093
0.00032101
0.00002077
0.00021426
0.00015540
0.00003265
0.00017472
0.00015506
0.00003383
0.00004302
0.00003965
0.00001900
0.00006294
0.00029175
0.00010733
0.00011289
0.00032882
0.00016601
0.00003291
0.00022184
0.00005050
0.00026411
0.00011388
0.00004451
0.00003620
0.00022267
0.00003604
0.00008038
0.00020356
0.00007610
0.00007763
0.00012477
0.00030663
0.00004971
0.00006042
0.00019510
0.00011025
0.00003154
0.00011482
0.00022638
0.00015962
0.00015067
0.00003630
0.00013144
0.00002585
0.00005262
0.00013796
0.00004559
0.00006620
0.00006485
0.00016628
0.00004431
0.00030163
0.00026796
0.00018527
0.00002039
0.00006947
0.00049125
0.00014400
0.00005655
0.00038593
0.00003494
0.00002943
0.00019480
0.00017619
0.00007450
0.00010274
0.00036160
0.00023521
0.00033945
0.00002436
0.00025196
0.00032856
0.00010907
0.00031545
0.00030163
0.00029402
0.00008053
0.00020124
0.00026837
0.00003191
0.00019735
0.00023980
0.00006706
0.00012384
0.00012361
0.00001814
0.00008314
0.00006904
0.00022727
0.00003145
0.00002127
0.00001639
0.00007612
0.00013237
0.00019092
0.00017720
0.00003347
0.00008741
0.00015990
0.00020719
0.00001628
0.00023561
0.00012233
0.00004207
0.00018368
0.00023134
0.00043657
0.00007041
0.00012750
0.00002082
0.00014359
0.00019538
0.00017670
0.00013198
0.00009414
0.00015600
0.00005080
0.00040806
0.00010893
0.00020785
0.00002661
0.00004630
0.00031691
0.00005046
0.00019961
0.00011910
0.00003496
0.00017493
0.00038552
0.00028702
0.00025908
0.00006663
0.00010400
0.00037842
0.00002261
0.00016378
0.00002406
0.00015689
0.00012689
0.00006209
0.00006409
0.00013484
0.00004883
0.00013757
0.00018109
0.00019826
0.00007839
0.00007623
0.00002657
0.00016355
0.00008845
0.00010341
0.00002679
0.00033116
0.00013118
0.00030918
0.00008662
0.00007135
0.00006094
0.00005443
0.00003071
0.00015828
0.00012556
0.00032519
0.00009213
0.00018546
0.00001775
0.00022325
0.00007946
0.00006859
0.00008452
0.00010135
0.00006486
0.00008049
0.00010414
0.00022795
0.00038217
0.00058825
0.00006774
0.00004825
0.00017998
0.00012526
0.00019646
0.00016171
0.00018205
0.00016527
0.00002535
0.00006775
0.00002104
0.00004508
0.00024058
0.00033293
0.00004206
0.00014140
0.00008424
0.00026042
0.00003882
0.00005424
0.00005568
0.00017624
0.00013205
0.00014903
0.00008321
0.00008827
0.00016514
0.00004225
0.00005552
0.00010673
0.00009262
0.00005515
0.00011126
0.00013129
0.00010165
0.00013862
0.00022287
0.00014459
0.00015723
0.00003383
0.00021779
0.00002657
0.00008023
0.00007738
0.00011443
0.00020700
0.00020901
0.00003365
0.00017997
0.00010930
0.00012852
0.00005446
0.00012664
0.00011907
0.00004522
0.00019379
0.00020057
0.00013509
0.00017522
0.00010617
0.00008577
0.00007628
0.00009514
0.00013397
0.00002104
0.00024133
0.00033494
0.00020072
0.00006657
0.00006930
0.00033404
0.00002326
0.00004713
0.00008372
0.00028447
0.00013556
0.00002277
0.00004168
0.00003603
0.00003100
0.00002510
0.00009047
0.00030371
