0.00014446951
0.00023530537
0.00017598104
0.00015223652
0.00017663816
0.00013115276
0.00018408506
0.00016734326
0.00015443857
0.00017915602
0.00051070686
0.00012892798
0.0001742312
0.00014885531
0.0001994998
0.0001437179
0.0002051446
0.00020348887
4.9185834e-05
0.00019897208
0.00017833423
6.539365e-05
3.2724485e-05
5.5091405e-05
0.00026750905
0.00018906836
0.000117071235
0.00012830313
3.812351e-05
0.00010049188
0.00024958653
0.00013938043
0.00014531177
0.000184888
6.0435083e-05
9.527054e-05
0.00015872813
0.00030166766
0.0005433854
0.000113028385
0.00014044943
0.00017835981
4.0631025e-05
0.0001387975
0.00010060948
0.00015578061
0.0002713169
0.00010459358
8.2822684e-05
0.00014655167
7.678396e-05
0.00016381973
0.00019641973
7.464803e-05
0.00015710645
5.5282206e-05
2.5634607e-05
5.318383e-05
0.00017082281
0.00013109617
0.0001727494
6.4488006e-05
0.00018238593
0.00013115411
0.000109010696
0.00037166348
0.000115605086
0.00020649571
5.0461687e-05
0.00016700142
5.2058145e-05
0.00010430317
0.00020851739
0.0001466312
4.0704796e-05
0.0003069522
5.9460745e-05
9.229999e-05
0.00019921243
0.00014369457
0.00021275706
3.0512192e-05
0.00017923318
0.00020953246
6.6648e-05
0.000246445
0.00026445102
8.7896195e-05
7.090028e-05
0.00011027867
0.000101330224
0.000257058
0.00018487149
0.0001195361
5.967266e-05
2.4125678e-05
0.00015868795
0.00011239983
0.00015047703
0.00023609109
0.00016376527
0.00012073229
0.00019596658
0.00014781696
5.1237632e-05
4.1010786e-05
9.8026285e-05
0.00017349115
0.0002672982
0.00019678405
8.9010944e-05
0.00016608514
0.00015343218
0.00013563606
0.00020153736
0.00014699773
9.344647e-05
3.39515e-05
0.00017102974
6.0735474e-05
0.00011225276
3.609773e-05
0.00019603378
0.00018220514
0.00022596393
0.00012406193
0.00019163724
0.00018908776
0.00014356649
0.00016269792
0.00014694214
0.00027929543
2.7894905e-05
0.00013173526
0.0003031091
0.00011764475
0.00028527636
0.00028721325
0.00016892768
0.00012995514
8.715408e-05
6.878774e-05
0.00017926526
4.3695414e-05
7.1805385e-05
0.00012898433
0.000115593524
0.00023398816
0.00014854973
5.3347598e-05
5.5859706e-05
0.00026548986
0.00016450741
8.8730056e-05
0.00015914268
0.00014670346
0.00028200817
0.00010427132
9.912273e-05
0.00026383254
0.00013159527
0.00022449896
7.250826e-05
0.0002656542
9.782866e-05
0.00017688378
0.000108165856
0.00011958622
5.2077034e-05
0.00015793138
0.0002682585
6.2970634e-05
0.00020714272
9.051352e-05
7.2432944e-05
6.2732994e-05
0.00016026408
0.00020687138
0.00010508813
0.000166851
0.00016091557
0.00013765051
5.6733847e-05
0.00017321184
0.00011959209
6.745607e-05
0.00014004677
0.00011222204
5.9194463e-05
5.935545e-05
9.890833e-05
0.0001877226
0.00016138615
0.00010898324
6.794298e-05
5.5873003e-05
0.00013116209
2.5371372e-05
7.647811e-05
4.094747e-05
0.00017371924
4.4329176e-05
0.00010428029
0.00022706449
0.00024158962
0.0001386866
0.00019254225
0.00013887415
0.00026178866
0.00011441765
0.00010035475
6.298e-05
0.0001991903
0.00014356778
0.00012765203
0.00011700748
0.00015568348
9.695559e-05
0.0001633661
6.1777515e-05
0.00022303752
0.00026694668
0.00025916615
0.00022888267
4.8747257e-05
0.00017409913
0.00015388761
0.00010179982
8.9862486e-05
0.00013533908
0.00011756224
0.0002664186
0.000109484325
3.5688052e-05
2.4030447e-05
0.00017676468
0.00014160617
2.4202454e-05
0.00021609369
2.3114257e-05
3.487739e-05
0.0002049763
6.5261025e-05
0.00023316596
5.0391456e-05
0.00015411452
0.00014403346
0.00020989608
0.00019943518
9.7994256e-05
0.00017709672
0.0001268672
0.00014467601
0.00025833055
0.0002402744
0.000113945345
0.00018908945
0.00024627068
4.3373002e-05
8.874695e-05
5.975131e-05
0.00015472693
0.00020839494
0.00017185131
4.1225234e-05
0.0001455917
0.00013791899
7.991726e-05
0.00015900232
0.00018823375
0.00013500481
0.00014722529
0.00032286142
6.33494e-05
0.00022905396
5.5790115e-05
6.229152e-05
8.8335415e-05
0.00018386742
0.00013420876
0.00016426499
7.280926e-05
8.505285e-05
0.00017471153
0.0002041709
0.00014303048
0.00019556229
0.00017934639
0.00017188422
0.00016999432
6.304714e-05
0.00016417817
0.00012738137
0.0001496573
0.000120802586
0.00031104032
0.00010016599
0.00019016789
5.3598782e-05
0.00019769957
0.00012621148
0.000118411015
0.0003533495
0.00013281369
2.305554e-05
0.00011965415
5.997001e-05
0.00013824897
3.1898544e-05
0.00013937388
0.00023353414
7.0606235e-05
0.00017317536
9.579466e-05
0.0001626897
5.0138766e-05
0.00019599602
5.2047217e-05
0.00014998991
0.00016554234
8.101017e-05
9.15627e-05
0.00026876162
0.00015797919
4.1352505e-05
0.000109492255
6.844019e-05
0.00020991602
0.00015068846
7.651349e-05
0.0001829617
0.00011745609
7.135893e-05
0.00019843515
9.366128e-05
0.00041621504
0.00027575763
0.0001429349
0.0001566546
0.0001846455
0.0001258219
0.00018826633
0.00015043697
0.00015616148
3.0871575e-05
6.6952656e-05
0.00018211544
0.00015689536
8.2423365e-05
0.000114796894
3.7959242e-05
0.00011592848
0.0004391438
0.00012408209
0.00022295745
4.6060362e-05
0.0001526115
0.00014361287
0.0001654517
7.490707e-05
0.00022244986
3.9818085e-05
0.00017486191
0.00029147725
3.2183787e-05
3.2205655e-05
3.3219956e-05
0.0002841788
0.00034543264
0.00024737965
0.00015103786
0.0002983333
0.0001804225
2.6178857e-05
6.4573236e-05
0.0002988075
8.887713e-05
0.00021463034
7.547275e-05
8.385738e-05
0.00014363774
0.00020454699
0.0001671502
3.930151e-05
0.00011794426
0.0001255485
0.00018343722
8.071469e-05
0.00017357252
9.069146e-05
0.00027844316
0.0002691564
0.0002059932
7.202972e-05
8.4301326e-05
0.00014693466
5.894179e-05
0.00015556338
0.00026536454
0.00014918554
0.00023205318
2.6217773e-05
0.00031146154
0.00017050415
4.3286476e-05
0.00018145856
6.290169e-05
0.000105068044
4.571385e-05
0.00016594642
0.00019268249
0.00011152129
0.00016268634
0.0001791912
0.0001359987
0.00010701496
0.00015316467
7.4840194e-05
5.780001e-05
0.00031587016
0.0001612749
0.00010876282
0.00016092339
0.000142774
0.0001179584
0.00014542598
0.00017961847
8.301936e-05
7.339193e-05
0.0003168861
0.00023140738
0.00014608365
0.000120628385
0.00010844137
8.0471444e-05
5.1743486e-05
0.0002207583
0.00018016086
0.00015719369
7.5124335e-05
0.00019248587
2.9316205e-05
4.4064054e-05
7.0843336e-05
0.00027843798
0.00019963732
0.00012963555
0.00015055592
4.7816935e-05
7.497186e-05
0.00016183732
0.00015236612
9.726958e-05
0.00023334425
3.2154523e-05
6.715147e-05
0.00038747583
0.00018708588
0.00019303075
0.00016092537
0.00017968495
0.00017168261
4.4595938e-05
0.000119472745
0.00022949092
0.00010142943
0.00015849866
0.00026665724
3.266671e-05
0.0002841547
0.00010181384
0.00014187646
0.00017234166
6.79927e-05
0.00021277792
0.0002135486
0.00016645563
6.3311025e-05
0.00017843097
0.00016260624
7.145008e-05
9.447167e-05
0.00010653346
7.956656e-05
0.00012001698
0.00013638753
0.00014172572
0.00017551733
0.0003195801
3.691992e-05
0.00013482547
0.0002552125
0.00016458216
0.00012486089
0.00011086248
0.00010566611
0.00015574103
4.6654994e-05
0.00021683473
0.00017421466
6.9761954e-05
5.1043884e-05
0.00022760054
0.000117850206
0.00020345331
0.00013788707
2.4663083e-05
4.2224307e-05
9.657103e-05
0.00010340251
0.00027419353
0.00018843383
0.00021734789
0.00017256061
8.303779e-05
4.7424473e-05
0.0002534796
0.00013066072
0.00014295615
0.00027645944
0.00022506014
0.00016684333
6.169771e-05
0.00016004573
0.00014296865
4.2819305e-05
0.00013885928
0.00040318843
0.0002733172
0.00018973037
0.00015306963
3.5679368e-05
5.1846484e-05
0.000111630965
0.00037887236
0.00015013559
7.150277e-05
3.4183155e-05
0.00022034842
0.00014166305
0.00016109661
0.00017672367
0.00013038046
0.000263745
0.000207252
0.00013239149
0.00010294265
0.00015579625
4.4837845e-05
0.0004856782
0.00016996857
5.8708098e-05
0.0001817197
0.0001292714
0.00031043802
0.000362857
0.00014197921
4.2207866e-05
0.000109460685
0.00017333584
0.00021365793
0.0002671234
4.1123985e-05
0.0002427732
0.000108633074
0.00017432332
0.00014669221
0.00018883258
0.00028521832
0.00010401538
0.00018492647
0.00016335292
7.4969634e-05
0.0002277661
4.3795066e-05
0.00014599782
0.00019197573
4.4996905e-05
0.00012116434
0.00011036415
5.225063e-05
5.7201654e-05
0.0002834207
0.00013023717
0.00015857046
0.00024551223
0.00015230116
0.00012922249
5.2005627e-05
0.000119019285
2.1673402e-05
0.00017818985
0.00014071228
0.000119786346
0.00023512442
0.0001694314
0.00019908082
4.0613508e-05
7.731226e-05
7.0387745e-05
0.00019713407
7.371606e-05
3.0158024e-05
8.795312e-05
0.00022563632
0.0002487812
8.8235305e-05
0.0001479247
0.000105924126
0.00027829432
0.00049501425
0.00024596517
0.00012941689
0.00028430438
0.00017869164
4.9973765e-05
0.00014355894
0.00021470324
0.00015667416
5.346578e-05
2.406801e-05
4.5186018e-05
0.00026236018
6.0775103e-05
6.540975e-05
4.095835e-05
0.00014724482
0.00026903828
0.00018223359
0.00016444328
0.0003602904
0.00021707978
8.745927e-05
0.00022994481
0.0001806924
0.0001649425
0.000108807006
0.0002085305
0.00018228576
8.703844e-05
4.9855607e-05
0.00018960987
0.00021320011
0.000100519304
3.2638873e-05
7.5072094e-05
0.00015992268
8.796867e-05
0.00012556624
0.00023290643
0.00016597244
0.00019103866
0.0001767321
0.000104697196
0.00018242071
0.00017295474
0.00026773228
0.00014559714
0.00015326016
0.00037399694
0.0002402024
9.537076e-05
0.0002270601
0.00017548364
5.377529e-05
0.00014413582
0.00023759555
6.889089e-05
0.00013653976
4.6244597e-05
0.00015882301
0.00014595811
