0.0019383504
0.0015573994
0.0012681603
0.0019755606
0.0017727136
0.0009991307
0.0007821001
0.00097415654
0.0015506364
0.0019237899
0.001452466
0.0017269019
0.0012346735
0.0017090682
0.000841258
0.0012559188
0.0010884679
0.0016112891
0.00076795934
0.0013611448
0.001448493
0.0027756214
0.0014959249
0.0013241955
0.0010616917
0.0010544405
0.0010713196
0.0014221052
0.0013255903
0.0016969907
0.0016733331
0.0016801745
0.0014393498
0.0011645528
0.0013690761
0.0014652913
0.0020509749
0.0010203448
0.0013030859
0.0013789531
0.0016530805
0.0013766456
0.0016750756
0.0014487727
0.0016955957
0.0013514466
0.0012826041
0.001012606
0.0013021863
0.0020469215
0.00105707
0.0016914635
0.00093414163
0.0017555285
0.001336029
0.001025862
0.0008049606
0.0012729873
0.0013849819
0.0017046179
0.0016973633
0.0016605963
0.0010313819
0.0014946413
0.0018618921
0.0022354512
0.00089841237
0.001223789
0.0015196494
0.0013241951
0.0011635891
0.0016862232
0.0017056491
0.0014401412
0.0015858932
0.0015636185
0.0011052727
0.0016649925
0.0009708354
0.0008831998
0.0012379525
0.0020158738
0.0011252642
0.0011200611
0.00084771693
0.0011818301
0.0009829768
0.0013921197
0.0021370044
0.0013614799
0.004961047
0.001305264
0.0008953096
0.0012233993
0.0011133177
0.0009868394
0.0015910219
0.0010161385
0.0011560983
0.0012801404
0.0016544765
0.0017184198
0.0016134615
0.002015746
0.0015044303
0.0016681468
0.0013749986
0.0015277762
0.0012206547
0.0018061985
0.0010984092
0.0016906601
