0.0071594724
0.00944436
0.009332097
0.0070227417
0.0074190525
0.0069566206
0.008724395
0.0050675194
0.0067019826
0.008762734
0.0064868764
0.0061992393
0.00801594
0.0076831463
0.006528428
0.009062166
0.0069541195
0.007838508
0.007546945
0.0058553917
0.010550845
0.0077941297
0.0051767523
0.0073879957
0.0059845103
0.00911964
0.007225773
0.005617973
0.00657963
0.00706765
0.0042203194
0.0065507726
0.008107787
0.0047990982
0.006589848
0.008269891
0.005466009
0.004727954
0.004034247
0.0071109743
0.0070350533
0.005419642
0.006702789
0.007664308
0.006088429
0.007647961
0.009324294
0.0076848674
0.005683937
0.0040802234
0.007875027
0.006171555
0.006544703
0.0069229025
0.008065275
0.0063114096
0.0052061747
0.0061634583
0.008137515
0.0060519045
0.006515156
0.007441283
0.006489182
0.0067866948
0.006539923
0.0067903926
0.0072609712
0.007600049
0.005435157
0.006647705
0.0072332146
0.0071193883
0.0091410475
0.0056676064
0.008656051
0.0081829475
0.007295688
0.0043055047
0.0052835103
0.008319136
0.007917031
0.005224752
0.006952793
0.0059626745
0.008338769
0.008168307
0.0066000866
0.006545639
0.013946095
0.006410778
0.0066626617
0.004293616
0.0072923894
0.005603739
0.0062501654
0.00635232
