0.00075366173
0.00044536876
0.003649501
0.0016889771
0.00078422966
0.00032158723
0.0004035078
0.00078742433
0.001421423
0.00036489492
0.0024005114
0.0004398509
0.00016495267
0.00021467745
0.00060545927
0.001306519
0.0014368505
0.0015003379
0.00033772367
0.00049247086
0.0005374152
0.00021351238
0.0033387446
0.002292966
0.0030851006
0.0014883176
0.00046428925
0.0009087453
0.00073845935
0.000615045
0.0032174666
0.0024919817
0.0006930343
0.00033280803
0.0005826073
0.00097157806
0.0026961486
0.00049326435
0.00042706935
0.0006821613
0.0011523229
0.001009097
0.00053452066
0.00031823028
0.00030729143
0.002057146
0.00039042678
0.002493804
0.00047578936
0.0011857309
0.0017180885
0.0009916594
0.000859271
0.00256756
0.00035740758
0.00082919985
0.00066321745
0.0011711927
0.00087169773
0.0024607172
0.0018336752
0.0019235681
0.00023232629
0.0008566702
0.0011321247
0.0023304718
0.00035938044
0.0006441844
0.0002754721
0.0007526165
0.0038142116
0.002485143
0.0012568529
0.000719214
0.0031109448
0.00082520954
0.0017075385
0.0005714599
0.00043879403
0.00046350053
0.00039893345
0.0034793697
0.0013124476
0.0005122263
0.0018232352
0.0010987238
0.0002310494
0.0001921248
0.0005541223
0.002609697
0.0021819768
0.002531786
0.0018584116
0.00043868972
0.00077802635
0.0035212652
0.0013746495
0.0015479574
0.0026643758
0.0017999155
0.0043103565
0.0008736111
0.00060172565
0.00039204978
0.0009175111
0.00041878605
0.0030571055
0.0015672204
0.0014879811
0.00035830858
0.0017211911
0.0005417822
0.0004022957
0.00031428217
0.0019159174
0.0004017105
0.0005348633
0.0008610293
0.0020355165
0.00067775405
0.0003794552
0.0017206386
0.000805283
0.00072465325
0.0012501844
0.002219771
0.0015872499
0.00031329482
0.0018100985
0.0029755847
0.00040978435
0.00026484035
0.002453424
0.00048100273
0.00077808375
0.00026839942
0.0030895425
0.0029887306
0.0011572891
0.0020972202
0.0020010858
0.00044719904
0.0019552028
0.0010337094
0.0061704605
0.0004250495
0.00040368238
0.0035967492
0.00018871685
0.0008993684
0.0022412862
0.0058722505
0.00029083158
0.002681822
0.00032342816
0.0005709548
0.0008544795
0.0012688506
0.0025897517
0.0009925067
0.0022139444
0.00011787034
0.00058277237
0.0020808182
0.00062803447
0.0012326381
0.00034664627
0.0005560464
0.0005686474
0.00047980348
0.0024024001
0.0023470137
0.0013659914
0.0012058165
0.001294496
0.0003472716
0.00043266686
0.0010349763
0.00034309516
0.00081199734
0.0006133627
0.0022362082
0.0015561155
0.0025216737
0.00053483725
0.0008330611
0.00040656808
0.0015434625
0.00053539017
0.0016495623
0.00088611007
0.0015292607
0.00067691936
0.0017612651
0.001936122
0.0027383224
0.0002551467
0.0002104372
0.001117379
0.00033593457
0.00027295985
0.0007681433
0.0022246714
0.0013222994
0.00084677764
0.0064985245
0.0016370363
0.0005648559
0.00085472997
0.0008974449
0.0008445474
0.0039194687
0.00071394036
0.001626056
0.0016235135
0.0013562704
0.0003479444
0.0021349632
0.0038847027
0.000529151
0.00026150185
0.0008270775
0.0016863517
0.00042517725
0.00032974096
0.0050437273
0.00085441704
0.002489158
0.00062150136
0.0016213445
0.002179716
0.0011550954
0.004858915
0.0025283396
0.00093446975
0.0016798248
0.00046365027
0.0010183217
0.0005807726
0.0013317454
0.0018506481
0.0013041359
0.00056982605
0.0012036338
0.0009202771
0.002878499
0.0012432433
0.00059994543
0.0035474454
0.0032190916
0.0018999643
0.0005912086
0.0011424846
0.0020271766
0.0014344313
0.00043734073
0.0022535522
0.0023593523
0.00019379357
0.00066656637
0.000427029
0.0015565022
0.0054931017
0.00031577796
0.00058159017
0.00061646116
0.0005219856
0.0023042695
0.0006636554
0.0004682486
0.00041873017
0.001968665
0.0012916195
0.00020069559
0.00041089527
0.0004390428
0.00096854573
0.00051853847
0.0007973693
0.0013030332
0.00094590336
0.00089898624
0.0002283079
0.0012343233
0.0010967568
0.0010186714
0.0014402572
0.0030298005
0.0024532538
0.0072642583
0.00035894985
0.0005793447
0.0009413882
0.0023764174
0.0006223849
0.0013431329
0.00047903054
0.00021756077
0.0012406248
0.0026205522
0.001007635
0.0018819338
0.00029526916
0.0021563685
0.00040238196
0.0017231434
0.0027709974
0.002828206
0.00043971938
0.0011140488
0.0005053662
0.0037186514
0.0020154906
0.0035139136
0.0015832061
0.0022904044
0.0007229277
0.001065472
0.0018954658
0.001928531
0.0021058796
0.0018853236
0.0035578448
0.0012321109
0.00046721354
0.0003800114
0.0009668167
0.0020754489
0.00041350618
0.0006201599
0.0006425366
0.00078606466
0.00055518065
0.00035263007
0.0009725749
0.0007419875
0.0014127614
0.0019041537
0.002043565
0.00050111156
0.0076269265
0.0006097206
0.0010736559
0.0011154584
0.0027116209
0.00081427826
0.00029346335
0.0014921454
0.0004935489
0.0002768673
0.0021098917
0.0001849135
0.001533439
0.00071044284
0.00036874457
0.0015479128
0.00016660841
0.0014760226
0.00030339652
0.00076767086
0.003010233
0.0002485615
0.002581071
0.0004569265
0.0013336894
0.00021628103
0.0002666543
0.001277372
0.00056995905
0.00023829809
0.0029533522
0.000941884
0.0010006039
0.0007644719
0.00041574353
0.0027282622
0.0005424671
0.00015483984
0.002246405
0.00034709717
0.0030480963
0.00045155155
0.00086952053
0.0008589919
0.0022706357
0.0022725775
0.0012434064
0.0012011589
0.0028359506
0.00062627444
0.00035270108
0.0014881225
0.00449857
0.0007693462
0.00048883725
0.0013453647
0.0004225642
0.0010420978
0.00023452975
0.0009981829
0.003976978
0.0016691212
0.0012086823
0.0024419373
0.001240945
0.0016996049
0.0035725369
0.0019907379
0.0025065218
0.00032845626
0.0037156518
0.0019505296
0.0006057892
0.0005131237
0.0016894521
0.0014009194
0.0012844187
0.003039501
0.0017379936
0.001611016
0.002150256
0.0025713202
0.00031245718
0.0028121497
0.003963986
0.0050904313
0.00396408
0.005039935
0.0021152536
0.0029933117
0.00038173777
0.00021176484
0.0013740106
0.005918799
0.0022886938
0.0009572463
0.0036141127
0.0007346067
0.00029083824
0.002135442
0.0002514187
0.0008940083
0.0008232827
0.0036548048
0.00029716827
0.0013730116
0.0003068965
0.0008467845
0.0010183661
0.0018501355
0.00066153787
0.0012077814
0.0021435234
0.00017167185
0.00068483996
0.00362021
0.0007823953
0.0006532455
0.0004085052
0.0008202864
0.0020557048
0.00033531678
0.0008489692
0.0004613487
0.0008773878
0.001010166
0.000139362
0.0030771021
0.0007480212
0.0021089157
0.002011635
0.0018731824
0.00046983935
0.004579607
0.0016600249
0.000665997
0.00039894308
0.0021414151
0.0004965345
0.00059920404
0.00073112623
0.0010589001
0.0029561105
0.00069649034
0.0024625412
0.0015400691
0.00022146298
0.0039064693
0.0009754909
0.005263764
0.00079257827
0.00056193554
0.00135953
0.0036641855
0.0013939514
0.0005375251
0.00063186913
0.0010811761
0.0027657696
0.0021734727
0.00291974
0.0004990199
0.0008020361
0.000430007
0.002145704
0.0016188945
0.00019920926
0.00049765373
0.0013494994
0.00067597936
0.0023561406
0.00036814786
0.000663472
0.0004790869
0.000897086
0.0021260795
0.0012085355
0.0010431277
0.0019935474
0.0004326811
0.0006832701
0.0020502678
0.00040268898
0.0008040073
0.00038754108
0.00024298271
0.00037567128
0.00026585528
0.0004545103
0.00046794384
0.000561006
0.0010808624
0.0011469814
0.00026542353
0.0009836729
0.0031257954
0.0021583487
0.0005952987
0.00058970216
0.0008273599
0.00073863595
0.00018948854
0.0016599491
0.001794995
0.00048257824
0.0027133496
0.00184828
0.0004547181
0.0014188245
0.0007681433
0.00017702715
0.0004802412
0.0019233151
0.0027229479
0.0009080418
0.0026223864
0.0006712715
0.00065529055
0.0022635022
0.00032995577
0.00054864195
0.001079514
0.002350087
0.00088224583
0.005920597
0.0036416121
0.00037375675
0.0014549866
0.0008244019
0.0010696559
0.0007796955
0.0031671932
0.0009430481
0.00063267484
0.0005419161
0.0047035553
0.0022506572
0.0015047516
0.0030040443
0.0006177104
0.00034932996
0.0025041883
0.004554605
0.0019051079
0.004371213
0.00038722376
0.0002542181
0.00082764216
0.00034702584
0.00031097786
0.0038493907
0.0007374797
0.0003712969
0.000406356
0.0011333405
0.00093122653
0.0007360196
0.00011541651
0.0005164054
0.001984297
0.0016569139
0.0016298984
0.0010659498
0.0016109579
0.0032438827
0.00079837523
0.00027352295
0.0025996696
0.0048041265
0.0017586803
0.0007391169
0.0030043486
0.0009977763
0.001021405
0.00066165166
0.000438416
0.0007210539
0.0006058201
0.00039472882
0.0011262036
0.0018809908
0.0009513368
0.00067602994
0.0012543657
0.00046308525
0.0011403009
0.0011083643
0.0032916435
0.0023716192
0.0012055326
0.00061292056
0.00035892217
0.00024702362
0.0009584094
0.00022652121
0.00046294753
0.0005182691
0.0036732014
0.00056126754
0.00045619733
0.002886585
0.00024345116
0.0010054894
0.000577087
0.0020199055
0.00104705
0.0004932685
0.0006807874
0.0010600212
0.0005400092
0.0033795284
0.00029520012
0.0004986309
0.000860581
0.0004866202
0.0020559307
0.0011536899
0.0024310027
0.0015041463
0.0010589649
0.0005304297
0.004211227
0.00026150464
0.0020544326
0.0008150912
0.0015909878
0.0046595116
0.0006689538
0.00078175834
0.0007970192
0.00059743377
0.0022387558
