1194362129
1411592292
1445882650
1338299517
1242804468
2038535759
1278914337
1247867156
1126296867
1156531241
1902099785
1394103559
2091264043
1360836577
1918997813
2070500248
1138521266
1188826859
2140824351
1560881889
1703332679
1353451145
1322765133
1816883882
1222274856
1179302415
1471560604
1440130065
1170270138
1949379864
1274716467
1974578447
1098283033
2109664200
1846568637
1539704078
2136354675
1563396869
1353592527
1081052178
1826138565
1599161943
1694158384
2017256102
1947914888
1630026542
1237454226
1976022436
1508010046
1879081787
1361366609
1571527637
1361725942
2034464542
1132800115
1314070775
2102061880
1856042463
1381419156
1949805353
1452954266
1524182969
1472712174
1357604325
1794129421
1846602455
1139053040
2041736847
1746212745
1192705700
1511138755
1969159603
1991792067
1139771183
1232513961
1307747115
1353007036
1811237060
1390753793
1469060771
1264416037
1378478862
2079895556
1623496709
1444681958
1741197776
1464618035
1217875688
1756285824
2067852782
1728939037
2006118318
1472554688
1390423186
1232973834
1395077317
1089234783
1226559296
2111178985
1426204016
1707704427
1384451198
1907164040
1242598321
1454021644
1327338622
1211183599
1241822832
1179035701
1135655868
1363824964
1717173857
1275072578
1992229046
1518120756
1273217907
1695244564
1364512423
1612888044
1074067740
1202679788
1363387158
1276168682
1148390984
1981224140
1758886154
1257693612
1985970323
1434272806
1178886110
1298807848
1678818298
1944026480
1524533770
1233064798
1701379156
1224034720
1184094342
1834008800
1661780071
1585605846
1417393319
1549249457
1638166407
1222326236
1347190646
1279467699
1424983064
1196272737
1425270082
1775934078
1163252861
1843576115
2125002884
2050205360
1809636255
1354132605
2010805439
2052048854
1572870695
1754269279
1494355934
1847091794
1648783733
1990549550
1953417828
1098692270
1762384031
1802322864
1520732750
1903596568
1859709779
1082374475
1910912397
2051446833
1100674170
1371333821
1640174159
1087437120
1286809207
1944047676
1771910521
1233023538
1998105586
1695161869
1320189916
1288613947
1222997700
1696914485
1307068274
1404258880
1211744534
2145489929
1395578493
1534130420
1084886081
1617370456
1333957600
1770761492
2129483233
1730287665
1217311620
1762769086
2095508066
1341927139
1287313473
1297143019
1790305594
1354529543
1422221849
1338392745
1552840214
1131413830
1288442568
1286427895
1074671720
1102806697
1691686580
1539066346
1677139359
1657655633
1310707429
1336219210
1347595505
2090222188
1998256048
1354033632
1972341106
1969843014
1284709227
1727147597
1830532380
1925036175
2003387417
1480896808
1331047494
1469535355
1613780891
1840753509
2110477642
1466403208
2066723513
1806058599
1907453299
1458405100
1140422103
1970224370
1901521615
1405449474
1275360249
1505480008
1873830205
1810547469
1606279521
1136604304
1386147582
1785653335
1869486530
1228454061
2112676291
1353464602
1233329989
1088146057
2001710898
1843344917
1953868125
1654428640
1825840427
2103449941
1484109735
1327161568
1559916532
2046888324
1272205753
1302328924
1391542270
1534898528
1643502947
1263627386
2064976033
1499016114
1424664492
1447239678
1956088274
1738080341
1614335036
1141220612
1200365693
1943891556
1439000122
1137688360
1836227905
1491860801
1883008505
1972643336
2128523916
1518283056
1379113822
1966074723
2076454130
1596845171
1491193059
1871705896
1708647631
1275346082
1365371931
1097831387
1120496689
1393686775
1765483796
1601753524
1473279011
1597019919
1392164704
1254489433
1814854062
1145656384
1688502031
1501915409
1528115431
1668641598
1493879087
1409569654
1952582171
1480829172
1204442763
1532158444
1644529195
1310604191
1965591261
2036513991
1245712467
1759640117
1117657888
1541283731
1175861380
1119433729
1508799568
1619265151
1588268632
1510842140
1932504119
1701471340
1767717873
1074307338
1290423858
1860258927
1182335371
1564298856
1755056886
1671820707
1172163371
1215055302
1125871073
1168732669
1226524042
2112255537
1169560134
1923225193
1216562923
1192613364
1575626848
2045170353
1448224535
2113558431
1371001473
1690316799
2024309656
1806480257
1510567331
1170077937
1492646493
1585702469
1211493445
1317695437
1080900367
1719344737
1963053928
1779990148
1100121348
1207614278
1431188623
1377968763
1361283566
1799189933
1800728500
1970482814
1903531195
1123565008
1984971191
1117882941
1179147731
1782272232
1219217962
1549365231
2132060747
1339313448
1651459794
1486679937
1581865933
1575624576
1322566229
1915453844
1934924565
1966581950
1346720676
1415390440
1577406571
1986099676
2082078362
1472090724
1545546539
1920043429
1626340990
1338675824
1110050433
2035476993
1204208910
1377138764
1276525229
1703804216
2037444182
1980660420
1114135425
1570477364
2016759648
1570514577
1996753606
1676069370
1185909328
1209914489
1342373606
1088728602
1172473748
1813498557
1516991792
1431862328
1164164706
1843618420
1692066108
1593738738
1416775716
1304693572
1447983979
1883744405
1087937034
1945411468
1341938020
1613851052
1465996957
2096738397
1914026090
1698469547
1088224831
1085297055
1434277986
1239897513
2070455766
1294753589
1299945212
1628884608
2125567100
1345400251
1462240591
1390436504
1600856150
1766826627
1219105954
1185423211
1671047333
1593964896
1484258673
1489151532
1814377781
1315358470
2110871446
1264446591
1696799016
1573761801
1899171852
1158649109
1678087220
1171170754
1103760025
1951250560
1220308843
1403849896
1547690043
1545904827
2085431610
1256034920
1781049735
1077254596
1451700476
1104529091
1703681043
2002703484
1713389027
1095760220
1722200508
1156761308
1581639261
1271023124
1362903348
1700197442
1282767978
1262783929
1577308991
2138613342
2142510638
1866941693
1166841316
2102868637
1518461678
1421653080
1684647476
1915221166
1653092111
1579632639
1371378912
1082809234
1624576361
1276319100
1274146958
1228307995
1540263098
1190686822
1685252021
1440566435
1483143854
1778103609
1712891811
1817673621
1682515071
1558871264
1238397617
1710216838
1886793857
1869055819
1311154941
1170550083
1201164464
1315298407
1422305154
1529527343
1074992185
1464526723
1441225037
1124237973
1217311620
1122171899
1522120289
1523982585
1078794860
1439015247
2077907563
2127589112
2076937679
1793537497
2091583786
1738915823
1710755141
1862144935
1398135081
1172829882
1442757205
1184618699
1152891781
1306467297
1695132359
1235618949
1254798800
1494491293
2005257286
1717598388
1863484511
1783359456
1192324170
1190161494
1957827660
1107198144
1984250654
1804472635
1509555577
1731815002
1227302299
1611484053
1311602235
1099895373
1971283130
1525076164
1168717644
1176822176
1287941696
1796056307
1475757169
1166403745
1463246374
1636742308
1572302970
1312893499
1291487145
1689259258
1276479181
1285182200
1265221619
1733857139
2059907381
1903329463
1393530394
1171312272
1190282034
1581221606
1618666960
2097099122
1389555495
1142687016
1920141445
1251089519
1784746038
1490446017
1507626863
2142670979
1987850465
1467744611
1807086805
1756475501
1304104368
1879206439
1910462448
1942646384
1137600633
1565878248
1518835025
1435913915
1467308155
1642649184
1455272366
1778932477
1445913421
1143625629
1543232466
1593444743
1829072069
1600518145
1659307832
1563410100
1078874769
1679863949
1711554325
1338923191
1871268220
1580406144
1363801940
1542338487
1629063665
1828304919
1926260282
1191844582
1678189849
1681192121
1668430725
1657673252
1627876335
1291712076
1260655406
1846035123
2120243165
1238888022
1263072718
1893561111
1773929155
