318
-4029
1677
-1461
3564
1081
2198
-380
3567
-2079
923
-717
-1458
-454
599
-365
-2528
-1521
1092
-1705
-2020
2422
2797
575
-172
199
363
-578
-1168
-50
-351
-1084
2321
1140
1557
944
1006
-63
511
2886
2108
3529
-483
-2970
-1787
-620
108
3370
253
-1953
872
-2777
-847
243
1260
-1570
711
-1859
-188
1273
4082
-443
3582
2198
-37
768
-868
-3318
3712
-157
-1545
-1806
-93
375
4318
593
-1174
-2395
498
174
2335
-357
689
-1277
85
-5391
-425
-202
-1149
2870
1284
1514
599
-2178
3587
2048
1210
747
812
-1342
2950
1013
-2408
1061
1933
986
-2067
-1350
358
-1498
-1632
-682
