0.00012884
0.00029472
0.00013418
0.00015119
0.00021246
0.00024849
0.00015940
0.00015823
0.00018644
0.00021570
0.00016165
0.00017624
0.00014733
0.00019003
0.00022737
0.00023677
0.00017010
0.00018439
0.00021196
0.00025585
0.00015170
0.00025068
0.00028898
0.00018703
0.00028825
0.00012084
0.00025183
0.00015491
0.00019022
0.00023516
0.00016774
0.00010898
0.00011928
0.00014083
0.00018463
0.00017369
0.00024276
0.00014044
0.00021272
0.00031841
0.00021004
0.00026830
0.00018209
0.00016056
0.00013567
0.00023888
0.00017277
0.00023596
