0.00013839612
0.00013931499
0.0001379621
9.9224606e-05
4.900984e-05
0.00017352506
0.00016496473
0.00016919723
0.00010364225
0.000101533995
0.0001971205
0.00013768634
0.00012883345
0.00015757378
0.00021212404
0.00023875025
0.00011166698
0.00014720036
0.000108225744
0.00021483054
0.00012801624
0.00010944738
0.00018257785
0.00020663343
0.00014925517
0.00010592848
0.00016297596
0.00013453067
0.00016111217
0.00020404843
0.00013959085
0.00018758344
0.00025989156
5.2487965e-05
9.722597e-05
0.00017260511
0.00014386832
0.00015504075
8.549443e-05
0.00020051362
0.00017900862
0.000182458
0.0001740013
0.00018060667
0.00017172079
0.00011658985
0.00015849035
0.00013678616
0.00017344378
0.00012366424
0.00015332428
0.0001548738
0.00010739422
0.00014606769
0.00010460102
7.0166614e-05
0.00013785688
0.00011990147
0.00019157585
0.00012491952
0.0001294071
0.0001474452
0.00016635541
0.00014794832
7.895818e-05
0.00015195606
0.00018048899
0.00012366836
0.0001609632
0.00011384016
0.00010536676
0.00022211939
0.00015263451
0.00015712083
0.00013894704
0.00013230443
0.00015175075
0.00012716597
0.00013986508
0.00015659786
0.00010100656
0.00020107237
0.00023471423
0.00016157284
0.000134671
0.00013572126
0.00018308591
0.000113213486
0.00015304793
0.00020750072
0.00020709107
0.00012733215
0.00013271146
3.98506e-05
0.00021161539
6.394521e-05
7.122164e-05
0.00010825573
0.00014176081
0.000105528234
0.00015057833
0.00021211327
0.00014848473
8.3492225e-05
0.0002785213
7.418658e-05
0.00027457302
0.00018762614
0.00015988608
0.00015535601
0.00013036831
0.00016780193
0.0001428619
0.00015236514
9.988453e-05
0.00017153219
9.8621495e-05
0.00019651403
0.00012738518
0.00016189212
0.0001888856
0.0002734188
0.00010748678
0.00021061508
0.00014873828
0.00013741119
7.52715e-05
0.00016366092
0.00014010386
0.00015049784
0.00013733785
0.0001694952
0.00017345023
0.0001832796
0.00016482854
5.843105e-05
0.00012535496
9.948666e-05
6.994424e-05
0.00011414422
0.00017760035
0.00015505833
8.175252e-05
0.00015645304
0.00016175288
0.00015494072
0.00011354423
7.854674e-05
0.00013180563
0.00013856601
9.489841e-05
0.00012875041
0.0001285154
9.93909e-05
0.00012894202
0.00014546775
0.00022490618
7.178125e-05
0.000115754534
0.00014381549
0.0001649857
9.2054346e-05
0.00015002165
0.00013039458
0.00018219036
0.00014148628
0.00019846001
0.00012738122
0.000115096605
0.000113809314
0.00016995393
0.00017619185
0.0001424802
0.00014221089
0.00012944081
0.0001222649
0.000228653
0.0001044298
0.00015622062
5.1286417e-05
0.00026742255
0.00014206053
0.000104797145
0.00015198812
0.0001062062
0.00010120736
7.8757206e-05
0.00021838669
0.00015623293
0.00016071659
7.468105e-05
0.00011475465
0.00022993283
0.00018936172
0.00019055398
0.00010132201
0.00010052079
0.000112061214
0.00012699544
0.00016708646
0.00021281758
0.0001688181
0.00015988863
0.00020478909
0.000222597
0.00011196883
0.0001418924
9.580979e-05
0.00015149661
5.928076e-05
0.00013501711
0.00010337209
0.0002270677
0.0001510432
8.96305e-05
0.00016950413
0.00016048054
0.00018045887
0.00025787528
0.00015227021
0.00014785216
0.0001713745
0.00019749877
0.00020169471
0.00015915773
0.00022204625
0.00016204648
6.1233586e-05
0.00012664509
0.00014239932
0.00015581683
0.00017763421
0.00020886856
0.00011081131
0.00014126605
0.00014185795
0.00014868096
0.00018212863
0.0001421666
0.00011631782
0.00013417716
0.0001655945
6.1204766e-05
0.0001899718
5.0325798e-05
0.00018221597
0.000121836325
0.00010890965
0.00015970509
0.00017045983
0.00017225616
0.00014289429
0.00010647717
0.00012529719
0.00021046455
0.00014031264
0.00014318815
0.00012134947
0.0001633722
0.00019405517
0.00015822492
0.00013491687
0.00017639002
0.00010841348
4.548675e-05
0.00017830126
0.00019580308
0.00015371587
8.2988794e-05
0.00019454831
0.00016430469
0.00013353724
7.189064e-05
0.00016274996
9.815698e-05
0.0002673891
0.00013103153
0.00011058197
0.0002465237
0.00014452428
2.3937697e-05
0.00024938534
5.027952e-05
0.00017275855
0.00017252417
0.00015151601
0.00017835596
9.830451e-05
0.00011063238
0.0001884766
0.00015838032
7.333783e-05
0.00013246523
0.0001441369
0.00017054281
0.00020801458
0.000107633954
0.00020080034
0.00021383067
0.00018954137
0.00014625739
0.00014430172
0.00014412813
0.00010176636
0.00012553183
0.00019640992
6.906434e-05
0.00018519744
0.000118536496
0.00014410735
0.0001984784
0.000105336934
9.575944e-05
0.00019814752
7.991924e-05
0.0001138821
0.0001170313
0.0001368825
0.00011841335
0.00022362781
0.00011692795
0.00013301642
0.00010459089
0.00017211695
0.00012493705
9.683734e-05
0.00015551416
0.00011413971
0.00011397895
0.0001720804
0.00014794835
0.00013561438
0.00019356493
0.0001570518
0.00012496012
0.00023432805
0.000112426205
0.00013595789
0.00017977065
0.00011949475
0.0001646841
0.00018103763
0.00020802571
0.0001375866
0.00013312235
0.00013562966
7.696875e-05
0.00033879385
0.00018862181
0.00018984574
0.00015679802
0.00012748975
9.778461e-05
0.00012109218
0.00021172996
0.00015089447
0.00011411317
0.00015059579
0.00015586852
0.00023907726
0.00018834783
0.0001871313
0.000121276935
0.00016187328
0.00013017989
9.5608746e-05
0.00018947976
0.00015051884
0.00019018016
4.4473403e-05
0.00011972159
0.00022538095
0.00015019064
0.00018821585
0.00018606463
9.316373e-05
0.0001071897
0.00020773454
0.00019831206
0.000142929
0.00011367957
0.00014223815
4.194601e-05
0.00014395064
0.00018141311
0.000105686944
0.0001569852
0.00014356048
0.00018062779
0.00021380346
0.00011754965
0.00014206929
0.00013623404
0.0001328607
0.00018401776
0.00012648858
0.00030542896
0.00016191976
9.452449e-05
0.00011738818
0.000265901
0.00011053123
0.00016636893
0.00012301661
0.00012335394
0.0001858021
0.00017149412
0.00012921623
5.4313914e-05
0.000122032245
8.7947774e-05
0.00019068687
0.00014465104
0.00019644239
0.00021400274
0.00016204022
0.00013658864
7.287267e-05
0.00014851043
0.00015969641
0.00012495324
0.00013437938
0.0002966721
0.00010621322
9.497426e-05
9.649776e-05
4.1110776e-05
0.0001962607
8.437332e-05
0.00016750162
0.00012028685
0.00012863158
9.40761e-05
0.00015337937
0.00011244167
0.00017810019
0.00016863074
0.00021717501
0.0001011672
0.00014108846
0.00020233444
0.00011705523
0.00013365824
0.0001240353
0.00013379724
0.00011080099
0.00015155754
0.00011063463
0.00013684918
0.00015739736
0.00015617652
0.00021797961
0.00021900819
0.00014834978
8.628889e-05
7.892424e-05
0.00020567104
0.00016875114
0.00013628133
0.00018475
8.83492e-05
0.00014300931
0.00019094345
0.00016932996
0.00012083453
5.2399606e-05
0.00019320141
0.00013592471
0.000107387445
0.00015360182
0.00019792921
0.00015651077
0.0001439109
0.00021634772
8.736137e-05
0.00014835225
0.000112098845
0.00018972339
0.00017406151
0.00010408907
0.00014706509
0.00017782731
0.00015501985
0.00017428843
6.7656525e-05
0.00013730954
0.0001469989
0.00010720343
0.00010524025
0.00020119036
0.00016054916
6.533888e-05
0.00020698001
0.0001807178
0.00016698336
0.00018115819
0.00016530638
0.0001136333
0.00018576202
0.00014656293
0.00014792534
0.0001599322
0.00011358583
0.00018401213
0.00014929929
9.709734e-05
0.00018152002
0.00010066399
0.00015513283
0.00024379477
0.00017054302
5.3377295e-05
0.00013972165
0.000110760666
0.00013188798
0.00015291787
0.00016293282
0.00012797271
0.00014107366
0.00014123444
0.00019880045
0.000117125914
0.00013571324
0.00020358316
0.00010931376
0.000108951695
0.00014721222
9.827468e-05
0.00013861265
0.00018547676
9.401186e-05
0.00012422318
0.00012396547
5.7489073e-05
0.00015278195
0.00015346051
0.00011293847
0.00019677551
0.00017221614
0.00010855336
0.00012902531
0.00013705165
0.000148503
0.00014331598
0.000109419845
0.0001681087
0.00012678734
0.00014582471
0.00025313027
0.0001237064
0.00019655192
0.00010604036
0.00017930182
0.0001580821
0.00020151779
0.00014263345
4.4743356e-05
0.00014814945
0.00016833127
0.00010923434
0.00012197715
0.00019960047
0.00017151321
0.00019040074
0.00017522176
0.00015651569
0.00015304826
0.00015605718
0.00012345292
0.00021562331
0.00015922477
0.00016785268
6.761136e-05
0.000121029014
0.0001657549
0.000105535306
0.00015326597
8.479067e-05
0.00013446751
0.00011747601
0.00016881719
0.000222966
0.0001603017
9.958199e-05
9.109816e-05
0.00018395598
0.00015450962
0.00014681638
0.00021666671
7.400818e-05
0.0001749254
0.00011195704
0.00013947194
0.00012542831
0.00014254544
0.00015042697
0.00027160128
6.861921e-05
0.00016186676
0.00011643583
0.0001418433
0.00015177188
0.00011864726
0.0001701201
5.1912833e-05
7.857741e-05
0.00012961571
0.00012187922
0.00017826118
0.00014927237
0.00014505822
0.00011916454
0.00014160704
0.00017075599
0.00016391162
0.00015481134
0.00018533625
0.000121657635
0.00014995546
0.00018176972
0.00013738555
0.00015049419
0.00012131637
0.0002417231
0.00017075508
9.81444e-05
0.00027030398
0.00017124353
5.9002472e-05
0.00010292405
0.00025843523
0.000107411804
0.00020300396
0.00015021014
0.00016421573
0.00017501757
0.00011165956
0.00012213872
0.00014776965
0.00022899325
0.00016451976
4.3038533e-05
0.00014693568
0.00010161359
0.00017475872
0.00021225313
8.597904e-05
0.0001899061
0.0001677802
0.00017614417
0.00019543833
0.000104317034
0.00010975522
6.802211e-05
0.00017497067
0.00028164714
0.00018833698
0.0001058869
9.657098e-05
7.9217956e-05
0.00021053894
0.00013400202
0.00015827104
0.00015627744
0.000121771285
0.000117834345
0.00010542557
5.7211757e-05
0.0001238615
0.00026569213
0.00022398232
0.0001659003
0.00016871297
0.00018659509
0.00011100674
0.00012513832
0.00024872614
0.000105803636
0.00015008688
0.00015525924
0.00014396891
0.00017353706
0.00021930174
0.000109381646
0.00016485743
0.00017692146
0.00014292606
8.939092e-05
0.0001850114
0.00017995277
0.0001950768
0.00014597864
0.00013691821
0.00024857552
0.00015711645
8.6660366e-05
0.00012421879
0.00017262484
0.00017402836
0.0002062957
0.00016112151
5.1267325e-05
0.00015233037
0.00016920638
0.00019877417
0.0001986331
0.00023639458
6.272497e-05
0.00016415112
0.00013347527
6.1667626e-05
8.611407e-05
0.00016082471
6.455602e-05
0.00021706017
0.00022596453
0.00013924344
9.996329e-05
0.00015115144
0.00021707833
0.000111861445
0.00020234857
0.00019073373
0.00017075455
0.00018643921
0.00016483507
9.4137795e-05
0.00013330307
0.0002939983
0.00012529772
0.00018396348
0.00015258059
7.066212e-05
3.603498e-05
0.00011981373
0.00013885062
0.000110089124
0.00023458397
0.00013384646
0.00013580645
0.00016970128
0.00015465844
0.00026853685
0.00017040569
8.3968494e-05
0.00010674231
0.00014056987
0.00015212921
0.00017911418
0.00013336129
0.000121990764
0.00012706808
9.8767436e-05
8.7869324e-05
0.00014372692
0.00015530907
0.0002810272
0.000195261
9.895744e-05
0.00018289601
0.00019195778
0.0001643249
0.000114213246
0.00016246698
0.00016012946
0.00020059526
0.00031240098
9.338803e-05
0.00016576609
7.177753e-05
0.00014095992
0.00018700854
0.00016999368
0.00018425802
8.031382e-05
0.00019217921
0.00012338777
0.000106628
0.00015161218
0.00019071906
0.00013831594
0.00012123214
0.00011564849
0.00016865355
0.00014646287
0.00011260391
4.7257356e-05
0.00012808894
0.0001330063
0.00015191891
0.0001270537
6.476733e-05
0.00016765077
0.00019086691
0.00018228064
0.00014389158
0.00012461771
4.7538735e-05
0.00012423896
8.221129e-05
0.00012353658
9.3896786e-05
0.00014222425
9.293377e-05
0.00015972559
6.786016e-05
0.00017226627
0.0001488757
0.00012602795
0.00010593732
0.00020973699
0.00025786963
0.0001605476
0.0001975034
0.00012226166
0.00020618708
0.00015841649
0.00011685459
0.000121252
0.00016442827
0.00021194507
8.47555e-05
0.00014767857
0.0001778143
0.00018618809
9.438178e-05
0.00021042753
5.0844297e-05
0.00014969445
0.00014374108
0.00016612692
0.0001178354
0.00017049203
0.00014327114
0.00038150212
0.00018567628
0.00018737852
0.00011605708
8.464775e-05
0.00013900363
0.0001856084
9.456197e-05
0.00013437064
0.00016323275
6.747299e-05
0.00017961538
0.00019377888
0.000106247084
0.00024394921
0.00021317495
0.00014020818
3.8788487e-05
8.50352e-05
0.00034172085
0.00021676606
0.00021139743
0.00012016115
0.00023148367
0.00014205433
0.00013655561
0.0001533176
0.00017854419
0.00018208979
0.00019152641
0.00016606253
0.00011860071
5.3190175e-05
9.010886e-05
8.607225e-05
0.00016046512
0.00015996849
4.6810776e-05
0.000110036184
0.00015443847
9.9843994e-05
0.00013871395
0.00026142417
0.00016938336
0.0002208818
0.00022373129
0.00012051851
0.00017017339
5.076312e-05
4.6329893e-05
0.0001478899
0.00012957028
0.00010857771
6.646898e-05
0.00016298577
0.00017899048
0.00026748024
0.00013746037
0.00017028782
0.0001201346
0.00013766378
0.00015150452
4.4803164e-05
9.055629e-05
0.00013992228
5.608772e-05
0.00013749591
9.440736e-05
0.00011603505
0.0002652684
9.131991e-05
0.000106453874
6.5359716e-05
0.00017968916
0.00018038189
0.00021871635
0.00017888266
0.00011404302
0.00010449768
0.00017647569
0.000117565505
0.00015671432
0.00020759109
0.00017835596
0.00015457296
0.00013110794
0.00016627563
0.00010922233
0.00019339909
0.00010159279
0.00011279254
0.00024072872
0.00019521137
0.00015759504
0.00018473585
0.00015023358
0.000135086
9.492214e-05
0.00015733684
0.00026072699
0.0001697146
0.00021504797
0.00014796475
0.00011312207
0.00012692934
0.00013057693
0.00017392871
0.00011155805
9.0766574e-05
0.00015970645
0.00018203889
7.5551965e-05
5.2885276e-05
0.0001737533
6.904582e-05
0.00015466487
0.0001435658
0.00019473715
0.0003044049
0.00021101398
0.0001621832
4.508945e-05
0.000120220175
9.817002e-05
0.00015033747
0.00014533849
9.864637e-05
5.5792436e-05
0.0002205417
0.000158591
0.00017785047
0.000112534806
0.00014044018
0.00010457611
0.00013652594
0.00022121072
0.00022685209
0.0001570341
9.395749e-05
0.00016346345
0.00025250568
9.58809e-05
0.00017784684
0.00022597355
0.00018089122
0.00023752803
0.00019464073
0.00011963006
0.00013985616
0.00010804613
0.00011608689
0.00012662471
0.000112975365
0.0002134949
0.00013323691
0.00021198936
9.9210294e-05
0.00021883812
0.00017359213
0.00021243964
0.000106132444
0.00012454533
0.00018583443
0.00017139982
0.00015927035
8.3355386e-05
0.00012518348
0.00021565854
0.000112111426
0.00025421198
0.00018149553
0.00018738056
0.00015378925
0.00024886604
5.211921e-05
0.000118805096
0.00017545791
0.00019043741
0.00013427633
0.000102714155
0.00017266635
9.609757e-05
0.00017475769
0.00013489473
7.115697e-05
0.00015357313
0.00012468583
0.00018481918
0.0001916713
0.00014667065
9.018565e-05
0.00020135139
0.00021122309
0.00018622853
0.0001581207
0.00017578425
0.0001380287
0.00012818929
0.00018667482
0.00015067875
0.00016767715
0.0001750029
0.00011142385
9.7331795e-05
0.0001551312
0.000106399035
0.00012667236
0.00015996114
0.00026884014
0.00016716834
0.00018781309
8.481043e-05
0.0002113397
0.00012225485
0.0002211507
0.0001308749
0.000118326105
0.00023728143
0.0001408638
0.00017151407
0.00018805607
0.00020501795
8.412628e-05
0.0002695796
0.00014843058
0.00015019679
0.00017235435
0.00017941736
0.00014505457
6.9438865e-05
0.00012141436
0.00011653122
0.00013140928
0.00012267423
0.00016166801
0.00018377267
0.00012585263
0.00020166805
0.00018693725
0.00015909693
0.00012295156
0.00016321105
0.00025408072
0.00015812411
0.000120262455
0.00015288847
3.5016674e-05
6.5881606e-05
0.00011837207
0.00019295292
0.0001593653
0.00010384941
0.00017534918
0.00015370111
0.00014590124
0.0001455844
0.00011121819
9.086048e-05
0.0001599045
0.00015138053
0.00016800554
7.3176154e-05
0.00020864428
0.00010238667
0.00022342587
0.00011518674
0.0001584978
0.00017140261
0.00019810122
7.330272e-05
6.2701445e-05
0.00015392994
0.00012249721
0.00014117426
0.00025625777
0.00018708984
0.00015847798
9.6759846e-05
9.595384e-05
0.00020089811
0.0001369664
0.00012542488
0.00011480604
0.00021723345
0.000109872504
0.00014087607
0.00016392482
7.441745e-05
0.00014028426
0.00018469767
0.00022978899
0.000118139054
6.0068684e-05
0.00017608592
0.00012698439
0.00019475224
0.00010142739
0.00017924215
0.0001284647
0.00014880793
9.033327e-05
0.00012899746
0.0001875176
0.00014032412
0.00016970612
0.0001827745
0.00016404664
0.00015844475
0.00015673562
0.0001697486
0.00014450232
9.9228906e-05
0.00021665724
9.2863185e-05
0.00015008668
0.00017905128
0.00010399336
0.00011227672
