0.00119451
0.00097831
0.00064757
0.00477901
0.00177419
0.00045767
0.00041799
0.00277463
0.01491010
0.01045404
0.01087483
0.00107227
0.00262916
0.01254345
0.01186646
0.00189242
0.00095457
0.00067682
0.00033436
0.00040657
0.00112446
0.01485655
0.00055392
0.00323203
0.00261149
0.00695296
0.00086352
0.00180732
0.00070406
0.00098937
0.01439677
0.00454780
0.00087843
0.00087046
0.00074626
0.00040276
0.00197310
0.00238096
0.01386495
0.00417085
0.00098226
0.00091620
0.00025000
0.00062149
0.00064208
0.00178265
0.00885254
0.00143166
0.00172987
0.00333191
0.00049127
0.00144190
0.00019527
0.00093844
0.00589327
0.00542787
0.00085116
0.00033674
0.00158966
0.00064523
0.00349652
0.00515734
0.00069992
0.01310933
0.00947018
0.00064280
0.00370524
0.00162496
0.00105488
0.00172812
0.00061511
0.00069862
0.01455998
0.00724668
0.00274124
0.00060345
0.00508378
0.00728386
0.00514935
0.00202818
0.00068556
0.00384411
0.00065407
0.00036893
0.00232908
0.00065985
0.00372310
0.00153895
0.00366006
0.00028380
0.00089394
0.00312142
0.00078204
0.00060658
0.00503582
0.00081769
0.00078203
0.00701082
0.00236971
0.00505050
0.00092092
0.00051891
0.00043289
0.00707508
0.00311179
0.00038938
0.00647817
0.00150319
0.00028093
0.00045509
0.00067558
0.00235016
0.00078216
0.00324699
0.00138117
0.00140284
0.00061279
0.00064697
0.00360110
0.00089654
0.00059388
0.00715677
0.00138094
0.00054596
0.01105847
0.01270167
0.00151518
0.00162549
0.01249483
0.00868279
0.00038006
0.00040094
0.00110453
0.00057639
0.00322554
0.00087664
0.00433184
0.00068112
0.00406418
0.01239891
0.00675682
0.00739382
0.00124740
0.00073806
0.01012972
0.00017213
0.00068089
0.00666389
0.00030651
0.00228925
0.00017470
0.00093039
0.00444682
0.00051269
0.00272395
0.00073514
0.00635397
0.00210166
0.00356180
0.00161300
0.00894648
0.00430415
0.01300433
0.00095498
0.00086206
0.00093743
0.00089907
0.00054653
0.00015851
0.01160453
0.00034795
0.00061234
0.00059332
0.00069735
0.00490205
0.00035242
0.01447689
0.00036340
0.00044415
0.00133763
0.01101428
0.00124565
0.00741069
0.00986979
0.00506920
0.00695070
0.00505919
0.00084861
0.00211925
0.00945148
0.00167229
0.00370398
0.00177683
0.00728535
0.01370634
0.00016826
0.00065514
0.00045060
0.01334971
0.00154582
0.00128754
0.00705637
0.00087385
0.00769371
0.00055539
0.00484346
0.00126343
0.00057663
0.00102549
0.00061650
0.00791384
0.00041892
0.00373446
0.00026174
0.00052667
0.00123930
0.01397753
0.00242709
0.00091400
0.00352377
0.01481660
0.00222930
0.00068350
0.00751964
0.00226448
0.00519792
0.00739621
0.00471383
0.00128137
0.01132440
0.00061520
0.00019139
0.00062472
0.00114309
0.00579213
0.00133546
0.00046654
0.00114088
0.00068643
0.00207119
0.00478029
0.00070305
0.00372181
0.00041584
0.00082154
0.00069205
0.01479875
0.00075420
0.00800283
0.00437079
0.00068536
0.00083354
0.00630815
0.00893075
0.01079074
0.00104543
0.00238882
0.00275516
0.00044237
0.01168221
0.00068392
0.01048535
0.00071431
0.01052983
0.01198635
0.00741698
0.00492861
0.00749742
0.00086166
0.00126835
0.00154683
0.01175127
0.00905378
0.01370983
0.00016417
0.00701824
0.00348568
0.00404926
0.00042195
0.00145559
0.00057774
0.00733019
0.00564793
0.00151327
0.00467672
0.00228516
0.00166221
0.00621042
0.00054868
0.00956995
0.00824930
0.00747153
0.00236185
0.00572248
0.00038434
0.00117631
0.00221807
0.00119292
0.00506542
0.00492452
0.00064545
0.00121094
0.00511083
0.00353986
0.00035755
0.00113283
0.00638181
0.00067671
0.00054429
0.00692200
0.00113343
0.00056769
0.00725198
0.00058857
0.00074344
0.00013883
0.01459282
0.00060667
0.00085078
0.00440085
0.00074282
0.00045254
0.00936894
0.00418453
0.01130591
0.01461866
0.00282471
0.00059141
0.00154062
0.00302370
0.00040590
0.01054240
0.00666658
0.00087423
0.00387973
0.00069845
0.00082475
0.00384244
0.01096706
0.00034814
0.00574164
0.00417899
0.00076902
0.00253639
0.00250069
0.00457742
0.00044844
0.00873330
0.00512535
0.00127459
0.00347498
0.00464017
0.00126995
0.01166577
0.00070526
0.00152556
0.00651496
0.00068834
0.00503089
0.00375182
0.00662454
0.00624942
0.00225126
0.00568656
0.00142620
0.00941355
0.00059561
0.00013547
0.00069948
0.01636652
0.00174667
0.00017745
0.00073024
0.01109879
0.00018870
0.01156238
0.00705220
0.00072130
0.00153239
0.00501104
0.00079439
0.00042472
0.00020331
0.00027944
0.00809307
0.00051098
0.00042777
0.00093217
0.00019843
0.00052605
0.00049370
0.00162159
0.00087313
0.00094144
0.01353206
0.00673214
0.00343731
0.00254832
0.00159617
0.00638077
0.01404982
0.00218277
0.00551109
0.00061499
0.00670904
0.00695167
0.02082499
0.00432250
0.00139850
0.00066621
0.00345519
0.00797275
0.00474932
0.00159771
0.00066677
0.01012658
0.00663488
0.00131625
0.00440710
0.00148357
0.00024664
0.00029177
0.00409191
0.00065407
0.01187141
0.00034495
0.00044409
0.00031124
0.00050796
0.00326879
0.00116385
0.00516335
0.00019440
0.00125853
0.00538525
0.00256803
0.00674235
0.00012438
0.00560491
0.00101426
0.00096457
0.00501534
0.00015059
0.00034077
0.00054447
0.00940599
0.00295060
0.00025964
0.00052292
0.01324682
0.00085090
0.00901263
0.00071476
0.00138291
0.00178118
0.00286743
0.00208932
0.00338844
0.00052214
0.00169265
0.00053844
0.00773555
0.00322475
0.00681117
0.00111850
0.00138195
0.00166393
0.00847346
0.00071004
0.00179417
0.00038030
0.00191059
0.00188223
0.00394377
0.00576052
0.00778904
0.00071996
0.00103319
0.00023178
0.00109442
0.00068511
0.01616309
0.00917730
0.00148015
0.00266256
0.00197956
0.00135446
0.01196678
0.00078241
0.00157076
0.00061404
0.00041744
0.00025771
0.00188581
0.00316911
0.00088663
0.00108575
0.00110985
0.00138161
0.00235184
0.00071042
0.01397585
0.00652844
0.01345513
0.00492086
0.00048820
0.00049923
0.00275537
0.00091268
0.00480174
0.00076391
0.00254958
0.00485739
0.00110880
0.00084197
0.00054361
0.00263895
0.00034730
0.00347270
0.00234438
0.00505997
0.00247323
0.00172715
0.00208741
0.00398907
0.00325715
0.00172680
0.00201985
0.00080315
0.00044952
0.00093904
0.00070271
0.01507895
0.00076127
0.00717612
0.00113479
0.00251716
0.00089003
0.00693973
0.00060159
0.00770243
0.00058452
0.00089389
0.00069244
0.00906684
0.00367141
0.00197585
0.00267192
0.00051364
0.00075968
0.00120750
0.00044678
0.00262081
0.00345745
0.00166228
0.00206099
0.00083579
0.01277890
0.00068727
0.00052812
0.00449418
0.00182641
0.00282468
0.00065966
0.00952227
0.00621031
0.00256859
0.00069902
0.00100801
0.00459283
0.00244512
0.00509849
0.01054668
0.01068529
0.00369921
0.00049609
