0.01437732
0.01177511
0.00779420
0.05752094
0.02135444
0.00550854
0.00503103
0.03339586
0.17946027
0.12582639
0.13089117
0.01290597
0.03164493
0.15097483
0.14282648
0.02277751
0.01148931
0.00814628
0.00402445
0.00489350
0.01353423
0.17881575
0.00666703
0.03890126
0.03143227
0.08368685
0.01039347
0.02175322
0.00847423
0.01190826
0.17328174
0.05473801
0.01057291
0.01047705
0.00898210
0.00484765
0.02374850
0.02865764
0.16688064
0.05020097
0.01182260
0.01102758
0.00300901
0.00748034
0.00772818
0.02145620
0.10655052
0.01723169
0.02082098
0.04010337
0.00591299
0.01735491
0.00235031
0.01129527
0.07093232
0.06533070
0.01024463
0.00405309
0.01913335
0.00776613
0.04208471
0.06207459
0.00842439
0.15778595
0.11398454
0.00773678
0.04459683
0.01955823
0.01269669
0.02079993
0.00740356
0.00840875
0.17524612
0.08722217
0.03299396
0.00726323
0.06118921
0.08766960
0.06197841
0.02441150
0.00825155
0.04626824
0.00787253
0.00444048
0.02803314
0.00794202
0.04481175
0.01852298
0.04405303
0.00341584
0.01075960
0.03756989
0.00941279
0.00730088
0.06061194
0.00984179
0.00941264
0.08438334
0.02852222
0.06078858
0.01108429
0.00624573
0.00521028
0.08515669
0.03745402
0.00468658
0.07797229
0.01809260
0.00338128
0.00547753
0.00813137
0.02828690
0.00941423
0.03908126
0.01662394
0.01688479
0.00737568
0.00778702
0.04334337
0.01079094
0.00714799
0.08614001
0.01662126
0.00657129
0.13310139
0.15287918
0.01823694
0.01956469
0.15038966
0.10450744
0.00457447
0.00482580
0.01329424
0.00693748
0.03882303
0.01055143
0.05213863
0.00819808
0.04891704
0.14923517
0.08132608
0.08899309
0.01501384
0.00888337
0.12192282
0.00207179
0.00819525
0.08020764
0.00368923
0.02755376
0.00210267
0.01119832
0.05352259
0.00617082
0.03278592
0.00884823
0.07647736
0.02529592
0.04287041
0.01941434
0.10768121
0.05180540
0.15652215
0.01149428
0.01037588
0.01128306
0.01082129
0.00657807
0.00190780
0.13967387
0.00418800
0.00737023
0.00714132
0.00839343
0.05900187
0.00424174
0.17424600
0.00437399
0.00534583
0.01609992
0.13256957
0.01499289
0.08919614
0.11879435
0.06101372
0.08365971
0.06089323
0.01021397
0.02550756
0.11375950
0.02012794
0.04458169
0.02138616
0.08768754
0.16497158
0.00202523
0.00788540
0.00542345
0.16067918
0.01860574
0.01549697
0.08493158
0.01051774
0.09260269
0.00668482
0.05829661
0.01520684
0.00694038
0.01234297
0.00742026
0.09525222
0.00504214
0.04494859
0.00315030
0.00633910
0.01491636
0.16823573
0.02921285
0.01100101
0.04241262
0.17833482
0.02683217
0.00822673
0.09050757
0.02725567
0.06256293
0.08902188
0.05673644
0.01542271
0.13630217
0.00740468
0.00230359
0.00751921
0.01375840
0.06971500
0.01607385
0.00561540
0.01373176
0.00826200
0.02492916
0.05753630
0.00846199
0.04479628
0.00500516
0.00988813
0.00832966
0.17812000
0.00907765
0.09632334
0.05260750
0.00824912
0.01003263
0.07592584
0.10749193
0.12987901
0.01258297
0.02875220
0.03316148
0.00532439
0.14060883
0.00823177
0.12620324
0.00859751
0.12673865
0.14426948
0.08927192
0.05932150
0.09024009
0.01037109
0.01526604
0.01861788
0.14144012
0.10897272
0.16501364
0.00197600
0.08447266
0.04195416
0.04873754
0.00507869
0.01751973
0.00695373
0.08822724
0.06797940
0.01821390
0.05628974
0.02750454
0.02000667
0.07474958
0.00660402
0.11518535
0.09928980
0.08992849
0.02842757
0.06887664
0.00462601
0.01415821
0.02669708
0.01435817
0.06096816
0.05927229
0.00776872
0.01457503
0.06151468
0.04260633
0.00430358
0.01363488
0.07681244
0.00814493
0.00655115
0.08331430
0.01364211
0.00683277
0.08728593
0.00708411
0.00894817
0.00167097
0.17564139
0.00730197
0.01024014
0.05296933
0.00894064
0.00544684
0.11276595
0.05036559
0.13607970
0.17595243
0.03399862
0.00711825
0.01854314
0.03639369
0.00488551
0.12688993
0.08023999
0.01052242
0.04669705
0.00840667
0.00992683
0.04624824
0.13200122
0.00419029
0.06910726
0.05029898
0.00925600
0.03052833
0.03009875
0.05509453
0.00539744
0.10511534
0.06168952
0.01534111
0.04182538
0.05584981
0.01528529
0.14041100
0.00848867
0.01836192
0.07841508
0.00828493
0.06055260
0.04515748
0.07973403
0.07521893
0.02709645
0.06844426
0.01716597
0.11330295
0.00716887
0.00163055
0.00841908
0.19698997
0.02102322
0.00213586
0.00878928
0.13358672
0.00227124
0.13916659
0.08488139
0.00868169
0.01844403
0.06031362
0.00956143
0.00511200
0.00244707
0.00336341
0.09740946
0.00615020
0.00514866
0.01121974
0.00238828
0.00633164
0.00594222
0.01951770
0.01050910
0.01133133
0.16287400
0.08102910
0.04137199
0.03067201
0.01921172
0.07679997
0.16910578
0.02627220
0.06633232
0.00740217
0.08075101
0.08367133
0.25065279
0.05202631
0.01683254
0.00801855
0.04158720
0.09596126
0.05716355
0.01923025
0.00802529
0.12188511
0.07985840
0.01584258
0.05304451
0.01785648
0.00296865
0.00351176
0.04925082
0.00787253
0.14288612
0.00415185
0.00534514
0.00374607
0.00611393
0.03934366
0.01400826
0.06214684
0.00233980
0.01514790
0.06481768
0.03090915
0.08115190
0.00149708
0.06746159
0.01220777
0.01160976
0.06036534
0.00181248
0.00410160
0.00655331
0.11321188
0.03551387
0.00312512
0.00629389
0.15944079
0.01024151
0.10847745
0.00860295
0.01664486
0.02143856
0.03451278
0.02514732
0.04078374
0.00628454
0.02037297
0.00648069
0.09310626
0.03881355
0.08198027
0.01346247
0.01663336
0.02002731
0.10198784
0.00854619
0.02159492
0.00457740
0.02299613
0.02265476
0.04746778
0.06933447
0.09375006
0.00866559
0.01243565
0.00278978
0.01317258
0.00824615
0.19454147
0.11045934
0.01781531
0.03204696
0.02382623
0.01630254
0.14403395
0.00941715
0.01890595
0.00739066
0.00502434
0.00310184
0.02269795
0.03814394
0.01067165
0.01306827
0.01335836
0.01662922
0.02830707
0.00855077
0.16821544
0.07857725
0.16194806
0.05922822
0.00587601
0.00600878
0.03316401
0.01098521
0.05779446
0.00919449
0.03068719
0.05846431
0.01334565
0.01013404
0.00654303
0.03176284
0.00418014
0.04179797
0.02821727
0.06090262
0.02976822
0.02078826
0.02512440
0.04801304
0.03920350
0.02078398
0.02431117
0.00966679
0.00541045
0.01130239
0.00845798
0.18149257
0.00916271
0.08637290
0.01365852
0.03029693
0.01071254
0.08352763
0.00724087
0.09270760
0.00703534
0.01075899
0.00833426
0.10912993
0.04418968
0.02378159
0.03215967
0.00618219
0.00914362
0.01453360
0.00537757
0.03154441
0.04161439
0.02000746
0.02480641
0.01005968
0.15380879
0.00827203
0.00635650
0.05409263
0.02198291
0.03399830
0.00793975
0.11461148
0.07474821
0.03091592
0.00841346
0.01213257
0.05527996
0.02942984
0.06136617
0.12694149
0.12860978
0.04452423
0.00597100
