-75
-59
-115
-115
-111
-120
-36
-121
-118
-117
-112
-118
-116
-116
-122
-85
-126
-92
-112
-119
-121
-125
-119
17
-120
-114
-120
18
-71
-23
-119
-11
-116
-75
-122
-103
-51
-112
-123
-104
-126
-94
-104
-117
-103
-122
-124
-125
-123
-121
-126
-113
-62
-121
-113
-114
-123
-125
-122
-121
-125
-119
-38
-109
-104
-99
-124
-101
-111
-125
-119
-124
-125
-123
-121
-103
-102
-114
10
-112
-123
-126
-125
-124
-103
-115
-45
-126
-125
-119
-124
-124
8
-106
-71
-122
-126
-125
-126
-124
-124
-121
-107
-121
-118
-111
-116
-113
-117
42
-122
-105
-108
-2
-109
-122
-99
-126
-117
-59
-115
-75
-121
-108
-119
-119
-96
-124
-113
-112
33
-111
-124
-107
-121
-48
-108
-49
-36
-22
-124
-123
-125
-91
-125
-105
-120
-124
-104
-24
-120
-118
-124
-56
-103
-119
-122
-123
-121
-121
-125
-124
-116
-124
-126
-118
-125
-119
-120
-114
-123
-94
-115
-108
-60
-123
-78
-105
-121
-124
-120
-59
-60
-67
-119
-119
-125
-46
-66
-42
-105
-117
