1903601489
1857142915
2016296461
1842411051
1565454352
1096152666
1329367193
1841731317
1243297967
1507980997
1240073993
1168150258
1367765896
1173265396
2012595990
1451929395
2073052731
1567819085
1905655189
1184886216
1663692345
2041034946
1700610977
1791966589
1651757892
1512735917
1617874431
1948194334
1415868770
1123896870
1511334774
1445438048
1347012713
1947316941
1712113339
1822403008
1131433369
2007123529
1288041180
1395454869
1501576380
2018702999
2089424733
2002235815
1755606959
1696737500
1201024033
2079572034
1782104171
1961325607
1992661804
1689841888
1150672087
1532151542
1484171124
1291648874
1352130516
1134174346
1730197972
1183802087
2142483132
1703317950
1429399997
1771493297
2052172346
1344935737
1589346729
1278235000
1559459428
1895577441
1950723998
1607214796
1130737381
1207722030
1197251850
1123383705
1254456269
1512266312
1120073195
1085669808
1645083300
1721261630
1548718915
1420478283
1091901972
2005357586
1573149163
1510971729
1240161048
1583082903
1592297184
1326627257
1640029017
2036334346
1768134351
1898493373
1231262870
1398906819
1418471556
1575689697
1528607562
1832465348
1505152997
1812478630
1396292167
1097842818
1847380164
1554214781
1737270457
1355716918
1646057618
1706565980
1646262676
1464083860
1248751444
1557377901
1524670891
1836494927
1597991705
1348571258
1146570212
1838294223
1391586366
1795068985
1626069859
1117533571
1168456740
1258301919
1235383210
1940312786
1663129574
1364792392
1181293280
1337374337
1159167366
2078674206
1440852817
1211825531
2055036624
1867431053
1139661630
1662424028
1828771574
1435131608
1426607593
1494148717
2018029182
1628824944
2126936433
1812245096
1462949279
1962997896
1229988637
1711678387
1831423129
1364428144
1187880751
1398764371
2098723729
1613455087
1110908715
1215113123
1075809600
1478039376
1360463841
1162204227
1230538926
1078583117
1875233399
1485155422
1940886156
1384979715
1236740728
1286161103
1329080606
1150628722
1592776867
1516179968
1078157364
1474359840
1235214365
1592241531
1128242617
1829381027
1891687580
1409928589
1548741800
1568294086
1264451839
1780144807
1433520206
1768120893
2051649721
1326581031
2022848110
2134238617
1896743163
1278570218
1452047463
1982369050
1078008870
1675929119
1768969797
1896812470
1098708220
1665578112
2081225013
1205835679
1901389281
1945962219
1305130430
2146833690
1778724030
1600226505
1216400652
1400228254
1430900938
2049007763
1165512331
2070591254
1265099650
1609530638
1975138643
1162907691
1484422401
1222517023
1323020342
2127721166
1876251082
1346854206
1915649979
1260877692
1119162397
1860282239
2086832966
1385235679
1306064699
1227275617
1956436625
1125744798
1803550741
1831446625
1351105941
1133962591
2108255610
1734061436
1944788759
1334592531
1904022397
2082996028
1316025193
1841110812
1215728329
1722245180
1981381859
1765971841
1622538753
1165431679
1565673713
1921173542
1405429536
1115417976
1745919822
1977400912
1665692343
1812577974
1097309287
1561186298
1908005815
1220740678
1383149861
1671131647
1300914323
1416554420
1144864831
1118213825
1766697840
1304142199
1208226939
2000123601
1342536545
1583220995
1409849953
1289178621
2133931290
1448931543
1870557374
1882588375
1510476053
1833001724
1234415979
1119753516
1386590792
1890183193
1362794052
1156315148
1883514907
2027042111
1714318915
1360404092
1297488736
2017969628
1547781363
1937831220
2006183182
1545053682
1866494703
2140135822
1561565336
1241972860
1109100545
1651637549
1608828474
1784975893
1246052987
1129656698
1176852415
1324925613
1240120024
1088480058
2032089308
1547054135
1185962412
1667183793
1291502850
1990587656
1950594488
1397044914
1634416350
1094442279
1833476026
2025384353
1378847057
1097549518
1848627611
1937246604
1875294513
1294704980
1977663834
1682642721
1668960333
1540033532
1244102921
1792731818
1378944547
1822142232
1137383172
1384712697
1764082180
1280212568
1944880300
1106388662
1126235630
1304787605
1642004829
1490138806
1320266623
1743228452
1799032963
1319699040
1610576668
1765588355
2104564436
2016657393
1330916375
1414682957
1099152144
1395201212
1721806328
1221081682
1479179028
1984921027
1873467325
1139771116
1648687288
1783458048
2031487462
1570693538
1698273744
1397964359
2047604539
1221442127
1605862350
1594026459
1705855364
1477409249
1085251565
1254049827
1213892137
1217180444
1760803235
1116106552
1298037822
2135971337
1691336881
1086291808
1508171654
1557536018
1213117903
2000559853
1830672749
1181164289
1785739822
1659873611
1242618623
1804783429
1427405460
1131052185
2068579749
2035360288
1954786279
1697038390
1711929866
1930688389
2112428001
1261936107
1904649924
1223003467
1114370711
1132810067
1121423756
1517089304
1339071559
1156600825
1321981269
1521520969
1246522592
1376941558
1363819602
1119091205
1237444387
1227951613
1200569511
1138486675
1187095628
2135912239
1758677108
1795783438
1640407210
1192481001
1537670358
1478565999
1464422719
1784032002
1417787694
1112030813
1596834336
1149831668
1337536485
1228387117
1248715425
1489757134
1261986754
1689677367
1227155632
1073824035
1788564993
2100543700
2069636441
1092423654
1380165013
1191455158
1597858131
1274086574
1388524929
1856073336
1699728135
1086659209
2021940497
1240476795
1215270947
1204478161
1136382133
1711066464
1990934090
1592205513
1445434518
1283238766
1827801027
1324281963
1422605126
1323006039
1989719606
1593540275
1688457812
1436552321
1869942590
1663567126
1837971357
1121088603
1318047783
1687770731
1512935449
1690269754
1764787004
1487541578
1383822249
1479333504
1430137594
1231378142
1648963018
1570542703
1601137954
1847590749
2099553843
1386245626
1878474537
1983068029
1231024557
1359695752
1739646568
1993468513
2087829779
1688221807
1739231706
1329410038
1193139897
1970685360
1111226445
1361839693
1823436815
1127940232
1752215375
1387925684
2061411496
1282555716
1643530249
1479702765
1210934432
1578492607
1248315842
1158510517
1610332991
2087539161
2053105152
1670457634
1626858234
1839447398
1832971947
1080456953
1416216536
1087645360
1988391507
1462624463
1753659103
1700198975
1941281448
1317838564
2133787736
1234404211
1971894123
1396335728
1560036699
1362033861
1115333326
1327196725
1104790328
1188592278
1430134734
2065578191
1971281160
1882759755
1888552416
1732503801
1172271183
1323854325
1462825263
1208393638
1844435560
1417565342
1194392936
1193568218
1099146617
1161125949
1540004860
1263629266
1097020197
1588864706
1752916629
2129352008
1266189305
1553146711
1554270694
2012939986
1384846238
1293600826
2003620119
2076686821
1351116929
1531095890
1778612269
1513393026
1077116861
1388164485
1887784912
1426218835
2033114533
1287286548
1196328569
1167934343
1712139995
1791388344
1693820917
1987750035
1208812466
1448897605
1678146658
1600091339
1658852092
1624383105
2021312385
1922288943
1488696606
1496320030
1114635843
1395209924
1831968112
1872403969
2146605356
1243167482
1189464782
1602178392
1576634629
1893748562
1878178328
1309776547
1298712225
1960581215
1865367860
2002193035
1393047063
1466919173
1611325773
1734057275
1311591837
1376272422
2145502178
1080819315
1237876088
1756482636
1473392153
1108477731
1516968863
1752765144
1328904545
1838814345
1515651720
1559260222
1964000106
1573759265
1388542483
1528932216
1154088702
1296371352
2103753957
1366722141
1788530665
1176646154
1142578733
1277138323
1580401870
1666086596
1747170032
1205876964
1865957678
1162405774
1595603858
1233978426
1823370240
1809321101
1661127430
1392924249
1338663491
1743234888
1505148446
1926473582
1330247369
1528805404
1530267206
1370121397
1338735366
2073272222
1490351503
1842296755
1857793977
1768527758
1658448998
1239602112
1943733692
1108355763
1489365352
1112770719
1851166586
1781640352
1103074837
1426995084
2133725322
1898870656
1422964465
1600455359
1242094016
2059590420
1218285768
1471915788
2116890606
1776608044
1906254370
1347364510
2081051618
1658084393
1397886471
1430241294
1502758292
1581850799
1958164080
1923068345
2077497561
1184193348
2004790393
1642845086
1841896066
1676960261
1607260307
1855957362
1816742328
1814632194
1168744107
1491054708
1077893143
1284341619
1399687457
1526312460
1179981988
1219990987
1116587079
1563197023
1352708436
1818735370
1895781913
1921631216
1287684247
1848195065
1692675414
1576860036
1119207908
1500156968
1803700991
1982817525
1303850280
1470388060
1467870183
1594184056
2046561760
1843652127
1579389973
1973637051
1506796257
1548054784
1529896879
1808110518
1211379299
2080117934
1744079176
2062989805
1529887549
1801350821
1207397540
2014488713
1361936241
1182952468
1686557937
2128213852
1090900477
1352491870
1986494006
1198084305
1557070249
1429836574
1228411075
1233429243
1330276756
2131953657
1251189319
1291797369
1150377568
1147409282
1077104833
1982729104
1467614771
1483502930
1943246923
1432793986
1151431530
1312916652
1724828755
2084401267
2139543533
1973798191
1396675952
2058426192
1989527941
1502812060
2095983988
1713926808
1678903631
1939446654
1408703963
1581210400
1671743700
1267650132
1337459702
1693281486
1753029496
1281306709
2132275352
1483659097
1889468546
1167289067
1936844940
1860507550
1737049210
1501635219
1757790430
1082720425
1645653256
1292898564
1977651351
1524391911
1743115195
1329492152
2004412004
1334265699
1485311328
1477829247
1518635658
1781809002
1162259099
1780114835
1819178839
1654071003
1262251594
1127694539
1387192638
1768718838
1371312021
1548145480
1319163380
1127720074
2015305044
1534682422
1135401476
2087024241
1890701429
1552827356
1230390691
1263256469
1543853566
2091560222
1903353066
2112584974
1175275861
1390290288
1609447419
1798246539
1926571235
1457399645
1426942486
1944318829
1534351007
1173330281
1387315354
1779063929
1704513710
1532733688
1755800964
1182072422
1338929241
1143751217
1436924598
1317959168
1092520136
1287398895
1387407838
1401914033
1817472644
1218806247
2130640480
2132438670
1723943833
1236060733
1876705863
1209572104
1683197496
1740207129
1748988605
2136324630
1627086307
1265591165
1564455653
1405232085
2101647463
2140927057
2116694845
1575626568
1196797621
1084055935
1968222389
1158013996
2052447978
1473789982
1178993691
1608963998
1972207627
1888366440
1212552726
1119827860
1460005546
1186923142
1384641115
1994078486
1906734442
1300126079
1480244627
1753990160
1217887160
1921462794
1766241888
2090085482
1993370925
2042781515
1893060441
1517701585
1234938376
1083416023
1693115957
1168310586
1228960162
1105090552
2115065304
1615770409
1199875506
1493204241
1378514731
1907789314
1815692203
1179759506
2097666842
1114225402
1985264373
1253373766
1246369514
1330595980
2074591056
1660553541
1605441571
1837821952
1936835838
1805872272
1754853368
1221638668
1158876618
1522764060
1294181607
1369487563
1668485007
2112321402
1318346983
1597917035
1758706884
1201591356
1838101713
1388223519
1274615343
1213035074
1411133711
2107803104
1954690382
1101741765
1581676949
1301620909
1223905781
1396546377
1464948237
2123319506
1231383116
1128131571
1748560220
2046490113
1859443413
2104704934
1513632802
1532157718
1477675226
1534531879
1262566918
2084816974
1435507819
1722831943
1446234647
1856482425
1303542173
1792625584
1694630227
1632196438
1387038682
1816717427
2043235647
1485716828
1373814976
2125131935
1103129840
1127802725
1666490080
1134206073
1355425650
1152215159
1307722327
1178042064
1996034599
2040362689
1742737912
1580187970
1436675590
1838843731
1697396819
1625931832
1853593994
1520292441
1799010988
1149001164
1655747746
1908260154
1628584225
1723447247
1310567815
1284955330
1817782832
1611243334
2020701665
1890707151
2020408739
1697965052
2047802120
1225837676
1397713140
1875371036
1277410932
1214586272
1261490331
1219137077
1412827488
1736320845
2070510571
1742383579
1143346010
1215660649
1142748748
1760970877
2055101314
1952863259
1144832648
1675874767
1347449973
1209317959
1517099381
1219238436
1171211305
1614824632
1816082879
2069995845
1654306814
2078476300
1206618072
1182854685
1337471925
1727447048
1943338400
1293268274
1335335850
1738609836
1150563252
1895488760
1345512357
1724242578
1142980852
2109342405
2013805241
1346310744
1785665184
1750074749
1905171411
1093175100
1748315242
1985191296
1295487243
1424763436
2048077655
1178840645
1331697988
1199030471
1480931708
1174575322
2057021668
2008488979
1546332255
1240931283
1177367319
1784783968
1344559104
1127976315
2091213171
1712506551
2001245113
1340002187
1169137579
2001595318
1418397341
1783338095
1086243047
2076685521
1613257050
1467247110
1243770368
1618049192
1264176369
1366005608
1696995350
1129608262
1290955032
1218710708
1261637005
1120784670
2064904633
1418925395
1744945764
1603882246
1408988794
1379844065
1104778723
1349108934
1157211253
1653245960
1836689257
2065730067
2062896768
2068226846
2019010261
1419212307
1849619061
1533590914
1222077781
1337778797
