0.0001893612
0.00021621973
0.00018051402
0.00018227896
0.00025172223
0.0002340405
0.00022193718
0.00017398645
0.00021290245
0.0001637662
0.00011644377
0.00013957341
0.00020926126
0.0002219647
0.00016569809
0.0002177426
0.00035243153
0.00011049853
0.00013821427
0.00013423276
0.00012971382
0.00012660692
0.00016839274
0.00021634324
0.00020613256
0.00030358104
0.0002184862
0.00018672846
0.0002565074
0.00021934853
0.00013166132
0.00028998128
0.00020479239
0.00012278234
0.00013039928
0.00018513428
0.00021879999
0.00020949522
0.00017032852
0.00026795274
0.0001551039
0.00019895795
0.00013982996
0.00022530965
0.00017442348
0.00020443775
0.00016885054
0.00014946677
