1508767876
1722767842
1438276455
1452339010
2005640073
1864757889
1768322633
1386266987
1696336910
1304835375
1855571514
1112075190
1667324998
1768541893
1320228022
1734901667
1404029360
1760832054
1101245956
2139045082
2067034442
2017524682
1341698083
1723751885
1642396688
1209417084
1740826386
1487791073
2043766668
1747697097
2098068456
1155237856
1631718530
1956578729
2077957272
1475089239
1743326543
1669189187
1357121764
2134959590
1235816982
1585231691
1114119330
1795193346
1389749073
1628892922
1345345773
1190902164
