41
16
22
-7
41
-14
51
7
9
34
22
2
3
48
68
61
43
39
48
19
14
44
47
30
14
41
53
24
29
8
50
21
27
18
50
53
48
57
53
23
-12
45
44
38
35
27
50
47
11
19
49
-11
36
-1
28
2
7
45
21
6
-4
25
34
28
-2
45
9
15
36
11
12
29
22
50
24
50
10
10
73
14
37
2
57
1
42
40
72
27
-19
29
37
35
35
-13
32
32
56
71
20
45
17
17
14
19
10
50
13
-3
26
52
11
48
56
26
14
42
28
11
62
39
27
70
4
13
41
13
42
9
-8
49
35
39
45
42
44
0
11
33
24
41
18
43
-2
-2
55
23
42
4
-14
-8
31
16
45
41
19
55
39
35
8
43
37
-2
44
63
20
34
-2
-3
25
27
53
-1
6
16
4
7
51
18
29
44
72
8
3
58
5
14
20
42
25
15
44
30
39
12
13
20
20
-5
-1
51
4
19
5
10
27
42
43
23
29
14
5
-9
45
28
-9
38
26
49
10
19
-3
26
16
27
44
23
10
5
-14
62
-10
28
1
9
15
34
27
8
33
34
45
21
62
-2
47
19
45
44
59
25
-6
36
21
34
31
58
31
39
19
25
23
38
32
10
26
21
12
34
10
-8
37
38
62
53
-12
19
51
59
29
25
43
25
-2
42
5
30
21
22
23
-9
39
13
47
44
38
-6
52
13
2
-23
15
15
29
9
45
47
7
43
53
31
39
-29
28
38
9
30
40
10
32
44
47
20
14
22
28
21
39
-1
19
12
45
23
57
-32
21
-1
40
10
49
32
41
53
-6
21
-26
32
41
27
13
16
21
47
9
13
32
42
26
52
48
40
5
24
20
21
33
49
11
21
30
48
11
11
31
28
16
21
18
13
8
12
6
31
29
11
49
56
32
36
65
-8
-9
20
33
-11
29
-22
23
-5
32
45
35
56
34
22
54
64
57
24
54
63
44
-40
61
38
13
31
14
40
27
41
32
25
46
23
-22
18
28
-8
14
31
44
34
8
33
0
36
60
27
41
17
26
15
41
37
42
1
18
43
50
-25
32
67
2
28
35
5
46
21
32
-12
47
1
48
28
12
18
24
18
6
16
11
4
36
25
1
24
15
39
-3
-12
30
30
30
26
22
54
65
19
51
16
9
6
4
18
34
37
19
61
26
37
8
46
20
39
5
20
21
18
38
37
56
10
42
40
14
42
19
24
35
6
8
50
47
38
57
28
70
3
30
26
66
-5
52
16
13
33
36
12
31
47
20
55
48
-11
25
29
49
60
23
30
13
5
36
49
54
37
49
31
39
41
51
67
6
43
-17
36
30
11
22
27
-4
32
25
48
31
1
56
46
26
40
11
1
43
35
35
40
12
58
5
27
-23
38
36
12
27
-10
46
40
7
39
23
24
53
47
9
36
12
51
63
43
16
17
-3
52
36
9
7
-5
45
17
28
47
20
18
4
37
17
27
-6
2
38
-8
36
24
24
42
34
20
49
39
53
48
22
26
33
64
7
30
32
27
52
29
16
49
25
32
42
37
-21
30
46
11
2
25
6
9
56
18
24
52
45
15
42
41
44
-3
34
29
13
30
47
31
25
20
51
-9
11
9
-21
42
45
52
32
9
26
31
52
54
6
51
32
44
23
50
41
70
19
17
57
0
63
16
-1
-4
33
27
23
0
23
-1
33
-20
37
30
-20
44
37
13
4
5
2
36
8
51
-12
-13
22
32
2
3
34
20
-5
48
2
15
56
21
28
18
41
9
37
35
27
24
53
18
55
60
56
-6
46
2
54
28
43
18
19
-7
24
49
21
57
-8
28
-5
2
37
-13
55
29
-37
40
28
4
-4
6
61
43
21
37
60
20
25
-8
41
62
47
46
29
25
1
23
4
37
10
49
40
45
48
20
-11
16
-1
24
19
48
-30
28
40
14
10
71
29
7
35
33
36
21
38
17
46
49
22
30
10
47
-1
25
18
42
38
-7
19
27
40
23
-6
34
47
1
35
21
29
54
26
35
14
23
0
24
52
15
13
50
8
22
50
28
52
53
31
44
4
4
-2
-16
49
2
16
43
16
-7
25
9
29
55
-23
37
47
51
42
54
52
59
29
23
41
-9
-10
8
46
50
40
17
-8
19
49
33
48
-5
39
28
25
42
-13
-13
56
50
40
3
34
44
45
7
46
18
-6
35
-8
23
32
13
8
12
-26
8
31
4
27
21
36
62
61
37
14
18
7
-3
-23
-4
2
17
21
53
36
27
55
16
28
42
50
38
48
20
36
15
42
-3
53
24
3
3
22
20
-13
43
44
44
36
32
41
13
29
6
6
29
36
26
5
31
35
46
48
48
52
43
59
16
23
37
22
24
34
24
20
26
4
4
34
-32
46
51
39
31
19
34
41
6
21
5
25
27
32
-16
24
4
6
32
60
45
-13
-10
-14
-3
9
12
-27
-12
-7
-11
53
-20
76
35
39
41
31
26
29
10
51
26
16
63
20
4
13
16
23
16
13
23
52
30
36
9
49
56
1
39
40
50
45
20
41
9
41
36
28
39
51
25
9
12
38
7
37
14
-5
20
29
34
11
28
39
17
-1
19
29
33
16
50
20
29
2
47
61
-2
16
-5
25
27
48
33
6
45
11
58
32
50
9
28
45
31
22
4
25
12
37
17
14
34
0
-14
29
4
50
40
8
18
22
10
9
43
62
2
38
-14
15
21
