0.004096983
0.0025665816
0.001791707
0.0006346616
0.0060210815
0.00084814086
0.0003937354
0.0007583516
0.0049044644
0.0035530233
0.000521184
0.0003717677
0.0048640715
0.0010428951
0.003682948
0.00022552964
0.0026014093
0.0005932381
0.002900108
0.0018767667
0.00062583294
0.0001812481
0.008097049
0.0009390368
0.00049293885
0.0015412191
0.00011717209
0.001282246
0.0005099528
0.011591488
0.00033549088
0.0074109687
0.0071547204
0.0063337525
0.00037120262
0.0009317135
0.005607829
0.0025734643
0.0027506582
0.00037174253
0.00083384896
0.0007300527
0.0003380752
0.002884862
0.0005984629
0.004169159
0.0025391697
0.00472825
0.00084019796
0.0003640987
0.003123906
0.009173969
0.005083563
0.00028841442
0.005630229
0.0007436704
0.00045896752
0.0006684126
0.00521931
0.0057983934
0.0011049785
0.0024406433
0.0005392948
0.0007620282
0.00038160957
0.00039265834
0.01099333
0.009170961
0.0004311139
0.0039514243
0.0020247998
0.009697638
0.0054361722
0.0004087418
0.00034556995
0.0011857325
0.004145351
0.0006689109
0.008325329
0.0015538018
0.0031971808
0.003390164
0.0035583698
0.00020030106
0.0017496521
0.0036307345
0.0014497777
0.0009457437
0.0006990732
0.0026942864
0.00033364233
0.0010712475
0.0017157175
0.00072689704
0.0003081471
0.004237046
0.0009267453
0.0009923998
0.0028580106
0.0031947705
0.0012312856
0.0003060905
0.001976372
0.0006234478
0.0028304658
0.0013782333
0.0015112174
0.0053648925
0.001100283
0.00083110674
0.0005861193
0.002897893
0.012683793
0.003088338
0.004679147
0.0015038666
0.0005616162
0.002165679
0.0035630243
0.006626648
0.00077296566
0.0014707478
0.0009255851
0.006937175
0.0009811103
0.011756014
0.0002548715
0.0013693767
0.0007168132
0.008201891
0.0005800041
0.0042703794
0.0007889078
0.0005866888
0.00080241426
0.0038224123
0.006751431
0.0050067944
0.0019975402
0.0048931306
0.0023973696
0.008394219
0.00461059
0.0014518866
0.00048124776
0.0010259355
0.00075129815
0.0021346097
0.00022890395
0.0009155551
0.0005935878
0.0060445517
0.00076160766
0.0012254503
0.00050675834
0.0007637647
0.0008734424
0.0003806929
0.004786461
0.0007007459
0.0015417644
0.0033085337
0.0004300098
0.00013216383
0.0024095757
0.00011881506
0.010722458
0.00390573
0.0019530553
0.00044975127
0.0010885606
0.0041639297
0.002782877
0.0008901488
0.00022270452
0.00049403665
0.0006253265
0.0007771717
0.0048674797
0.0005924394
0.0006708111
0.0007207987
0.0026076583
0.00018903335
0.0037595609
0.0022573736
0.004676107
0.0024538396
0.0007420364
0.0005075094
0.0056816484
0.0034920394
0.0017861354
0.0037412725
0.0025806988
0.00038981086
0.003721744
0.0045116106
0.0026391922
0.00038352035
0.00050463295
0.0005216468
0.0016889557
0.0026956291
0.007806847
0.004318057
0.0019745156
0.0014445937
0.0034744504
0.0037700315
0.0040847086
0.00556103
0.00097464834
0.00068548025
0.0012051256
0.0025756632
0.002028719
0.0026185252
0.00076527614
0.0011250875
0.00085971475
0.0015706395
0.0076642195
0.0007412223
0.0038011407
0.0025123951
0.0031129012
0.004793115
0.00044857955
0.003460535
0.002319854
0.0018990814
0.0034278955
0.002382829
0.003253003
0.005201053
0.012303066
0.0018239877
0.005466364
0.0074058766
0.002274599
0.0041587893
0.0010538471
0.0009302532
0.00017248851
0.00015624169
0.0009348143
0.0017058296
0.002758207
0.011698387
0.005630812
0.0047323825
0.0009901385
0.0039210776
0.0018593156
0.005425654
0.0018667583
0.0023556692
0.0056692655
0.0011513195
0.0006747069
0.0057802238
0.00065769796
0.0005365621
0.0007489209
0.005904519
0.0009890284
0.0043224087
0.0007704155
0.0070376857
0.0012858143
0.000156577
0.0037421267
0.0009791545
0.008550259
0.0008375493
0.002143086
0.0060649733
0.00080717256
0.0022547375
0.0016712872
0.0034574391
0.002611617
0.002384563
0.0006350903
0.0076839994
0.0016308626
0.003075709
0.013889984
0.008745262
0.0016594117
0.0024766196
0.0009983887
0.0019852717
0.0033721426
0.0025226802
0.0011651727
0.0037093523
0.0062603736
0.00062498386
0.0003305725
0.00037086883
0.0034388138
0.0022007953
0.0009739976
0.0018033851
0.0062045064
0.0031255302
0.00027521956
0.0014159654
0.0017822861
0.0027697524
0.0022791587
0.00093029445
0.0002999786
0.005228496
0.0001291066
0.0041585593
0.000688574
0.0010632211
0.0016244961
0.0007294556
0.0014210462
0.0019657395
0.0027987827
0.00065977714
0.0024660348
0.0038247413
0.0012614657
0.000859259
0.0006960425
0.00027766926
0.0014330177
0.0009014764
0.0016748054
0.0007204482
0.0018984884
0.0010100689
0.0021410347
0.0013517556
0.0017003309
0.0017616159
0.0005027169
0.0033761517
0.0004786957
0.0012647307
0.0016207435
0.0030208624
0.0010373103
0.003018574
0.00444083
0.0029808462
0.00021246621
0.0031665503
0.00056186283
0.0011344976
0.000714687
0.0005099063
0.00144847
0.000782655
0.0031198813
0.0031118256
0.0014463228
0.00032967664
0.0037100636
0.0038718982
0.0025288353
0.0031701608
0.011067725
0.0004280012
0.0034318382
0.0003921851
0.00040054246
0.0029525263
0.00047767453
0.0004818366
0.0008597449
0.0046657803
0.00053109817
0.0048253117
0.0022810919
0.0034060825
0.00064495084
0.002780696
