0.057202592
0.035834935
0.025016038
0.008861224
0.08406709
0.0118418485
0.005497383
0.0105882
0.068476744
0.049607757
0.0072768363
0.005190667
0.06791277
0.014561033
0.05142178
0.003148873
0.036321204
0.0082828645
0.04049167
0.026203651
0.008737958
0.0025306088
0.11305201
0.013110949
0.006882474
0.021518694
0.0016359714
0.017902879
0.007120025
0.1618418
0.0046841656
0.10347287
0.099895105
0.08843265
0.0051827775
0.013008701
0.07829721
0.035931032
0.038405035
0.0051903157
0.011642303
0.010193087
0.0047202483
0.040278804
0.008355814
0.058210324
0.035452206
0.06601642
0.011730949
0.0050835917
0.043616366
0.1280881
0.07097734
0.004026878
0.078609966
0.010383219
0.006408162
0.00933246
0.07287266
0.0809579
0.015427847
0.034076568
0.0075297016
0.010639533
0.0053280806
0.005482345
0.15349025
0.1280461
0.0060192663
0.05517028
0.02827051
0.13539964
0.07590052
0.005706904
0.0048248908
0.016555347
0.05787791
0.009339418
0.11623929
0.021694375
0.04463944
0.047333896
0.049682405
0.0027966285
0.024428861
0.05069277
0.020241978
0.013204592
0.009760547
0.037617963
0.004658356
0.0149568925
0.023955062
0.010149027
0.0043023885
0.059158165
0.012939334
0.01385601
0.0399039
0.044605788
0.017191363
0.0042736735
0.027594354
0.008704657
0.039519317
0.019243065
0.021099808
0.0749053
0.01536229
0.011604017
0.008183471
0.040460747
0.1770927
0.043119762
0.06533084
0.020997174
0.007841356
0.030237481
0.049747393
0.092522085
0.010792243
0.020534765
0.012923135
0.096857704
0.013698384
0.16413894
0.003558548
0.019119408
0.010008235
0.11451582
0.00809809
0.05962357
0.011014829
0.008191423
0.011203408
0.053369
0.09426433
0.06990549
0.027889907
0.0683185
0.033472374
0.117201135
0.064373635
0.020271422
0.0067192414
0.014324239
0.010489719
0.029803688
0.0031959857
0.012783095
0.008287747
0.08439479
0.010633661
0.017109891
0.0070754234
0.0106637785
0.012195112
0.005315282
0.06682917
0.009783902
0.021526307
0.046194162
0.0060038506
0.001845288
0.0336428
0.0016589108
0.1497083
0.054532293
0.027268803
0.0062794834
0.015198618
0.058137305
0.03885488
0.012428369
0.0031094283
0.0068978015
0.0087308865
0.010850969
0.06796036
0.008271713
0.009365949
0.010063881
0.03640845
0.0026393074
0.05249146
0.031517733
0.06528839
0.034260817
0.010360405
0.0070859096
0.07932789
0.04875629
0.024938246
0.052236114
0.03603204
0.005442588
0.051963456
0.06299167
0.03684873
0.0053547593
0.0070457486
0.0072832983
0.023581412
0.037636712
0.109000176
0.060289256
0.027568435
0.020169597
0.04851071
0.05263765
0.057031214
0.0776438
0.013608162
0.009570761
0.016826114
0.035961732
0.02832523
0.036560178
0.010684881
0.015708612
0.012003445
0.021929465
0.10700879
0.010349038
0.053072
0.035078377
0.043462716
0.06692207
0.006263124
0.048316423
0.03239009
0.026515212
0.047860704
0.033269357
0.045418832
0.072617754
0.17177695
0.025466744
0.07632206
0.10340178
0.031758234
0.058065534
0.014713946
0.012988311
0.002408306
0.002181466
0.013051994
0.023817006
0.03851043
0.16333434
0.0786181
0.06607412
0.013824438
0.054746576
0.025959997
0.07575366
0.026063913
0.03289015
0.079155
0.016074866
0.009420342
0.080704205
0.009182861
0.0074915476
0.010456528
0.08243963
0.013808938
0.06035001
0.010756638
0.09826105
0.017952701
0.0021861477
0.052248042
0.013671078
0.119379796
0.0116939675
0.029922033
0.08467992
0.011269844
0.031480927
0.023334721
0.0482732
0.036463726
0.033293568
0.00886721
0.10728496
0.022770308
0.042943437
0.1939337
0.12210245
0.023168914
0.03457887
0.013939628
0.027718611
0.047082275
0.035221975
0.016268287
0.051790442
0.08740812
0.008726103
0.004615495
0.005178117
0.04801315
0.03072778
0.013599076
0.025179088
0.086628094
0.043639045
0.00384265
0.019769887
0.024884501
0.03867163
0.0318219
0.012988888
0.0041883388
0.073000915
0.0018026026
0.058062326
0.009613956
0.014844827
0.022681417
0.010184751
0.019840825
0.027445901
0.039076954
0.009211891
0.03443109
0.05340152
0.017612742
0.011997081
0.009718233
0.003876853
0.020007972
0.012586527
0.023383843
0.010058988
0.026506932
0.0141027095
0.029893395
0.01887338
0.023740232
0.024595901
0.007018997
0.04713825
0.0066836094
0.017658329
0.022629024
0.04217766
0.014483057
0.04214571
0.062003426
0.041618947
0.0029664799
0.04421177
0.007844799
0.015839998
0.00997855
0.007119376
0.02022372
0.010927527
0.043560173
0.0434477
0.020193739
0.0046029864
0.051800374
0.054059926
0.035307914
0.044262182
0.15452896
0.005975806
0.047915757
0.005475737
0.005592424
0.04122354
0.006669352
0.006727463
0.012003866
0.06514421
0.007415259
0.06737161
0.03184889
0.04755615
0.009004884
0.038824424
