1975
-39
-783
-2636
1630
-2616
569
228
-270
-1716
-1865
3975
-2037
-2249
-201
-401
332
2070
-666
659
-3789
1633
973
-1967
-1503
72
1049
-89
-392
397
1615
2586
1488
1840
3314
51
-3045
520
-589
-51
2401
3016
-1579
-2393
-2134
363
-516
-659
-4445
1440
-15
-1373
-1227
-389
113
596
-878
-962
1301
1166
1059
898
-1037
3326
2245
1375
2123
-1227
-2744
-295
-913
-1973
1249
-56
-2344
6227
2610
-228
-3699
2346
-1009
-3007
-357
2355
-1839
-3015
-1593
-1091
2973
1563
-1257
-644
2237
-2799
342
665
-53
-2210
-2491
-2096
1804
1842
-1263
1313
-2093
549
-1918
-2835
-57
-885
-988
-1371
