2121742675
1207863184
1326249439
1945164775
1309074631
2044562126
1159907841
1163941819
1933158819
1157212955
1330916408
1920520918
1454185500
1789433518
1077652813
1655629473
1624460661
1911198568
1165310497
2118495423
1781016059
1532865838
1949469233
1218745177
2098879875
1597707816
1411940710
1226010071
2038305556
2038440612
1120943960
2022537275
1112205412
1993742507
1471631282
2036230286
1445009116
1121505911
1840676611
1364258561
1226401492
1829195343
1955753418
1158587243
1268446996
1643738108
1517763157
1651605667
1862082462
2127839348
1853993427
1076988631
1704267367
1718266426
2104017906
1666982342
1648375551
1825923312
1473960513
1740474721
1558321139
2126286116
1626589744
1541495096
1589552701
1564590776
2033127706
2126019518
1417989919
1253705223
1855871137
1356051853
1709113157
1971623099
1643679117
1205370049
1082481837
1603418122
1292940387
1345963427
1896803588
1280531791
1336733045
1469955322
1081552660
1256336681
1213234649
2049656391
1224766894
1143652645
1238883564
1830375647
1304984422
1728930826
1328590136
1784200653
1568151165
1085790145
1913307925
1077079058
1932139275
1451132294
1945751537
1716557119
1696368063
1641036379
1339461434
1522866792
1249396265
1194467283
1392862488
1706780782
1262876121
1207480084
2073439862
1903138873
1782854443
1954294189
1219273965
1678871396
1082269730
1547478596
1173729189
1988825275
1467167715
1669506729
1147349458
1974562701
1295364237
1251252032
1277479941
2051166351
1137174457
1821217878
1334276032
1324390405
1691745167
1507822794
1291404723
1611386711
1987000083
1651527444
1314769404
1172324759
1537652022
1244441555
1089072255
1401951404
1729820060
1570460610
1118819747
1920732039
1214709165
1590595422
1278710346
1251638829
1212567939
1124841402
1567135073
1499333461
2105527681
1579007638
1875010508
1662876245
1226449387
1459876574
1633194462
1381046620
1281896216
1886626461
1336730580
1938525538
1364054529
1511859822
1656847871
1355530739
1088541248
1254176839
1140730685
1365777767
1124569072
2111094179
1699741494
1933798530
2129065142
1105729647
1112922915
1318482971
1414654644
1940975771
1193632508
1423970830
1179125126
1353826302
1403017979
1718380585
2136130813
1879437755
2072229231
1378036144
1172432230
1554582299
2043098273
1080279278
1689024021
1660001367
1189514884
2031980134
1181669053
1845298767
1870464540
1586212125
1824014164
1385693322
1141845156
1356143698
1415883274
1856324322
1943730634
1153351604
1184711102
1130242085
1098612876
1218686525
1831648474
1720684852
1717282265
1709310101
1219862668
1368568691
1873659273
2117211563
1845216230
1119163211
1918523747
2044135323
1644746432
2044823854
1952619277
1898011260
1715717691
1458577827
1916186317
1164333363
1922698451
1931862445
2129392826
1914219967
1241811330
1428987983
1395484761
1144105411
1992940865
1208632464
1545467001
1417554980
1300067174
1122411819
1793891031
1298239424
1667517572
1544215163
1398173792
1494556585
1458651581
1256650434
1575364589
1416075224
1557324402
2009080534
1601994583
1159828078
1681916065
1272439920
1661471383
1479494834
1343146738
1192247741
1809190224
1464113289
1374748271
2132307093
1723911146
1641252308
2007945229
2115553048
1232224601
1284407597
2038165816
1176032747
2121849438
1077222127
1323629939
1970097791
1644824901
1963135307
1452327730
1288700374
1184253448
1102278887
1714471247
1168788071
1800496736
2142231677
2064236479
2001144122
1503632125
2133892625
1138767263
1261335218
1632928789
1128897817
1296939722
1523283239
1766363728
1651271264
1590237287
2007306627
1227579330
1467892565
1472541289
1352456298
1838495133
1722014450
1754779766
1341574829
1202951068
1530362163
1227472999
1679236342
1528794014
1306979821
1145717263
1453361975
1957636861
2146606283
1617923008
1177517403
1630679815
1360017162
1174907489
1156567049
1813899479
1661226668
2079660310
1928206143
1126516930
1102576521
1563257665
1431697478
1422191992
1342647384
1719121943
1483930834
1934819799
1619251743
1131209511
1903404238
1242500478
1213395101
1158416990
1359731579
1250380427
1181524628
1397208246
1579827157
1246981538
1608946711
1899776414
1443216470
1726603136
1220898176
1291264070
1385532747
2076846210
1420902830
1490910947
1379278458
1824622808
1541390183
1107015234
1258603655
2132368365
2041509105
1557631745
1798632587
1786442940
1691718476
1453974780
1659862983
1820490760
1671827886
1159295992
1776012160
1354184646
1847300685
1366390603
1937321071
1339048716
1841737023
1392768855
1085296615
1254253829
1599169943
1262658960
1651303903
1512546041
1253505506
1582518838
1109779404
1793147024
1092545791
1527904225
1393806305
1329357074
1796236012
1134694914
1301826565
1080110536
1651858087
1245126542
1299222106
1855378502
1205441028
2127778200
1124968599
1986829645
1270849827
2023862188
1675165997
1822137625
2139489574
1344798411
1812447031
1479314041
1894642390
1122263511
1270492333
1134609233
1374552018
1943714607
2137479026
1555536071
1932189698
1567839015
1766523378
1487940001
1984138457
1858537730
1092448275
1443426727
2077707706
1865061052
1953215100
1596261716
1092630301
1198867654
1401034462
1869823904
1197688491
1393246574
1163429026
1288896640
2005682015
1676929795
1324776988
1075442118
1323356512
1185117163
1410383965
2108198404
1260813673
1203255236
2024056049
1325188349
1225851838
1248973038
1695368491
1619255503
1593784238
2110896557
1503733401
1124753764
1349691757
1187663556
1669509195
1076559609
1248020806
1170107560
1856359458
1474654222
1154189645
1712548600
1584287197
1413044147
1254620655
1224335098
1675876719
1249029501
1460873372
1375852077
1269544762
1966176123
1248412689
1911396436
1278108187
1315298069
1525753876
1892591838
1165708883
1523477347
1584046427
1219185972
1450488514
1522726374
1459953810
1854283633
1455619765
1476261328
1352328763
1393752647
1720237523
1206834887
1131557321
1260050864
1519212463
1493572301
1884320345
1188663991
1945116325
1264538396
1292098555
1625684545
1282875693
1379354616
1495605778
1214401638
2011508330
1382361190
2022134512
1381000155
1655173946
1352073538
1408150863
1455587526
1994037152
1570234387
2064391198
1440222069
2041433594
1487197688
1552848890
1764699974
1130246832
1433895636
1329158959
1093515529
1102932930
1285964435
1235512382
1855322408
2099074291
1351245082
1488279921
1882484982
1716133583
1752993285
1294309928
1115970450
1472891626
1278952362
1118136455
2135065593
1966692552
2069152972
1077774246
1675737533
1213072595
1153404338
1691243717
1890298173
1262333341
1260892080
1970011555
1322112398
1954594134
1233724021
1863964364
1405957211
1608882974
1847265426
1106955842
1449346983
1416023877
1421070987
1986844871
1812574258
1086658883
1281087732
1686996276
1110375905
1741049216
1223630047
1435764680
1910243254
1444520980
1434179703
1653912153
1346454614
2012617006
1540552358
2127237854
2120027081
1281793152
1430617095
1683327029
1572697657
1677372933
1737039279
1359135756
1280144685
1760166704
1124170347
1693705785
1324706686
1911893139
1302356062
1240337400
1718077003
1547263345
2099296446
1873276421
1231298999
1153351080
1569853445
1650855618
2030147544
1768098123
1362906156
1854983654
1700803755
1704808822
2003788956
1186852945
1814027200
1841084182
1163509961
1415937333
1077292213
1804916771
1088317645
1154469156
1075310021
1587409749
1924118168
1124846611
1305610094
1278293973
1240675470
1992284449
1187921986
1287558011
1671593588
1193237944
1181851388
1526547011
1263069181
1690152176
2038160946
1816583825
1086607043
2123779235
