0.0001721046
0.00039190202
0.00021515675
0.00015778153
0.000106185245
0.00016584412
0.00018817124
0.00018882567
0.00031361534
0.0003754681
0.00043182774
0.0003115651
0.00023591175
0.00029029886
0.0006993082
0.0002685919
0.0002635354
0.00031005274
0.00018904771
0.0001718412
0.0005778666
0.00024867602
0.00031626137
0.00039543278
0.00034050018
0.0002591953
0.0002290584
0.00019889497
0.00033067324
0.00033069515
0.0003637003
0.00032811516
0.000360865
0.0003234438
0.00023874197
0.00033033657
0.00023442307
0.00036388263
0.000298612
0.00022132295
0.00019895847
0.0005934988
0.00031728085
0.000187957
0.00020577949
0.00053332554
6.155648e-05
0.00026793912
0.00030208466
0.00034519826
0.00015038619
0.0003494386
0.0011059296
0.00027875346
8.533343e-05
0.00027043367
0.0002674151
0.00029621858
0.00011955992
0.0002823563
0.00012640281
0.00034494628
0.0001319404
0.00025007594
0.0002578723
0.00025382274
0.00032983324
0.00034490303
0.00046007952
0.00020338794
0.000301077
0.00021999158
0.00027726853
0.00015992769
6.66633e-05
0.0003910931
0.00035122092
0.00026012168
0.00020975304
0.00021835494
0.00030771745
0.00083096
0.000433715
0.00011923504
0.00035091944
0.00020381484
9.841121e-05
8.312867e-05
0.00019869329
4.6383542e-05
0.00040196686
0.00014847044
0.00084682775
0.00028048354
0.00043107296
0.00057889987
0.00025440034
0.00035229433
0.00015519747
0.00034946794
0.00031344994
0.00047083286
0.00031565825
0.00027847616
0.0002752009
0.00026622447
0.00043460025
0.00012352694
0.0004053778
0.0001937778
0.00022596335
0.00027689015
0.00040975146
0.00039177772
0.00016818653
0.00061749044
0.00028923154
0.00031704412
0.00039560435
0.0010894497
0.0003511521
0.00012552332
9.5206735e-05
0.00032264608
0.000119008924
6.77108e-05
0.0001861339
0.00032033227
0.00042029252
0.00040597992
0.0004144898
0.00033275964
0.00036896643
0.00014772761
0.00010822945
0.00042971032
0.00027445093
0.0002446133
0.00020950391
0.00026141442
0.00016117499
0.00053585286
0.00021329435
0.00038037126
0.00024945248
0.0004037702
8.833981e-05
0.00011371892
0.0001403139
0.000254775
0.00018150554
0.00031159935
0.00019706163
0.00025804146
5.1861127e-05
0.00040610542
0.00078685704
0.00036496486
0.0002542355
0.00048647216
0.00034157865
0.00025616158
0.00030418197
0.00026976754
0.00039793248
0.00047367002
0.00026495228
5.6011617e-05
0.00020796135
0.00030606642
0.0002168571
0.00031448598
0.0004425797
0.00049053645
0.00026878956
0.00021990704
0.0007063739
0.0004069289
0.00037012028
0.00044313882
0.0003648765
0.0003424817
0.00027574817
0.00031371912
8.634928e-05
0.00035876388
0.0007221956
0.0002138968
0.00022949868
0.00031488348
0.0007745695
0.00046202008
0.0003825777
0.00021963053
0.00022761087
0.00013938599
0.00017327169
7.622505e-05
0.00033617666
0.00011177904
0.00038040613
0.00025219907
8.286269e-05
0.00035050628
0.00027400948
0.00026930115
0.00038594875
0.00032964707
0.0003834031
0.00029936185
0.00030344448
0.00025733036
0.00014795443
0.00011240015
9.262047e-05
0.00011000324
0.000229698
0.00015057526
0.0003153304
0.00037421525
0.00038439012
9.167929e-05
0.00017822739
0.00039541375
0.00029714737
0.0005582916
0.0002785938
0.00027730048
0.00039579536
0.00022202218
0.00030396276
0.00017173706
0.00014967423
9.078063e-05
0.0003112411
0.000331619
0.0005336527
0.00016586535
0.0003167724
0.00030791337
0.00027833998
0.00047324863
0.0003108619
0.00018888919
0.00015595918
0.00031340503
0.00017272514
0.0003105429
0.0004029168
0.00023182397
0.00022638876
9.280381e-05
0.00032331375
0.00019607581
0.0002507203
0.0004599384
0.00042181843
0.00018208828
0.000291022
0.0002106127
0.0002705205
0.00050103443
0.000226825
0.00048492226
0.00011831814
0.00020386574
0.00025557057
0.00022972914
0.00050528784
0.00032593208
0.00025989074
4.7039575e-05
0.00027285636
0.00020642726
0.00026953963
0.00024001767
0.00043579598
0.00038683545
0.00014675199
0.00023752233
0.00022302469
0.00034592306
0.0002796692
0.0002662595
0.0003257479
0.00017160253
0.0003998063
0.00041673754
0.00033065057
0.00038157435
0.00034422652
0.00017475718
0.00021473179
0.00031960793
0.00013341954
0.00031847841
0.00047122073
0.00041813037
0.00038424163
0.00035764425
0.00027813777
0.00037922375
0.00029209364
0.00034753312
0.00033488
0.00032464456
0.00024393345
0.00017309014
0.00036948323
0.0004092515
0.00013245459
0.0001831405
0.0004208037
0.00024712144
0.00028655626
0.00026788487
0.00012899168
0.0003256443
0.00019914955
0.00023813544
5.97224e-05
0.00043881655
0.0005965162
0.0002793615
0.000284677
0.00021764298
0.00039030824
0.00024826985
0.0001991323
0.00027242163
0.00024801545
0.0004240613
0.00037173822
0.00023577815
0.0001587932
0.00034824281
0.0001312374
0.00019102803
0.00026454433
0.00022063487
0.00038120925
0.00037525853
0.00014713398
0.00026949993
0.0001686911
0.00031281187
0.0003655085
0.00035774082
0.00025360647
0.00023226353
0.00046144292
0.00043563396
0.0005577845
0.00012036866
0.0001569424
6.567259e-05
0.00036703105
0.00030878827
0.0002015702
0.0003936969
9.396469e-05
0.00022058854
0.00020284856
0.00038335624
0.00011333418
0.00025629453
0.00040459432
0.00013050929
0.00030819973
0.00023413225
0.00028010592
0.00019806567
5.2370273e-05
0.0004495485
0.00033692567
0.00046102464
0.0004837394
0.00022375962
0.0002960076
0.00025005892
0.000359181
0.00040836522
0.000345933
0.00033119295
0.00025269378
0.00029179122
0.00014490685
0.0002744466
0.00047175513
0.00013463935
0.00014766863
0.00027121976
4.7017995e-05
0.00057624304
5.4922166e-05
0.00014984331
0.00044333766
0.00031429058
0.00021723317
0.00029878403
0.00022594816
0.0003521342
0.00010173847
0.0002594325
0.0002048405
0.00053578033
0.00024537955
0.00010167777
0.0001283656
0.00018003893
0.0002909013
0.00035448626
0.0002478711
0.00045223293
0.00010783045
0.00058280485
0.00018408096
0.00042238928
0.00035045153
0.00026798007
0.00040399245
0.00021077212
0.00030099708
0.00039111613
0.00034518834
0.00036500613
0.00032232233
0.0004123386
0.0003283301
0.0002717613
0.00029560443
0.00034708827
0.00021816594
0.00029403233
0.00023998834
7.684171e-05
0.00036412844
5.1527826e-05
0.00036813412
5.5748213e-05
0.0003153278
0.0003467621
0.0002523538
0.00031345812
0.0002543497
0.00028658216
0.00048277545
0.00016094287
0.0003015096
0.00017722731
0.00023416636
0.00033706543
0.00060513575
0.00031686906
0.0002589607
0.00017725684
0.00019449167
0.00045457817
0.00030334055
0.00038860075
0.00022602566
9.437124e-05
0.00041819405
0.00032538074
0.00027204744
0.00042983575
0.00034893682
0.000107343716
0.00038452187
0.00022880585
0.00034201192
0.00040908228
0.00039040693
0.00032836155
0.00042996922
0.0001988693
0.00020262024
0.00027503874
0.00026269097
0.00025855878
0.00017122482
6.098747e-05
0.00072987285
0.00043791957
0.00038534807
0.0005416872
0.0003492994
0.00010123288
0.00037965187
0.00030115622
0.00023923238
0.00018724358
0.00027782586
0.00012850904
0.00022923741
0.0004070729
0.00039724648
0.0002718766
0.0004052588
0.00011849836
0.00011160188
0.00041191516
0.00031897172
0.00040505867
0.00031008484
0.00010367341
0.00042676023
0.0004950445
0.00015351709
0.00037822468
0.00024715293
0.00025697902
0.0003955758
0.00023531199
0.0002470311
0.00011842377
0.00030081946
0.00023614443
0.0002394931
0.00043877517
0.00045221552
0.00027907323
0.00019578419
0.0003671439
0.00020441739
0.00024646104
0.00024230145
0.0003056923
0.00038567267
0.0001577776
0.0008205816
0.00020961647
0.0005274679
0.0004162405
0.00044754395
0.00024263134
0.00019701174
0.00032632594
0.00022425973
8.2012455e-05
0.00044807786
0.000537036
0.00021934618
0.00045688715
0.0004722784
0.0003234916
0.0005094766
0.0003349051
0.00023364647
0.0003311807
0.0002412673
0.00012595893
0.00028628635
0.0003667187
5.8155034e-05
5.390719e-05
0.0003548009
0.00017892823
0.00041724267
0.00040087305
0.00015049399
8.513293e-05
0.00021921178
0.00024144287
0.00030539455
0.00027840745
0.00028438718
0.00020997522
0.0001810433
0.00047789287
0.00020748377
0.00018139469
0.00034637057
0.0003190555
0.0003356776
0.0003496935
0.00054370804
0.00039359226
0.00018711618
0.00027436958
0.00030666208
0.00040957535
0.00020455386
0.00031959394
0.0002144856
0.00031709278
0.0004002928
0.00030238996
0.0002280877
0.00026100824
0.0005993618
0.00035916173
0.0002351268
0.00045944162
0.0004610792
0.0003223248
0.00029405297
8.814405e-05
0.00020783019
0.00027368052
0.0001801357
0.000564899
0.00039701772
0.00023292335
0.00030989776
0.00023434388
0.00023266622
0.00013415665
0.00043686925
0.0003265058
0.000249923
0.00034510068
0.00034393088
0.00020794463
0.00023208826
0.00027308526
0.00051027583
0.00054423866
0.00028179897
0.00011024594
0.0002076772
0.00028555092
0.00036474713
0.0001373845
0.00042981294
0.00015508271
0.00021128054
0.00040243857
0.00027872273
0.00050202344
0.00034056776
0.0006078013
0.00019975299
0.00018710754
0.0002546765
0.00026781744
0.00032934977
0.00028683763
0.00022110355
7.5233256e-05
0.0002759205
0.00027657024
0.00032507363
0.00038508506
0.00029428868
0.00029867812
0.00018875561
0.00022970677
0.0003495371
0.00014640535
8.82786e-05
0.00037457785
0.00017444698
0.0005150493
0.00031214868
0.00036496655
0.00042361688
0.00020737696
0.00040254826
0.00032320726
0.00038543192
0.00010443993
0.00027118175
0.00077431346
0.00019173113
0.00012382546
0.0004098141
0.000548385
0.00033064978
0.00029470344
0.00017627969
0.00034453959
