-21906
-5919
76764
4332
2943
-14559
74542
59012
6538
18567
-15330
-44315
-17562
135548
118637
-60990
33831
105027
31050
-11468
134170
62005
50921
134101
56021
-11409
-33487
21075
8951
57610
18561
66445
103
-55324
-7087
2066
10471
19155
-682
-18094
18983
6083
17398
-38267
-6285
17631
-12916
147313
-84767
26179
-34282
-30908
99705
71448
13299
-14620
11556
56295
58460
16500
676
36578
-44570
-70599
26507
75577
259596
-506
7594
-31661
-8989
14257
91717
25284
-15091
78897
117521
11491
10080
96643
70334
51997
19606
8709
17594
13697
8023
35202
159977
24808
18208
84623
6855
26319
-12120
13875
-21177
2898
133231
-28348
-48856
151102
22946
-78829
-3438
-110541
-1651
-17773
62036
79717
-24981
-69373
-26151
80879
4099
-3592
-11953
-2513
138913
91730
58711
-3009
-61224
-27519
72505
31597
8030
85024
-1965
14516
133863
47540
96627
18788
159963
36643
120
146402
-54961
24354
-32169
10121
-6051
136029
-41149
107433
-9100
32309
54887
134762
14972
-357
58418
10278
44768
17289
14676
7430
-57151
98020
-56240
55106
-56540
1801
71728
71932
121279
149826
11206
59867
19161
66356
10079
53456
84765
91941
55291
-61371
35110
100378
150823
53265
72788
34346
82525
128597
1523
5506
60242
-5222
-22522
159158
23086
9306
-39703
42669
-33301
6537
47543
43004
12999
5174
25464
66895
55368
98216
-54403
-6780
-15994
23297
5365
86422
41981
1977
-31612
59757
9634
18113
-3327
12671
8852
74971
-7909
-5742
18645
22051
-56382
31654
67186
119799
-59535
69023
24286
93445
129684
115714
-5709
-6140
3954
71548
-75347
-32449
100210
55972
-31887
115829
83609
-8182
32079
99260
4325
52028
-2633
29127
37031
4807
6865
41812
-77310
-6685
117861
13362
-7234
-5614
72007
-2464
4396
46321
-85417
45904
9459
-34442
20218
95536
897
9643
-19847
5007
55407
211364
54680
40345
46681
75550
13002
59436
165309
-14752
2395
5
1916
3875
-40781
137199
10204
-1698
18710
80843
-34211
-10500
-10747
70537
-77503
-10174
24925
76195
9149
-25851
-12948
-14858
58811
83388
17501
-684
108107
50900
21860
75611
3571
48670
139990
-76722
39718
110409
-60760
-1319
30447
19510
-6898
50686
9713
41628
140631
-22999
23636
-6197
195464
685
4830
-12663
93763
138912
91282
72600
8880
100409
8434
57355
-10465
17238
12117
-3385
42497
23045
89209
108293
1561
14580
1979
-23131
10325
8716
55337
90851
16980
60601
3300
80702
-970
15085
7990
64311
-18948
14758
-10862
6143
87442
1764
9860
-28057
6932
18923
16976
59808
