2043994849
1595813396
1491450862
2088854449
1853665023
1170239708
1799191156
1682630730
1135651796
2011040022
1573281004
1299483763
1459228830
1222368632
1376883638
1075223447
1085583071
1448731022
1425549584
1227255326
1667958085
1227962996
2028233481
1207662488
1126309709
1864003710
1155320007
1652682455
2079516551
1260658204
1892318899
1493092322
1083449592
1111251824
1637616196
1592773345
1895476198
1180519771
1571920100
1866692020
1951980953
1487284401
1989261363
1805589501
1239453218
1124835745
1874334022
1521064145
2134166289
1871733648
1230525684
2136176240
1515520029
1167656083
1749407174
1198894076
1761626003
1511500126
1463227796
1815488511
1744329954
2061958789
1969953268
1147154579
1395618059
1926086081
1466192474
1995730893
2115322996
1227653129
1418489630
1517328985
1612332683
1387084141
1530217798
1993318952
1536222527
1715392936
1788094549
1737184158
1245039208
1079561592
1577845269
1681311699
1418188137
1176658990
1900233082
1607634422
1203743083
1192344984
1087023536
1364689934
1682475796
1466359970
2098431030
1677756598
1308252176
1275138228
1209119703
1210924472
1470714865
1793010555
1671517374
1450096114
1321718850
1420633578
1127034129
1137816681
1692646987
1744101740
1608212283
1348836443
2072946522
1803060312
1910215840
1243255376
1434468743
1638771918
1599535993
1252249908
1333820431
1862362250
1500864134
1078619428
1636736842
1905165838
2025185055
1374823438
1477954877
1877428510
1127850672
2034958443
1340051281
1997832967
1558717232
1106829931
1706649648
1567443771
1380334054
1640622748
1084159356
1268015463
1522069120
1356382135
1475731368
1629383770
1299764319
1598212775
1436403321
1339364547
2014180571
1114685491
1488486184
2071573056
1277215178
1584578606
2118961845
1340955759
1727352146
1843276087
1473403174
1079980332
1127565929
2051984405
1781369587
1219864568
2078155646
1404570717
2011743505
1082182904
1906773799
1342546970
2032077513
1101595683
1380158184
1129056643
1091043439
1391246415
1241923783
1545099812
1484148039
2078105397
1991811488
1635564370
1192177489
2027504874
1193442083
1883558861
2005144165
1840487280
1922149926
1502740089
1866499400
1812025532
1605825466
2005026918
1385652051
1700770540
2131268609
1350972016
1349079312
1513585451
1241387796
1390182816
1879254216
1340922259
1236982653
2063122885
1291762201
1913934250
1188011027
2115172249
1221104038
2119058155
1739914342
1177278725
1515252035
1650412885
1337015417
1512241296
1928070908
1203667710
1829993659
1662451656
1979764343
1177789587
1654834778
1283270156
1127314685
1584896848
1805648124
2045192445
1125095364
1815723005
1875100316
1581429682
1713339017
1085411388
1151903089
1078154626
2053583992
1237439079
1696080654
2077217669
1832472599
1394755455
1728792611
1773453310
1793781037
1438857136
1222655469
1636895963
1741522303
2054957458
1107164923
1207746236
1974718528
1991158254
1604376626
1975078644
1298093547
1842036617
1399453716
1279241879
1223189362
1246238897
1751417126
1312154831
1901949916
1780850350
1106377692
1305375433
1423866250
1093053390
1934343631
1639090160
1325671754
1820588762
2118974407
1131468584
1775875720
1475128383
1668460573
1104987476
1295135150
1304533766
1393046996
1989533544
1808905920
1486844724
2082535665
1542662746
2105876225
1262534159
1962964500
1372495244
1669013310
1313829791
1859121203
1654604471
1151341978
1936604826
1216095909
1181951861
1141392719
1332597711
1984651037
1908951246
1825651327
1096518463
1590131096
1106729434
1411538548
1660990254
1382545001
2105189491
1826844736
1645027891
1263861564
1090281332
1492271592
1363425339
1650798126
1683267214
1354682051
1085911782
1802398703
1773983016
2057227028
1897712268
1297547092
1569235977
1632599692
1134033366
1293177541
1820379392
1331341492
1579599789
1846743253
1771981440
1190159162
1378340853
1329683282
1133177043
1116381388
1318511302
1519531557
1736279680
1364271194
1258283949
1775515604
1731124992
1131200591
1897410776
1455045619
1496894480
1651053557
1832975087
1431801370
1476585597
1578121637
1769665808
1718072871
1129441884
1236681160
2044170720
1467532442
1788287170
1726514667
1127721910
1354958419
1496668361
1391552095
1676626000
1308273113
1526595698
1786545212
1088495407
1613898770
1845813651
1105808206
1337614215
1436587566
1335378144
