0.002046494
0.0046814377
0.0021314458
0.0024015962
0.0033748425
0.0039472
0.002531997
0.0025133546
0.0029615122
0.003426291
0.0025677474
0.0027994763
0.002340266
0.0030186214
0.003611665
0.0037610447
0.0027019044
0.002928912
0.0033669106
0.0040641543
0.0024096975
0.003981874
0.004590312
0.0029708918
0.004578704
0.0019195132
0.004000261
0.0024607268
0.0030215448
0.0037354853
0.0026645598
0.0017310444
0.0018947176
0.002236967
0.0029327401
0.0027589584
0.0038561525
0.0022308424
0.0033789629
0.0050578653
0.0033363816
0.004261777
0.0028923752
0.002550361
0.0021549952
0.0037945134
0.002744371
0.0037481193
