1815919113
1390027155
1507437216
1925498205
1172928416
1206563557
1104396846
2107472258
1701347139
1463422019
1253027336
1149714566
1128225878
1933172710
1468671872
1192383062
1594159565
1230908739
1473141242
1179798877
1855461627
1428290707
1206897471
1743501326
1667824653
1141810702
1249917552
2053406132
1939968803
1168033094
1942284482
1323645594
1958948533
1137923381
1097732551
1659420470
1711576622
1292173717
1704248916
1463969093
1508479456
1468309610
1837822709
1956439206
1584363030
1464258461
1383503494
1594906915
