1211627003
1623466775
1645695067
1657697678
1404942250
1812928304
1501813660
1975006591
1471070909
1279914818
1670540630
1192651790
1640125500
1265976093
1967106653
2033245493
1134796039
1870263933
1388480653
1982445637
1981903303
1277305877
1886219289
1272374894
1928239997
1088899401
1682831067
2012335091
1098274561
2003865055
1176554834
1478093487
1495098343
1360632818
1122926697
2055486741
1516934230
1309394283
1408226795
1846110633
2120755625
1907266663
2099574982
1992996163
1735726220
1189631933
1536132485
1300648452
1185966088
1580694574
1238022753
2141790042
1228355139
1144469205
1558358926
1246920363
1516862042
1312198501
2093642625
2087473344
1320147490
2032270032
1134090819
1077530746
1402821965
1275427143
1269159760
2131937332
1684528406
1971872899
1793350600
1373473919
1941322649
1378840805
1135765947
2057391389
2021184576
1432448581
1320853634
1642187480
1625737915
2140984870
1467156109
1433807193
1521470956
1196259329
1521021170
1893217805
1322031776
1960839271
1154618070
1498367155
1081604730
1600407398
1570882585
1155528747
1765130720
1137287443
1510905622
1391181218
1556117402
1212752392
1617112397
1278521964
1277944461
1866719326
1090162687
1658218726
1591833708
1961577808
1280593198
1836855786
