8.643992e-05
0.00019879857
0.000106914995
7.464031e-05
5.4260192e-05
8.224375e-05
9.2666276e-05
9.5446354e-05
0.00015372572
0.00018874263
0.00021416545
0.00015724136
0.000113915106
0.00013871926
0.00035366978
0.00013313524
0.00013287831
0.00015563559
9.267311e-05
8.87346e-05
0.00028841148
0.00012627506
0.00015711703
0.00019806327
0.00017286271
0.00013219059
0.000115091636
0.00010122004
0.00016204079
0.00016682206
0.0001797061
0.00016087141
0.00018765172
0.00016678768
0.000121271805
0.00016345567
0.00011961687
0.00018866148
0.00014581665
0.000111939466
0.000100484685
0.00030654902
0.00016193827
9.505629e-05
0.00010383929
0.00026537554
3.2052914e-05
0.00014115921
0.0001542595
0.00018087799
7.8191915e-05
0.0001745775
0.0005569138
0.00013712753
4.125595e-05
0.00013128518
0.0001287288
0.00014821423
5.763752e-05
0.0001431147
6.309061e-05
0.000171841
6.1924955e-05
0.00012277623
0.00012470181
0.0001250191
0.00016416452
0.00017183715
0.00023414106
0.000105957304
0.00014866855
0.000110808774
0.00013711717
7.888054e-05
3.632439e-05
0.0001929877
0.0001809361
0.0001313885
0.00010415268
0.00011123377
0.00014983298
0.0004162493
0.00021583319
5.7088535e-05
0.00017312924
0.00011082321
4.5737586e-05
4.1082723e-05
9.5189294e-05
2.3617218e-05
0.00020816483
7.5806485e-05
0.00042854022
0.00013624613
0.00021527748
0.00029088557
0.00012894189
0.00017344604
7.5815704e-05
0.00017148329
0.00016167892
0.00023840526
0.00015734737
0.00013495874
0.000141269
0.00013680855
0.00021679675
6.226265e-05
0.00020279479
9.3054674e-05
0.00010961377
0.00014221875
0.00020582952
0.00019645103
8.65313e-05
0.00030954325
0.00014992972
0.0001556186
0.00019925412
0.00055523595
0.00017413708
6.0282255e-05
4.7485744e-05
0.00015968291
5.5433047e-05
3.0521496e-05
9.176324e-05
0.00016452098
0.0002047347
0.00020266169
0.00020689527
0.00016432394
0.00018852932
7.927194e-05
5.368804e-05
0.00021704957
0.00013669788
0.00012782653
0.00010524452
0.00013698816
8.607331e-05
0.00027356876
0.00010831573
0.00019338353
0.00012477633
0.00019839949
4.2562253e-05
5.5329085e-05
6.620278e-05
0.00012777127
9.106742e-05
0.00015694641
9.843475e-05
0.00013130534
3.2391752e-05
0.00020288957
0.00039496052
0.00017994139
0.00013155426
0.00024778867
0.00017052946
0.00012877164
0.00015262073
0.00013390789
0.00020281208
0.00023579673
0.00013118087
3.3036158e-05
9.140103e-05
0.00016003926
0.00010705874
0.00015962156
0.00022080817
0.00024913196
0.0001311323
0.0001097589
0.0003564829
0.0002089729
0.00019063105
0.0002207432
0.00018682524
0.00017574853
0.00013804203
0.00016031435
4.4461536e-05
0.00018230396
0.00036577735
0.00010531579
0.00011406488
0.00016022206
0.000383869
0.00022970265
0.00020076889
0.000107789456
0.00012119901
6.9690344e-05
9.243293e-05
4.448843e-05
0.00016355663
5.4063723e-05
0.00019255686
0.00012933691
3.8611764e-05
0.00017998912
0.00014534412
0.00013067124
0.00018971566
0.00016567335
0.00019105746
0.00015006584
0.00015433725
0.00013371074
7.655432e-05
5.5067474e-05
4.865e-05
5.2599396e-05
0.000112071095
7.3374285e-05
0.00015028966
0.00018396231
0.0001908606
4.446372e-05
9.2264425e-05
0.00020193521
0.00015153857
0.00027486333
0.00014191864
0.0001357144
0.00019821193
0.00011099992
0.00015494847
8.554606e-05
7.678675e-05
4.2002826e-05
0.00015347512
0.00016752268
0.00027282536
8.164416e-05
0.0001599358
0.00015649603
0.00013445782
0.0002439878
0.00015981217
9.1888345e-05
7.084664e-05
0.00016271061
8.714052e-05
0.00015253553
0.00019944114
0.00011154229
0.00011612772
4.306622e-05
0.00015909022
9.437613e-05
0.0001264839
0.00023287651
0.00020941276
9.532687e-05
0.00015196398
0.00011258758
0.0001343294
0.00025176562
0.000111261965
0.00024037717
5.9957412e-05
9.728111e-05
0.00012520766
0.00011349078
0.000254569
0.00016477272
0.00012418744
2.1687189e-05
0.00013643378
0.00010345054
0.00013204751
0.00012093483
0.00022339889
0.0001969718
6.8924885e-05
0.00011841907
0.000112019225
0.00017787403
0.00013837742
0.00013031652
0.0001659408
8.316098e-05
0.00020072922
0.0002073004
0.00017155506
0.00018925175
0.00017207359
9.21461e-05
0.000106808475
0.00016238316
6.7771034e-05
0.00015571465
0.0002364514
0.00020856803
0.00019149891
0.00018060028
0.00014325956
0.00019575903
0.00015023815
0.00017664125
0.00016109271
0.00016221045
0.000121019046
8.8416076e-05
0.00019022448
0.00020939577
6.828692e-05
9.2748e-05
0.00020746415
0.00012322726
0.00014313252
0.00014018877
7.214144e-05
0.00016263437
0.000102707825
0.00012311495
2.7735294e-05
0.00020957435
0.00029780058
0.00014220363
0.00014087096
0.00011339994
0.00019578639
0.00012017099
9.861496e-05
0.00013932864
0.0001262058
0.0002088313
0.00018582922
0.00011765927
8.3443345e-05
0.00017289168
6.893838e-05
9.7431745e-05
0.00013326875
0.0001101074
0.00019034812
0.00018822483
7.696903e-05
0.00013920297
8.070687e-05
0.00015688337
0.00018250642
0.00017946628
0.00012832113
0.00011715711
0.00022822365
0.00021352564
0.00028129146
6.029595e-05
7.8677906e-05
3.869397e-05
0.00018107505
0.00014879824
0.00010157947
0.00019325681
4.5427063e-05
0.00011328108
0.00010219457
0.00019057876
5.0060895e-05
0.00012888016
0.00020121282
6.4194326e-05
0.00015429745
0.00011718346
0.00013801672
0.000103100814
2.5343652e-05
0.0002254247
0.00016907847
0.00023238048
0.00024494925
0.00011573088
0.00014668933
0.00012916511
0.00018314664
0.00020729087
0.00016741166
0.0001711564
0.00012636717
0.00015047872
7.248569e-05
0.0001384145
0.00023927422
6.1259e-05
7.0218455e-05
0.00014042917
2.330728e-05
0.00028701377
2.682133e-05
7.5185606e-05
0.00022713866
0.00015744047
0.00011192143
0.00015192677
0.00010904599
0.0001791485
4.6151785e-05
0.000121325436
0.0001047335
0.00027283787
0.00012162699
5.118703e-05
6.0806065e-05
8.7771514e-05
0.00015886407
0.00017764715
0.00012212942
0.00022263864
5.6385034e-05
0.0002955618
9.089604e-05
0.00020749282
0.00017619849
0.00013000514
0.00020393086
0.00010534923
0.0001584793
0.00019812131
0.00017036415
0.00018854317
0.00016336679
0.00020536024
0.0001611683
0.00013160973
0.00015520911
0.00016861694
0.00010707639
0.0001537014
0.00012040652
3.9163828e-05
0.000175238
3.1755797e-05
0.00018693911
3.2402146e-05
0.0001619641
0.00017978153
0.00012528352
0.00015152185
0.00011962063
0.00013993833
0.00024101803
8.762714e-05
0.00015826117
9.006748e-05
0.000117504766
0.00016967596
0.0003060064
0.00016544697
0.00013245997
9.2578106e-05
9.864447e-05
0.00022138616
0.00014808618
0.00019308036
0.00011177769
4.79024e-05
0.0002114032
0.00016134394
0.00013638967
0.00021584623
0.0001754273
4.977148e-05
0.00019356256
0.00011503501
0.0001743764
0.00020574387
0.00019997763
0.00016596518
0.00021898616
0.000105192295
9.5285875e-05
0.00013796405
0.00012338634
0.0001221323
9.163787e-05
3.115826e-05
0.00036978285
0.00021770241
0.00019597686
0.00026642464
0.0001793674
5.4952245e-05
0.0001987257
0.00014906375
0.00011861655
0.00010029251
0.0001350577
6.632853e-05
0.00011802002
0.0002039122
0.00020336923
0.0001385246
0.00020551503
5.176107e-05
5.263383e-05
0.00020583422
0.00015503854
0.00020992885
0.00015338449
4.9751852e-05
0.0002145734
0.0002545915
7.7182856e-05
0.00018777596
0.00011892186
0.00013853605
0.00019600603
0.00011862955
0.00012429654
6.169187e-05
0.0001497165
0.000121378376
0.00011937007
0.00021769792
0.00023544847
0.00013811476
0.00010210214
0.00017971586
0.00010216305
0.00012793053
0.00011971646
0.00015090393
0.0001996027
7.3390525e-05
0.00041136594
0.000104511826
0.00026062917
0.00021385841
0.00022656673
0.00012768617
9.870739e-05
0.00016554742
0.00010762095
4.0386636e-05
0.00022801846
0.00026634193
0.0001008462
0.00023081129
0.00023483009
0.0001570459
0.00026205488
0.00017278295
0.000113295384
0.00017207937
0.00011350964
6.2120846e-05
0.00013929063
0.00018113061
2.5353169e-05
2.7162418e-05
0.0001798491
9.0642185e-05
0.000211059
0.00019262897
7.8521436e-05
3.4259894e-05
0.000109038134
0.00011918226
0.00015226532
0.00014087539
0.00014091803
0.00010743861
9.285769e-05
0.00023538234
0.00010262608
9.715465e-05
0.00017810096
0.00016875932
0.00016488075
0.00017146823
0.00027331503
0.00019248837
8.945906e-05
0.00013934384
0.0001559996
0.00020644108
0.00010287453
0.00015742221
0.000102998856
0.00015849664
0.00020329001
0.0001481946
0.00011579848
0.00013603835
0.00029819575
0.00018288835
0.00012227142
0.0002259863
0.00023623586
0.000161767
0.00014882442
4.5313533e-05
0.00011333552
0.00013224904
9.1800866e-05
0.00028154257
0.00019242954
0.00010787227
0.00016451212
0.0001180723
0.00011945409
5.6915113e-05
0.00022190675
0.00016182325
0.000120492914
0.00017104158
0.00016925189
0.000105580824
0.00011768455
0.00012782826
0.00025941216
0.00026975534
0.0001426235
5.5876215e-05
0.00010410889
0.00014098169
0.00017889371
6.5636756e-05
0.00021101812
7.733438e-05
0.00010649282
0.00020414643
0.00013962784
0.00025745155
0.00017490612
0.0002982443
9.62686e-05
9.414549e-05
0.0001260583
0.00013080324
0.00016130214
0.00014284012
0.000110514724
3.220833e-05
0.00014039177
0.00013806985
0.00016524161
0.00019671039
0.00014552465
0.00014590552
9.93761e-05
0.00012047443
0.00016724246
7.064018e-05
4.485363e-05
0.00019141738
8.51308e-05
0.0002610159
0.00016170024
0.00017732334
0.00021623449
0.000104907114
0.00020200992
0.00016303832
0.00019345875
5.2515075e-05
0.00014168039
0.00038710303
9.02105e-05
6.234114e-05
0.00019928554
0.0002686989
0.00016724312
0.00015231718
8.464152e-05
0.00017749173
