-929
1587
-146
-1894
-1463
1438
471
-193
-427
1106
266
-3478
1199
954
1923
-340
812
-150
422
1461
306
640
-532
2857
1502
-135
821
759
665
-2919
-2326
380
39
858
15
57
-4521
277
143
743
-82
427
-185
820
7562
760
1344
-429
3
-403
-166
1028
-150
427
705
-311
-1088
1093
2683
-618
747
55
223
338
-500
-1216
-708
692
456
209
-2368
1322
-155
-85
1343
-256
956
819
660
544
817
-1021
-477
-349
1046
-2420
-409
1620
-338
131
2402
955
169
-216
1416
1667
-820
849
-451
1059
657
-428
1088
-530
-919
74
-2328
485
-448
938
-1295
1729
-318
142
935
-70
243
302
-535
612
-263
1990
78
1158
-1045
-723
1394
561
1055
1051
763
-554
388
-1060
-653
-743
101
402
509
1356
526
577
3508
-122
-1373
547
711
-249
-2698
-98
-889
392
749
1673
10057
-885
851
47
1649
917
590
-366
1614
298
-808
-247
872
282
640
1019
-109
547
-432
-177
-1388
2014
-221
140
3478
-174
-511
1251
680
876
260
706
-626
-627
-330
-634
-265
-458
-644
62
-17
-392
1772
373
107
1108
-518
1642
-153
-845
-1150
385
1042
294
-361
92
480
2156
-63
-1381
2573
746
-594
1055
-382
1186
1095
-499
641
-482
5387
2742
150
1199
523
2304
-282
267
693
1790
-280
267
-685
-167
1103
3769
657
-9
5
1106
-387
-503
484
841
348
5869
954
1487
93
1475
-420
-4150
-1181
-700
-1083
1638
-128
-236
488
95
-558
529
-4
716
731
92
447
116
763
-1055
-177
-694
17
158
-132
94
-1218
-312
1059
-516
1264
1630
-80
260
-138
-25
-1196
-736
52
648
710
263
-594
-237
-106
820
-591
-369
248
-429
-375
1253
-1151
-392
28
495
-135
-200
1331
-216
1492
-117
-2002
-522
-737
-435
1083
222
-248
1549
5047
-396
188
1428
899
-357
-65
1172
-723
-1287
299
1182
126
-116
991
278
-638
864
1154
46
230
63
-440
-33
1031
241
-389
120
995
-413
1341
699
1273
159
1917
1565
1233
-471
-157
42
4450
-114
-826
-834
-1305
431
-13
-17
179
16
-144
-2142
-94
912
775
-135
-320
932
103
-504
542
-9
-737
-123
995
189
168
164
-651
492
657
1845
-295
454
-1526
1262
1204
674
562
-67
525
-1534
-752
529
642
-705
64
795
-240
-419
2975
-225
545
-724
363
-1990
-702
-57
-164
664
-413
1438
2020
278
808
338
961
-28
-493
5303
49
-434
2480
291
-943
-426
-1085
411
-443
-336
-24
972
8722
95
724
239
-235
2897
-186
-1648
188
1531
-1695
-215
714
-414
-1287
988
325
336
-265
92
-449
-1318
876
641
378
-2359
-222
-515
707
-2238
3176
-462
72
1142
1705
262
13
-220
284
233
-69
377
-430
943
698
441
2239
153
7385
1030
-3396
-640
914
-286
-162
10
-1222
1177
-146
296
2318
-1282
449
10460
760
-803
-382
-3610
-405
1036
343
-317
-334
-275
-778
-494
-749
-662
1736
-257
947
-333
382
5500
482
324
647
1325
4957
755
-607
484
728
-1649
-694
1679
-411
162
218
968
-1933
-140
965
-716
3384
2
519
113
-186
448
1190
232
268
1638
302
26
-305
446
59
391
59
77
-301
1236
-846
-664
-92
1100
-471
41
-119
38
-62
931
1364
-588
-223
7
433
1376
-491
343
1143
661
-384
-232
-19
-652
-135
-144
-2464
3
-381
564
2449
686
101
100
-470
570
121
662
415
615
78
-1104
-87
705
-427
-2947
506
-471
1084
651
195
1562
1522
-1984
-2236
658
602
-1119
744
265
862
61
-119
-863
-773
3343
-1078
-306
453
2762
-764
-779
1606
-1076
-416
1458
-545
1450
-326
357
-715
-93
-1262
-661
915
-768
-44
166
1981
1818
442
1787
18
-152
-288
-210
562
-139
147
208
446
-2732
-321
2276
-100
2209
-1070
497
1012
-770
-198
-316
1207
157
580
789
431
-1991
499
183
-543
-72
-53
-247
-393
1006
-602
-430
1598
-409
2151
-832
-268
5
-177
-109
-178
109
472
1008
-1520
-328
505
-2564
-2
-170
-15
-192
1121
282
-523
161
-1513
360
470
-503
57
-946
-2252
1524
-341
1363
131
-462
93
784
-56
533
-175
-72
297
58
-223
-1498
771
-77
-428
484
680
-1266
162
1018
831
-738
1121
-488
-556
-337
-727
414
-345
583
-384
-814
-67
587
329
312
1533
-729
-1340
-1659
-675
122
283
-188
-470
393
-130
-187
251
901
-67
-839
-298
-385
403
-1510
1063
-146
1552
-1339
-2759
957
431
456
1050
-397
1745
343
1005
556
-413
-792
-1466
-463
-375
225
-42
120
843
103
-488
1084
-833
-467
703
72
-872
326
503
858
-478
60
358
-841
1628
1368
917
1890
1058
149
16
-121
740
1300
-29
-1294
-42
259
-152
-442
1326
-35
-83
-1061
596
-385
2133
-302
406
1543
-370
697
2659
-4
1784
-351
-373
392
405
77
-296
304
61
-229
-358
-6997
-493
828
-57
-1199
2
-9
-143
1283
341
124
284
-233
3594
1578
346
-729
874
-642
-1729
-295
1327
-367
1118
883
47
64
142
1563
76
-147
203
-271
-634
472
425
-326
412
405
93
-506
-312
70
-343
109
890
-168
1310
207
10060
-1432
-295
290
-40
798
174
-645
-40
-429
-3908
674
86
5180
1220
3267
600
622
-471
1603
240
716
75
7110
748
158
-919
1192
235
-62
1474
-798
1661
-1382
297
1680
-443
230
-1169
938
3453
-88
869
-1454
1171
1362
1140
-1647
2393
359
-1119
-114
-1388
481
-426
866
124
320
-1225
-224
-433
-1887
565
-558
-327
754
-501
440
960
-24
-427
457
1587
-245
-451
-148
-3684
-530
-587
1082
398
343
870
-1000
-496
-932
-137
-180
327
-123
792
2626
2971
-415
1206
-382
149
467
784
-356
610
424
-698
-767
-209
1828
7875
1472
-103
1661
-1053
768
-415
-54
-268
1365
-278
1235
-35
748
935
419
-459
171
-342
-384
771
1300
484
-164
-243
592
988
186
1763
-944
-102
774
-17
-1884
435
-471
-20
874
737
1433
47
-679
-333
-1156
-35
-671
6
1054
4380
1552
518
658
697
-892
-332
160
695
1117
1313
3912
491
-1353
-282
1280
-37
-146
36
-177
285
63
-756
-37
3300
-895
3201
1272
-626
-262
1376
3078
97
-61
92
-358
-413
1180
761
13
914
3383
-423
337
2551
-130
350
740
-1687
-1295
-90
388
1194
-335
-832
2088
849
1095
274
-1229
-2705
7735
568
5651
-229
1417
186
-587
-577
80
1741
-120
105
-960
-93
-32
611
1442
493
-153
860
1315
