0.001021
0.000140
0.000061
0.000077
0.000229
0.000645
0.000647
0.000169
0.000185
0.000404
0.000382
0.000103
0.000086
0.000089
0.000295
0.000668
0.000320
0.000678
0.000510
0.000087
0.000086
0.001290
0.000090
0.000386
0.000080
0.000958
0.000133
0.000269
0.000561
0.000121
0.000116
0.000414
0.000876
0.001215
0.000392
0.000448
0.000791
0.000506
0.000557
0.000503
0.000941
0.000334
0.000201
0.000117
0.000565
0.000394
0.000089
0.000403
0.000052
0.000067
0.000055
0.000647
0.000283
0.000718
0.000576
0.000350
0.000381
0.000203
0.000268
0.000091
0.000338
0.000114
0.000405
0.000250
0.000732
0.001393
0.000469
0.000512
0.000398
0.000081
0.000411
0.000080
0.000653
0.000114
0.000299
0.000240
0.001407
0.000597
0.000454
0.000107
0.000332
0.001095
0.000315
0.000743
0.000319
0.000646
0.000473
0.000108
0.000260
0.000109
0.000411
0.000318
0.000409
0.001029
0.000714
0.000081
0.000135
0.000064
0.000260
0.000076
0.000337
0.000075
0.000617
0.000077
0.000644
0.000665
0.000422
0.000305
0.000060
0.000208
0.000103
0.000967
0.000288
0.000145
0.000715
0.000283
0.000198
0.000094
0.000414
0.000343
0.000277
0.001095
0.000084
0.000291
0.000766
0.000175
0.000463
0.000663
0.000281
0.000462
0.000237
0.000490
0.000087
0.000714
0.000133
0.000146
0.000556
0.000323
0.000638
0.000379
0.000052
0.000077
0.000837
0.000595
0.000145
0.000339
0.000094
0.000095
0.000776
0.000390
0.000697
0.000866
0.000060
0.000313
0.000451
0.000086
0.000385
0.000251
0.000242
0.000356
0.000176
0.000359
0.000647
0.000358
0.000103
0.000407
0.000416
0.000301
0.001245
0.000744
0.001008
0.000941
0.000397
0.000530
0.000150
0.000104
0.000819
0.000347
0.000071
0.000331
0.000069
0.000566
0.000379
0.000534
0.000477
0.000091
0.000044
0.000951
0.001135
0.000403
0.000194
0.000056
