1508765943
1722768949
1438274169
1452338342
2005640075
1864759973
1768321217
1386267764
1696336220
1304833191
1855571260
1112077115
1667326334
1768541602
1320228670
1734903627
1404029010
1760832618
1101246758
2139040574
2067033090
2017522884
1341695985
1723753936
1642395823
1209417652
1740827041
1487788872
2043766711
1747694963
2098066921
1155236630
1631718386
1956579635
2077953400
1475087489
1743327738
1669188364
1357122948
2134961200
1235816648
1585230606
1114119052
1795194716
1389748950
1628893857
1345343585
1190903048
