0.00919997
0.00330061
0.00803560
0.00801596
0.01527309
0.00951962
0.02378944
0.03456128
0.03512869
0.12036183
0.06193713
0.01134003
0.03016657
0.01925139
0.00641563
0.03429155
0.01040312
0.02823976
0.00749295
0.01023424
0.01513507
0.00679063
0.02630312
0.00407701
0.00842068
0.00754110
0.03585700
0.01051559
0.01836412
0.04453177
0.01444619
0.00898002
0.00891224
0.00684547
0.04548289
0.06635789
0.00699110
0.01093834
0.00482138
0.00976295
0.04019640
0.06250068
0.01229236
0.02981574
0.03375489
0.01592143
0.01030338
0.00931530
0.00389743
0.05806862
0.00270523
0.04005423
0.01430105
0.02151392
0.01945453
0.00105697
0.03357102
0.07033120
0.01926586
0.00451797
0.04218470
0.00911771
0.03711523
0.05526131
0.08049516
0.15418909
0.07396414
0.01190518
0.08544587
0.01773242
0.02427126
0.01406508
0.01125546
0.01752533
0.03695993
0.03053703
0.00661736
0.00975915
0.03223403
0.00598796
0.03677464
0.01088740
0.01792803
0.02963162
0.05618963
0.06145303
0.02527531
0.00756102
0.08379555
0.01660262
0.01891939
0.00548634
0.00489257
0.01365948
0.05275255
0.05031394
0.01236941
0.01058964
0.01129280
0.00834239
0.01569513
0.00818039
0.04563694
0.04720626
0.01321346
0.02985047
0.05201742
0.00446187
0.01723199
0.05519592
0.07128211
0.00373040
0.01546116
0.00725549
0.02954852
0.03198014
0.01659769
0.00297821
0.10263759
0.01426428
0.02608678
0.01080575
0.05040935
0.01257289
0.01221393
0.00860905
0.02060057
0.03694709
0.00917519
0.00673022
0.00907980
0.01129761
0.00698496
0.00981926
0.00873549
0.03067442
0.01396890
0.05553368
0.05017386
0.00764953
0.01875320
0.07847478
0.03812734
0.04444369
0.04452746
0.00472516
0.04976930
0.01073706
0.02248580
0.01822680
0.01699655
0.08541267
0.02533929
0.05355277
0.03204679
0.05248794
0.01689061
0.00725562
0.01808066
0.00948379
0.02359823
0.01144581
0.01417668
0.06782561
0.02460141
0.01223240
0.00915047
0.02958562
0.01070164
0.01699404
0.01326113
0.09936696
0.03902255
0.01097248
0.00873081
0.09315761
0.01512446
0.02364604
0.01536445
0.02756344
0.01956115
0.01507943
0.11257840
0.02307655
0.04780239
0.01280866
0.01101135
0.02381161
0.04271909
0.07202581
0.00604940
0.02797041
0.01667532
0.01215310
0.01123706
0.02441534
0.03552147
0.03344788
0.05143283
0.02806745
0.02030311
0.01947860
0.00811191
0.09114657
0.00921454
0.00984894
0.03228378
0.04557474
0.01199784
0.01380442
0.03435852
0.04597024
0.04024379
0.07933424
0.01007072
0.08067231
0.01560293
0.00879588
0.00276566
0.01469825
0.00741065
0.01611462
0.00490335
0.01333206
0.00686610
0.00859496
0.01059090
0.02007298
0.03516789
0.04114380
0.01180360
0.01992782
0.09824876
0.04005249
0.01178582
0.01487568
0.09033407
0.02721035
0.02505510
0.01145654
0.01160942
0.02464039
0.09748667
0.07111266
0.03209754
0.05047027
0.01257505
0.04606796
0.02454161
0.02315474
0.05672791
0.01397444
0.04331563
0.01166685
0.04014118
0.04593242
0.00854814
0.01045684
0.02326284
0.04267469
0.02752984
0.04963759
0.02195414
0.01147837
0.00590942
0.00447342
0.05299811
0.04429282
0.01334225
0.00479372
0.00648866
0.04998959
0.01577256
0.00801305
0.01587656
0.01731065
0.02081829
0.00303787
0.02265259
0.04078929
0.02373549
0.01745787
0.01429833
0.02785200
0.03752553
0.03437893
0.03411175
0.02948798
0.07070459
0.00889393
0.03861472
0.04150225
0.05973160
0.00530725
0.02696328
0.04895989
0.00359351
0.01676820
0.02875617
0.02998766
0.05952255
0.01454599
0.06249803
0.02884777
0.01762669
0.00695811
0.08185278
0.00482662
0.03453480
0.02244813
0.03612197
0.01061913
0.03698002
0.01202713
0.02795809
0.02451176
0.01221247
0.05709885
0.04761222
0.02115713
0.01462491
0.01301474
0.01197431
0.05738984
0.01632903
0.06500585
0.01341938
0.09141254
0.00987327
0.07544150
0.00777264
0.07041680
0.05663724
0.06156562
0.02046056
0.00799347
0.00730310
0.09289895
0.00810357
0.02523178
0.01010310
0.00942634
0.10322212
0.00451356
0.02238837
0.10066669
0.02714913
0.04914609
0.01260221
0.03269932
0.01296155
0.00836267
0.10162200
0.00595443
0.00808581
0.01741423
0.01821350
0.01756751
0.01660500
0.01918039
0.01983336
0.01190831
0.00608033
0.00960858
0.01200136
0.09110366
0.01039584
0.01384364
0.00623564
0.01222736
0.01729165
0.01088042
0.10107359
0.02744030
0.01150145
0.00621473
0.03947477
0.00420721
0.16527331
0.03218387
0.02819147
0.00937814
0.00490139
0.07023395
0.03703728
0.00995361
0.01507182
0.01588146
0.01761030
0.06062237
0.05995307
0.03506692
0.08282845
0.04622475
0.00928189
0.08810667
0.00644728
0.03522712
0.02754594
0.00861240
0.00873845
0.02281757
0.07611836
0.02649446
0.00691704
0.01054132
0.01916387
0.06133558
0.05250041
0.03676650
0.01456051
0.02561035
0.11460707
0.02603704
0.00754690
0.02672620
0.01126354
0.00840248
0.02063551
0.05259844
0.02866015
0.03790145
0.02276587
0.02956159
0.01452890
0.03074325
0.02010844
0.00555195
0.00820735
0.03185424
0.00676328
0.01542015
0.01446646
0.08014458
0.00916943
0.12126462
0.07431141
0.01160548
0.01716035
0.00729193
0.14782685
0.00986061
0.00973373
0.00982976
0.01032131
0.01407064
0.00460403
0.07426720
0.03579471
0.01680454
0.07906470
0.00783214
0.02967530
0.01357313
0.00770089
0.01039799
0.00713808
0.02506527
0.01281031
0.01218011
0.02874813
0.03435622
0.04285927
0.03617381
0.02292136
0.02535778
0.02467017
0.04379018
0.05217248
0.05014537
0.01684151
0.00917016
0.00946244
0.01633067
0.06850622
0.01044322
0.01143424
0.07601929
0.06276319
0.06298712
0.01645611
0.01021319
0.02153517
0.03388324
0.05640588
0.06803736
0.05461045
0.01039746
0.01725756
0.00605588
0.01267151
0.03843704
0.07395275
0.01316555
0.01084213
0.03450989
0.04839627
0.03291939
0.05536564
0.02996266
0.01225393
0.01221269
0.04518530
0.00690470
0.00940704
0.00457911
0.02967915
0.00520074
0.00762703
0.03739293
0.01814463
0.04992973
0.06846318
0.02634243
0.00635384
0.00960219
0.10107926
0.01603853
0.02156117
0.00679798
0.02660765
0.05427440
0.02088122
0.03583139
0.09612647
0.02814688
0.03160617
0.05220571
0.04654900
0.06325000
0.02249361
0.00979422
0.11786845
0.02102415
0.01733853
0.03213599
0.04106767
0.00256392
0.01115200
0.08325947
0.05658457
0.03119804
0.01229491
0.02904164
0.01686229
0.01082480
0.02247595
0.02707457
0.00778100
0.01283802
0.11029045
0.07435934
0.01698288
0.05720853
0.01424909
0.01914864
0.00546396
0.03811292
0.02788187
0.08687265
0.14174609
0.01768662
0.02024283
0.02721959
0.04349336
0.06693305
0.07115021
0.01110953
0.02133033
0.00384007
0.06705005
0.01804508
0.00871114
0.02037487
0.08141638
0.02346862
0.01381282
0.02519991
0.01289353
0.00969219
0.04894875
0.03771317
0.04166657
0.05439385
0.03359581
0.11603261
0.00775627
0.04354701
0.00691644
0.07712953
0.05895614
0.00877514
0.01789885
0.01373509
0.03555289
0.03720922
0.05593769
0.01467336
0.01062939
0.00936222
0.04642289
0.09167305
0.02000381
0.01346541
0.02544710
0.04278907
0.06759237
0.09035368
0.04760917
0.01883620
0.06084739
0.01037232
0.03744154
0.00933542
0.00520406
0.03708971
0.08701459
0.03420185
0.01536749
0.01082555
0.08188573
0.04586608
0.04847942
0.01284916
0.03242216
0.01580980
0.00626861
0.00658595
0.04894522
0.02545884
0.01521541
0.00969996
0.01449962
0.02773160
0.04446759
0.06862053
0.05147437
0.02406267
0.01265232
0.03409182
0.02472574
0.01244697
0.03428828
0.00675397
0.02696640
0.00868798
0.04019932
0.03746711
0.00680105
0.01867433
0.05705577
0.01660405
0.01420807
0.01658167
0.03285197
0.00702633
0.01296473
0.01963199
0.04502712
0.02524322
0.00273511
0.03558913
0.04977486
0.01220635
0.05505748
0.00789954
0.07128170
0.08031818
0.03419469
0.00627158
0.01780021
0.02130647
