1577413818
1076239338
1104780860
1630115882
1689071837
1958514397
1319619945
1714193263
1427906726
1492758277
1099740289
1180650009
1967418863
1959129200
1683713685
1543066273
1983281598
1653063103
2062464984
1592388956
1561119499
1434453769
1810033334
1815582849
1605882052
1238237926
1743483950
1518018135
1138356847
1202080580
2059224035
1410480518
2014551055
1997283637
1595206464
1628544266
1843709074
1283717071
1798661512
1225941863
1266180932
1909814660
1542390397
2064631045
1808254070
1738968607
1866477147
1525737783
1200869296
1805843716
2064598473
1703322241
1883186763
1281754587
1312812324
1333621984
1291672868
1605499327
1489476613
1861819301
1816275011
1806951176
1678746402
1349521363
1136139891
1709250409
1514213278
1862837187
2023931892
1185967446
1569824460
1779464183
1202742206
1150610158
2125655345
1341907576
1788873521
1077782453
1230556958
1217888350
1111165041
1458288587
1584856600
1304913529
1704568133
1496911252
1714803994
1329497511
1106600841
2096128508
1372232435
1158494703
1171684470
2049142892
1946800565
1179526263
1292177739
1867714896
1337290446
1867812614
1580410474
1861587223
1146298393
1886704577
1223938664
1630067023
1408518034
1118664825
1130912029
2079581754
1482432842
1627640383
1839295520
1257243893
2134352162
1287194170
1749648267
1176244599
1457954720
1878056618
1383482111
2056097089
1230949862
1507692700
1264812893
1970350375
1251067361
1573097981
1948250035
1967581725
1902437023
1973819330
1321834865
1351198839
1691380402
1159640843
1395440235
1323496055
1375302379
1536861241
1598211264
1586420073
1170937341
1497798848
1476826326
1481813967
1435396331
1129584706
1974291629
1140366154
1214443823
1712198206
1699698567
1126474046
1995382227
1444681487
1991913271
1489370753
2076841605
1847296104
1414649779
1389145628
1653567974
1593610419
1311607147
1911329275
1400244657
1299359943
2074264318
1589799454
1887388597
1260794279
1319925311
1703713109
1870516119
1565899491
1319880524
2033088794
1961669843
1500054484
1210779434
1838497498
1220510424
1691319329
1356736139
1949019556
1725528441
1082733450
1721399895
1831820166
1228010208
1416156251
1340254529
1320882124
1554743461
1363234323
1500526783
1512765844
1815012832
1537476044
1975057079
1500789397
1577739541
1311916584
1472685566
1077257224
2125915923
1361426558
1140360047
1738679528
2103164136
1996611833
1310963843
1694234555
1238457789
1953135887
1425919813
1469192181
1099772862
1833444712
1593162549
1853806503
1086365267
1719510699
1691685768
1332103299
1505298632
1697491790
1398127454
1089398568
1877437743
1672305219
1190421715
1254670677
1142239064
1255031009
1559360592
1626972650
1342730028
1322233876
1918763914
1164494123
1512611125
1400594810
1740666441
1601077631
1496593671
1290565408
1429763350
1496390094
1561779089
1430642804
1143643747
1332673315
1754118822
1441835478
1444944102
1219744974
1885711120
2107203108
1477546989
1358853342
1524239454
1493572586
1802407333
1395684528
1881199850
1105692886
1598748708
1188597663
1882144448
1524581464
1110517666
1375391953
1269511454
1783034927
1261462012
1457449849
1658079245
1153875537
2040592650
1473980317
1357782526
1705032289
1814157808
1208707018
1196467957
1645119521
1307372741
1706583547
1780974726
1855793416
1981441260
1140211435
1556608228
2135378191
1688404104
1169176399
1908804917
2075331062
2010170074
1469654301
1567821260
1310878340
1700407015
1657834952
2078181143
1538852225
1872779897
1198874240
2042954145
1468752454
2077741416
1431571116
1090854145
1378799835
1123249384
1411726411
1106173328
1104153843
1436815264
1368836768
1874359656
1083657691
1650750466
2014518483
1417548719
1458028008
1778694661
1197335196
1340653541
2007116416
2127381679
1503051140
1775763149
1517439976
1650082733
1119259271
1986384115
1855565410
1456151026
1662781878
1822594047
1877144592
1227550123
1587104092
1210706146
1405057222
1654308995
2068104072
1323455339
1226055867
1705814025
1584555306
1145822023
1820664135
1613968139
1785942009
2089329030
1963021596
1313742671
1191879327
1169567267
1530672494
1507252973
1200804151
1420388620
1496255733
1961392978
1144519129
1931328698
1107989237
1666955211
1606492784
1277821476
1183931674
1495176774
1555199474
1375294236
1735662514
1247749052
1538774866
1777725634
1931629992
1405602809
1239671109
1429881425
1156432466
1726969768
1306574718
1194061675
1916662997
1365481815
1619896306
2136078497
1632493663
1094186703
1291884588
1491988755
1930937830
1531291368
1720406439
1814393958
1826519015
1212090471
1411180824
1839751533
2028445199
1584335442
2139922034
2084516465
1188776811
1080844254
1650465458
1074993445
1866493433
1684104554
1627461235
1271469867
1495221561
1719315265
1299742668
1560903707
2031130382
1484419755
1127614079
1313081046
1265093829
1262268178
1300377829
1318638703
1517700555
1836535013
1462465991
1755193710
2133187701
1407243641
1217076077
1623471122
2038915174
1638519548
1379943939
1159832205
1154111686
1418041375
1595768337
1156790762
2089174311
1169990707
1350433389
1574140296
1543066273
1751838758
1410089650
1080502244
1644284854
1540590775
1372028858
1329228789
1394467136
1780486140
2018638885
1668893266
1719355980
1855329260
1124413845
1127215067
1537594118
1523083136
1685944891
1096271334
1197294481
1569954749
1453419020
1494965054
2049541903
1423656034
1147181918
1419600777
1352045721
1672199359
1276543011
1451985837
1851852162
1522773699
1469045606
2019013467
2004384410
1827716049
1576387789
1856053995
1881077704
1492345015
1959096627
1521128795
2080933507
1651125048
1464811200
2006122959
1146383896
1698835399
1221809246
1445658658
1823237351
1368217893
1111971207
1540668134
1733402807
1684902576
1379019699
1591045347
1398640469
1901508711
1588007975
1231776386
1893903067
1407027849
1656206335
1891313565
1579343729
1144211727
1670114729
1893333051
1245513775
1237093822
1453113654
1891297279
1308708207
1090310594
1104791039
1199668191
1119454705
1807456047
1698094378
1332404593
1473239296
1545362624
1251934600
1622127513
1815770140
1500249918
1988297740
1815200123
1100579027
1129100192
1746285172
1901639000
1141750479
1119224662
1533209066
1717930940
1763629949
1355156380
1347453019
1924488504
1329904665
2031537536
1411989025
1179275863
1407622295
1742523065
1555435624
1706766767
1458954284
1460560508
1474566619
1499280890
2116148290
2069814120
1233417218
1548994441
1492513985
1490856866
1933576190
1205368352
1419295411
