0.00096856
0.00528664
0.00542684
0.00050046
0.00207424
0.00962050
0.00162054
0.00210509
0.00175352
0.00183316
0.00135052
0.00289976
0.00120803
0.00120294
0.00103383
0.00189494
0.00121777
0.00101501
0.00253278
0.00391102
0.00191711
0.00176156
0.00444557
0.00111480
0.00197208
0.00152060
0.00107053
0.00093209
0.00559177
0.00590479
0.00063220
0.00086606
0.00123697
0.00490547
0.00391794
0.00199991
0.00113207
0.00157645
0.00110441
0.00150550
0.00310983
0.00117266
0.00378822
0.00126772
0.00222060
0.00427103
0.00114605
0.00093683
0.00294942
0.00221764
0.00253540
0.00209174
0.00231262
0.00157404
0.00080609
0.00327547
0.00079311
0.00394322
0.00182913
0.00114319
0.00223045
0.00110950
0.00206156
0.00165726
0.00139522
0.00104951
0.00743803
0.00228763
0.00248546
0.00145641
0.00385560
0.00437049
0.00147701
0.00141299
0.00130519
0.00164791
0.00219680
0.00529422
0.00604467
0.00149561
0.00272910
0.00179083
0.00097313
0.00320496
0.00209327
0.00091913
0.00210584
0.00163267
0.00271789
0.01029648
0.00337030
0.00569069
0.00287774
0.00503284
0.00119537
0.00144850
0.00158684
0.00114681
0.00164224
0.00229374
0.00097040
0.00457219
0.00281539
0.00231694
0.00075152
0.00100089
0.00345942
0.00137376
0.00277760
0.00063845
0.00091024
0.00199880
0.00225872
0.00077197
0.00131053
0.00158072
0.00429726
0.00144447
0.00716168
0.00115316
0.00339793
0.00126248
0.00151165
0.00185150
0.00310647
0.00120983
0.00307271
0.00096591
0.00119626
0.00241626
0.00116813
0.00121196
0.00162326
0.00165932
0.00415415
0.00142408
0.00342730
0.00081265
0.00168892
0.00094366
0.00098133
0.00194818
0.00575181
0.00367870
0.00362719
0.00181972
0.00705087
0.00138717
0.00242450
0.00140041
0.00149138
0.00105132
0.00208729
0.00138335
0.00490080
0.00088706
0.00122307
0.00091450
0.00510087
0.00453709
0.00086862
0.00341184
0.00101532
0.00195701
0.00322140
0.00117359
0.00343910
0.00638264
0.00254727
0.00195233
0.00231778
0.00154830
0.00324183
0.00104611
0.00114853
0.00192298
0.00081043
0.00499341
0.00240900
0.00092106
0.00148688
0.00225774
0.00149883
0.00103850
0.00083306
0.00478693
0.00211901
0.00265927
0.00105697
0.00112477
0.00075402
0.00173909
0.00329176
0.00162209
0.00095464
0.00167410
0.00184270
0.00371546
0.00111445
0.00377615
0.00242544
0.00737209
0.00096876
0.00161108
0.00361702
0.00132291
0.00130535
0.00083594
0.00560161
0.00106758
0.00129138
0.00245191
0.00160991
0.00208058
0.00304174
0.00119926
0.00087554
0.00180422
0.00067528
0.00450307
0.00391292
0.00227654
0.00266819
0.00105581
0.00207745
0.00163587
0.00369712
0.00104229
0.00686780
0.00133782
0.00115278
0.00205365
0.00073094
0.00154078
0.00280542
0.00616489
0.00382990
0.00199798
0.00082446
0.00162375
0.00235631
0.00143004
0.00185754
0.00171998
0.00106880
0.00098309
0.00183787
0.00079243
0.00351160
0.00091881
0.00095896
0.00087844
0.00280887
0.00327314
0.00107706
0.00354125
0.00709777
0.00149789
0.00231572
0.00129386
0.00181448
0.00083436
0.00187182
0.00183416
0.00110671
0.00342790
0.00231018
0.00271566
0.00392664
0.00145964
0.00115567
0.00093612
0.00272751
0.00168903
0.00311801
0.00218963
0.00309824
0.00178980
0.00203618
0.00283400
0.00125296
0.00362020
0.00333481
0.00104692
0.00222785
0.00593734
0.00293861
0.00404053
0.00160550
0.00419149
0.00109355
0.00113949
0.00121664
0.00070011
0.00191157
0.00131116
0.00414684
0.00143579
0.00117204
0.00127429
0.00123428
0.00721915
0.00192534
0.00321961
0.00104408
0.00203588
0.00127604
0.00377953
0.00114992
0.00147226
0.00250882
0.00090184
0.00510308
0.00087901
0.00535843
0.00338643
0.00137939
0.00173365
0.00067921
0.00067797
0.00088223
0.00168098
0.00115089
0.00133077
0.00202718
0.00123695
0.00087040
0.00358102
0.00109215
0.00147037
0.00164637
0.00246481
0.00261250
0.00369160
0.00218070
0.00372694
0.00101318
0.00274898
0.00243935
0.00227870
0.00357641
0.00408391
0.00223821
0.00115260
0.00301495
0.00194902
0.00594716
0.00086273
0.00203155
0.00507941
0.00325050
0.00075282
0.00104740
0.00194589
0.00140711
0.00111792
0.00396402
0.00109660
0.00256577
0.00120533
0.00645329
0.00146367
0.00287254
0.00187972
0.00370192
0.00147463
0.00697715
0.00367491
0.00120433
0.00140551
0.00237174
0.00136065
0.00051177
0.00394566
0.00156921
0.00290782
0.00183613
0.00095492
0.00337782
0.00426291
0.00153228
0.00188967
0.00218311
0.00474422
0.00172613
0.00152236
0.00702378
0.00142014
0.00212078
0.00080226
0.00293270
0.00470746
0.00167686
0.00198929
0.00131159
0.00200476
0.00134370
0.00079324
0.00366443
0.00237126
0.00376096
0.00105636
0.00222814
0.00224303
0.00148849
0.00173298
0.00112964
0.00996401
0.00097281
0.00525580
0.00127993
0.00072993
0.00265463
0.00202683
0.00132013
0.00114606
0.00206814
0.00099929
0.00156141
0.00367237
0.00211138
0.00319226
0.00383369
0.00124715
0.00091146
0.00138475
0.00161251
0.00155358
0.00155011
0.00319382
0.00323867
0.00745516
0.00225533
0.00179596
0.00215544
0.00261963
0.00345629
0.00597845
0.00398736
0.00500772
0.00100608
0.00084731
0.00569726
0.00283458
0.00348281
0.00097983
0.00071029
0.00128279
0.00287358
0.00165838
0.00096655
0.00094747
0.00107566
0.00173164
0.00265379
0.00100962
0.00378380
0.00084245
0.00652936
0.00342491
0.00218650
0.00247896
0.00204946
0.00211143
0.00227841
0.00138082
0.00138426
0.00188822
0.00748160
0.00207040
0.00269252
0.00073516
0.00096398
0.00356970
0.00367174
0.00503382
0.00087415
0.00140878
0.00174332
0.00166036
0.00102676
0.00156764
0.00178309
0.00227414
0.00093501
0.00180404
0.00495884
0.00492291
0.00112225
0.00096793
0.00227930
0.00462006
0.00733061
0.00240584
0.00046700
0.00127773
0.00202764
0.00719536
0.00246359
0.00281560
0.00208623
0.00300085
0.00177532
0.00111950
0.00168022
0.00136554
0.00378399
0.00053217
0.00103456
0.00338697
0.00097693
0.00085879
0.00233512
0.00195013
0.00302533
0.00116289
0.00172788
0.00203388
0.00116130
0.00193949
0.00562053
0.00205096
0.00116254
0.00305907
0.00303839
0.00356895
0.00232258
0.00160714
0.00133894
0.00542689
0.00589294
0.00137473
0.00110981
0.00208532
0.00163624
0.00361838
0.00094888
0.00153742
0.00199203
0.00222983
0.00184236
0.00122085
0.00222913
0.00135155
0.00277315
0.00428900
0.00233528
0.00140211
0.00549779
0.00376567
0.00210968
0.00108290
0.00166418
0.00330944
0.00118167
0.00163317
0.00124740
0.00693589
0.00579277
0.00172861
0.00106994
0.00191013
0.00209597
0.00716659
0.00089681
0.00181082
0.00184117
0.00519741
0.00508361
0.00075734
0.00380444
0.00091643
0.00366165
0.00118725
0.00592094
0.00348589
