0.003053188
0.0019383073
0.0025969993
0.0023366322
0.0022033507
0.002878672
0.001702461
0.003296491
0.0023179017
0.0018224649
0.002726684
0.002523425
0.0021477118
0.0029720906
0.0023119587
0.002589153
0.0022276428
0.0025706813
0.003539135
0.0026806705
0.0024990651
0.0035151478
0.001758641
0.0027289463
0.0023460267
0.0016831417
0.0032208704
0.0031949694
0.0019512061
0.0021039688
0.0021889
0.0022560237
0.0027232866
0.0022553718
0.0022617716
0.0022108795
0.0037039125
0.0019974425
0.002837864
0.0024645294
0.003058148
0.0021721811
0.0024992153
0.0048228623
0.0024287817
0.0024813425
0.0018532658
0.0020740805
0.0021729518
0.0028832615
0.0023010687
0.0026995419
0.0019576552
0.0025291266
0.0030923455
0.0028931699
0.0024802024
0.002666032
0.002987956
0.0025228483
0.0021261282
0.0021416373
0.0026731233
0.006750317
0.0025858958
0.0020772018
0.0022441854
0.0033214204
0.0024498745
0.0027651598
0.005596839
0.0024879237
0.0027400167
0.002773171
0.004387011
0.0026475708
0.0023122495
0.005027998
0.0022925006
0.002500473
0.0028205568
0.0033222523
0.0022328382
0.002701081
0.002488263
0.0023138055
0.002539598
0.002747107
0.0027784277
0.002798156
0.0024111532
0.0023014215
0.0018891301
0.0027039277
0.003383564
0.0029056955
0.0024410856
0.0035564995
0.0024930753
0.0016398332
0.0025303394
0.0031757061
0.0026031681
0.002835299
0.002306821
0.002849112
0.001888073
0.0028067594
0.00267848
0.0030488719
0.0022926368
0.0022720236
0.0027778235
0.003088873
0.003120863
0.0027615943
0.0029104445
0.0015969898
0.0019967023
0.003136515
0.0020689485
0.0031027019
0.0026540342
0.002421536
0.002396032
0.0022088487
0.0043968433
0.0021757097
0.003288445
0.0017750242
0.0025357462
0.002657418
0.0025914146
0.0023599607
0.002768222
0.002004074
0.0031277346
0.0021378016
0.0027706583
0.0023992932
0.0026843634
0.0019795527
0.0034342157
0.0024636788
0.0024134368
0.0025904898
0.0034489406
0.0024932167
0.0022047013
0.0027947165
0.0039591603
0.0021121108
0.002174731
0.0026237722
0.0029364768
0.0025204024
0.0028988295
0.0019133765
0.0032155747
0.0025560032
0.0026296906
0.002030962
0.0022811268
0.0024109324
0.0027858757
0.002343098
0.0025723788
0.0025831142
0.0024989434
0.0024638425
0.0020397967
0.0026613353
0.0029397274
0.0024838904
0.0020312213
0.0024385906
0.0023912303
0.0029080587
0.002105512
0.0031873584
0.0023787674
0.0023188784
0.0026942615
0.0023160288
0.0019450773
0.0025229638
0.002643952
0.0024908022
0.003086004
0.0029729228
0.002576502
0.0028809323
