1909225546
1212066179
1623960809
1461147534
1377803642
1800096898
2129172650
2061368470
1449434945
1139627362
1705055528
1577953149
1343011391
1858513558
1445718537
1619054187
1392994098
1607503594
1106549469
1676282139
1562720343
1099049585
1099716823
1706470184
1467022005
2105011101
2014081120
1997884543
1220132077
1315657929
1368767378
1410741285
1702931039
1410333581
1414335553
1382511501
1158068933
1249044612
1774578778
1541124353
1912327335
1358312589
1562814285
1507920905
1518770675
1551638056
1158887872
1296968107
1358794527
1802966819
1438908934
1688082880
1224164870
1581518466
1933711658
1809162711
1550925055
1667128331
1868434530
1577592494
1329514637
1339212881
1671562804
2110560748
1617017616
1298919980
1403338484
2076957127
1531960418
1729115293
1749913273
1555753418
1713392605
1734124815
1371647191
1655584333
1445900448
1572058815
1433550935
1563600793
1763756168
2077477337
1396242746
1689045458
1555965501
1446873464
1588066445
1717826454
1737411994
1749748577
1507747095
1439129481
1181314615
1690825442
2115816990
1816995234
1526464467
1111978703
1558974750
2050847522
1582276854
1985838821
1627818312
1772974811
1442506033
1781612433
1180653622
1755128334
1674912481
1906526657
1433636205
1420746254
1737034125
1931540198
1951544347
1726885594
1819964990
1997265717
1248581785
1961331756
1293758952
1940187687
1659625902
1514239690
1498291495
1381241679
1374721457
1360519050
2056336956
1109961606
1585657768
1661741823
1620468583
1475735367
1731030140
1253191496
1955841179
1336814305
1732553590
1500330870
1678591474
1237857816
1073745313
1540592588
1509175019
1619890263
1078349117
1559063187
1378648208
1747597577
1237875083
1320749267
1359907131
1640702498
1836243514
1576063046
1812701907
1196476406
2010769534
1598324989
1644403249
1270005107
1426438709
1507609065
1742069273
1465190687
1608565047
1615278059
1562644136
1540694890
1275529698
1664191499
1838276112
1553231274
1270167363
1524904407
1495288892
1818473089
1316622896
1993125299
1487495473
1450045644
1684781031
1448263790
1216299605
1577664677
1653321346
1557553421
1929746089
1859034002
1611143432
1801510359
