0.00082865934
0.0004898679
0.0005810768
0.0005961517
0.0005934099
0.0006171255
0.0006342501
0.0005075797
0.00066357484
0.00043212547
0.00058388
0.00046377192
0.00046518428
0.0007316703
0.00048881595
0.0006065625
0.0008669867
0.0007318891
0.00062519935
0.0005707315
0.0005312463
0.00071952323
0.00038086568
0.0007422477
0.00076511723
0.00042759813
0.0007734553
0.0005649096
0.00047361403
0.00053730543
0.00054678484
0.00055223855
0.0005991765
0.000670987
0.00058603927
0.00049652177
0.0007229807
0.0005261927
0.0009370879
0.0008064654
0.0005453095
0.0005351314
0.000746659
0.0010264353
0.00051202637
0.0006159162
0.00049038965
0.0005744977
0.00044609635
0.00060447614
0.0006297527
0.00070989254
0.00056797906
0.0009035149
0.00072629715
0.00063327525
0.0006900668
0.0006107868
0.0004966059
0.00063531986
0.00062123185
0.0005517588
0.00067845616
0.0014171733
0.00064563536
0.000509187
0.0004905757
0.00062353624
0.0009521147
0.00073602766
0.0011990272
0.00047529387
0.0006421668
0.0006295741
0.0010446495
0.0005362441
0.0005451993
0.0006711629
0.0007773616
0.00056987425
0.00079097133
0.00075478014
0.00049407163
0.000514174
0.0005412057
0.0007783559
0.00065914245
0.0005922596
0.0005604177
0.00086784415
0.00057935645
0.00058108673
0.00041478404
0.0006376673
0.00089132274
0.0007278723
0.0005515484
0.0005846748
0.0007851303
0.00060713966
0.0006490782
0.00051901623
0.0008549623
0.00051126844
0.0005510389
0.0006610717
0.00047389246
0.00069468486
0.0007497852
0.00064487604
0.00076073705
0.000628096
0.0007782167
0.0007866839
0.0008036668
0.00055913423
0.00057212706
0.00044334514
0.00048226657
0.0005767739
0.00068737095
0.0010261327
0.000521276
0.00055708684
0.0006798814
0.00046717137
0.0010098387
0.0005422393
0.000820198
0.0004495171
0.0007637223
0.00082780473
0.0007018913
0.0007618274
0.0006219194
0.0005319428
0.00079499086
0.0006076196
0.0006338764
0.0006023309
0.0007985058
0.0004792649
0.00054043246
0.0006735446
0.000685608
0.0006815435
0.00075649517
0.0005353567
0.00060324674
0.0005885317
0.0009564025
0.00047105778
0.0006310842
0.0005998422
0.0006983417
0.00044329255
0.00060615677
0.00049463235
0.0006434596
0.0006473048
0.0007857332
0.00048973813
0.00043854726
0.0005034262
0.0005403239
0.00066961726
0.00054195017
0.00048127738
0.00064310204
0.00077635376
0.0004789058
0.00054556335
0.0006655594
0.0005270863
0.00046894237
0.00055415777
0.0005009879
0.0007450544
0.00048374487
0.00084571674
0.00044301033
0.0004836359
0.0005868264
0.000581794
0.0006399527
0.00063466834
0.00070519076
0.000763404
0.0006698965
0.0007578885
0.00058113365
0.00056620926
