278
209
366
-1170
227
-641
247
-921
-378
758
179
-930
-572
565
-1004
173
-134
157
1809
302
384
128
-323
912
1101
-185
1321
-454
459
-899
110
-1036
96
-770
-1032
942
145
-303
-779
-272
801
632
546
-2154
-1671
1104
-314
-16
1287
1572
373
-825
505
-316
134
46
872
-37
1407
-328
290
-702
-589
1523
-1296
-76
300
-1311
-271
52
808
798
-1663
598
-153
-990
-545
-1109
460
657
-969
1302
-704
237
97
169
-339
-1215
-628
-874
-538
-619
166
-698
1048
-726
42
-949
726
-113
364
-111
-58
375
-450
124
-464
519
-255
484
1066
135
272
704
-987
-895
651
-1051
-29
336
429
-1951
115
-761
315
2232
-307
1088
810
-30
870
-2898
-585
-156
1263
-175
-528
1086
-118
-34
-807
675
-482
872
-165
-49
-640
394
137
-378
-49
158
99
-1477
-534
-927
-2151
198
-295
-167
-1119
-1176
16
212
76
-60
-198
340
66
227
1593
321
1041
148
1382
-1277
863
-838
382
-3138
565
483
-1309
-865
-429
727
165
-2326
673
749
176
114
