61659
66811
89658
-74616
-72555
59048
78248
69587
-66538
80338
41230
48471
-18733
26785
57217
-47476
68650
70635
36499
-14994
74216
46490
76053
74940
47415
49767
-25844
88145
26787
64226
74493
77047
89361
54008
46346
-48358
68176
72626
75549
-2404
90506
63190
69271
47690
116255
64252
-648
-78238
50531
43321
-82362
-4902
78571
69974
52740
56454
58264
71831
35722
98582
63097
-63279
58949
81179
43843
44802
84074
22447
37692
50658
56986
37754
78388
45061
49279
73226
56396
42435
85834
97745
72367
64406
34951
-47126
59963
66769
-58053
61511
56753
59126
-2490
67287
10377
49560
64789
26082
-105771
51829
41485
6367
39540
120
74360
53050
-96310
83980
-95063
69103
50851
28200
30809
79011
72500
-53185
78358
78662
58665
-99315
71559
58957
59095
-78096
56693
59259
79237
8946
37488
32674
65228
45808
67892
58977
83897
36413
35641
94460
7513
6960
47756
31483
40838
100548
56609
93453
51958
18821
-73433
-89446
-81381
40767
52874
72472
75864
62042
5596
41312
-109783
39902
51580
49500
49993
31288
103130
49982
77972
63374
81845
8621
70385
48400
37721
19499
42589
-45563
-23226
70194
47876
53683
7253
49953
29913
-70722
54265
30166
47437
56717
48484
45050
50943
65680
-27704
40211
52385
58279
65112
39777
38778
72737
16922
105173
79519
80797
77571
-99913
83946
59822
81844
70782
-66343
52100
67923
81139
53686
22812
34066
-93101
30932
58931
93546
-4792
59228
34793
93382
8358
41722
-117531
23842
64262
83414
21206
59939
65221
80116
37090
31253
87755
61325
3798
41368
27561
12760
69441
6174
74578
23984
27417
69698
83848
7294
-89339
43379
114193
-15209
-87338
115932
-10977
47088
22154
28499
90491
71462
75797
68538
108448
-8153
62910
65281
57265
-10683
49243
39741
18720
42006
80235
65819
66944
40443
51736
70923
72860
44638
68961
8839
38664
28367
48638
66737
38018
2903
-75959
63996
91436
34622
52570
53379
30111
24743
16369
6951
98040
56184
63882
78055
61269
8630
57675
48363
18935
1917
48042
-107352
55990
53517
38282
-89347
71624
-53579
51128
85038
36030
65884
68698
64675
37974
47397
50614
26329
49812
-6697
54897
33473
45477
91276
29326
33210
42864
53698
12157
57596
37146
60525
59913
46457
32250
25742
53044
74867
56408
57988
-6338
79682
47158
-79123
84112
85710
45953
92742
27510
59642
30591
65886
67654
71559
69784
-63799
67078
-1095
65426
31737
36363
68436
51045
56601
72105
85546
71031
36818
33865
71061
45780
109930
50185
93188
69663
87363
55229
-26830
59681
24437
87992
77209
32850
80491
58704
77478
87742
54015
64021
89371
-336
63066
29401
51267
46135
18864
37286
-93372
38212
67451
45327
-84008
86038
12479
55831
52088
852
38194
40210
35845
70314
34033
93965
92446
73295
52374
45565
70534
16512
-99118
2222
67545
90671
-13471
109466
75438
13670
76416
49455
72361
40295
73278
-9623
-15648
10440
87174
48247
44698
22838
88498
63328
76499
44430
66366
79315
50263
100630
-1809
46975
52835
9296
9156
49811
27354
49336
-102117
62205
35742
57971
35137
56396
79022
37905
80571
70280
-111730
43192
42224
84011
68066
29662
43130
103336
36790
36689
47851
102170
81618
62780
86099
69482
6636
37583
21500
36988
15670
41145
6061
88703
88812
61758
59699
77012
-37800
35860
28900
45524
57959
66680
57451
30787
87814
2378
38551
46774
57707
20656
50721
75142
44635
50265
79271
56653
72803
-66413
31368
59249
86392
33436
66823
51669
40970
36031
68849
-66121
58505
-56130
19489
-99124
2725
45901
68720
96383
61933
66466
84027
100844
44352
59687
62252
44927
2532
-106958
65178
34765
33102
53500
67212
58563
10477
82478
59817
823
60225
62135
40007
84069
25697
22946
43424
56519
18428
107911
48392
23193
-8176
7511
54660
77642
51113
40020
57725
18722
92943
79566
70725
17002
74556
-72158
40596
26419
63904
-74030
78790
21984
64368
-2854
55786
22719
88127
57317
78330
62854
-7613
-88435
27901
12680
70571
45352
86056
41428
-792
64658
65484
102095
63114
37697
40701
36137
82216
72468
81980
40024
69690
79783
87835
54095
80584
64171
41174
89586
8096
-1682
39486
94509
29957
56158
77645
36948
20028
81651
28680
27290
75081
64863
28379
28146
54840
17776
29637
-99445
44855
101158
103708
33478
79092
65197
-42636
41471
34565
-5345
66560
34764
62561
53879
78520
16653
48939
-7094
30678
-82834
71961
43611
89453
84442
44270
7580
77677
-95767
72633
-12198
30004
75303
-93015
11573
67971
37563
-22479
39523
60637
76489
82788
-3348
-87939
-41403
42605
5773
54377
61613
86971
69655
38610
42694
-98546
95724
11870
67261
50855
49427
-32429
42037
68759
103137
72516
44667
19170
-47086
45594
48902
90886
51590
41704
71153
50095
33786
75454
93733
71336
68118
-46049
89524
58342
41302
16508
46372
52248
62481
-89049
54925
76775
22912
-34506
107460
-77884
-102453
80300
23573
100489
67120
54600
89938
34770
38029
78983
104164
-109367
352
82188
27864
39901
-74106
37702
57250
38793
87990
72635
55436
95982
38884
646
459
44764
72928
-58756
-121404
42700
87842
50021
34968
77814
48398
22975
55670
79554
65341
45912
82117
69344
25368
16117
79842
58372
48140
94096
29636
55885
-2380
59554
74402
97273
71751
55763
-15380
70931
42591
76200
62334
53971
86574
49215
36100
69358
53175
34574
58729
72317
36005
56739
26927
64135
66288
41768
-99170
62221
31958
53891
26829
36696
74912
68173
1061
46744
43544
40197
33186
31535
59947
66238
57985
-97658
-16333
18848
-7421
56847
44880
48140
56939
49498
62891
3332
45494
49818
28030
-111991
46123
13340
74724
47496
83255
49160
48254
85626
74954
53007
7001
62922
44098
-69411
53762
112148
83702
56530
68151
60136
73569
38717
-72348
44525
33782
5451
-2946
48944
69680
44873
47006
24961
67639
-106531
48406
64530
58699
46779
-2419
-10714
20351
92479
68080
71229
66058
52649
61720
57149
-35698
46736
61850
-59616
82594
28625
-6645
-8295
54146
92022
24009
72378
-37960
52066
55858
-4837
82758
41753
76645
103025
71998
26880
65413
53579
77946
75900
91927
47185
22957
26367
49644
101580
12211
42969
75922
-82979
57446
63276
91103
47320
26535
75592
33365
2231
78993
34754
55881
80922
73109
67212
92777
48835
-85754
24107
66641
72898
57023
56474
75790
33362
5340
32715
104244
90782
34107
41996
90845
60703
-39722
47090
40842
2048
33344
22451
44246
68174
56174
59185
79277
75751
18970
-70041
85226
50804
54259
53904
84753
64909
15078
-9591
105640
57483
51245
65386
34349
84585
23973
54139
29535
33763
51411
80070
80075
82294
-93883
67079
39101
-81912
26549
33886
61471
80221
46349
105445
44905
41713
-7231
107232
108722
42439
92080
22603
60041
59954
48032
59240
72704
72048
50737
54473
64921
87706
-19519
83925
49500
75980
-44619
72436
44800
-74988
-51403
74731
76280
31346
36508
45483
-86758
37322
10441
94759
-51675
71268
39114
71957
48232
49142
54651
-48996
73209
-73470
36168
58124
101288
42958
91249
63536
41415
26885
44134
6220
50921
-105441
-83040
36840
-102444
67640
59934
61184
51950
91771
31220
37484
55265
82215
98803
38758
-92119
49962
67153
94911
57842
76461
67665
-27429
38637
41770
32216
64779
58554
63237
64470
48984
69639
58803
57771
20443
74160
29714
53620
-57628
1935
-89555
76976
39626
58491
51501
58989
83385
41507
78710
73799
-74827
62775
-45479
-42668
29241
99377
92535
76438
-13281
47637
64294
77834
57806
42459
56068
65507
37259
91195
63897
45272
51294
53317
47535
47093
59483
25387
92425
40424
39388
71775
