0.01751295
0.02064154
0.01512191
0.00604568
0.00744875
0.01301102
0.01390816
0.02181633
0.00379747
0.02923273
0.02197506
0.02156021
0.00815040
0.03325118
0.02148062
0.01296947
0.03223827
0.02920414
0.03484991
0.10186802
0.01957329
0.02514569
0.01863058
0.02254337
0.02427465
0.01994294
0.07542209
0.02575068
0.02278247
0.02236221
0.01617823
0.02165690
0.02174792
0.02944753
0.01468941
0.02623473
0.02058496
0.01914481
0.01486034
0.05491973
0.01268170
0.03869263
0.03608201
0.04283383
0.01402789
0.02285303
0.04953367
0.00691735
0.03110190
0.02159448
0.00885554
0.01053221
0.01783153
0.03057700
0.01890434
0.03079222
0.03312665
0.02873206
0.01574224
0.01492081
0.01632040
0.02064990
0.03269253
0.01208684
0.03033528
0.05594918
0.01135695
0.02434211
0.02367285
0.03186861
0.02174676
0.02141987
0.02431653
0.02565035
0.02326980
0.01808603
0.02248290
0.05166231
0.03145179
0.01307997
0.02395160
0.03617163
0.04034824
0.02054416
0.03289348
0.01792891
0.00575302
0.02020260
0.03012393
0.02071288
0.01235397
0.02975057
0.04023434
0.05074216
0.03617595
0.02945541
0.00838355
0.03440851
0.03069990
0.02728086
0.01762301
0.06627933
0.02893075
0.03326413
0.00897777
0.01135137
0.00577664
0.02383327
0.05463482
0.03024771
0.02858438
0.02238892
0.02271190
0.01348510
0.02688829
0.01097114
0.02513892
0.01011949
0.03109870
0.03234152
0.02605637
0.01788402
0.02095979
0.03029708
0.01961606
0.05188115
0.02367153
0.06896423
0.03309745
0.03350523
0.01885360
0.03340021
0.01814287
0.02696166
0.03304889
0.02632250
0.02243205
0.09800624
0.02783998
0.00954824
0.02543084
0.01269791
0.02611916
0.03234563
0.03023193
0.03929286
0.00974885
0.00637170
0.00480491
0.04230767
0.03186949
0.02262463
0.02328239
0.03163370
0.05285580
0.03642191
0.01162567
0.02232775
0.01558031
0.03973767
0.04487096
0.01513175
0.02293511
0.03773288
0.02383938
0.02809184
0.01835995
0.03370544
0.02184918
0.03183500
0.03551742
0.07175682
0.01549544
0.04063874
0.01071673
0.03022610
0.02201727
0.01378673
0.02450457
0.02427022
0.02733393
0.01917177
0.02671615
0.06007975
0.01691598
0.02524293
0.02822367
0.02701670
0.03677665
0.01951298
0.08783627
0.02035521
0.03959577
0.02759832
0.02380515
0.03941118
0.02902656
0.01603076
0.02062616
0.02596844
0.02594118
0.01720443
0.01707768
0.01406027
0.00984928
0.02673724
0.01554374
0.03066599
0.02066459
0.04397624
0.01885042
0.01581308
0.02756264
0.00732527
0.01793945
0.02430545
0.02606186
0.02389229
0.00892721
0.03756143
0.02765257
0.05729171
0.01624087
0.03420083
0.05393625
0.04506089
0.03204309
0.01608859
0.01458274
0.04453522
0.02415132
0.02143091
0.02287875
0.04191974
0.04961390
0.01483120
0.01532421
0.04595937
0.02746610
0.04463399
0.05919689
0.02018674
0.06352010
0.02555027
0.03952235
0.02188373
0.01934050
0.00941500
0.03151707
0.01800388
0.01835061
0.02118721
0.01831124
0.00724245
0.01947048
0.07886136
0.03122665
0.03713666
0.02280917
0.01515868
0.02509554
0.02647897
0.02274920
0.01473011
0.05631033
0.02849427
0.03054311
0.02862898
0.01272712
0.03218548
0.01145357
0.04005598
0.03125743
0.01846597
0.01300078
0.01798219
0.02765460
0.01320109
0.03359697
0.01939973
0.02965146
0.03627930
0.04975764
0.03042318
0.04797560
0.01730242
0.01829063
0.02588056
0.05645555
0.01146190
0.01888258
0.01219272
0.04574966
0.03600720
0.02928997
0.05146394
0.03049954
0.01504869
0.01491687
0.01422464
0.03192085
0.01513334
0.02668483
0.03363545
0.04892109
0.02532919
0.03540533
0.01074492
0.04406788
0.02946056
0.01516224
0.02778083
0.02177935
0.03688675
0.00973991
0.02238251
0.02540912
0.01891724
0.01939853
0.03434998
0.03762877
0.02208572
0.03174811
0.01196929
0.05299224
0.03870073
0.01450342
0.03010268
0.13370278
0.03438988
0.01884755
0.04868075
0.01216943
0.06366853
0.01785896
0.02909620
0.04842917
0.03846326
0.02655276
0.03730099
0.01377334
0.01416216
0.02025092
0.03293608
0.05024190
0.02959805
0.01969807
0.01720651
0.01994829
0.07237670
0.01607213
0.04615367
0.02067255
0.04092032
0.01190590
0.02226385
0.02539250
0.03030605
0.04106540
0.01210627
0.04034577
0.01333348
0.02534848
0.02477848
0.04384897
0.03848154
0.02125019
0.02778738
0.01171253
0.04933717
0.01685667
0.02922767
0.01982686
0.01835009
0.01151267
0.01851836
0.06841405
0.01979662
0.03174257
0.02409396
0.01636492
0.03597207
0.02038572
0.02631882
0.03005532
0.01872082
0.03093524
0.03741895
0.05302629
0.01302101
0.02918005
0.03832248
0.01291131
0.01597131
0.01545345
0.01715755
0.01888558
0.01117093
0.01392857
0.01916288
0.01296106
0.05487748
0.03683760
0.04238749
0.01793002
0.02548755
0.00740329
0.01005419
0.02237698
0.01426024
0.00867215
0.02021299
0.02220147
0.03192572
0.05570927
0.01226197
0.03162473
0.03683544
0.04004465
0.01387970
0.04111543
0.03047949
0.01462005
0.01870255
0.03154052
0.02581051
0.02003024
0.02821267
0.00935594
0.06865853
0.01794949
0.01759898
0.11083559
0.01105671
0.02628658
0.02105474
0.01831045
0.02403706
0.01364001
0.01129962
0.02044646
0.09549488
0.01134741
0.04344298
0.01923340
0.03262938
0.01948427
0.01172851
0.01019026
0.02616118
0.01274030
0.02677752
0.03395223
0.01244804
0.03797263
0.02066462
0.08790428
0.06485555
0.02032562
0.02723781
0.03057278
0.03493081
0.01699751
0.04608727
0.01320122
0.00989254
0.01928034
0.02541586
0.01793240
0.02138665
0.02861937
0.02377433
0.00912092
0.02625404
0.01680365
0.03779984
0.04793988
0.00850222
0.01880191
0.04176617
0.01944958
0.01173288
0.03963798
0.02216145
0.04207787
0.01322295
0.01392820
0.03557035
0.01450793
0.00902901
0.01245480
0.01944805
0.02470060
0.05919703
0.02444680
0.01178288
0.07696655
0.02441783
0.01567227
0.02090185
0.02638050
0.01843508
0.05852348
0.01691530
0.01778927
0.02708835
0.02306066
0.02617450
0.03213724
0.02390578
0.02648557
0.01038341
0.03983927
0.05509258
0.03736524
0.02862350
0.02701298
0.02454932
0.04770640
0.01681635
0.01774551
0.02824641
0.02184263
0.04009794
0.02590859
0.01313318
0.02211427
0.03436466
0.02414165
0.02113937
0.03557568
0.01979399
0.02139995
0.00802868
0.02667002
0.05434277
0.01039591
0.00705917
0.04230262
0.04264967
0.01883370
0.01076878
0.01272978
0.02021955
0.01785608
0.02098397
0.02507807
0.03581617
0.02004576
0.04743445
0.06740665
0.00743423
0.01342174
0.02320694
0.02030121
0.01706922
0.02265983
0.04237440
0.03955441
0.02810483
0.02502568
0.03812259
0.03634186
0.01798533
0.02305699
0.01627288
0.01893753
0.03102171
0.03500553
0.02161713
0.03977492
0.01839302
0.01383471
0.02906593
0.04274330
0.09284181
0.04249694
0.01999282
0.03779902
0.01697967
0.02342332
0.03744246
0.01347870
0.02022124
0.01909260
0.04360329
0.01216716
0.01089818
0.02764578
0.02594702
0.03050197
0.03773586
0.03398033
0.05011962
0.02528890
0.04887801
0.02206646
0.02870401
0.01711222
0.02515652
0.01989553
0.02624873
0.04302100
0.00885980
0.03223304
0.02248656
0.01367925
0.01431805
0.01608679
0.03684336
0.03371491
0.02612863
0.02206037
0.01059713
0.02945706
0.02691830
0.05216756
0.03400761
0.02301584
0.01941513
0.02672888
0.03658026
0.02549828
0.02636786
0.01539567
0.04545506
0.01831750
0.02857721
0.02081639
0.01559935
0.02476694
0.03055610
0.03444232
0.00994440
0.03839285
0.02821571
0.01804886
0.02860006
0.01299971
0.01930001
0.03217664
0.06039526
0.01407323
0.03124158
0.01107036
0.03248331
0.05527153
0.01267828
0.05984354
0.00847449
0.02597994
0.01783230
0.00998853
0.01200581
0.01799396
0.03020276
0.02369689
0.02812274
0.01768729
0.00850162
0.02314433
0.03314091
0.01908672
0.02243888
0.01826310
0.04018404
0.03822581
0.07402381
0.05018245
0.01782590
0.02210893
0.04029518
0.02045482
0.01864775
0.03987546
0.03165997
0.02062006
0.00771627
0.01617368
0.02275196
0.04851197
0.04455166
0.01072668
0.03715698
0.03124251
0.05110775
0.00879199
0.02051548
0.02590360
0.02343639
0.01776416
0.07567113
0.01918108
0.08444767
0.04352032
0.01131479
0.01548606
0.02638341
0.02561870
0.01953300
0.03470527
0.02825273
0.00466138
0.02405740
0.04811773
0.01694772
0.03032313
0.04945809
0.03224945
0.04994311
0.02278060
0.01323788
0.02228805
0.04207664
0.01990498
0.04898428
0.04037007
0.04746226
0.01075501
0.02994501
0.01606681
0.02166340
0.02877693
0.01363141
0.02960934
0.01374731
0.01821342
0.02452232
0.02339860
0.01953848
0.03314390
0.01777001
0.03000258
0.02692561
0.01511686
0.03070533
0.01287741
0.02014329
0.01832775
0.01730390
0.02650155
0.01774985
0.01768585
0.00395605
0.02596012
0.02429270
0.01205380
0.02140598
0.02178924
0.01596550
0.01971861
0.03165462
0.01165673
0.01752530
0.00615644
0.05516136
0.01904481
0.02619922
0.05751200
0.00647949
0.02916968
0.02504337
0.02466683
0.01086844
0.01603121
0.03060403
0.01855699
0.02673324
0.04167982
0.09797446
0.02222502
0.01790994
0.02686866
0.00852528
0.04619214
0.01350986
0.04774731
0.02753483
0.03122643
0.02910234
0.03920904
0.03073877
0.01385390
0.02213497
0.04813203
0.02901466
0.02470093
0.00485516
0.05067689
0.01815116
0.02636748
0.03883777
0.01339175
0.02798429
0.02569572
0.03571532
0.04308214
0.01560609
0.01951727
0.01654787
0.04672619
0.02507670
0.01522016
0.02353232
0.04805415
0.03401310
0.02520999
0.01573306
0.02778389
0.02506887
0.01387333
0.03841069
0.02065959
0.01961135
0.01843808
0.09026104
0.03502663
0.01089082
0.01451589
0.01812266
0.03421827
0.02861587
0.03398597
0.04308591
0.01519849
0.01493404
0.06427294
0.03479779
0.01434832
0.00976974
0.03612468
0.03530287
0.05132091
0.04403023
0.03299735
0.02307672
0.01371369
0.03606000
0.00830392
0.03149576
0.01520932
0.05872060
0.02744687
0.03378946
0.02520482
0.01325638
0.02966331
0.01708679
0.05963916
0.03239829
0.04672984
0.07423376
0.00346904
0.04198462
0.04189147
0.02282504
0.02875952
0.02823394
0.04219558
0.02872137
0.01652735
0.01929455
0.03146110
0.01648081
0.03103174
0.04090076
0.00768458
0.00620738
0.02173645
0.01527317
0.03034096
0.03192275
0.01804240
0.01296293
0.03974004
0.01974582
0.02624212
0.01841891
0.03209803
0.06323266
0.02387036
0.01617596
0.02774062
0.05184092
0.05110988
0.01084575
0.01135994
0.03206304
0.03133635
0.03702061
0.02675951
0.05438738
0.13802817
0.03068190
0.01599708
0.02108205
0.01131676
0.02081721
0.01819571
0.02307460
0.03373539
0.06291094
0.06015665
0.03064371
0.02935759
0.01854593
0.09267666
0.05296914
0.07264153
0.02085777
0.01971134
0.02597378
0.02225950
0.10344573
0.02559464
0.03498643
0.05399031
0.01233164
0.02553099
0.02493278
0.01019895
0.03677351
0.01534094
0.02969202
0.02263494
0.02162879
0.01859282
0.00685485
0.04891314
0.02650320
0.01058342
0.02778084
0.01311266
0.02953797
0.03946650
0.03520210
0.01516513
0.02599555
0.01875425
0.02074808
0.01642909
0.05028871
0.02917465
0.00913324
0.04813338
0.02839020
0.03430511
0.01875117
0.02815609
0.02010308
0.01525479
0.01821529
0.02511533
0.00758949
0.08843030
0.02654215
0.02331069
0.02205736
0.04639135
0.01238507
0.03628718
0.01636959
0.02204643
0.01740427
0.01666301
0.03909034
0.01555815
0.01435456
0.02290077
0.02626318
0.01740742
0.01579383
0.05377677
0.04892995
0.01952785
0.04785317
0.02267664
0.02516274
0.03163317
0.01302570
0.01818810
0.02550077
0.02093248
0.01378303
0.05030159
0.01981450
0.01685289
0.01436688
0.02175643
0.01353803
0.06717749
0.01608929
0.01218597
0.01985925
0.02304899
0.05593906
0.02297690
0.05432069
0.02202124
0.04401806
0.04822883
0.03648047
0.02178840
0.01267876
0.02282500
0.00443516
0.02859258
0.01386249
0.01622887
0.01776496
0.01747840
0.04025356
0.01463053
0.02261838
0.01149233
0.03194440
0.03214839
0.01988027
0.00729880
0.02213779
0.06438369
0.01662566
0.01746873
0.01631521
0.02130920
0.01145348
0.01861509
0.01307011
0.01629132
0.04439972
0.02924460
0.03629060
0.02430461
0.10883497
0.01231706
0.03177957
0.01757568
0.02905954
0.01485003
0.03517559
0.02310800
0.00496898
0.01618767
0.01874040
0.03338330
0.03877700
0.04053567
0.01007158
0.04369558
0.05374223
0.01405227
0.03073888
0.01946708
0.04373866
0.02638371
0.03214628
0.03498391
0.03820558
0.03860050
0.02214331
0.03776439
0.01495382
0.04870086
0.01108998
0.04506015
0.01952441
0.02225718
0.04204741
0.03096548
0.05162502
0.02701936
0.03553840
0.00400608
0.00557737
0.02772264
0.00728990
0.03811234
0.02616590
0.01477307
0.02915495
0.01839057
0.03090889
0.06722228
0.02294208
0.02437592
0.01465758
0.04015247
0.00510894
0.02989325
0.02455468
0.01827787
0.05202426
0.02843292
0.03590997
0.09790489
0.01089273
0.02093407
0.00827195
0.02179657
0.01937589
0.01638860
0.02082916
0.02954950
0.01475350
0.04012702
0.04190846
0.03378713
0.02743134
0.01582646
0.02294921
0.01541443
0.09064707
0.00615982
0.01110560
0.06361394
0.02181504
0.03047894
0.02448729
0.01935033
0.04639493
0.01626996
0.01097305
0.00636579
0.03844364
0.07145499
0.04398214
0.03159828
0.01775987
0.01004479
0.02948384
0.03575464
0.01696865
0.03429733
0.03086866
0.01463126
0.05645743
0.03880671
0.01945489
0.02313541
0.01612300
0.02266902
0.01717824
0.03024941
0.03378349
0.02424716
0.05635564
0.02594124
0.02287557
0.00919973
0.05014783
0.02805235
0.02426729
