-52
19
-93
-103
-66
-70
-79
-17
-45
11
-15
-50
-90
8
17
-128
-119
-8
2
-38
-10
29
-120
-15
-60
-63
13
-91
-24
-12
-128
-54
-31
-9
8
-43
-14
-34
-52
-36
-128
-88
-43
-33
-39
-48
-94
-53
-48
-37
-90
-61
-43
-128
-51
-121
-17
0
-79
-83
-41
8
-80
-82
-84
-45
18
-81
43
-40
-59
4
-62
-70
-78
-128
-31
-128
29
-54
-128
-53
-51
-91
-87
-28
40
23
-71
-9
-52
-128
6
3
-36
-77
-99
-94
-48
0
-36
-31
-73
-108
-67
-26
-112
-78
-97
-21
-14
-59
-81
27
-128
-83
31
-21
-98
-20
26
-128
-70
-80
-75
-81
-104
-15
-15
-128
-10
49
-42
2
-91
-50
-74
-26
-65
-106
-121
-47
-78
-49
-119
65
-35
-1
70
-112
-128
-23
-9
-74
-9
-46
3
-16
-128
-15
-30
15
-32
-4
-14
-77
2
-62
-77
-46
-63
-113
-128
-37
-63
-55
-40
-97
-128
-34
6
-74
-81
-111
-9
-102
-15
-67
-10
-78
-77
-86
-71
-16
7
-55
21
30
-89
18
-47
-12
-120
-16
-53
-1
-22
-22
59
-31
-2
-65
-49
-63
-21
-40
7
-97
-59
-12
14
-104
-128
-66
-26
-108
37
-119
-128
-50
-48
-59
-128
-61
-49
-39
-46
-25
-23
-61
-128
6
-128
-123
-24
2
7
-42
-45
8
-52
-52
-21
-28
-128
-85
-89
-91
47
-10
-24
2
47
6
-63
16
-20
-95
-82
-34
-65
-70
-41
19
-20
-35
-67
-77
-82
-124
-113
-3
30
-128
-83
-26
-53
4
-49
-2
-70
-48
-37
-8
-20
-46
16
2
-79
-48
-22
-22
-63
-33
-97
-121
-42
-44
-15
-37
-75
-128
-81
-125
-100
-128
-74
-24
-32
-80
-47
-128
-12
-32
-5
-25
-36
-95
-30
-50
-38
-13
-5
-49
-23
-68
-85
-66
-26
40
-25
-56
-79
-55
-6
-41
27
-94
-40
17
-86
-5
-74
-81
28
-128
-86
-45
17
30
-107
-68
31
-60
-60
-51
-26
-128
1
39
-21
-128
-79
-72
-35
-36
44
11
-36
21
-114
-5
-56
-46
-115
-128
-77
-69
-47
-47
-25
-128
-128
-27
-67
-97
16
-30
-8
19
-104
-45
-17
-120
-75
-128
-123
-113
-16
-6
-41
-45
-26
-110
-24
-23
-30
-27
-19
48
3
-127
45
18
-16
-62
-5
1
-37
-14
48
67
-65
-128
-10
-81
-18
-73
59
6
-45
-72
-79
-20
28
-26
17
-47
-44
-78
-128
-21
0
15
-39
-7
-93
-71
5
-13
20
-13
-34
-43
-81
-99
52
-4
-85
-5
-83
-20
-36
8
-82
-19
41
-20
-60
-25
-18
-21
-17
-34
-109
-81
10
-70
4
3
-59
-9
-5
-128
-39
-85
19
-43
-7
-27
-128
71
-16
44
-128
-54
11
-14
-46
-13
-105
2
-47
-27
-46
-125
-47
-81
-120
50
3
4
-20
-26
46
-21
-43
30
21
10
-14
-50
-44
-90
-99
-112
-87
-88
-33
19
-83
60
-32
-85
47
19
-128
-26
-25
-52
-22
2
-96
-25
-48
-128
-69
-39
-128
-3
5
-11
-28
-30
-77
-123
-18
-128
-33
-38
-56
-25
-36
-85
18
-107
-22
-41
-59
-86
-22
-53
-20
11
-21
49
25
-26
10
-81
-128
-83
-41
-97
-105
-63
-108
-17
-32
21
-82
-39
-24
-76
-128
-105
29
10
-61
-128
-6
-62
4
-22
-22
-62
-43
-14
31
-35
-112
-40
17
14
-24
-87
-54
2
-109
-66
-59
49
-103
-65
-32
8
-54
-102
-40
-99
-128
-115
-81
-75
13
-57
-64
-83
-30
-2
-66
11
20
-111
4
-128
-128
-38
-128
12
-13
-19
-32
-31
-16
-89
-32
-125
-65
-51
-78
-117
