-4
-2
-3
13
9
-4
1
1
41
0
3
1
2
-2
-2
-1
8
2
-3
-1
-4
-2
0
-2
7
-3
-3
-1
-3
1
-1
3
-4
21
6
-2
-2
3
-2
-1
-3
4
-3
-1
0
1
-1
-2
-1
1
17
3
10
-1
-3
16
-3
-2
5
0
8
11
-2
-4
-2
4
-3
3
-3
-2
-3
-3
-2
-1
-3
-4
1
-2
-3
-4
-2
-1
-3
7
-2
-1
17
-2
0
1
6
14
-3
-2
-1
-1
11
-2
-1
0
-4
4
-1
-1
27
0
28
-2
3
-4
1
-3
7
6
-1
-4
-1
29
23
-2
81
2
-3
-3
-1
34
-3
12
-3
0
2
-3
-3
-2
-4
19
7
0
-1
1
-2
7
-2
20
-2
-1
53
8
34
-4
-1
-1
0
0
-2
-2
34
-4
-4
-3
-1
-4
13
-1
-1
-2
4
2
-1
-4
-3
-1
-4
8
13
-2
-4
-3
-4
-4
-4
23
-1
-2
-4
-4
0
-3
-3
-2
3
-4
-3
-2
-4
-4
-2
-3
-3
-1
-1
-4
-2
12
-4
8
-2
15
-2
-1
-4
7
1
-4
-3
11
0
0
-4
2
-2
0
6
-1
0
-1
-2
-2
-3
-2
3
-1
-2
-1
-4
-1
-3
-1
-3
-4
1
10
13
-4
2
-2
-2
-1
6
0
-4
-3
13
9
0
-1
-3
-3
-4
-4
-2
0
-2
17
-1
-2
-2
-2
7
-2
-4
-3
-2
-3
-3
-3
81
-4
-3
-2
-4
-1
5
3
8
-2
-3
-1
-3
10
-3
3
-2
3
-4
-1
-3
-1
-4
-3
-3
-4
-2
-2
3
-2
-2
-1
1
0
2
-3
-2
0
-1
0
2
-3
9
-1
0
-3
-2
-1
18
0
-3
4
4
-2
-4
-2
3
-1
-4
-2
1
-1
-4
-2
-3
-1
-1
-2
2
-3
3
-3
-2
-2
-4
16
27
-3
-2
-2
-1
-4
6
9
18
-2
-2
12
-2
0
4
-3
14
-1
-3
-2
-3
-3
-4
2
23
-4
11
11
0
-1
-3
-2
-1
-4
25
-1
3
-2
6
-2
-4
-3
-3
-3
-2
0
-4
4
-1
-2
-3
-1
-4
1
41
-1
54
-4
6
1
-3
0
-2
9
-4
-2
-3
-4
5
18
-3
7
-1
-1
-4
-3
-1
1
-2
-4
-2
-2
-2
-1
-1
-4
4
4
-1
9
24
-4
-1
2
-4
-3
-4
20
-3
-3
-1
-1
-2
10
2
18
-3
0
2
-3
1
-2
-1
-2
-4
4
-3
6
-2
-2
-4
-2
-2
16
-1
-4
-2
-2
-3
-4
-2
1
-1
7
-2
-1
-4
8
2
9
-3
-3
-2
-2
-2
22
2
7
1
-3
-4
-2
1
-4
-3
-1
8
-1
-3
3
-3
-1
0
-1
5
-2
9
0
2
-2
-1
-3
-3
-4
12
-1
-4
9
-3
-4
-2
43
-1
-2
6
1
-2
-2
-3
-3
1
-4
-3
14
-2
-3
0
-2
0
19
-4
-4
0
-2
4
-1
4
1
-1
1
9
1
2
-1
3
-4
11
2
-3
-3
-4
1
-3
5
21
-1
0
-4
-3
7
-4
-4
0
-1
-2
22
-2
2
-1
-3
1
-3
2
0
-2
-2
-2
-1
20
-3
-1
0
-3
-4
-2
-4
0
-1
6
0
-2
-2
-2
-3
-3
-1
-3
-4
-1
-2
-3
0
-1
-1
-2
-1
-4
-2
-2
-3
-4
0
2
-3
-2
-4
-3
-3
-4
-2
-3
-1
2
2
-1
-4
-1
22
-1
-3
-3
2
-4
-1
12
-3
-3
1
5
-3
-2
-3
3
3
-2
4
-2
0
2
11
-1
6
-2
3
-2
36
6
5
-3
29
28
22
7
-2
0
-4
4
-1
12
3
3
0
-4
0
-4
-3
-2
0
-3
-2
3
-2
-1
-3
-2
2
6
10
-4
-4
-1
0
44
0
-2
-1
0
-2
-1
-3
-1
-4
-3
-1
-3
6
24
-3
-3
-2
-2
-1
-4
3
16
8
-1
-2
8
-1
-3
33
-1
-2
-3
-3
-1
9
-2
-2
-3
-2
27
3
-3
2
-2
-1
-3
7
-3
-4
6
-2
-2
2
9
1
-3
-2
32
27
-2
-2
-2
-3
8
0
-1
-2
-4
3
-2
1
9
5
-1
19
0
-1
-4
-2
-2
-1
-1
-2
-2
-4
7
12
-2
3
-1
18
-2
-3
-2
-2
-3
-1
-1
-2
-3
0
-2
-4
-4
-4
-2
-2
-2
0
2
-4
17
18
-3
2
-3
-1
1
-1
4
-1
-2
0
13
30
-4
-1
-1
-2
-2
3
1
-2
2
0
-1
-1
27
-3
0
10
-2
22
0
-3
8
0
-4
8
16
-1
16
-1
23
-2
1
-3
-3
-4
-1
-1
10
0
2
6
-1
-3
-4
18
-2
-3
-2
23
1
-2
-1
6
19
1
27
-2
-3
-3
5
-1
-2
-2
25
18
4
-3
9
1
1
-3
-3
-3
6
0
-2
-2
-3
-4
-2
-3
-4
-2
-2
-2
0
12
-2
-4
0
5
-4
4
1
-3
-1
13
-1
-3
0
-1
3
2
-3
-4
1
-3
0
-3
5
0
-4
7
-2
27
8
-2
-3
-4
-1
-4
-2
-2
-4
-1
-4
-2
16
-3
-3
20
-4
-4
8
-2
-2
-1
1
0
-2
7
-4
2
-1
-3
0
-2
-4
-1
-2
-1
-3
6
-2
-3
-3
-1
-2
-3
-1
-4
-1
-1
-3
-3
-1
23
-3
20
22
-4
-4
-2
-1
0
-3
-1
0
-4
-4
-1
-1
3
15
-4
2
-2
-2
-4
-3
1
-2
-2
-2
-1
-1
-1
-3
26
-4
13
25
22
-3
8
-3
-1
-1
-3
-4
-2
-2
30
-2
-1
-2
-3
-2
-2
-2
-2
-2
3
-2
-2
-1
1
0
-2
-3
-1
5
-1
22
18
-4
10
-1
-3
-4
-1
9
-4
0
-2
-2
-4
-1
27
1
-2
13
4
8
-2
28
-4
-1
-1
-2
-4
-2
9
-1
-4
1
-1
-1
-1
-4
1
1
19
22
-3
17
-3
-4
13
-3
-1
-2
-3
-3
-2
-3
-2
2
-2
19
-3
-3
-4
-2
2
-4
3
16
-1
-4
-3
-3
-4
18
0
-3
-1
-4
7
15
-2
-2
-2
