89
141
35
70
92
92
50
113
93
146
124
91
79
183
154
0
56
124
166
113
134
172
2
119
83
86
178
60
112
163
4
98
107
65
155
67
111
107
80
116
20
67
134
141
141
91
34
103
125
115
47
80
110
0
119
27
124
126
61
42
104
125
46
76
63
118
173
69
186
112
93
137
74
70
72
13
122
0
167
87
0
133
72
72
104
112
195
165
59
125
107
0
156
130
115
95
70
93
109
141
119
67
65
80
100
126
0
90
77
118
110
111
64
151
37
61
153
124
34
109
141
0
88
95
78
75
40
133
133
0
150
195
112
142
49
109
72
130
94
34
44
75
50
91
23
181
120
131
174
58
0
124
118
75
107
94
150
112
0
80
111
124
130
144
115
49
148
105
73
118
90
47
0
118
87
78
103
27
40
124
127
45
46
52
125
57
135
74
154
80
78
71
80
124
153
100
175
177
81
170
60
131
37
140
106
146
113
144
176
109
144
78
98
71
127
115
151
70
72
125
159
59
1
87
141
45
174
3
14
89
130
88
27
89
77
106
104
121
132
90
0
153
0
24
117
153
161
88
109
143
89
95
123
120
0
103
14
66
168
130
107
143
176
142
71
173
123
80
77
117
86
76
95
107
144
135
72
93
53
29
31
131
167
0
57
101
100
154
118
164
83
100
117
119
102
103
157
168
88
90
119
123
88
107
25
34
104
100
126
128
69
23
65
16
76
0
19
112
97
56
115
5
123
128
156
103
113
58
113
97
124
144
131
112
129
80
50
77
118
152
130
96
77
81
77
111
182
58
87
125
50
142
84
74
188
34
53
109
168
169
31
74
147
82
98
114
111
0
143
192
106
4
42
74
123
115
190
165
107
149
19
129
85
110
9
0
70
93
116
87
108
22
8
120
96
46
146
116
130
172
103
106
138
12
44
0
9
5
132
132
112
102
141
56
114
120
115
112
118
175
157
37
187
155
137
125
126
150
115
133
164
193
85
7
125
72
110
86
181
136
97
72
62
139
184
147
140
83
102
88
31
128
150
150
106
138
46
79
143
132
157
111
114
137
83
48
155
151
76
133
41
119
107
159
62
127
167
119
106
144
124
123
126
107
40
75
170
88
146
147
57
118
142
0
118
75
172
101
138
124
0
189
115
165
16
112
175
118
92
125
20
148
102
117
92
0
78
90
40
192
146
113
97
142
169
147
124
185
152
169
114
104
118
71
20
28
59
93
93
157
70
195
106
35
176
170
11
132
113
88
152
148
36
124
92
0
45
127
0
144
144
129
110
121
78
21
113
36
120
111
106
116
123
45
147
8
121
122
93
64
151
114
120
168
132
175
189
108
144
65
0
43
120
39
32
71
40
138
116
160
81
95
115
70
14
46
200
146
93
22
118
72
143
129
103
67
100
134
167
77
34
107
173
147
115
67
90
119
6
68
90
181
55
85
138
157
81
28
100
59
10
68
61
71
142
94
86
75
110
123
108
144
148
72
138
0
0
107
0
123
124
140
114
118
112
54
114
32
80
80
89
26
