421
-8486
-3972
-4105
-8210
2408
1832
747
-5081
-6105
613
9401
704
-4020
-6050
-10142
-6748
4444
-2881
2489
-5438
7495
-6803
819
-3783
-4947
24725
-792
644
-10032
-7227
1548
-3596
-3651
-3261
-8673
1898
-7178
-6835
10714
-6277
-6995
2489
-5864
-2001
-8760
-1670
-6171
-753
861
-7268
-5825
3652
-9117
-2019
-5959
11767
-10169
-4847
-9123
-3243
52
499
-924
-8502
2471
-1488
1171
-2181
-6743
1797
2943
-170
-5110
4068
-8942
705
4272
-9572
2066
3738
9158
-4569
3106
1858
-650
1609
-804
-4599
7072
-692
-7191
2991
-4707
9733
6294
3800
3059
2620
-1338
-7328
-5655
4512
2719
-2977
-406
-8431
-8545
-2103
6822
4529
4221
1884
-3371
-4588
6001
-6766
-3488
1225
-2227
-8356
-6696
-9504
174
-3600
-5958
-4179
12364
4048
-4938
-959
-3721
-3904
-3668
-4441
-2852
-161
-11882
-6465
-5419
-9902
-3167
-6309
-3804
-7466
-9013
-5388
1228
1008
-450
-9100
-16029
-1208
-2130
6381
-9103
-5271
8024
-6894
7532
-5020
-1350
-4786
3739
-8793
-6972
-4254
-2172
5356
-7615
810
-4246
-2696
10544
1378
-1165
2879
-6765
5229
-7381
1833
-8420
-5382
-4867
3360
-9479
-5478
1089
-10257
-4723
-388
-12069
-5358
-1654
-641
2292
-3500
-773
-8122
-3205
-785
-15991
-5530
4966
6678
-993
-2491
-1213
-6836
-5863
-3281
13801
1654
-7319
-7760
-12455
-186
-7902
3735
-9940
-102
-1986
-8244
4683
-3162
11434
6983
-7366
3811
5842
10502
-11218
-4536
5617
-7955
1703
-5736
-3453
-540
-2431
-5512
-10634
4120
-2126
-5595
-4241
3432
-6961
857
-1364
-4779
1493
485
-4075
-4685
484
-7601
-1254
-1558
6864
-8505
21647
-1438
-1603
-2932
-10448
5938
-4292
1111
-8598
-3786
183
-6762
4335
-11756
3384
-4962
8326
-4460
-10784
6644
-5379
4007
-4755
-4963
-5403
1712
-2186
-5775
4339
2672
3881
-4983
-362
-4639
7127
-3122
-8589
-4098
-2984
3536
16264
2262
6476
1215
-11015
2014
5700
592
-3293
1736
-8736
-3799
-3441
-5803
-7668
-8201
1938
46594
-13437
5895
-4195
-6258
23705
-4802
352
13938
-5694
73
-3017
7076
-7107
-1326
-420
5506
-746
12108
-6332
3056
2473
-12205
600
-4691
-6555
49
996
1721
136
606
-2838
-2965
-1190
-2889
-3268
-3711
-7863
1766
12851
-1758
8535
-5050
-2277
-10681
-272
3386
2309
1770
-6854
11168
-1502
17935
-5742
-5911
-856
6791
501
-1653
-1381
3542
-2060
-10852
-2159
-6163
1935
-6212
-7735
-6088
-16309
-1302
-2543
85
-1631
-5049
209
-706
-3825
-4734
-6621
-1843
8271
1549
-1756
22291
-4778
-4023
-4423
-5743
-6769
5807
8611
5295
7146
-5393
-2170
5468
-3069
3956
-52
-1303
-9523
8554
-10815
-5470
-316
3030
3983
-809
7538
2860
829
-3640
-1606
-1884
-5238
12748
-4582
-789
-5684
-859
-6902
1224
-3045
2075
-2897
-3980
27797
-4161
-1165
-5627
-370
1652
22901
4689
2444
-7416
-1755
-9281
202
8484
13241
-7749
-1469
6958
-1461
-2032
-681
-3025
-540
1997
-9994
-2960
1861
1060
3135
-1094
-4365
14581
-4785
-503
2607
1544
-5717
6350
-5536
-8140
-1202
-148
-5061
7002
-9879
16871
-1728
5773
-6593
-9571
3987
-7503
876
2601
1731
-9930
-6695
8430
-7793
-6369
-6091
-1657
-3604
-8164
-9765
-7356
-4434
4393
-7679
-7587
-4084
-5367
-9670
-7078
-2714
-788
-2237
51
5443
-7909
2044
-6608
3212
-7823
-3248
-656
4840
-5280
-796
-2081
-7592
56
1826
-7567
-2418
6194
-1492
-6594
-5923
-8882
5719
778
-4888
-5039
7704
-2417
-5984
-3133
4153
7277
-4298
-5314
-1620
-6268
10892
-3173
6195
-289
-3495
4341
-7232
-42
-2707
8738
-9795
-1361
59
-1606
-8340
3496
-7624
2831
7907
9310
-5430
-4032
162
-270
-5368
10273
-7794
329
7701
-10482
447
-7873
18660
7141
1738
-5070
-2346
-5734
210
14439
10409
-6651
-3246
-7334
-13583
-10525
-4808
-1077
463
-9602
-7013
-3807
1735
2698
-3218
4654
2961
5563
-7461
-404
6321
-6960
-8873
-9846
-1993
-9637
-3069
-980
20987
-5842
-11780
2604
-5409
5532
-6123
-931
-1672
-8259
-6440
-372
-4362
-4196
353
-6471
2588
-2392
-6011
4234
-5724
8157
-10070
-3537
-7659
-10082
-129
-4471
-3737
-3319
-1580
-5387
34473
3059
5748
-2061
2536
-9026
-3247
1366
-6869
-4191
37
4103
-6456
