-114
-115
-115
-92
-108
-108
-120
-125
-115
-114
-126
-123
-125
-125
-115
-116
-105
-126
-123
-125
-118
-126
-99
-121
-114
-100
-124
-95
-123
-118
-121
-113
-55
-112
-85
-117
-104
-123
-126
-85
-122
-123
-94
-121
-113
-125
-123
-116
-95
-120
-69
-121
-126
-125
-117
-64
-116
-121
-121
-76
-115
-124
-120
-125
-125
-111
-121
-111
-124
-126
-126
-103
-115
-113
-102
-116
-126
-121
-118
-115
-124
-113
-65
-115
-126
-121
-115
-124
-123
-123
-119
-107
-65
-125
-118
-126
-120
-112
-125
-122
-124
-126
-106
-119
-122
-126
-115
-88
-125
-124
-121
-98
-124
-102
-113
-124
-125
-115
-108
-125
-119
-123
-126
-125
-118
-124
-125
-107
-126
-96
-116
-124
-113
-119
-104
-124
-115
-116
-104
-97
-121
-118
-97
-115
-121
-88
-120
-116
-122
-126
-117
-119
-120
-105
-125
-119
-112
-126
-126
-115
-123
-125
-115
-126
-124
-109
-106
-126
-121
-114
-126
-113
-86
-115
-126
-125
-119
-115
-104
-96
-122
-124
-94
-74
-112
-126
-126
-110
-115
-122
-125
-94
-90
-113
-103
-105
-122
-115
-124
-126
-107
-126
-116
-122
-102
-100
-125
-117
-119
-114
-99
-119
-119
-124
-87
-118
-126
-126
-101
-120
-116
-124
-125
-122
-72
-126
-126
-116
-124
-116
-108
-126
-123
-116
-102
-124
-123
-126
-123
-120
-115
-119
-121
-118
-122
-126
-107
-108
-124
-124
-123
-122
-124
-123
-126
-108
-116
-119
-121
-125
-115
-123
-108
-116
-124
-90
-126
-123
-125
-109
-119
-115
-125
-122
-126
-125
-126
-115
-114
-124
-110
-109
-126
-124
-124
-124
-52
-125
-122
-126
-121
-124
-121
-117
-125
-111
-86
-126
-120
-117
-126
-113
-126
-117
-126
-113
-111
-122
-121
-106
-120
-126
-118
-105
-114
-126
-103
-117
-110
-110
-125
-100
-126
-124
-126
-124
-120
-125
-105
-122
-126
-122
-124
-61
-122
-122
-102
-125
-115
-125
-124
-123
-124
-124
-125
-124
-114
-122
-117
-119
-108
-123
-109
-126
-123
-115
-118
-92
-124
-125
-121
-126
-126
-121
-111
-121
-109
-111
-123
-108
-115
-126
-117
-117
-124
-116
-125
-72
-122
-124
-96
-125
-107
-125
-123
-115
-100
-124
-123
-125
-126
-118
-124
-118
-124
-122
-102
-126
-118
-125
-94
-126
-125
-126
-116
-106
-123
-124
-125
-115
-125
-115
-122
-125
-126
-101
-119
-104
-126
-123
-121
-123
-117
-124
-115
-115
-126
-94
-126
-120
-100
-120
-102
-122
-115
-124
-116
-123
-94
-126
-123
-106
-125
-104
-108
-126
-67
-122
-125
-118
-119
-116
-125
-108
-94
-126
-126
-108
-108
-126
-126
-125
-125
-126
-119
-119
-104
-120
-124
-122
-121
-106
-115
-126
-124
-123
-119
-119
-125
-73
-126
-116
-124
-126
-120
-124
-126
-126
-115
-115
-118
-106
-121
-119
-119
-115
-125
-124
-119
-105
-101
-126
-102
-67
-100
-101
-126
-126
-126
-125
-116
-110
-117
-120
-101
-118
-115
-125
-122
-115
-116
-125
-125
-125
-121
-125
-124
-118
-117
-125
-123
-107
-122
-126
-125
-122
-115
-79
-122
-122
-121
-105
-113
-117
-126
-121
-108
-122
-87
-113
-123
-125
-114
-124
-116
-126
-96
-124
-115
-111
-123
-118
-116
-124
-121
-122
-124
-125
-125
-119
-125
-51
-92
-119
-124
-126
-120
-117
-126
-117
-125
-117
-107
-121
-115
-113
-113
-120
-115
-124
-125
-126
-124
-105
-116
-125
-120
-99
-107
-65
-104
-122
-122
-122
-60
-125
-125
-125
-123
-126
-107
-119
-124
-76
-102
-118
-100
-52
-112
-123
-122
-120
-124
-96
-122
-125
-57
-117
-113
-124
-125
-126
-120
-126
-117
-125
-125
-123
-125
-119
-110
-125
-126
-71
-126
-108
-125
-118
-122
-121
-123
-126
-118
-98
-126
-115
-37
-115
-119
-102
-91
-126
-122
-109
-110
-126
-120
-117
-125
-105
-112
-117
