0.00342598
0.00069213
0.00134655
0.00385731
0.00229283
0.00184633
0.00198237
0.00107167
0.00162619
0.00165936
0.00056976
0.00312721
0.00128440
0.00124402
0.00056304
0.00148585
0.00108016
0.00071342
0.00032326
0.00253482
0.00158322
0.00602972
0.00122627
0.00434450
0.00360675
0.00112074
0.00043014
0.00185518
0.00265123
0.00044406
0.00140591
0.00117597
0.00412043
0.00111134
0.00340001
0.00152296
0.00069552
0.00170839
0.00446343
0.00067937
0.00561557
0.00275189
0.00222950
0.00099596
0.00451009
0.00080079
0.00235273
0.00067177
0.00240016
0.00139303
0.00159821
0.00310456
0.00753672
0.00137295
0.00262476
0.00085346
0.00423727
0.00034970
0.00306689
0.00079782
0.00050822
0.00089534
0.00622438
0.00218576
0.00227279
0.00161460
0.00062653
0.00197745
0.00290845
0.00114122
0.00230719
0.00475860
0.00428986
0.00176055
0.00156231
0.00303514
0.00226756
0.00088079
0.00178805
0.00176480
0.00311535
0.00362000
0.00121749
0.00122516
0.00443945
0.00153178
0.00130176
0.00086516
0.00110714
0.00244155
0.00093582
0.00043339
0.00424511
0.00445242
0.00109416
0.00149425
0.00192931
0.00378673
0.00133765
0.00169162
0.00110834
0.00109075
0.00235199
0.00131016
0.00428756
0.00159360
0.00346154
0.00072375
0.00246688
0.00223944
0.00105759
0.00177455
0.00062979
0.00270158
0.00473448
0.00060701
0.00104798
0.00134872
0.00467530
0.00103122
0.00111801
0.00855225
0.00234186
0.00317239
0.00176862
0.00235760
0.00241783
0.00167606
0.00161925
0.00128959
0.00121271
0.00259969
0.00126251
0.00118798
0.00067468
0.00447715
0.00189343
0.00177921
0.00188212
0.00618875
0.00054198
0.00209978
0.00389994
0.00181275
0.00034521
0.00584729
0.00132178
0.00090462
0.00181918
0.00535535
0.00210580
0.00159255
0.00396208
0.00065067
0.00627242
0.00083227
0.00130623
0.00067402
0.00075451
0.00150055
0.00103763
0.00069957
0.00170540
0.00112038
0.00351195
0.00213356
0.00429795
0.00106538
0.00023312
0.00130962
0.00243028
0.00070370
0.00366766
0.00075725
0.00124133
0.00083023
0.00046079
0.00123074
0.00061073
0.00072279
0.00240347
0.00186625
0.00372090
0.00386480
0.00136113
0.00581118
0.00378759
0.00157427
0.00162603
0.00089377
0.00286867
0.00217346
0.00137256
0.00449940
0.00207024
0.00036479
0.00057228
0.00394230
0.00105843
0.00673182
0.00111375
0.00074662
0.00497682
0.00409911
0.00293552
0.00147504
0.00271576
0.00312685
0.00087861
0.00231154
0.00190307
0.00168898
0.00183674
0.00067612
0.00110711
0.00275868
0.00266835
0.00236743
0.00099418
0.00235042
0.00425104
0.00586759
0.00441981
0.00166592
0.00331254
0.00219761
0.00182640
0.00109246
0.00542817
0.00257950
0.00053587
0.00180693
0.00048704
0.00238005
0.00194253
0.00167353
0.00402775
0.00070875
0.00539354
0.00123809
0.00137412
0.00096907
0.00159878
0.00063835
0.00308105
0.00131973
0.00112163
0.00100096
0.00083826
0.00713230
0.00175892
0.00625174
0.00048887
0.00125378
0.00113855
0.00565746
0.00187712
0.00316751
0.00097877
0.00192947
0.00384608
0.00112819
0.00091738
0.00119414
0.00077523
0.00044762
0.00112210
0.00099887
0.00265734
0.00230198
0.00168051
0.00176774
0.00074336
0.00133036
0.00199451
0.00071077
0.00174319
0.00054537
0.00276857
0.00210060
0.00307414
0.00183027
0.00284655
0.00150625
0.00185695
0.00153672
0.00186729
0.00067073
0.00092129
0.00106229
0.00117236
0.00046442
0.00083092
0.00095784
0.00162608
0.00200917
0.00104929
0.00225515
0.00114748
0.00484936
0.00077934
0.00224669
0.00254795
0.00118948
0.00334906
0.00080923
0.00108923
0.00362576
0.00177262
0.00079116
0.00151483
0.00131890
0.00231190
0.00164500
0.00464147
0.00183391
0.00113858
0.00328612
0.00200299
0.00204928
0.00132986
0.00078900
0.00363868
0.00485984
0.00127386
0.00106846
0.00103517
0.00325849
0.00073638
0.00321405
0.00121652
0.00041492
0.00175040
0.00218809
0.00204081
0.00057161
0.00033570
0.00979097
0.00223900
0.00089982
0.00189069
0.00116068
0.00322307
0.00138473
0.00378863
0.00155145
0.00345857
0.00314139
0.00271441
0.00191143
0.00330588
0.00067145
0.00097614
0.00117686
0.00212874
0.00024045
0.00370198
0.00036920
0.00071051
0.00100659
0.00058001
0.00123183
0.00091225
0.00358808
0.00104967
0.00127974
0.00326367
0.00378181
0.00028927
0.00153509
0.00085135
0.00234630
0.00170917
0.00070537
0.00049945
0.00165455
0.00105726
0.00108262
0.00364207
0.00138403
0.00057011
0.00502073
0.00155933
0.00150666
0.00138275
0.00092787
0.00058699
0.00180248
0.00301705
0.00488611
0.00195022
0.00350911
0.00283941
0.00140472
0.00264410
0.00181079
0.00135501
0.00103225
0.00157244
0.00128489
0.00428443
0.00036220
0.00272173
0.00099206
0.00082774
0.00192354
0.00244501
0.00090812
0.00385652
0.01005878
0.00321039
0.00152805
0.00128338
0.00075088
0.00675872
0.00320998
0.00153574
0.00179687
0.00121531
0.00346490
0.00380010
0.00217872
0.00114224
0.00502519
0.01079351
0.00092852
0.00089618
0.00045663
0.00226820
0.00377292
0.00251167
0.00231686
0.00235126
0.00588411
0.00076072
0.00029714
0.00122644
0.00358774
0.00095382
0.00442988
0.00164160
0.00175413
0.00113402
0.00182306
0.00201737
0.00357576
0.00213701
0.00073381
0.00437094
0.00241689
0.00049626
0.00134836
0.00186526
0.00680893
0.00353572
0.00327436
0.00110093
0.00304008
0.00094597
0.00636718
0.00083838
0.00555472
0.00280872
0.00385018
0.00093265
0.00050544
0.00145226
0.00102821
0.00195696
0.00163862
0.00220469
0.00217986
0.00244833
0.00231079
0.00108064
0.00115175
0.00121219
0.00216184
0.00039529
0.00101966
0.00074246
0.00176146
0.00082237
0.00418997
0.00488178
0.00052098
0.00150499
0.00068041
0.00166015
0.00215258
0.00102436
0.00146456
0.00031398
0.00224765
0.00207322
0.00107385
0.00164146
0.00435829
0.00154776
0.00208039
0.00114895
0.00402943
0.00134112
0.00331712
0.00429642
0.00175425
0.00178384
0.00230636
0.00110457
0.00221755
0.00140127
0.00153102
0.00171645
0.00409429
0.00108192
0.00148949
0.00249582
0.00057497
0.00286921
0.00052009
0.00155234
0.00094099
0.00056903
0.00097545
0.00083403
0.00118002
0.00090352
0.00116479
0.00091200
0.00151102
0.00220311
0.00096680
0.01190474
0.00097408
0.00714451
0.00232093
0.00222764
0.00303935
0.00392968
0.00130867
0.00055244
0.00164747
0.00232545
0.00826770
0.00728843
0.00212984
0.00116068
0.00197413
0.00137478
0.00095314
0.00197698
0.00102134
0.00473535
0.00210769
0.00103635
0.00105600
0.00079975
0.00457931
0.00245798
0.00199751
0.00059771
0.00218940
0.00368188
0.00131020
0.00253003
0.00544555
0.00117381
0.00085236
0.00181867
0.00266569
0.00175472
0.00103727
0.00084775
0.00170015
0.00304319
0.00206304
0.00225656
0.00083426
0.00302646
0.00375369
0.00117732
0.00163754
0.00065835
0.00299156
0.00317778
0.00287784
0.00108657
0.00145787
0.00061808
0.00324649
0.00791967
0.00302417
0.00407526
0.00099736
0.00353742
0.00304321
0.00023790
0.00076083
0.00156926
0.00229044
0.00171224
0.00111876
0.00211070
0.00081438
0.00125144
0.00077239
0.00260962
0.00242166
0.00135695
0.00109709
0.00151474
0.00087186
0.00458618
0.00023427
0.00075269
0.00415592
0.00163717
0.00405155
0.00113158
0.00246900
0.00216807
0.00139167
0.00402217
0.00139155
0.00149472
0.00178464
0.00104943
0.00109454
0.00097759
0.00135879
0.00269308
0.00286412
0.00141424
0.00573271
0.00127930
0.00068153
0.00321913
0.00114780
0.00219397
0.00311282
0.00078299
0.00239999
0.00162964
0.00183167
0.00142767
0.00211015
0.00112778
0.00222413
0.00127409
0.00195702
0.00014130
0.00268954
0.00052836
0.00279402
0.00162521
0.00153013
0.00258872
0.00101636
0.00080575
0.00105219
0.00167835
0.00026582
0.00204542
0.00169121
0.00166656
0.00128421
0.00288643
0.00251755
0.00250241
0.00148713
0.00059445
0.00480177
0.00321377
0.00076638
0.00096978
0.00119471
0.00356935
0.00205830
0.00388684
0.00356325
0.00111564
0.00219266
0.00109015
0.00080215
0.00576370
0.00088189
0.00045737
0.00120192
0.00121227
0.00138681
0.00461725
0.00134230
0.00129372
0.00075703
0.00195460
0.00152624
0.00035268
0.00102294
0.00374609
0.00285454
0.00071791
0.00106106
0.00429090
0.00388613
0.00183900
0.00278176
0.00115205
0.00329815
0.00339399
0.00063066
0.00105316
0.00131212
0.00163611
0.00225386
0.00030482
0.00266227
0.00130002
0.00046932
0.00249181
0.00317038
0.00108531
0.00149374
0.00457899
0.00151201
0.00070982
0.00059212
0.00156839
0.00126415
0.00100943
0.00230557
0.00558209
0.00075292
0.00181741
0.00096403
0.00106220
0.00098839
0.00127390
0.00106848
0.00159850
0.00077796
0.00260905
0.00294820
0.00208081
0.00088048
0.00101275
0.00230655
0.00546317
0.00183351
0.00114100
0.00132853
0.00242140
0.00450970
0.00247683
0.00160494
0.00348706
0.00036991
0.00458675
0.00466892
0.00250838
0.00292856
0.00120266
0.00114151
0.00089255
0.00152469
0.00113014
0.00341837
0.00163093
0.00266126
0.00131196
0.00107312
0.00129113
0.00262144
0.00157022
0.00343682
0.00365714
0.00203486
0.00102608
0.00400879
0.00194300
0.00155374
0.00330245
0.00163095
0.00069748
0.00061385
0.00071625
0.00194909
0.00074932
0.00181772
0.00190871
0.00269469
0.00641659
0.00264280
0.00097496
0.00095848
0.00112762
0.00270979
0.00168690
0.00097156
0.00070975
0.00083478
0.00427228
0.00458627
0.00382617
0.00082668
0.00171429
0.00262002
0.00089075
0.00069877
0.00336638
0.00367808
0.00241140
0.00137047
0.00407747
0.00366501
0.00198631
0.00123975
0.00317462
0.00194898
0.00123779
0.00136354
0.00107207
0.01096089
0.00152545
0.00383946
0.00076403
0.00267436
0.00599238
0.00124680
0.00188210
0.00145322
0.00302615
0.00149589
0.00097936
0.00472652
0.00444074
0.00257726
0.00153389
0.00557267
0.00431950
0.00114785
0.00065083
0.00194407
0.00094704
0.00151267
0.00100923
0.00378302
0.00073966
0.00208312
0.00304710
0.00122421
0.00340446
0.00119013
0.00357371
0.00100028
0.00118373
0.00326115
0.00186586
0.00062307
0.00242578
0.00047125
0.00269357
0.00127708
0.00833909
0.00115045
0.00340074
0.00052147
0.00118026
0.00156727
0.00163734
0.00244298
0.00141706
0.00207064
0.00291705
0.00198244
0.00259969
0.00074000
0.00390844
0.00177230
0.00145963
0.00165002
0.00060379
0.00350076
0.00151858
0.00127172
0.00310914
0.00069659
0.00107455
0.00147440
0.00462396
0.00109399
0.00303215
0.00116041
0.00131912
0.00342983
0.00288595
0.00271890
0.00095210
0.00198692
0.00150535
0.00205730
0.00138493
0.00102377
0.00081812
0.00089451
0.00260454
0.00601554
0.00213681
0.00225729
0.00413453
0.00088648
0.00027624
0.00151693
0.00113117
0.00200712
0.00063350
0.00081301
0.00217564
0.00260523
0.00249303
0.00079212
0.00200466
0.00262303
0.00342850
0.00248102
0.00192518
0.00185537
0.00256891
0.00106020
0.00073422
0.00020834
0.00201235
0.00198690
0.00106516
0.00072974
0.00127249
0.00130989
0.00134453
0.00156271
0.00109797
0.00208226
0.00104133
0.00359554
0.00098632
0.00067888
0.00054976
0.00123148
0.00180662
0.00084156
0.00120736
0.00225430
0.00216325
0.00088879
0.00132854
0.00253686
0.00182897
0.00166105
0.00196635
0.00205801
0.00183534
0.00167710
0.00086188
0.00111653
0.00879657
0.00433021
0.00094665
0.00160893
0.00093240
0.00087742
0.00095658
0.00166134
0.00097415
0.00440319
0.00200875
0.00187357
0.00068951
0.00226491
0.00284575
0.00169136
0.00066187
0.00128188
0.00123397
0.00141705
0.00169350
0.00091759
0.00089747
0.00119086
0.00156159
0.00105254
0.00239147
0.00231647
0.00128181
0.00089813
0.00146961
0.00126223
0.00093272
0.00134224
0.00111965
0.00255756
0.00092561
0.00091706
0.00066131
0.00075199
0.00236083
0.00121613
0.00214163
0.00038440
0.00179357
0.00214026
0.00100464
0.00087480
0.00143319
0.00071210
0.00167311
0.00416680
0.00063943
0.00110236
0.00075050
0.00188770
0.00096330
0.00083172
0.00166057
0.00074163
0.00202805
0.00362423
0.00133949
0.00599511
0.00158344
0.00178543
0.00688695
0.00152371
0.00035849
0.00140772
0.00345007
0.00323177
0.00170925
0.00125059
0.00204506
0.00274812
0.00208677
0.00396740
0.00335857
0.00087602
0.00073486
0.00112481
0.00096871
0.00532311
0.00185300
0.00092775
0.00134212
0.00203418
0.00172255
0.00184116
0.00127062
0.00253035
0.00032018
0.00388457
0.00149783
0.00131584
0.00131085
0.00161233
0.00116144
0.00241045
0.00064368
0.00054504
0.00125295
0.00398841
0.00331971
0.00129558
0.00221589
0.00119297
0.00254675
0.00117772
0.00111985
0.00275473
0.00350360
0.00232487
0.00084403
0.00099919
0.00132088
0.00088163
0.00142311
0.00178669
0.00246488
0.00294200
0.00113551
0.00189735
0.00075600
0.00133384
0.00535510
0.00054665
0.00084567
0.00205613
0.00090337
0.00066955
0.00212017
0.00079454
0.00103641
0.00127906
0.00266379
0.00111414
0.00178109
0.00158764
0.00365754
0.00181608
0.00107902
0.00088775
0.00136724
0.00129537
0.00187598
0.00119226
0.00129014
0.00283045
0.00071907
0.00134694
0.00201087
0.00083030
0.00210885
0.00155478
0.00214796
0.00335033
0.00050203
0.00112131
0.00105123
0.00163693
0.00136497
0.00234333
0.00520158
0.00169535
0.00060486
0.00154069
0.00132661
0.00068879
0.00227360
0.00129489
0.00072334
0.00104493
0.00080031
0.00181818
0.00100887
0.00057935
0.00120630
0.00170632
0.00109081
0.00074396
0.00109244
0.00148205
0.00233450
0.00238776
0.00253241
0.00342645
0.00133233
0.00472792
