-433
1548
-120
-224
-51
-133
-67
-1994
390
30
-547
-451
348
334
-2012
-313
-622
1386
3441
486
165
88
-1019
-314
-321
-355
1852
-41
-451
-3380
1550
-339
474
-1014
-526
723
13
184
-228
308
140
176
-585
-323
-317
118
-156
-1082
-296
25
-306
-15
-55
-409
221
1104
-120
-6985
37
579
-1770
-27
-99
-1053
507
286
978
446
-98
-304
290
-95
-361
447
245
797
-66
1397
-201
215
-196
-170
407
-69
-325
605
267
-204
-2309
462
166
-2109
-302
-171
-829
62
321
-306
738
-1123
-584
736
646
-1448
-329
849
-140
-327
229
-98
768
-184
-1549
304
-70
-71
-1709
515
-316
1138
200
-130
69
-197
-305
8
-75
-162
-929
-708
-196
-205
-504
-118
-1483
-201
693
-90
556
2
-3615
493
102
-195
1488
11
-1684
300
172
-26
284
1164
-322
-432
-197
-58
-370
1578
1142
30
-297
345
-99
-287
293
372
-355
-1489
3534
-635
-155
0
231
155
76
-674
628
-614
659
632
-85
-375
346
-377
-227
-238
-350
1843
-1047
-191
-532
772
-1773
137
370
5637
-891
97
-194
327
-1117
-1375
-116
-314
-203
32
-573
211
1174
-311
-480
-106
694
-3
40
-185
530
-274
356
235
-294
229
-256
-150
-417
156
-258
2426
-125
-590
-2314
-115
6958
-488
399
508
-351
761
-203
-241
433
679
-66
-320
-415
855
-132
-1227
-297
-63
25
-212
1458
-817
156
659
-67
302
385
102
-337
-749
-894
-718
-1217
-4117
-442
-28
104
961
28
-270
1167
288
51
307
-372
1227
-159
-97
392
-291
-347
360
-809
12
-477
577
-390
-143
945
-2271
-932
-1206
-144
849
-791
-178
252
-287
4187
641
-91
1598
-357
-1158
951
-107
729
459
772
590
425
1143
1
15
-556
-355
143
513
688
-660
193
511
-308
288
1050
-332
-878
-38
-1789
2242
436
226
424
-3921
3106
-152
-270
-1081
-713
-690
-145
-1855
-289
-315
-32
-335
-167
-442
-358
-2
61
-863
-332
5155
-370
2032
-1369
-2225
-1736
-738
725
-389
889
64
542
65
6257
98
-1959
-194
-207
164
1027
909
-1035
-38
-160
-347
342
580
-204
-317
941
-1401
1248
974
-261
-208
124
46
-16
-660
233
1289
-150
36
249
-439
-258
6101
174
673
1101
611
-199
452
-307
-83
-239
312
683
-668
-199
-232
59
-165
2052
-403
-43
-83
614
-356
70
-360
-654
-3662
-474
-401
524
-196
1193
-242
1183
5575
-937
-369
-1522
-311
-80
-92
-153
183
556
130
850
-23
-68
615
208
-961
-1253
-157
-425
348
-1435
-494
-1482
-99
-154
-251
-466
-101
-36
195
-521
-1428
-203
1064
746
-1311
777
465
161
359
-319
-190
3172
-653
-983
-530
347
-303
-296
-5225
694
27
674
314
-3009
107
-978
777
676
-1755
-292
-85
802
-518
-87
-110
-199
-337
-220
162
-87
399
-59
622
-330
279
-303
-333
1597
-1549
385
-365
-15
581
201
204
1424
-701
-1154
-277
-320
-450
-580
714
-502
65
-151
-444
-197
583
-579
1198
-337
490
1481
-54
931
-35
-39
850
432
-133
-63
894
-232
-2581
-261
-118
192
-1002
1415
-354
307
-245
208
664
-220
949
370
16
3
-2580
194
-284
491
-468
-410
-1266
-408
-237
-36
961
-366
-233
961
1347
333
-478
-397
866
-921
-835
448
489
7
-428
-161
1208
684
-523
3550
-282
-97
311
707
-620
452
-1508
-883
1375
-181
-242
271
1302
299
-1168
-282
9119
1617
-139
286
-288
-822
660
219
-99
-282
1051
-521
-249
-789
-639
979
-200
-499
-320
464
-223
-47
-214
-437
-917
130
1290
-142
-400
-469
1079
-1039
526
-477
737
1001
1152
7125
140
-402
431
618
661
272
-115
-4351
-962
-10
5059
-269
-471
-74
1408
-342
-231
150
-204
1086
-103
-293
-1475
-526
-208
29
572
-82
-294
2279
-66
-1410
-585
-251
-144
2481
-227
-84
542
-276
-792
814
-230
-236
-1261
-6568
959
-415
-427
-1002
-549
-301
-340
-5
287
719
-113
-427
425
1040
-893
-216
270
-2835
457
-114
5244
-240
-59
176
-81
-264
-468
-1423
-139
-306
725
-1006
-434
-98
-2305
230
356
-212
-431
-1009
1372
-216
1784
209
-983
-729
1273
-1024
387
520
-775
-909
-1331
-320
-166
1436
-200
-339
1909
-256
-259
-234
-508
-1457
-73
-38
-429
-2217
689
389
68
-76
-1111
-691
-491
-283
-387
-393
-196
51
-735
0
-329
-159
-867
-938
-2257
-150
524
-1360
-202
12
-68
628
-388
1537
-912
315
-157
386
-575
-344
-1108
-220
43
110
-1204
-641
-110
108
376
-97
-302
-340
391
-324
-889
-138
-341
348
-317
-1282
-596
-719
35
878
-303
-377
-283
-19
-364
846
7
-310
-359
-415
-289
-127
-486
-91
-272
-300
279
-649
-595
153
369
290
303
21
362
-414
296
-382
-643
-402
1044
290
475
-263
-4691
343
-100
23
-298
-71
543
-255
-813
-996
-268
235
-98
805
-18
-330
-588
-297
-2202
-325
-804
-216
1262
991
-434
989
996
779
-3182
1562
-1481
-268
-982
586
643
33
-482
-20
-399
468
377
645
83
1645
482
-528
-660
-534
-234
-774
-509
114
-253
-11094
232
509
-152
194
-1463
564
119
-487
-331
-605
-410
-148
157
520
723
173
-920
2058
7147
-20
135
-245
-2189
-140
708
-454
376
-1173
-38
-744
-394
-600
-1449
703
130
-312
-1925
-6
-491
771
-751
1171
105
770
279
302
617
-18
-300
1145
1144
-132
-125
1391
235
-954
196
-640
-123
3182
177
-167
-543
-493
-244
87
-974
-387
-1397
-86
-361
-113
1356
-483
-598
-8
432
460
653
209
571
769
-2268
515
1232
-429
-24
-739
-673
-1287
2671
-61
-1695
-664
-8237
-404
122
-1182
687
-480
-1822
-242
-306
-492
479
-1586
174
-804
175
-539
-641
549
-230
-414
-398
-37
610
-203
-362
3884
382
-136
335
776
-329
-73
517
-647
-157
-378
1421
1658
169
-45
-112
418
-680
-453
-399
89
890
-550
354
1791
-335
-219
645
565
-217
-950
444
442
-6114
-92
-314
3
-282
599
1166
128
-1128
1245
-227
-334
-449
-1419
-389
-1063
495
-329
787
-8
147
-3498
-203
-476
76
-49
-2887
-1343
650
-2999
-2816
456
-3375
242
-398
-598
794
-225
-266
-293
-174
-193
-881
724
-43
-266
665
285
350
-2248
-568
-244
-802
299
741
176
-213
1367
252
-744
214
180
66
192
8
-60
417
-319
174
369
-605
-1461
-1670
235
131
793
1002
-283
306
1794
4513
-250
127
-647
-519
-540
128
752
-202
