0.00037816053
0.00039150284
0.0002679057
0.00024652987
0.00033553285
0.00029952187
0.00033083934
0.00036157086
0.00024920856
0.00031930493
0.00038306363
0.000356266
0.00027883626
0.0003988521
0.00029613436
0.00028851524
0.0002746326
0.00032309574
0.00026936506
0.0004105917
0.0004789531
0.00032278453
0.00042429325
0.00033897793
0.00039316106
0.0003952504
0.0007201672
0.00036230567
0.0003884962
0.00036262212
0.00032261925
0.00036383688
0.00033487755
0.00036094701
0.00035098896
0.00029934483
0.0003475918
0.00047296385
0.00035217046
0.00034983424
0.00032678855
0.0004217581
0.00030569764
0.00036368953
0.00036946638
0.00026819375
0.00042205528
0.00037851834
0.00041568957
0.00036844594
0.00034934108
0.0004274884
0.0003484557
0.0003663448
0.00034044104
0.00041219717
0.00038056928
0.00051615166
0.00044657558
0.00036683178
0.00038191237
0.0004056578
0.00043639174
0.0002418717
0.00034463435
0.00035417185
0.00031687372
0.00040224433
0.00038149054
0.0003722412
0.00035966106
0.00025754594
0.00036856838
0.00034814092
0.000430991
0.00035684116
0.00036511407
0.00025734966
0.00032780317
0.0002811378
0.0003613693
0.00033975308
0.00030812758
0.0002785328
0.00030597526
0.0002997269
0.00042897204
0.0002539171
0.00031605532
0.000537118
0.00027842756
0.0004236443
0.0004961213
0.00032555772
0.0003045337
0.00034466136
0.00039676073
0.0002821908
0.000324116
0.00054313394
0.0004241736
0.0003703187
0.00031802786
0.00032667877
0.0002708391
0.00027923618
0.00024989806
0.00042461453
0.00038940448
0.0003220939
0.0003926478
0.00039139413
0.00033444836
0.00044270206
0.00033106754
0.00041692096
0.00032034362
0.0004719063
0.00047218078
0.00036032026
0.00048776125
0.00032449965
0.0003149264
0.00039224097
0.0003792722
0.00042048199
0.0006052561
0.00028597395
0.00042905335
0.00046393948
0.0002837433
0.00041791223
0.00034234655
0.00035261418
0.00042155953
0.00036390166
0.0003361055
0.0003889621
0.00023539287
0.00035362213
0.00024830634
0.00051899254
0.00027392074
0.00043428488
0.0003545767
0.0003572434
0.0002688519
0.00038852484
0.00025860133
0.00045376093
0.0002916315
0.00030203268
0.00031027276
0.00038049513
0.00030925396
0.00035588138
0.0003689337
0.00033890482
0.00032517538
0.00040483667
0.00034608666
0.0004095853
0.000278996
0.0003071478
0.00036926448
0.000368623
0.00029114107
0.00027338316
0.00035903757
0.00031292965
0.00040022613
0.00027900044
0.00040834528
0.00029449753
0.00026453257
0.00029866
0.00029251675
0.0002716583
0.0002740548
0.00028813106
0.00028923186
0.0004071946
0.00037519392
0.00024859334
0.00033002303
0.00034921672
0.00044429788
0.00025679354
0.0004215487
0.00036251088
0.000345318
0.00026128392
0.00028659013
0.00030236781
0.0004049248
0.00034783222
0.00033240166
0.0003000801
0.00025524522
0.00032300816
0.00043433232
0.0004977527
0.00038318575
0.00036933974
0.00042401024
0.00032131164
0.00048173423
0.00041019637
0.0003372691
0.00033694695
0.0003701098
0.00039086936
0.0003677268
0.00046238513
0.00030058177
0.0003514545
0.0003496102
0.00052299816
0.00040393247
0.00035591848
0.00036622302
0.00036629796
0.00032126816
0.0003003368
0.00033331872
0.00040846193
0.00034913982
0.0003584463
0.00034639696
0.00033070482
0.00034006525
0.00025389274
0.00042071505
0.00030727577
0.000319733
0.00044713708
0.00028317698
0.00029607987
0.00029887803
0.0003920989
0.00032781975
0.00035493512
0.00041680518
0.00039584257
0.00030883984
0.00036227063
0.00029665555
0.00039575217
0.00043996834
0.00029053315
0.00050781784
0.000367986
0.00041040036
0.0002909549
0.0004260232
0.0003879644
0.00033312812
0.00034073234
0.00039383565
0.00028420993
0.0003468165
0.0004001831
0.00036618288
0.00041784457
0.00036275273
0.0004701925
0.0004537216
0.00033289168
0.00031843767
0.00032745153
0.00036669118
0.00033495665
0.00030344696
0.00035714434
0.00033164353
0.00039702354
0.00032936924
0.00033467347
0.00029222888
0.00029210636
0.00026626725
0.0005346065
0.00029892987
0.00039310585
0.00032588356
0.0004580167
0.0002676093
0.00030510782
0.00029178857
0.00033959685
0.0002762898
0.00031640806
0.00030960102
0.00035536138
0.00033433834
0.00036509204
0.00026721624
0.00026811767
0.00043123792
0.00049135805
0.00039609577
0.00031061049
0.00028052667
0.0003242614
0.00025957337
0.0003406712
0.0002690854
0.00026216163
0.00032288217
0.00026109273
0.00031287267
0.00036983125
0.00035143187
0.0003692197
0.00032804027
0.00042375323
0.00037949448
0.00043394853
0.00031691088
0.00035902648
0.00039026872
0.0003100167
0.0004791842
0.00028913296
0.0002620295
0.00034644717
0.0003097118
0.0002353766
0.0003736381
0.0002992747
0.00027172457
0.00031209312
0.00036226568
0.00043169875
0.00028573818
0.00033782978
0.0003333649
0.00030430377
0.00030953754
0.00025696706
0.00037628016
0.00037266436
0.0003423621
0.00028693397
0.000280689
0.0003280207
0.0006098618
0.0003286667
0.0003680685
0.00035770927
0.00038640932
0.00029494383
0.00039202775
0.0003441542
0.00040156487
0.00040328802
0.0003214622
0.0003344009
0.0003385176
0.00034801048
0.0002819055
0.00039232275
0.00029759321
0.0003419088
0.00041934327
0.00035457016
0.00037979454
0.00031373595
0.00034169867
0.00037725476
0.0004598095
0.0002525957
0.0005290498
0.00029975086
0.0003347077
0.00029507666
0.00034582283
0.00068314525
0.000399353
0.00043972777
0.0003773386
0.00025828602
0.0002641176
0.000369571
0.00030037644
0.0003494908
0.0003469886
0.0003306708
0.00027637207
0.00029122244
0.000414262
0.00035056722
0.00038249066
0.00039363146
0.00035310644
0.0003439537
0.00028881675
0.00041850575
0.00029761135
0.0005143655
0.00032536467
0.0003438969
0.00033947424
0.00034459092
0.00045354944
0.0004442373
0.00036596265
0.0003895794
0.00042031196
0.00032316011
0.0003980993
0.00044741304
0.00034286943
0.00032601724
0.00034381152
0.0003097955
0.00040514325
0.00036953026
0.00042040518
0.00047099686
0.00038914633
0.00046918853
0.00044983946
0.00028455508
0.0002556522
0.00043931775
0.0003653337
0.0003134886
0.0004071687
0.00036131454
0.00032610202
0.00027114243
0.00029249678
0.00027821964
0.00028555113
0.00049612415
0.00030630102
0.00065581297
0.0003779179
0.00039643998
0.00037551048
0.0003371008
0.00051701756
0.00037673197
0.00027482948
0.00034215572
0.0005527258
0.00038220265
0.00027883626
0.00029199143
0.00027149424
0.0003625988
0.00033727128
0.00032040972
0.0003478656
0.0005068484
0.0003644881
0.00031259796
0.0003249183
0.0002638991
0.00042523135
0.00035270615
0.00037189337
0.00035557963
0.00024331038
0.00037266494
0.00044794803
0.000344967
0.00045943563
0.0003014898
0.00025330624
0.0003226258
0.0002694443
0.00046436957
0.0003608436
0.00022262511
0.0003040139
0.00034886296
0.00030222826
0.0002760493
0.00039773993
0.000348038
0.00036953608
0.00027588912
0.0003397069
0.0005098562
0.00033104644
0.00032795506
0.00040662466
0.00047150243
0.00038593373
0.000492532
0.00038967014
0.00040462488
0.0003248493
0.00062701944
0.0003074272
0.0004041381
0.00039314548
0.00030281403
0.00040918787
0.000324093
0.00025903265
0.00038389408
0.00038932957
0.00033209863
0.00036461785
0.00037317927
0.00036563375
0.00035702856
0.00036084204
0.0002700551
0.00039685727
0.00032896336
0.00041187045
0.00046323417
0.0003449106
0.0003990186
0.00027539913
0.00029985324
0.0003181064
0.00036907947
0.00030516286
0.0004236633
0.0002770689
0.00039156232
0.00034929748
0.00031972668
0.0003126564
0.00024670866
0.0003703269
0.0004437744
0.00038762248
0.0004218205
0.0005131826
0.0003624824
0.00033293688
0.00030588434
0.0004081574
0.00038519254
0.00032066944
0.00025115887
0.00034637752
0.00022643368
0.00031079433
0.000377421
0.00031535453
0.00044192566
0.00052131905
0.00047097335
0.00040212594
0.00034540243
0.00032126028
0.00034440603
0.00046959863
0.00035204168
0.0004259159
0.00039931913
0.00028952744
0.00043037906
0.0005475837
0.00033662916
0.0004834528
0.000370658
0.00035183577
0.00022997384
0.00026969638
0.00034362063
0.00033434154
0.00025164796
0.00024341958
0.00037613642
0.00028027024
0.00032185548
0.00032719516
0.00026150414
0.0003573428
0.00029608997
0.00040591432
0.00034055518
0.0004406347
0.00031034497
0.00033989744
0.0003517879
0.0004362479
0.00036249802
0.00031064483
0.0003088736
0.0003521466
0.00024394752
0.0003757561
0.00058886386
0.00041170165
0.00040550614
0.00027854642
0.0003397727
0.0003171445
0.00039259676
0.00030101533
0.0002796396
0.00033987768
0.00027906743
0.00037602673
0.00029033964
0.00038396302
0.00039357806
0.00038804428
0.00035271375
0.00040805928
0.00033663985
0.00031577173
0.00043300568
0.00030000994
0.00038526757
0.000304285
0.00035632178
0.00023902669
0.00040642536
0.0003195966
0.00029020297
0.00035554275
0.00031849204
0.0003786304
0.00029957222
0.00045538213
0.00026212048
0.00047238654
0.00029042314
0.0004947241
0.0004903579
0.00036077655
0.00045735145
0.00025106594
0.0002827612
0.00025830648
0.00025222683
0.00042667848
0.00030228254
0.00037911645
0.0002881764
0.00034650936
0.00046382367
0.00034592082
0.00030211074
0.0003901728
0.00030013255
0.00032537527
0.0003569304
0.0003918296
0.00040218604
0.0005120884
0.0004511235
0.00037549288
0.00035261657
0.00043982783
0.00036975226
0.00035009216
0.0002960694
0.0003949558
0.00027504095
0.00035399728
0.00038521702
0.00024793332
0.000380632
0.0003642799
0.00033490616
0.00027573085
0.00038060162
0.00041642718
0.00029356548
0.00047390777
0.00033704052
0.0004568142
0.00032682173
0.0003628362
0.00039121328
0.00025331895
0.0003225519
0.00026177953
0.0004675478
0.00029801132
0.00037029883
0.0004710595
0.00037850745
0.0005130053
0.00038934665
0.0003106818
0.00032119313
0.00040171036
0.00028912158
0.0004001463
0.00030702606
0.00040487087
0.00039894
0.0002978712
0.000531081
0.00040481394
0.00041418555
0.0004878411
0.00029512754
0.00031017675
0.00035646372
0.00040172416
0.0003420158
0.00034720026
0.00026360466
0.00066264573
0.00061581284
0.0004952297
0.00031983914
0.0004379807
0.0005013449
0.00039437687
0.00035633054
0.00039062716
0.00044714857
0.0003230121
0.00024270461
0.00033628326
0.00026992793
0.00031790155
0.00028959432
0.00044702392
0.0005530971
0.00038921039
0.00036352404
0.00037199087
0.00028671962
0.0003514157
0.00035835695
0.00038531894
0.00030581243
0.0004770683
0.0002711832
0.00024566747
0.00029007412
0.0003526773
0.00031994027
0.00051166565
0.00053809845
0.00031641702
0.0003420235
0.0003358564
0.00039699738
0.0003710103
0.0003926539
0.00033906134
0.0003047481
0.0003438654
0.00025251377
0.0003818732
0.00037913903
0.00030725411
0.00036080548
0.00039079916
0.00032067846
0.0002915097
0.00031212327
0.00028652287
0.0003947901
0.00032855244
0.00033753496
0.00029900754
0.0003737763
0.00025589496
0.00038032018
0.00034879099
0.00032673712
0.00039317284
0.00043580483
0.00031593654
0.00033912674
0.00038643836
0.00039865627
0.00030115247
0.00036947132
0.00028706668
0.00033356925
0.00029040704
0.00028497906
0.0003858711
0.0003660341
0.00029684466
0.00041511373
0.000295177
0.00029798594
0.00029482468
0.00045955152
0.0002903406
0.00039161168
0.0003076835
0.00053100585
0.00040034403
0.00034065297
0.00028799518
0.00038970303
0.0002864556
0.00025422376
0.0003157282
0.00054193416
0.00031054282
0.00028356104
0.000289799
0.00035539092
0.0003523543
0.00046716782
0.00036552738
0.0003703368
0.00032897232
0.00043283222
0.00033897412
0.00025265018
0.00038928582
0.00055430934
0.00032666637
0.0005977318
0.00039766805
0.00044179076
0.00040789178
0.00035567014
0.00033982028
0.0003546014
0.00046259424
0.00031713417
0.00028106154
0.00037205187
0.00036279002
0.0003955665
0.0004203111
0.00039190595
0.0006111845
0.00031694293
0.0002901336
0.0003166924
0.00041735684
0.0003218825
0.00045913528
0.0003181519
0.00029872174
0.0003717782
0.00038047912
0.00050468754
0.00027041754
0.00054858247
0.00032349868
0.00036585235
0.0002696486
0.00035359545
0.000321613
0.00040858405
0.00028643679
0.00043761186
0.000445503
0.00045626317
0.000361279
0.00038004047
0.00026712343
0.0007182082
0.00051540456
0.00027686128
0.00032409406
0.00043517182
0.000372072
0.00034725646
0.0003375726
0.00031508497
0.0005046844
0.00028805106
0.00038712347
0.00031958043
0.0004095118
0.00030478544
0.00038824932
0.00028390024
0.00035808774
0.0002215245
0.00045900446
0.0003296212
0.0002965299
0.0003225563
0.00030397045
0.0003628241
0.00029842943
0.00034485693
0.00040324722
0.0005021262
0.0002706495
0.0003405814
0.00035412493
0.0003291171
0.00038808805
0.00036573774
0.0003429929
0.0005111137
0.00034744703
0.00040622067
0.0004397573
0.00036285882
0.00033147237
0.00034677962
0.00037197585
0.00031177598
0.00034661774
0.0002741253
0.000352969
0.00041856364
0.00034686498
0.00031565805
0.00039798766
0.0002396331
0.00038107336
0.0003522796
0.00030741142
0.0002947895
0.00039334394
0.00042470297
0.0003583795
0.00038578012
0.00038624048
0.00041298984
0.0002803482
0.00034363754
0.00037864066
0.0002839019
0.0002935975
0.0003497608
0.00045683002
0.00029979378
0.00037001976
0.00029264146
0.00031179056
0.0003501954
0.00030304346
0.00038386052
0.00040499502
0.00037765942
0.00035599165
0.00030509246
0.00035382813
0.0003167276
0.00037596351
0.00034619114
0.00033432562
0.00044146224
0.00029011682
0.0003171217
0.00040890265
0.00035637195
0.00027973164
0.0003317579
0.00030113332
0.00032212478
0.00043513038
0.00039545892
0.00041356887
0.00026576326
0.00032306951
0.0002652802
0.0002957339
0.00047984908
0.00033203667
0.00028409105
0.00029031077
0.00035090258
0.00039347901
0.00044640608
0.00035303066
0.00029760966
0.0003830289
0.00040465157
0.0003670203
0.00046707632
0.00033472385
0.00031481672
0.0004444776
0.0002919076
0.00035792057
0.00029703384
0.00034547722
0.00032916406
0.00033422207
0.00030118553
0.0003635341
0.00024923374
0.00040134627
0.00023857593
0.00038628743
0.00038958716
0.0002667695
0.0004234871
0.0003246266
0.00036837236
0.00030516653
0.00039659938
0.00037403958
0.00032904808
0.00035681017
0.0003573627
0.0004639929
0.0003367816
0.0003311013
0.0003170657
0.00041095814
0.00037161613
0.0003250705
0.00032226625
0.00034779345
0.0005252386
0.0002931878
0.0004772787
0.0003098429
0.00026549702
0.00028344453
0.00039230185
0.00046521937
0.00046142266
0.0003062939
0.00034880688
0.00037531604
0.00035443096
0.00026267144
0.00029137253
0.00035995487
0.00042667604
0.0003982137
0.00040373317
0.00036670972
0.00033428066
0.00037284044
0.00030073995
0.0007543154
0.00029931322
0.00033149586
0.0002825017
0.00038493055
0.0002596187
0.00036089448
0.00039146337
0.0003798177
0.0004069952
0.00035740362
0.00040126225
0.00037318445
0.00066691724
0.00042061627
0.00040667664
0.0004715558
0.00035840448
0.00037503528
0.00048961374
0.0004386684
0.00033605396
0.0006333134
0.000606205
0.00034305142
0.0002974674
0.00038960404
0.0003122339
0.00028724098
0.00034429162
0.00028889815
0.00036737078
0.00033815598
0.00045963805
0.0003998292
0.00034979617
0.00032304542
0.00035353427
0.00027799502
0.0003537953
0.00033731005
0.00045813125
0.00044975473
0.0003115253
0.00043809338
0.00040017068
0.00043548923
0.0003508054
0.0003425858
0.00040160658
0.0004900019
0.0005208963
0.00035868798
0.00045431333
0.00035757324
0.00025419044
0.00035870943
0.0003432133
0.00049605547
0.0003389404
0.00037216305
0.00036280925
0.00035604174
0.00032263796
0.0003237883
0.00048650612
0.00040700333
0.0003169123
0.00036350352
0.00037007916
0.0003227017
0.00043644177
0.00029719414
0.0003366349
0.00033096594
0.00027527803
0.00040485183
0.00033290198
0.00032174523
0.0004213255
0.0002630421
0.00029708448
0.0004493349
0.00037950705
0.00036115004
0.00038372423
0.0003134986
0.0003293182
0.0005053396
0.00033977913
0.00035955757
0.0003540607
0.0003982217
0.00029253727
0.0005126206
0.00027307775
0.00038826143
0.00032623942
0.00040981275
0.00028989086
0.0002649003
0.00030051672
0.00032477273
0.00031087588
0.0002946468
0.00028399136
0.00034542242
0.0003753247
0.00032788308
0.00040084636
0.0004943372
0.00035847057
0.00044750475
0.00029777273
0.00035222116
0.0004143734
0.00037445378
0.00034754438
0.00039334505
0.0003479393
0.00022787537
0.0003737065
0.0003692679
0.00035540873
0.0002614221
0.00036039093
0.00049409934
0.00038316284
0.00042872177
0.00029853365
0.00026907914
0.00034055457
0.00035890852
0.0002982511
0.00026246096
0.00033148174
0.00025083224
0.00031318987
0.00042164704
0.00032002135
0.00048602978
0.00042443644
0.0004028238
0.00026458845
0.00029961084
0.0003826604
0.00031142804
0.00034864526
0.00039650223
0.0004001719
0.00050558854
0.00042417395
0.00034004977
0.00023522343
0.0005658159
0.0003002822
0.00042467337
0.0004398942
0.00033913762
0.00027957465
0.00037403867
0.00044109914
0.00033640943
0.0003543796
0.0002489282
0.00035650653
0.00038362696
0.00031931725
0.00031595348
0.00038020505
0.00039489183
0.0003052443
0.00028665733
0.00029050693
0.0003207959
0.0002815279
0.00035887084
0.00043918967
0.0006166455
0.00034956698
0.0003850783
0.0003132338
0.00024864
0.0004782707
0.00028038037
0.00030492592
0.00064631255
0.00033195462
0.00044410652
0.0003354488
0.0003100056
0.0003159004
0.0003243359
0.00027500326
0.00032752892
0.00029194585
0.00038653327
0.00033731794
0.00036321915
0.00026100397
0.00044175
0.00032434042
0.00033294078
0.000347555
0.00028623076
0.00042087917
0.00040835753
0.00034831182
0.00030461128
0.00037684722
0.00032889057
0.0004588422
0.00030530535
0.00039839695
0.00029332924
0.0003397664
0.00035873317
0.00035955152
0.00030394978
0.00027776038
0.00021317396
0.00038554892
0.00031071543
0.00031677718
0.00025401867
0.00038154886
0.00035161187
0.00032449627
0.00044104745
0.0005423489
0.00039513336
0.00029299618
0.00019541105
0.00030426873
0.0003419097
0.00035682437
0.0003287891
0.00033100575
0.0003704335
0.0003389355
0.00035166423
0.00036077053
0.00035000162
0.00044287666
0.0002776199
0.00025506993
0.0003558921
0.00035162733
0.0004198549
0.00039965802
