0.00003572
0.00003229
0.00003560
0.00002897
0.00003936
0.00003584
0.00003854
0.00004181
0.00003338
0.00003230
0.00003345
0.00003024
0.00003083
0.00003263
0.00003097
0.00003457
0.00002982
0.00002849
0.00003294
0.00002929
0.00003605
0.00003133
0.00003585
0.00003711
0.00003087
0.00003196
0.00003130
0.00003084
0.00003086
0.00003376
0.00003203
0.00002978
0.00002846
0.00003203
0.00003166
0.00003224
0.00003377
0.00003195
0.00003006
0.00003155
0.00002914
0.00003277
0.00003064
0.00003351
0.00003075
0.00003464
0.00003149
0.00003437
0.00003368
0.00003487
0.00004377
0.00003542
0.00003194
0.00003394
0.00003425
0.00003316
0.00003802
0.00003053
0.00003362
0.00003186
0.00004514
0.00003146
0.00003982
0.00003887
0.00003400
0.00003546
0.00003172
0.00003843
0.00003025
0.00003392
0.00002926
0.00003512
0.00003773
0.00003354
0.00003322
0.00002945
0.00003273
0.00003457
0.00003273
0.00003378
0.00003387
0.00003270
0.00003242
0.00002984
0.00003560
0.00003336
0.00003170
0.00003785
0.00003260
0.00003509
0.00003448
0.00003669
0.00002991
0.00003471
0.00003072
0.00003147
0.00003426
0.00003625
0.00003325
0.00003139
0.00003114
0.00003776
0.00003086
0.00003797
0.00003035
0.00003635
0.00003830
0.00003369
0.00003058
0.00003092
0.00002996
0.00003984
0.00003283
0.00003950
0.00003301
0.00003905
0.00003458
0.00003691
0.00003566
0.00003415
0.00003638
0.00003815
0.00003802
0.00002937
0.00003422
0.00003330
0.00004379
0.00003459
0.00003232
0.00004098
0.00003266
0.00003115
0.00003194
0.00003100
0.00003956
0.00003460
0.00003396
0.00003077
0.00003312
0.00003145
0.00003411
0.00003809
0.00003204
0.00003160
0.00003068
0.00003494
0.00003726
0.00003614
0.00003987
0.00003542
0.00002977
0.00003234
0.00003676
0.00003281
0.00003489
0.00003214
0.00004596
0.00003377
0.00004866
0.00003246
0.00003484
0.00003507
0.00003079
0.00003480
0.00004038
0.00003316
0.00004005
0.00003951
0.00003527
0.00003071
0.00003278
0.00003354
0.00003948
0.00003824
0.00003658
0.00003509
0.00003502
0.00003018
0.00003028
0.00003827
0.00003186
0.00003696
0.00003139
0.00003747
0.00003450
0.00005389
0.00003196
0.00003760
0.00003684
0.00003414
0.00003222
0.00003507
0.00003961
0.00003851
0.00003797
0.00003374
0.00003294
0.00003368
0.00003305
0.00003113
0.00003268
0.00003882
0.00004924
0.00003948
0.00003884
0.00003077
0.00003133
0.00002909
0.00003210
0.00003911
0.00003531
0.00003481
0.00003395
0.00003176
0.00003540
0.00003012
0.00003686
0.00003527
0.00003507
0.00003356
0.00004002
0.00003584
0.00003464
0.00003597
0.00003340
0.00002974
0.00003682
0.00004248
0.00003164
0.00003742
0.00003658
0.00003376
0.00002660
0.00003276
0.00003280
0.00003623
0.00003149
0.00003276
0.00003335
0.00003354
0.00003460
0.00004259
0.00003501
0.00003379
0.00003356
0.00003561
0.00004347
0.00003463
0.00003751
0.00003240
0.00003804
0.00003235
0.00003296
0.00003404
0.00003596
0.00004152
0.00004102
0.00003349
0.00002874
0.00003191
0.00003462
0.00002940
0.00003915
0.00002980
0.00004204
0.00003139
0.00003311
0.00003838
0.00003145
0.00003029
0.00002872
0.00003371
0.00003376
0.00004429
0.00003290
0.00003090
0.00003060
0.00003360
0.00003267
0.00003250
0.00003569
0.00003556
0.00002930
0.00003247
0.00003520
0.00003261
0.00003175
0.00003763
0.00003045
0.00003298
0.00003023
0.00003220
0.00002826
0.00003268
0.00003206
0.00003738
0.00003627
0.00003673
0.00003068
0.00003111
0.00003208
0.00003413
0.00003038
0.00003782
0.00002965
0.00003209
0.00003739
0.00002944
0.00002872
0.00003186
0.00005159
0.00003113
0.00003305
0.00003615
0.00003615
0.00003518
0.00002947
0.00003508
0.00003813
0.00003726
0.00003051
0.00003213
0.00002913
0.00003041
0.00003180
0.00003388
0.00003253
0.00003379
0.00003895
0.00004032
0.00003743
0.00003153
0.00003304
0.00003934
0.00003129
0.00003921
0.00003250
0.00003599
0.00003633
0.00003368
0.00003294
0.00003601
0.00003382
0.00003140
0.00003190
0.00003976
0.00003108
0.00003657
0.00003573
0.00003499
0.00003341
0.00003069
0.00003447
0.00003355
0.00003244
0.00003048
0.00003215
0.00003583
0.00003923
0.00003335
0.00003433
0.00003908
0.00004042
0.00003839
0.00004122
0.00003151
0.00003348
0.00003191
0.00003130
0.00003303
0.00002969
0.00003439
0.00003570
0.00003836
0.00004102
0.00003095
0.00003440
0.00003342
0.00003126
0.00003740
0.00003521
0.00003838
0.00003855
0.00003293
0.00003448
0.00004187
0.00003579
0.00003305
0.00003804
0.00003579
0.00005985
0.00003960
0.00003359
0.00003360
0.00003797
0.00003521
0.00003325
0.00003014
0.00003743
0.00003876
0.00003130
0.00003614
0.00003581
0.00004368
0.00003582
0.00004187
0.00003245
0.00003805
0.00003984
0.00003693
0.00003618
0.00003514
0.00004556
0.00003360
0.00003735
0.00004298
0.00004132
0.00004029
0.00003600
0.00004621
0.00003900
0.00003833
0.00004311
0.00004557
0.00004160
0.00003711
0.00003614
0.00003712
0.00003883
0.00003791
0.00003485
0.00003779
0.00004340
0.00004004
0.00004293
0.00003332
0.00003199
0.00004303
0.00003677
0.00003929
0.00004730
0.00003199
0.00003591
0.00003429
0.00003395
0.00003091
0.00004427
0.00003858
0.00003666
0.00003343
0.00004390
0.00004030
0.00004130
0.00003116
0.00003639
0.00004071
0.00003929
0.00004694
0.00003474
0.00004313
0.00003894
0.00003472
0.00003760
0.00003714
0.00004794
0.00003547
0.00003376
0.00003294
0.00003375
0.00003628
0.00004845
0.00003244
0.00003390
0.00004146
0.00003362
0.00003365
0.00003440
0.00003277
0.00004043
0.00003865
0.00004588
0.00003937
0.00003043
0.00004014
0.00004678
0.00003984
0.00003198
0.00003826
0.00003510
0.00004286
0.00003446
0.00004676
0.00003370
0.00003347
0.00003786
0.00003330
0.00003547
0.00003454
0.00003731
0.00003919
0.00003193
0.00003238
0.00004624
0.00003575
0.00003758
0.00003624
0.00004154
0.00003765
0.00002775
0.00003337
0.00003568
0.00003572
0.00004920
0.00003666
0.00003671
0.00004216
0.00003702
0.00003206
0.00004276
0.00003626
0.00004075
0.00003910
0.00003315
0.00004180
0.00003415
0.00003558
0.00003367
0.00003926
0.00003707
0.00004152
0.00003209
0.00003457
0.00003413
0.00003541
0.00004477
0.00004309
0.00004409
0.00003464
0.00003288
0.00004869
0.00003764
0.00003568
0.00004188
0.00003767
0.00003853
0.00003877
0.00003937
0.00003623
0.00003345
0.00003897
0.00004088
0.00004515
0.00004049
0.00003985
0.00004575
0.00003730
0.00004598
0.00003659
0.00004149
0.00004071
0.00004208
0.00003885
0.00003228
0.00004398
0.00003558
0.00004271
0.00003954
0.00004360
0.00003451
0.00003632
0.00003911
0.00004423
0.00003429
0.00003410
0.00004218
0.00003320
0.00003553
0.00003434
0.00003027
0.00003916
0.00003946
0.00003074
0.00003459
0.00003785
0.00003816
0.00003978
0.00003711
0.00004067
0.00004621
0.00004017
0.00003346
0.00003919
0.00003518
0.00004173
0.00003285
0.00003918
0.00004050
0.00003366
0.00005390
0.00003967
0.00003680
0.00003695
0.00003727
0.00003586
0.00003927
0.00004022
0.00004120
0.00003171
0.00003822
0.00004149
0.00003485
0.00003868
0.00003266
0.00003570
0.00003831
0.00004122
0.00004074
0.00004870
0.00004467
0.00003324
0.00003839
0.00003651
0.00003254
0.00004234
0.00004065
0.00003340
0.00003823
0.00003960
0.00003270
0.00003225
0.00003815
0.00004597
0.00003530
0.00003769
0.00003532
0.00003496
0.00003617
0.00003840
0.00003648
0.00003469
0.00002966
0.00004459
0.00003541
0.00003335
0.00003833
0.00003757
0.00004420
0.00003824
0.00004247
0.00003398
0.00003600
0.00004244
0.00003890
0.00003459
0.00004123
0.00003793
0.00003296
0.00003288
0.00003464
0.00003297
0.00003411
0.00003502
0.00004550
0.00003919
0.00003521
0.00003081
0.00003592
0.00003877
0.00003230
0.00003447
0.00004444
0.00003261
0.00003786
0.00003690
0.00003591
0.00004130
0.00004212
0.00003774
0.00003653
0.00003813
0.00004053
0.00003762
0.00003411
0.00003849
0.00003589
0.00003468
0.00004006
0.00005243
0.00003719
0.00003456
0.00003321
0.00004264
0.00003896
0.00003866
0.00003984
0.00003497
0.00004069
0.00003800
0.00003204
0.00003606
0.00004238
0.00003617
0.00004437
0.00003473
0.00003937
0.00004013
0.00003622
0.00004079
0.00004103
0.00003724
0.00004818
0.00003541
0.00003895
0.00003981
0.00004236
0.00003463
0.00003630
0.00003750
0.00003474
0.00003348
0.00003715
0.00004282
0.00004266
0.00003615
0.00003883
0.00003236
0.00003874
0.00004449
0.00004042
0.00003494
0.00003537
0.00005660
0.00003890
0.00004454
0.00003668
0.00004060
0.00003781
0.00003712
0.00003723
0.00003858
0.00003441
0.00003260
0.00003906
0.00004335
0.00003243
0.00004920
0.00003880
0.00003733
0.00003853
0.00003686
0.00003705
0.00003566
0.00004001
0.00003847
0.00005484
0.00003621
0.00004220
0.00003896
0.00005285
0.00003771
0.00004126
0.00003220
0.00003426
0.00004191
0.00003934
0.00003796
0.00003627
0.00004345
0.00004289
0.00003232
0.00003162
0.00003939
0.00004259
0.00003625
0.00003799
0.00003679
0.00003990
0.00003828
0.00005750
0.00003639
0.00003263
0.00003170
0.00003830
0.00004071
0.00003862
0.00003971
0.00004576
0.00004202
0.00003451
0.00004178
0.00003765
0.00003824
0.00003581
0.00004118
0.00003725
0.00004308
0.00003428
0.00003817
0.00003886
0.00004463
0.00003471
0.00004156
0.00003788
0.00004241
0.00003764
0.00004067
0.00003407
0.00003528
0.00003854
0.00003431
0.00004032
0.00003990
0.00003770
0.00003508
0.00004221
0.00003574
0.00003675
0.00003496
0.00004560
0.00003605
0.00003319
0.00003370
0.00003985
0.00003761
0.00004087
0.00003125
0.00004207
0.00005397
0.00003884
0.00003534
0.00004031
0.00003716
0.00004022
0.00003802
0.00003586
0.00003575
0.00003570
0.00004244
0.00003624
0.00003568
0.00003630
0.00004218
0.00004470
0.00004096
0.00003505
0.00003709
0.00003583
0.00003494
0.00003516
0.00003158
0.00003042
0.00003734
0.00004007
0.00003570
0.00003451
0.00003555
0.00003484
0.00004478
0.00003541
0.00003662
0.00003929
0.00004015
0.00004657
0.00003345
0.00003730
0.00003158
0.00003255
0.00006017
0.00004578
0.00004308
0.00003429
0.00003429
0.00003770
0.00003359
0.00003388
0.00003456
0.00003479
0.00004221
0.00003347
0.00008914
0.00003585
0.00004100
0.00003868
0.00004072
0.00003326
0.00004255
0.00003376
0.00003430
0.00003549
0.00003720
0.00003927
0.00004277
0.00003480
0.00003147
0.00004364
0.00003257
0.00004747
0.00003802
0.00004459
0.00004026
0.00003182
0.00003599
0.00004424
0.00004544
0.00003648
0.00003776
0.00003805
0.00003725
0.00003710
0.00003902
0.00003766
0.00004037
0.00003697
0.00003813
0.00003717
0.00003526
0.00003186
0.00003195
0.00003857
0.00003317
0.00003796
0.00004573
0.00003318
0.00004789
0.00004164
0.00003678
0.00003934
0.00003420
0.00003579
0.00003683
0.00003774
0.00003430
0.00004037
0.00003773
0.00003667
0.00003713
0.00004115
0.00003364
0.00003397
0.00004320
0.00003475
0.00003635
0.00004236
0.00003461
0.00003216
0.00003863
0.00004469
0.00003796
0.00003840
0.00003138
0.00003115
0.00003134
0.00003479
0.00005562
0.00004268
0.00005528
0.00003792
0.00003650
0.00003029
0.00003494
0.00003910
0.00003626
0.00003640
0.00003479
0.00003669
0.00003591
0.00003820
0.00003639
0.00003318
0.00004008
0.00003344
0.00003332
0.00003430
0.00003233
0.00003291
0.00004297
0.00003292
0.00003882
0.00003205
0.00003680
0.00003992
0.00003464
0.00003655
0.00003569
0.00003595
0.00003365
0.00003169
0.00003572
0.00004200
0.00003835
0.00005179
0.00003093
0.00003586
0.00003059
0.00003291
0.00003812
0.00003709
0.00003186
0.00003959
0.00004835
