0.0007414692
0.0004382152
0.0035903302
0.0016617262
0.00077131303
0.00031575427
0.0003975114
0.0007738867
0.0013987204
0.0003597564
0.0023621463
0.0004325038
0.00016181995
0.00021187963
0.00059618533
0.0012852533
0.0014135634
0.0014764075
0.0003313876
0.0004853224
0.0005290949
0.0002101644
0.0032846737
0.0022559993
0.003035931
0.0014635528
0.00045710837
0.00089415844
0.00072699063
0.00060533616
0.0031659
0.0024519009
0.00068279676
0.00032801714
0.0005736168
0.00095614383
0.002652868
0.00048501854
0.0004204335
0.0006713687
0.0011335831
0.0009929986
0.00052653067
0.0003131806
0.00030200172
0.0020234694
0.0003835471
0.0024534892
0.00046773668
0.0011673893
0.0016904417
0.0009757478
0.0008461555
0.0025266733
0.00035115678
0.0008158009
0.00065241306
0.0011513701
0.00085819437
0.0024216007
0.0018042291
0.0018927556
0.00022875138
0.0008425825
0.001114177
0.0022926584
0.0003532542
0.0006336556
0.00027065488
0.0007403592
0.0037528274
0.0024452235
0.0012367194
0.0007077669
0.0030609868
0.00081293663
0.0016800321
0.0005618727
0.00043225312
0.0004560892
0.00039230543
0.0034233877
0.0012911692
0.0005042131
0.0017943352
0.001081558
0.00022725515
0.00018877933
0.00054485805
0.002567507
0.0021470394
0.002491426
0.0018276619
0.0004320533
0.0007646709
0.0034647258
0.0013527076
0.0015229237
0.0026217976
0.0017721909
0.0042420328
0.000859961
0.0005922045
0.00038591024
0.00090338604
0.0004116475
0.0030076252
0.0015420964
0.0014645387
0.00035285993
0.0016938621
0.000532974
0.00039658818
0.00030903518
0.0018850632
0.0003941743
0.00052637846
0.00084721367
0.0020025754
0.00066710636
0.00037308564
0.0016933238
0.00079251797
0.0007131705
0.0012296083
0.002184369
0.0015618583
0.00030806815
0.0017802027
0.0029277063
0.00040318185
0.00026094238
0.002414575
0.00047360847
0.0007652646
0.00026412707
0.0030397126
0.0029406596
0.001138878
0.002063071
0.001968978
0.00044088523
0.0019236659
0.0010171304
0.0060712625
0.0004182978
0.00039707922
0.0035389464
0.00018589571
0.0008852848
0.002205134
0.005777762
0.00028713574
0.0026376958
0.000318178
0.0005618283
0.0008404899
0.0012480873
0.0025476972
0.0009760452
0.002177853
0.00011604484
0.0005728671
0.0020472398
0.00061737455
0.0012130697
0.00034143258
0.00054788945
0.0005593814
0.00047201407
0.0023633179
0.002309471
0.001343429
0.0011862597
0.001273325
0.0003408992
0.00042553787
0.0010175857
0.0003368173
0.0007990212
0.00060264516
0.0021998507
0.0015318762
0.0024807751
0.00052616623
0.0008191243
0.00040002665
0.0015187045
0.0005273435
0.0016234695
0.0008713546
0.0015038332
0.0006657873
0.0017322485
0.0019049481
0.002694733
0.00025094577
0.00020721465
0.0010982102
0.00033044326
0.00026873228
0.0007558642
0.0021886956
0.0013004998
0.0008327879
0.006393572
0.0016109251
0.00055573613
0.00084026466
0.0008836036
0.0008312358
0.0038562936
0.00070301467
0.0016003207
0.0015972424
0.0013340486
0.00034245386
0.0020996653
0.0038219346
0.00052094605
0.00025650318
0.0008135744
0.0016582429
0.0004184714
0.0003241851
0.004961778
0.000840794
0.002449489
0.0006114392
0.0015952918
0.0021442221
0.0011363797
0.004781471
0.0024876855
0.0009187015
0.0016531391
0.000456147
0.0010016009
0.0005715777
0.0013100161
0.001820147
0.001283349
0.00056086323
0.0011848744
0.0009054832
0.0028323017
0.0012229386
0.000590272
0.0034906308
0.0031675037
0.001869943
0.000581474
0.0011245281
0.0019945714
0.0014109939
0.000430534
0.0022181105
0.0023209187
0.00019165032
0.000655055
0.00042024627
0.0015312571
0.0054044398
0.0003102339
0.00057336007
0.0006061364
0.0005129391
0.0022669865
0.0006536378
0.00046032044
0.00041162
0.0019374065
0.0012708394
0.00019764745
0.0004048393
0.00043202052
0.0009536378
0.0005100698
0.0007844145
0.0012816143
0.0009304191
0.0008850153
0.00022471824
0.0012143652
0.0010798579
0.0010015705
0.001417772
0.0029813976
0.0024136119
0.0071476162
0.0003529511
0.00057063287
0.0009262465
0.0023385696
0.00061174337
0.0013215815
0.0004716164
0.00021428212
0.0012200526
0.0025778776
0.0009913901
0.001851482
0.00029052122
0.0021217968
0.00039637447
0.0016955823
0.0027268878
0.0027830454
0.00043196836
0.0010963368
0.0004975882
0.0036585135
0.0019827676
0.003456953
0.001558556
0.0022536751
0.0007114413
0.001049361
0.0018644021
0.0018977913
0.0020722987
0.0018549789
0.0035019028
0.001212115
0.00045955673
0.00037437084
0.0009513567
0.0020423662
0.00040726896
0.00061055995
0.0006318637
0.0007732306
0.00054569216
0.00034721973
0.0009567354
0.00072939036
0.0013895885
0.0018728685
0.0020105056
0.0004922671
0.007503967
0.000600109
0.0010564909
0.00109737
0.0026680205
0.00080168876
0.00028856512
0.0014680573
0.00048511176
0.0002720595
0.0020761336
0.00018133545
0.0015083811
0.0006987787
0.000362312
0.0015231841
0.00016295127
0.0014519901
0.00029828618
0.000754447
0.002961969
0.00024467966
0.0025406259
0.00044963244
0.0013127634
0.00021323306
0.0002631379
0.0012569543
0.0005613099
0.00023485058
0.0029063688
0.0009264977
0.0009842699
0.000751418
0.00040940195
0.0026844244
0.00053471036
0.00015248841
0.0022103442
0.00034188136
0.0029999448
0.0004441599
0.0008554042
0.00084467337
0.0022343341
0.0022362734
0.0012233651
0.0011816553
0.0027905875
0.0006161816
0.0003464644
0.0014640589
0.004426815
0.0007566825
0.00048095686
0.001324062
0.00041463992
0.0010250108
0.00023090855
0.0009817748
0.003912637
0.0016428416
0.0011884295
0.0024022413
0.0012208476
0.001672558
0.0035153718
0.0019592424
0.0024664407
0.00032245327
0.0036554593
0.0019194381
0.000595966
0.00050432765
0.0016624647
0.0013778197
0.0012645229
0.0029910656
0.0017107342
0.0015850216
0.0021152808
0.0025303105
0.00030738694
0.0027665268
0.0038999417
0.005007991
0.0039000309
0.00495859
0.002081247
0.0029453202
0.0003759341
0.00020818102
0.0013517506
0.0058238227
0.002251775
0.0009420799
0.0035563956
0.0007231951
0.0002857847
0.002101435
0.00024790238
0.00087887724
0.00081009127
0.003596149
0.00029248607
0.0013509151
0.00030177349
0.00083264534
0.0010023019
0.0018204422
0.0006511891
0.0011875164
0.0021087984
0.00016857871
0.00067369133
0.0035620718
0.0007705874
0.00064289966
0.00040183432
0.00080788974
0.0020226636
0.0003297169
0.00083543663
0.00045327845
0.00086307793
0.0009941141
0.00013739846
0.00302776
0.00073554274
0.002074829
0.001979098
0.0018431514
0.0004620953
0.0045062387
0.001633576
0.0006560788
0.00039299924
0.0021067609
0.0004884963
0.0005900088
0.0007195189
0.0010425798
0.0029087889
0.0006858217
0.002423244
0.0015150378
0.00021838532
0.0038436565
0.0009599168
0.0051792013
0.00077918795
0.00055328285
0.0013379748
0.0036052659
0.0013708579
0.00052985555
0.00062201335
0.0010642833
0.0027212421
0.0021379169
0.0028736112
0.0004903368
0.00078915316
0.00042265787
0.0021110575
0.0015929318
0.00019593626
0.0004894446
0.0013283687
0.00066485413
0.0023184845
0.0003614047
0.00065267854
0.00047168383
0.0008825057
0.0020913589
0.0011892427
0.001026615
0.0019622922
0.00042615665
0.00067280413
0.0020174761
0.0003963572
0.0007914678
0.00038079775
0.00023914926
0.0003695562
0.00026164693
0.00044723158
0.00045997024
0.00055171316
0.0010635194
0.0011286178
0.0002607082
0.0009679433
0.0030747605
0.0021241126
0.0005864869
0.0005793037
0.0008141717
0.0007273424
0.00018702909
0.0016331512
0.0017665338
0.00047518068
0.0026699775
0.0018190698
0.0004468836
0.0013959386
0.00075542944
0.00017411426
0.0004729161
0.0018925422
0.0026791967
0.0008934936
0.002580356
0.00066055945
0.00064473297
0.002227315
0.00032439077
0.0005392649
0.0010621245
0.0023119994
0.00086736644
0.005825254
0.0035832752
0.00036763435
0.0014317113
0.00081127055
0.0010524773
0.00076717354
0.0031161474
0.00092778954
0.0006229572
0.0005332886
0.004628152
0.002214113
0.0014802656
0.002955346
0.000607571
0.00034360687
0.002464432
0.0044815075
0.0018740125
0.0043010376
0.00038134246
0.00025042606
0.0008147666
0.00034137102
0.00030613138
0.003787292
0.0007257527
0.00036551637
0.0003995935
0.00111515
0.00091583584
0.0007245261
0.00011377024
0.0005078384
0.0019534845
0.0016302629
0.0016032496
0.0010482632
0.0015849072
0.0031920471
0.00078517717
0.00026877772
0.0025582511
0.004727119
0.0017303617
0.0007269819
0.002955459
0.0009820107
0.0010046877
0.000651325
0.0004312957
0.00070952164
0.00059650594
0.00038906964
0.0011080047
0.0018507295
0.0009354146
0.0006649587
0.0012333631
0.00045557183
0.0011225835
0.0010905149
0.0032394829
0.0023327388
0.0011857485
0.0006036644
0.00035340947
0.00024140868
0.00094180286
0.00022242063
0.00045568866
0.0005097674
0.0036148923
0.0005526842
0.00044932967
0.0028403879
0.00023981588
0.0009891539
0.0005679491
0.0019875641
0.0010297402
0.0004844335
0.000669631
0.0010435239
0.0005317591
0.0033249753
0.00029047113
0.00049134117
0.0008468088
0.00047917583
0.0020232084
0.0011352228
0.0023914226
0.0014799213
0.0010418457
0.0005222145
0.0041437685
0.0002571232
0.002020993
0.00080253225
0.0015654615
0.0045843315
0.0006576888
0.00076951145
0.000784262
0.0005870088
0.0022032312
