0.00011411
0.00022417
0.00016634
0.00024858
0.00013952
0.00013796
0.00022703
0.00016061
0.00025296
0.00012604
0.00016546
0.00011575
0.00019453
0.00006494
0.00010164
0.00004089
0.00017534
0.00017752
0.00013743
0.00003571
0.00016779
0.00013625
0.00020233
0.00014640
0.00017463
0.00012892
0.00003799
0.00019096
0.00016093
0.00009382
0.00011851
0.00017710
0.00020036
0.00015803
0.00022892
0.00007944
0.00015027
0.00015166
0.00014810
0.00004422
0.00025194
0.00020524
0.00020672
0.00018376
0.00021905
0.00023226
0.00011852
0.00020246
0.00015334
0.00012397
0.00035803
0.00019373
0.00016640
0.00024466
0.00016800
0.00023562
0.00015918
0.00024247
0.00014829
0.00021515
0.00017828
0.00007156
0.00018308
0.00020391
0.00013768
0.00014731
0.00011738
0.00020318
0.00012284
0.00015500
0.00015296
0.00016720
0.00019167
0.00014046
0.00013300
0.00019384
0.00021635
0.00013831
0.00017304
0.00017212
0.00016849
0.00011424
0.00017951
0.00010708
0.00016767
0.00017770
0.00025833
0.00017487
0.00017904
0.00018966
0.00010797
0.00024713
0.00007105
0.00022238
0.00018187
0.00012407
0.00019408
0.00018013
0.00014928
0.00015770
0.00020905
0.00005708
0.00016383
0.00008238
0.00057342
0.00013795
0.00028612
0.00018872
0.00019540
0.00015719
0.00015343
0.00017581
0.00019226
0.00015977
0.00016891
0.00018352
0.00013917
0.00028837
0.00020644
0.00023706
0.00015427
0.00008537
0.00018130
0.00021818
0.00021309
0.00007052
0.00017335
0.00021570
0.00012698
0.00007982
0.00021837
0.00015633
0.00015490
0.00015968
0.00014588
0.00017495
0.00010304
0.00007833
0.00012389
0.00019098
0.00019418
0.00018072
0.00022272
0.00028102
0.00018675
0.00008918
0.00010949
0.00012413
0.00025693
0.00019633
0.00017368
0.00018750
0.00017546
0.00021824
0.00004737
0.00015462
0.00013176
0.00012789
0.00015049
0.00020214
0.00016140
0.00018340
0.00019461
0.00013340
0.00012461
0.00014366
0.00020599
0.00018296
0.00018917
0.00018618
0.00018310
0.00005992
0.00016694
0.00014160
0.00022205
0.00013353
0.00018278
0.00024549
0.00012008
0.00016968
0.00014263
0.00011454
0.00017902
0.00010636
0.00020350
0.00014001
0.00016355
0.00018193
0.00017189
0.00018204
0.00003232
0.00016639
0.00013509
0.00018777
0.00014770
0.00014221
0.00017501
0.00017057
0.00014221
0.00015193
0.00014004
0.00018916
0.00013784
0.00007297
0.00021317
0.00020255
0.00018545
0.00015355
0.00006875
0.00018425
0.00024450
0.00018704
0.00015836
0.00020547
0.00015526
0.00004525
0.00007121
0.00017446
0.00014211
0.00013226
0.00018734
0.00019655
0.00019871
0.00006121
0.00020162
0.00002553
0.00009544
0.00015611
0.00016989
0.00008121
0.00016802
0.00018145
0.00012395
0.00011078
0.00016432
0.00013538
0.00017837
0.00005906
0.00011301
0.00011648
0.00003497
0.00020085
0.00007641
0.00023843
0.00006756
0.00017662
0.00012156
0.00015313
0.00007474
0.00006998
0.00016120
0.00019048
0.00010093
0.00018739
0.00017376
0.00003547
0.00014189
0.00012953
0.00013832
0.00020540
0.00014861
0.00018671
0.00014522
0.00018481
0.00005211
0.00015010
0.00013353
0.00017388
0.00015511
0.00011848
0.00019304
0.00010207
0.00014189
0.00019601
0.00018053
0.00012496
0.00015829
0.00015753
0.00014161
0.00021032
0.00013688
0.00016604
0.00008303
0.00010638
0.00017663
0.00013199
0.00018397
0.00021019
0.00005950
0.00011791
0.00017203
0.00037005
0.00013960
0.00013353
0.00019420
0.00008751
0.00010369
0.00020489
0.00014525
0.00017340
0.00016830
0.00013892
0.00014755
0.00028211
0.00006094
0.00011451
0.00016328
0.00016412
0.00005175
0.00017175
0.00006644
0.00016009
0.00012761
0.00018644
0.00024784
0.00013760
0.00007633
0.00015287
0.00025038
0.00015415
0.00016164
0.00014555
0.00017863
0.00015478
0.00019748
0.00019924
0.00016563
0.00010881
0.00004803
0.00014880
0.00018836
0.00018432
0.00020584
0.00010931
0.00021866
0.00018371
0.00019134
0.00006476
0.00013603
0.00006368
0.00017958
0.00018848
0.00016913
0.00006991
0.00011183
0.00013041
0.00018448
0.00015846
0.00016525
0.00005097
0.00024699
0.00016919
0.00013829
0.00013693
0.00024137
0.00010643
0.00016479
0.00014047
0.00017897
0.00017060
0.00016717
0.00011378
0.00012996
0.00018510
0.00003902
0.00017179
0.00010103
0.00017582
0.00017185
0.00010381
0.00013002
0.00018513
0.00017130
0.00016003
0.00019652
0.00019666
0.00015888
0.00016316
0.00023869
0.00022749
0.00017214
0.00016476
0.00021990
0.00016361
0.00016973
0.00017035
0.00007430
0.00016853
0.00010212
0.00015469
0.00021983
0.00010806
0.00017041
0.00013074
0.00019624
0.00015900
0.00013921
0.00024456
0.00017942
0.00012435
0.00011065
0.00018026
0.00019996
0.00017571
0.00017718
0.00019072
0.00018037
0.00012782
0.00011135
0.00020150
0.00028281
0.00025363
0.00018432
0.00011917
0.00027586
0.00009242
0.00014228
0.00016271
0.00015592
0.00013779
0.00016336
0.00016739
0.00013432
0.00025301
0.00015319
0.00015461
0.00019682
0.00016434
0.00016913
0.00004076
0.00018077
0.00019379
0.00004238
0.00015015
0.00019523
0.00006275
0.00009339
0.00022951
0.00015374
0.00013109
0.00010919
0.00004402
0.00019580
0.00005893
0.00012415
0.00013209
0.00015271
0.00019842
0.00014445
0.00022328
0.00014387
0.00013481
0.00019067
0.00019883
0.00022109
0.00019969
0.00006933
0.00022279
0.00022210
0.00020867
0.00015872
0.00012385
0.00017668
0.00023398
0.00013229
0.00018812
0.00013793
0.00018889
0.00015238
0.00018878
0.00017255
0.00019640
0.00016139
0.00025195
0.00007855
0.00017402
0.00021274
0.00018147
0.00015605
0.00018191
0.00014883
0.00016064
0.00015056
0.00014355
0.00022395
0.00018918
0.00015125
0.00022349
0.00014642
0.00015385
0.00011286
0.00019494
0.00012084
0.00019239
0.00009072
0.00015214
0.00008168
0.00018235
0.00021240
0.00021170
0.00014877
0.00013957
0.00005055
0.00010449
0.00014317
0.00018695
0.00016689
0.00014955
0.00017996
0.00016521
0.00022416
0.00020789
0.00016493
0.00018111
0.00023933
0.00013763
0.00017852
0.00019350
0.00017674
0.00022592
0.00017646
0.00013888
0.00014244
0.00005357
0.00014801
0.00017818
0.00016947
0.00009936
0.00012077
0.00024293
0.00018377
0.00019293
0.00016063
0.00022133
0.00010312
0.00003150
0.00017032
0.00021084
0.00005450
0.00017677
0.00017523
0.00021430
0.00018097
0.00018885
0.00015911
0.00018328
0.00010161
0.00018936
0.00020170
0.00018794
0.00005423
0.00014293
0.00019014
0.00015272
0.00014602
0.00017475
0.00019885
0.00021133
0.00013226
0.00023503
0.00015249
0.00004653
0.00018300
0.00012765
0.00013975
0.00016644
0.00017520
0.00008506
0.00011788
0.00016015
0.00011174
0.00019498
0.00013673
0.00007781
0.00006461
0.00006726
0.00016865
0.00009698
0.00013579
0.00022604
0.00015971
0.00008188
0.00013142
0.00016108
0.00012756
0.00010984
0.00017801
0.00015451
0.00018374
0.00019376
0.00017628
0.00004201
0.00021880
0.00015678
0.00022457
0.00004913
0.00016015
0.00010421
0.00020620
0.00016469
0.00019270
0.00017410
0.00007273
0.00011193
0.00008787
0.00011745
0.00017242
0.00017446
0.00019240
0.00014205
0.00006170
0.00015617
0.00018525
0.00017419
0.00018346
0.00016625
0.00019633
0.00013971
0.00011788
0.00016685
0.00016147
0.00014190
0.00016463
0.00017182
0.00013072
0.00014184
0.00015523
0.00016034
0.00012334
0.00017010
0.00006786
0.00007041
0.00016358
0.00019829
0.00011665
0.00026339
0.00012868
0.00016788
0.00016756
0.00018607
0.00012590
0.00012508
0.00015211
0.00013424
0.00018245
0.00012235
0.00016782
0.00025225
0.00009399
0.00031496
0.00019792
0.00014732
0.00019880
0.00012907
0.00022183
0.00017490
0.00006357
0.00012850
0.00013304
0.00014384
0.00017100
0.00011859
0.00019036
0.00017464
0.00019141
0.00007234
0.00018257
0.00003393
0.00020430
0.00014719
0.00012941
0.00019295
0.00010945
0.00014636
0.00022131
0.00008509
0.00015701
0.00015357
0.00015181
0.00011918
0.00014216
0.00017672
0.00024316
0.00009824
0.00018038
0.00015685
0.00021859
0.00014897
0.00022208
0.00018547
0.00023222
0.00003402
0.00005724
0.00004864
0.00014834
0.00011336
0.00016944
0.00014452
0.00018080
0.00014304
0.00016350
0.00016729
0.00026623
0.00014486
0.00005798
0.00019417
0.00013114
0.00015291
0.00005606
0.00019697
0.00015563
0.00017759
0.00021223
0.00016132
0.00011031
0.00006155
0.00012309
0.00015261
0.00017782
0.00017130
0.00011768
0.00017009
0.00013473
0.00021541
0.00017744
0.00013336
0.00016583
0.00019749
0.00006778
0.00018684
0.00017501
0.00015188
0.00009228
0.00013244
0.00017155
0.00024278
0.00014676
0.00014277
0.00014544
0.00012772
0.00043355
0.00020410
0.00013732
0.00022247
0.00015402
0.00012931
0.00021334
0.00020954
0.00020718
0.00020208
0.00012130
0.00014676
0.00012533
0.00013480
0.00031118
0.00004277
0.00017678
0.00011148
0.00016199
0.00015959
0.00012530
0.00020121
0.00021669
0.00017967
0.00020477
0.00020895
0.00015122
0.00012564
0.00006055
0.00003736
0.00016813
0.00014115
0.00012522
0.00027853
0.00021125
0.00014597
0.00021839
0.00014238
0.00017664
0.00011173
0.00012088
0.00014336
0.00023689
0.00015991
0.00018367
0.00018379
0.00022238
0.00019054
0.00007520
0.00019492
0.00011047
0.00014370
0.00017982
0.00012804
0.00009697
0.00006179
0.00016607
0.00019401
0.00020636
0.00013579
0.00019905
0.00011668
0.00018797
0.00030006
0.00015706
0.00016616
0.00016398
0.00023831
0.00012811
0.00019575
0.00015313
0.00018541
0.00008468
0.00017413
0.00018536
0.00020560
0.00015218
0.00020915
0.00014362
0.00016059
0.00018111
0.00007547
0.00020535
0.00012147
0.00025457
0.00015690
0.00015856
0.00018083
0.00015147
0.00017664
0.00013760
0.00014161
0.00016011
0.00013897
0.00011846
0.00015999
0.00018312
0.00010466
0.00011893
0.00007649
0.00027058
0.00005739
0.00013970
0.00014019
0.00018808
0.00018775
0.00013976
0.00016376
0.00004965
0.00019830
0.00018606
0.00015962
0.00030546
0.00011905
0.00005409
0.00022160
0.00017364
0.00015850
0.00016457
0.00027186
0.00022585
0.00017892
0.00013196
0.00018914
0.00020274
0.00008221
0.00015172
0.00018337
0.00013915
0.00011558
0.00018534
0.00025037
0.00016505
0.00019466
0.00011836
0.00008742
0.00008623
0.00018950
0.00008774
0.00004697
0.00012969
0.00015935
0.00015576
0.00020660
0.00014862
0.00017552
0.00010196
0.00019800
0.00018910
0.00019799
0.00016557
0.00007352
0.00002735
0.00012500
0.00019047
0.00024607
0.00014690
0.00016181
0.00016454
0.00016847
0.00017843
0.00003675
0.00017957
0.00019811
0.00018485
0.00019015
0.00016483
0.00004640
0.00003299
0.00021468
0.00018854
0.00011540
0.00023419
0.00002970
0.00017328
0.00018402
0.00004890
0.00019101
0.00012548
0.00020501
0.00014740
0.00016858
0.00011402
0.00014743
0.00014290
0.00021441
0.00013744
0.00016933
0.00019997
0.00008359
0.00017763
0.00017846
0.00016233
0.00009707
0.00021084
0.00026629
0.00010978
0.00017550
0.00013693
0.00017487
0.00016409
0.00019612
0.00019029
0.00020330
0.00005111
0.00017496
0.00011970
0.00019852
0.00017773
0.00014529
0.00015691
0.00018033
0.00012641
0.00010025
0.00010350
0.00015111
0.00015685
0.00022723
0.00016257
0.00020946
0.00011003
0.00015288
0.00019159
0.00014422
0.00016518
0.00012670
0.00015919
0.00018860
0.00016604
0.00006259
0.00010355
0.00015034
0.00007860
0.00017756
0.00014087
0.00013270
0.00015592
0.00016690
0.00019161
0.00026362
0.00017589
0.00017029
0.00009194
0.00018756
0.00019700
0.00013610
0.00015168
0.00015890
0.00017242
0.00024067
0.00003770
0.00021842
0.00026938
0.00014435
0.00016793
0.00011921
0.00018041
0.00011017
0.00017959
0.00017088
0.00014902
0.00016665
0.00012967
0.00018470
0.00013721
0.00025519
0.00019555
0.00015741
0.00023491
0.00016444
0.00012168
0.00023821
0.00021189
0.00012898
0.00012824
0.00012372
0.00010569
0.00013654
0.00019800
0.00018151
0.00017183
0.00013680
0.00019437
0.00018221
0.00010695
0.00017035
0.00017227
0.00015643
0.00018806
0.00015010
0.00012683
0.00024141
0.00021818
0.00004541
0.00017531
0.00015319
0.00020813
0.00012825
0.00018695
0.00015199
0.00013828
0.00029619
0.00013961
0.00025730
0.00018908
0.00009654
0.00019337
0.00011417
0.00015203
0.00004933
0.00016050
0.00007188
0.00008935
0.00015154
0.00013872
0.00019407
0.00014039
0.00010712
0.00005299
0.00012000
0.00004002
0.00016196
0.00019836
0.00019401
0.00019580
0.00018189
0.00022216
0.00016724
0.00015230
0.00018819
0.00030786
0.00012967
0.00024630
0.00020639
0.00023389
0.00016744
0.00019530
0.00016475
0.00014448
0.00019176
0.00016338
0.00014951
0.00015102
0.00016211
0.00020853
0.00016382
0.00009592
0.00021840
0.00014089
0.00014275
0.00024907
0.00014079
0.00015752
0.00015771
0.00003054
0.00019608
0.00017136
0.00014391
0.00023353
0.00014169
0.00017012
0.00025515
0.00012410
0.00019933
0.00019396
0.00019057
0.00009806
0.00017062
0.00014104
0.00019463
0.00005566
0.00004691
0.00021639
0.00013503
0.00021137
0.00019374
0.00022742
0.00015283
0.00015122
0.00018599
0.00023676
0.00017637
0.00017171
0.00009528
0.00003507
0.00004177
0.00010991
0.00014737
0.00022392
0.00018300
0.00007061
0.00013548
0.00014568
0.00023072
0.00021390
0.00014171
0.00019948
0.00016915
0.00014558
0.00017967
0.00016729
0.00013502
0.00023643
0.00013662
0.00018771
0.00016170
0.00016136
0.00017260
0.00022519
0.00013388
0.00014889
0.00016600
