2105715129
2068408513
1534815780
1146799947
1287348565
1272966594
2094739414
1481937708
1167021214
1162939113
1526651578
2135992961
1794934803
1198245229
1875603600
1509133689
1617863549
1637922613
1268046447
1317950803
1548116399
1257124800
1866844656
1350823878
1611267307
1189540352
1402079924
1761953592
1484857356
1731351354
1093462301
1634029749
1848677956
1458039847
2112203236
1465879643
1386508467
1399376546
1366503470
1632191452
1162317336
1893716232
1907395324
1695558631
2021153467
2143075811
1093516368
1868088209
1414839868
1143853265
1651736875
1787473480
1535356455
1128714349
1550116899
1087028261
1468745223
1118630749
1368287700
1985144473
1644951396
1320654181
1689232726
1881442896
1270371352
1359150282
1083027262
1874738519
1133418226
1430140987
1411271409
1542709643
1768495767
1296053442
1227117305
1788554831
1996228323
1276210648
1596560931
1588072325
1554658574
2108094101
1656251516
1975952988
1547035048
1639598708
1191784156
1613484077
1651980179
1749896527
1992497661
1140095570
1311138291
2051809773
1678040742
1144772413
1790771601
1662036744
1377425117
1455066131
1928860145
2106472074
1511566730
1520271606
1322708748
1272804392
1319978336
1741299785
1802882734
1450308186
1415704949
1622188954
1773956590
1474206047
1558551438
1693341861
1284050444
1330359308
1904800082
1093651537
1423436609
1575420516
1672796189
2013151469
1966166760
1301406130
1599480579
1990226824
1171643990
1473016560
2014881630
1442468390
1429275906
1473286898
1346011866
1614241023
1901556028
1445550241
1143150387
1762169863
1791690749
1667443500
2054945691
1296458949
1723133085
1645816477
2020396521
1145313089
1185296049
1811425408
1602562430
1729999665
1618944900
2013638077
1748328568
1426626595
1215709050
1179970394
1388508967
1865114494
1489182760
1692206442
1795583614
1230847966
1149692561
1325520261
1900582812
1688151375
1745408919
1717834465
1689448997
1105789704
1540276603
1306542548
2048781990
1232037453
1686475281
1132553145
1107952406
1565580220
1316058438
2113717127
1651817976
1962652369
1877658167
1291836172
1509025554
1678635485
1586017757
1679662769
1192730338
1535248320
1246473491
1732540841
1362826876
1312165574
1614781698
1573798489
1312165574
1401809586
1292106510
1745300784
1271831176
1346498474
1966869639
1868899223
1711076020
1416732232
1268641190
1699992170
1127957403
1725782396
1461175765
1895878934
1432574027
1670038743
1314057939
1609645280
1311192358
1220304793
1728539841
1813534043
1833484972
1129579430
1860248413
1884578815
1761196647
1440359755
1567580720
1498644583
1550333169
1674201945
1143636995
2044294382
1516108404
1249122801
1645762409
1089785707
2085385727
1074700858
1290700754
1853165563
1409973787
1099950408
1246689761
1629650277
1121631499
1412893435
1379155279
1291349564
1487344463
1757465985
1862411116
1728972382
1603211241
1309083723
1309137791
1195109310
1276264715
1895121989
1371153280
1722700545
1339956299
1705182656
1923291187
1384886440
1232037453
1604292592
1431222338
1093191963
1781147576
1883605599
1309137791
1808559828
1665713338
1152990682
1460526954
1453498172
1306542548
1940538738
1262964096
1532058334
1532274604
1963193045
1629758412
1217871752
1697396928
1939349251
1098003976
1087947410
1587261311
1707183156
1287997376
1232091520
1791852952
1614781698
1913342756
1890526246
1340172569
1599967187
1552874344
1281833674
1361367052
1301487231
1124605214
2113068316
1506592514
1514270107
1909882432
1584666068
1226144089
1477071627
1177429219
1720213437
1143393691
1269560338
1408568031
1410460395
1155126351
1422301191
1491453598
1342984083
1648195450
1428140487
1822130785
1838296985
1528219538
2007852848
1772767104
1372991577
1737947596
1700640981
1899231123
2017152468
2017530941
1695017955
1765522051
1195001175
1255070233
1175104314
1656954394
1739083015
1560551937
1290051943
2063542433
1203273512
1702154873
1462094914
1524705146
1881118491
1139446759
1561092613
1275940310
1263396637
1113521365
1963949990
1520433809
1296053442
1651277300
1574122895
1542439305
2099659562
1199110310
1707886034
1440143485
1585098609
1864357548
1622297089
1585585217
1915613593
1199705053
1708210439
1580502866
1476585019
1813263705
1814561327
1465933710
1505457095
1101166928
2098956684
1588342662
1520217539
2028993263
1509620297
1566120896
1571743922
1371045145
1554982979
1884470680
1427329474
2028290385
1994011553
1572338665
1206301295
1810614395
1467015061
1284428917
1128227741
1655494570
1147313589
2041807275
1663226231
1844947294
1621269805
1634786695
1759682755
1664199447
1179375651
2054783489
1859167062
1304704251
1170103065
1700749116
1099571935
1272669223
1705398926
1312814385
1501293893
1438683661
1271344568
1507295392
1544439805
1239336573
1167210450
1413488179
1426518460
1816021151
1516270607
1560497870
1504375744
1667930108
1788122291
1564282599
1385427116
1801314775
1158018965
1723349356
2117609991
1418570529
1209545348
2014989766
1624621994
1806559328
1087514869
1145475292
1218736833
1409000571
1830835662
1332819382
2060136177
1327412626
1243824180
1759250214
1834566323
2039914910
1842514254
1279454701
2055594502
2049268598
1925399821
1464473886
1142717846
1630190953
1079431769
1220575130
1735730827
1272588121
1742813677
1406026856
1741786393
1592073324
1812182354
1489128693
1162317336
1449551240
1605644281
1962868639
1674418215
1439873147
1678419215
1373261915
1482208045
1389157777
1324492978
2066299878
1745571122
1395537749
2062082609
1350986081
1419489678
2082682349
1798611397
1114981189
1775146077
1674147878
1403756018
1507295392
1682474282
1959840856
1953298681
1372667172
1287781105
1865763304
1928157267
1321032654
1724917315
1539898130
1379912225
1660468785
1524380741
2068300378
1918154769
1521731430
1671066027
1104113610
1269884744
1647114098
1785364845
1630677561
2084466578
1628190453
1281455201
1314274209
1977142475
1365638389
1644032248
1563687856
1833539040
1114332378
1120739384
1695612698
1780174360
1482099910
2042185747
1902961785
1162668775
1571473584
1945350750
2011313172
1631056034
1616782198
1977250610
1669768405
1742489271
1468042345
1691071023
1875062924
1747193149
1861059427
1734054732
2001581011
1318815884
1754330067
1409108706
1347309487
1612348658
1834728526
1949946493
1220304793
1084297849
1406946004
1717401924
1688475781
1177861759
1289457200
1535734928
1616565928
1569689355
1087677072
1477666370
2062028541
1799043937
1261558340
1435926215
1192297797
1241174870
1556064330
1789636182
1252961598
2085601997
1473611304
1510971986
1212573132
1486209045
1176942611
2026884628
1642518356
1425599312
1695342360
1787797885
1626460291
1550657574
2018774495
1446577524
2072031040
1813425908
1477720438
1923074916
1902583312
1519568728
1777957590
1606347159
1342173069
2065488865
1621486076
1083676073
1590883838
1609699348
1775200144
1310705750
1138662779
1440900431
1709237723
1607158173
1692801185
1533896631
1811479476
1289024659
1087623004
1539519657
1489831571
1309299994
1519028053
1585314879
1206139092
1308705250
1432249621
1479396532
1138068036
1569473085
1252204652
1299351563
1509295892
1829592108
1076268817
1215114307
1187269514
1548981480
1546061832
1716861249
1161641492
1154126101
1403431613
1238579627
1683447498
1128876551
1548440804
1163723093
1734487273
1453038598
1826131784
1359258418
1834350053
1190892041
2046781490
1613754415
1173049747
1185701555
1227549845
1327196355
1577745421
1094165179
1756384634
1611375442
1766062727
1334819881
1684528849
1252204652
1885011355
1358122999
1194027959
1780336562
2019639576
1350391338
2041915410
1570230030
1448740227
1417002570
1400782302
1099626002
1311733034
1630569426
1121766667
1812885232
1664361649
1447172267
2016882130
1374559537
2049106395
1711292290
2142643271
1255448705
2112527641
1795042938
1368666173
2091873834
1563417518
1333468192
1668200446
1319843168
1508593014
1543574724
1228225690
1336550043
2139993961
1791528547
1209977889
1410838868
2068841054
1817372840
1435980283
1638517357
1958218829
1488479882
2035643573
1135851266
1135743131
1408135490
1640734126
1580502866
1085838775
1569364949
1243067235
1987523446
1637165668
1230469494
1530057834
1822130785
1250798895
1723998166
1614781698
1401322978
1703019954
1222034954
1582881839
1120063539
1354067932
1317247925
1341956799
1178456502
2000148221
1883227126
1266965095
2052674854
1421057637
1193108811
1968383530
1933401820
1911558526
1864573818
1119252526
1354176067
1156396939
1243770113
1435574776
1578556434
1631110101
2057270596
1494643584
1472475885
1156126601
1856571820
1999364241
1657765407
1889336760
1927940997
1395213344
1159208452
1117468297
1378939009
1551306385
1302325279
1155423722
1284942559
1949135479
1346822879
2015043833
1313679466
1629866547
2061920406
1115305594
1322762816
1092867557
1475449601
1694639482
1695828968
2051863840
1758060728
1387697953
1798503262
2038563221
1325898734
1659171164
1181376151
1789419912
1140284806
1532328672
1790068723
1904043136
1252907530
1836620890
1076593222
1734379138
1384291697
1449172767
1533085618
1513026554
1099409732
1182024961
1806180855
1412893435
1710751615
1562660572
1606671565
1710265007
1897068421
1404080423
1929725226
1325141788
1481721437
1671120094
1392780304
1894743516
1120820485
1174401435
1447658876
1463014062
1668470784
1397592316
1629812480
1269614406
1306650683
1477287898
1282266214
1093029760
1476152479
1689665267
1931293185
1097301097
1411487679
1248311788
2118150667
1289024659
1293512267
1735352354
1732324570
1289511267
1510971986
1832673959
1829646175
1716699046
1472800290
1409189808
1098490584
1996390525
2044672855
1602183957
1462419319
1518487377
1254205152
2083871835
1650790692
1217601415
1745192649
1870683452
1517027553
1399863154
1691936104
1283942309
2132965178
1710102804
1155072283
1522866849
1796070222
1092110612
1613159672
1591208243
1748490770
1619107103
1733405922
1196623202
1470259115
1437169769
1906313973
1371315483
1619485576
1881551031
1826888730
1744760109
1826780595
1527678862
1356663175
2019098900
1153369155
1757411917
1135229489
1355419621
1493021557
1518162972
1554496371
1646303085
1356230634
1656846259
1827861946
1705615197
1754438202
1520812282
1712427709
1217601415
1980819069
1739569623
2129504854
1080404985
1096057543
1598831769
1697937603
1804775099
1762386133
1157802695
1891553530
1360015363
1555469587
2103984967
1360285701
1318491479
1978277893
1268100514
1562390234
1845109497
1542547440
1638949897
1646627490
1497779502
1791366344
1945404818
1228496028
2025803277
1619269306
1263450704
1613430010
1514053837
1809587111
1755789891
1875819870
1886308977
1614349158
1104492083
1831700743
1639814978
1340551042
1447767011
1663820974
1166345369
1850083713
1909882432
1394294195
1447226335
2096577711
1499996272
1932644874
2030453087
1410622598
1767738821
1330710747
1524056336
1168994680
1468853358
1740164366
1532058334
1154991182
1910963783
1387157278
1450416321
1638247019
1299784103
1224359859
1438683661
1539952198
1767955091
1216168624
1622891832
1571203246
1696639982
1730594409
1817697245
1255773111
1399538749
1466095913
1590883838
1110277311
1391482682
2015314171
1242742829
1331900233
1549468088
1099950408
1664577920
2033048330
1657008462
1576664070
1374992077
1537627293
1196406932
1704155372
1265991879
1177321084
1804288491
1452362753
1083730140
1517189756
1122658782
1098950158
1955082911
1190081027
1183268515
1141528360
1950433101
1259828178
1826888730
1674796688
1585423014
1262261218
1793420911
1681176660
1973574016
1571852057
1589532149
1443387538
1735190151
1384886440
1170238233
1113710601
2013151469
1675878039
1617593211
1413434111
1920317471
1183376650
1724917315
1402404329
1275886243
1366449403
1288105511
1187026210
1744597906
1781417913
1784175359
2106796480
1402728735
1820779096
1480910424
1326493477
1648736125
1398241127
1279887242
1790609398
1295404631
1976818069
1955731722
1107195460
1477125695
1494319178
1830186851
1790122790
1806559328
1678311080
2049809273
1543088116
1405269910
1736433705
1420300691
1196460999
1136283807
1904313474
1079026263
1544926413
1801963586
1520109404
1333089719
1769360848
1507457595
1379479684
1393483182
1495724935
1924102200
1511512662
1770063726
2015151968
1299946306
1317085722
1149043751
1299027158
1453444104
1455174266
1126984187
1809154571
1581097610
1327845166
1077350168
1307353562
1569689355
1177131847
1145042751
1839216133
1789636182
1758331066
1809533044
1574285097
1301352063
1795799884
2054134678
1731459489
1996606796
1245878748
1950216831
1787635683
2098361941
1410135990
1395321479
1716104303
1092299848
1627325372
1584341663
1758168863
1294377348
1541574224
2028290385
1359745026
2066083608
1688475781
1303028157
1250041950
1344173569
2128801976
1973574016
1307515764
1840567822
1560768208
1343200353
1657711340
1543574724
1245824680
1090731889
1260531056
1732000165
1491940206
1488804287
1592559932
2077816268
1235335574
1373748523
1531625794
