0.00019473
0.00038256
0.00028387
0.00042421
0.00023810
0.00023544
0.00038743
0.00027409
0.00043169
0.00021509
0.00028236
0.00019753
0.00033198
0.00011081
0.00017345
0.00006978
0.00029923
0.00030294
0.00023453
0.00006094
0.00028633
0.00023251
0.00034528
0.00024984
0.00029801
0.00022001
0.00006483
0.00032588
0.00027463
0.00016011
0.00020224
0.00030222
0.00034192
0.00026967
0.00039066
0.00013556
0.00025644
0.00025882
0.00025274
0.00007547
0.00042995
0.00035025
0.00035278
0.00031360
0.00037382
0.00039637
0.00020225
0.00034551
0.00026168
0.00021156
0.00061099
0.00033060
0.00028397
0.00041752
0.00028670
0.00040210
0.00027165
0.00041379
0.00025307
0.00036716
0.00030424
0.00012213
0.00031243
0.00034798
0.00023496
0.00025138
0.00020031
0.00034674
0.00020963
0.00026451
0.00026102
0.00028533
0.00032709
0.00023971
0.00022696
0.00033080
0.00036921
0.00023604
0.00029529
0.00029372
0.00028754
0.00019495
0.00030633
0.00018273
0.00028613
0.00030325
0.00044085
0.00029842
0.00030554
0.00032365
0.00018426
0.00042173
0.00012125
0.00037949
0.00031036
0.00021173
0.00033121
0.00030740
0.00025476
0.00026912
0.00035675
0.00009740
0.00027957
0.00014059
0.00097856
0.00023541
0.00048827
0.00032206
0.00033345
0.00026824
0.00026184
0.00030003
0.00032810
0.00027266
0.00028826
0.00031319
0.00023749
0.00049211
0.00035230
0.00040455
0.00026327
0.00014569
0.00030939
0.00037234
0.00036365
0.00012035
0.00029583
0.00036810
0.00021670
0.00013622
0.00037266
0.00026679
0.00026435
0.00027249
0.00024895
0.00029856
0.00017585
0.00013368
0.00021143
0.00032592
0.00033138
0.00030840
0.00038007
0.00047957
0.00031870
0.00015220
0.00018684
0.00021183
0.00043845
0.00033503
0.00029640
0.00031997
0.00029943
0.00037243
0.00008084
0.00026386
0.00022485
0.00021824
0.00025681
0.00034496
0.00027543
0.00031298
0.00033210
0.00022765
0.00021264
0.00024516
0.00035152
0.00031223
0.00032282
0.00031772
0.00031247
0.00010226
0.00028488
0.00024165
0.00037893
0.00022787
0.00031192
0.00041894
0.00020492
0.00028956
0.00024341
0.00019547
0.00030551
0.00018150
0.00034728
0.00023893
0.00027910
0.00031047
0.00029334
0.00031066
0.00005515
0.00028395
0.00023054
0.00032044
0.00025206
0.00024269
0.00029866
0.00029108
0.00024269
0.00025927
0.00023898
0.00032280
0.00023523
0.00012452
0.00036378
0.00034566
0.00031647
0.00026203
0.00011732
0.00031442
0.00041724
0.00031919
0.00027025
0.00035065
0.00026496
0.00007722
0.00012152
0.00029771
0.00024251
0.00022570
0.00031970
0.00033542
0.00033911
0.00010446
0.00034406
0.00004357
0.00016287
0.00026640
0.00028993
0.00013859
0.00028674
0.00030965
0.00021152
0.00018905
0.00028041
0.00023103
0.00030439
0.00010078
0.00019285
0.00019877
0.00005968
0.00034275
0.00013039
0.00040688
0.00011529
0.00030141
0.00020745
0.00026132
0.00012754
0.00011942
0.00027509
0.00032505
0.00017223
0.00031978
0.00029652
0.00006053
0.00024213
0.00022104
0.00023605
0.00035051
0.00025360
0.00031862
0.00024783
0.00031538
0.00008893
0.00025614
0.00022787
0.00029672
0.00026471
0.00020219
0.00032943
0.00017419
0.00024213
0.00033450
0.00030808
0.00021325
0.00027013
0.00026883
0.00024165
0.00035891
0.00023359
0.00028336
0.00014170
0.00018155
0.00030143
0.00022525
0.00031394
0.00035869
0.00010154
0.00020122
0.00029357
0.00063150
0.00023822
0.00022788
0.00033141
0.00014933
0.00017694
0.00034966
0.00024787
0.00029592
0.00028721
0.00023708
0.00025179
0.00048143
0.00010400
0.00019541
0.00027865
0.00028007
0.00008831
0.00029309
0.00011339
0.00027319
0.00021777
0.00031816
0.00042295
0.00023481
0.00013026
0.00026087
0.00042729
0.00026306
0.00027585
0.00024839
0.00030484
0.00026414
0.00033701
0.00034000
0.00028265
0.00018568
0.00008197
0.00025394
0.00032144
0.00031454
0.00035127
0.00018654
0.00037315
0.00031350
0.00032654
0.00011051
0.00023213
0.00010867
0.00030646
0.00032165
0.00028863
0.00011930
0.00019083
0.00022255
0.00031482
0.00027042
0.00028200
0.00008698
0.00042149
0.00028873
0.00023599
0.00023367
0.00041190
0.00018162
0.00028121
0.00023971
0.00030541
0.00029114
0.00028528
0.00019417
0.00022178
0.00031588
0.00006659
0.00029317
0.00017241
0.00030005
0.00029326
0.00017715
0.00022189
0.00031594
0.00029232
0.00027310
0.00033537
0.00033561
0.00027113
0.00027844
0.00040733
0.00038821
0.00029377
0.00028117
0.00037527
0.00027921
0.00028966
0.00029070
0.00012679
0.00028760
0.00017427
0.00026399
0.00037514
0.00018440
0.00029081
0.00022311
0.00033488
0.00027133
0.00023756
0.00041734
0.00030619
0.00021220
0.00018882
0.00030762
0.00034123
0.00029986
0.00030236
0.00032546
0.00030780
0.00021813
0.00019002
0.00034386
0.00048262
0.00043283
0.00031456
0.00020337
0.00047077
0.00015771
0.00024281
0.00027767
0.00026609
0.00023514
0.00027878
0.00028565
0.00022922
0.00043176
0.00026143
0.00026384
0.00033588
0.00028044
0.00028862
0.00006956
0.00030849
0.00033072
0.00007233
0.00025624
0.00033316
0.00010709
0.00015937
0.00039166
0.00026237
0.00022371
0.00018634
0.00007512
0.00033413
0.00010057
0.00021186
0.00022541
0.00026060
0.00033862
0.00024651
0.00038103
0.00024551
0.00023005
0.00032538
0.00033931
0.00037729
0.00034078
0.00011832
0.00038019
0.00037902
0.00035611
0.00027086
0.00021135
0.00030151
0.00039929
0.00022575
0.00032103
0.00023537
0.00032234
0.00026005
0.00032215
0.00029446
0.00033517
0.00027542
0.00042995
0.00013405
0.00029697
0.00036304
0.00030969
0.00026631
0.00031043
0.00025399
0.00027414
0.00025693
0.00024497
0.00038217
0.00032285
0.00025811
0.00038139
0.00024987
0.00026254
0.00019260
0.00033266
0.00020622
0.00032832
0.00015482
0.00025963
0.00013939
0.00031118
0.00036248
0.00036127
0.00025388
0.00023818
0.00008627
0.00017831
0.00024433
0.00031903
0.00028481
0.00025522
0.00030711
0.00028194
0.00038254
0.00035477
0.00028145
0.00030907
0.00040842
0.00023487
0.00030464
0.00033021
0.00030160
0.00038553
0.00030114
0.00023701
0.00024308
0.00009142
0.00025258
0.00030407
0.00028921
0.00016956
0.00020610
0.00041457
0.00031361
0.00032925
0.00027412
0.00037771
0.00017598
0.00005376
0.00029065
0.00035980
0.00009300
0.00030167
0.00029903
0.00036570
0.00030883
0.00032228
0.00027152
0.00031277
0.00017340
0.00032315
0.00034421
0.00032072
0.00009255
0.00024392
0.00032447
0.00026062
0.00024919
0.00029821
0.00033934
0.00036065
0.00022570
0.00040109
0.00026022
0.00007941
0.00031229
0.00021785
0.00023849
0.00028404
0.00029899
0.00014516
0.00020117
0.00027330
0.00019069
0.00033274
0.00023333
0.00013279
0.00011026
0.00011478
0.00028780
0.00016550
0.00023174
0.00038574
0.00027255
0.00013973
0.00022427
0.00027488
0.00021768
0.00018744
0.00030379
0.00026367
0.00031356
0.00033066
0.00030082
0.00007170
0.00037338
0.00026755
0.00038323
0.00008385
0.00027331
0.00017784
0.00035189
0.00028105
0.00032884
0.00029710
0.00012412
0.00019101
0.00014995
0.00020043
0.00029424
0.00029772
0.00032833
0.00024242
0.00010530
0.00026650
0.00031613
0.00029725
0.00031309
0.00028370
0.00033504
0.00023841
0.00020116
0.00028474
0.00027555
0.00024216
0.00028095
0.00029321
0.00022308
0.00024205
0.00026490
0.00027362
0.00021049
0.00029028
0.00011580
0.00012016
0.00027915
0.00033839
0.00019906
0.00044948
0.00021959
0.00028649
0.00028595
0.00031754
0.00021485
0.00021346
0.00025957
0.00022908
0.00031136
0.00020879
0.00028639
0.00043047
0.00016040
0.00053749
0.00033775
0.00025140
0.00033927
0.00022026
0.00037856
0.00029847
0.00010848
0.00021930
0.00022704
0.00024547
0.00029181
0.00020237
0.00032485
0.00029803
0.00032664
0.00012344
0.00031156
0.00005790
0.00034864
0.00025119
0.00022084
0.00032928
0.00018677
0.00024976
0.00037766
0.00014521
0.00026795
0.00026208
0.00025908
0.00020338
0.00024261
0.00030158
0.00041495
0.00016765
0.00030783
0.00026766
0.00037303
0.00025423
0.00037899
0.00031651
0.00039629
0.00005805
0.00009768
0.00008300
0.00025314
0.00019345
0.00028916
0.00024663
0.00030854
0.00024411
0.00027902
0.00028549
0.00045433
0.00024720
0.00009895
0.00033135
0.00022379
0.00026094
0.00009566
0.00033613
0.00026559
0.00030305
0.00036218
0.00027530
0.00018825
0.00010504
0.00021006
0.00026044
0.00030346
0.00029232
0.00020083
0.00029026
0.00022991
0.00036760
0.00030280
0.00022758
0.00028299
0.00033701
0.00011567
0.00031886
0.00029866
0.00025918
0.00015749
0.00022602
0.00029276
0.00041432
0.00025044
0.00024363
0.00024820
0.00021796
0.00073987
0.00034831
0.00023433
0.00037965
0.00026283
0.00022067
0.00036406
0.00035759
0.00035355
0.00034486
0.00020701
0.00025046
0.00021388
0.00023004
0.00053103
0.00007299
0.00030168
0.00019025
0.00027644
0.00027234
0.00021383
0.00034338
0.00036979
0.00030661
0.00034944
0.00035658
0.00025805
0.00021440
0.00010334
0.00006376
0.00028692
0.00024087
0.00021370
0.00047531
0.00036050
0.00024910
0.00037269
0.00024297
0.00030145
0.00019068
0.00020628
0.00024465
0.00040426
0.00027289
0.00031343
0.00031365
0.00037950
0.00032516
0.00012833
0.00033264
0.00018852
0.00024523
0.00030687
0.00021850
0.00016548
0.00010545
0.00028341
0.00033108
0.00035216
0.00023173
0.00033969
0.00019912
0.00032078
0.00051206
0.00026803
0.00028355
0.00027984
0.00040668
0.00021862
0.00033406
0.00026132
0.00031641
0.00014451
0.00029716
0.00031632
0.00035087
0.00025969
0.00035691
0.00024509
0.00027405
0.00030908
0.00012880
0.00035044
0.00020730
0.00043442
0.00026775
0.00027059
0.00030859
0.00025849
0.00030144
0.00023482
0.00024167
0.00027323
0.00023716
0.00020216
0.00027302
0.00031251
0.00017860
0.00020295
0.00013053
0.00046176
0.00009794
0.00023841
0.00023924
0.00032096
0.00032040
0.00023850
0.00027946
0.00008474
0.00033840
0.00031751
0.00027240
0.00052127
0.00020317
0.00009231
0.00037817
0.00029633
0.00027048
0.00028085
0.00046394
0.00038542
0.00030532
0.00022520
0.00032278
0.00034599
0.00014029
0.00025891
0.00031293
0.00023747
0.00019725
0.00031629
0.00042727
0.00028166
0.00033219
0.00020199
0.00014918
0.00014715
0.00032339
0.00014973
0.00008015
0.00022132
0.00027193
0.00026581
0.00035258
0.00025363
0.00029953
0.00017400
0.00033789
0.00032270
0.00033787
0.00028255
0.00012546
0.00004668
0.00021332
0.00032504
0.00041993
0.00025069
0.00027614
0.00028079
0.00028751
0.00030449
0.00006271
0.00030644
0.00033807
0.00031546
0.00032449
0.00028128
0.00007918
0.00005630
0.00036636
0.00032174
0.00019693
0.00039965
0.00005068
0.00029571
0.00031404
0.00008345
0.00032596
0.00021414
0.00034985
0.00025154
0.00028769
0.00019457
0.00025159
0.00024386
0.00036589
0.00023454
0.00028897
0.00034126
0.00014265
0.00030313
0.00030455
0.00027702
0.00016566
0.00035981
0.00045443
0.00018734
0.00029949
0.00023368
0.00029841
0.00028003
0.00033469
0.00032474
0.00034694
0.00008722
0.00029858
0.00020428
0.00033878
0.00030329
0.00024794
0.00026777
0.00030773
0.00021572
0.00017109
0.00017662
0.00025788
0.00026767
0.00038777
0.00027743
0.00035745
0.00018777
0.00026090
0.00032695
0.00024612
0.00028188
0.00021621
0.00027167
0.00032185
0.00028336
0.00010681
0.00017672
0.00025656
0.00013413
0.00030300
0.00024040
0.00022645
0.00026609
0.00028482
0.00032699
0.00044987
0.00030016
0.00029060
0.00015690
0.00032008
0.00033619
0.00023226
0.00025885
0.00027116
0.00029424
0.00041070
0.00006434
0.00037274
0.00045970
0.00024634
0.00028658
0.00020344
0.00030787
0.00018801
0.00030647
0.00029161
0.00025431
0.00028439
0.00022128
0.00031519
0.00023415
0.00043550
0.00033371
0.00026862
0.00040088
0.00028061
0.00020764
0.00040651
0.00036160
0.00022011
0.00021885
0.00021113
0.00018037
0.00023301
0.00033789
0.00030976
0.00029323
0.00023346
0.00033170
0.00031094
0.00018251
0.00029072
0.00029399
0.00026696
0.00032093
0.00025614
0.00021644
0.00041197
0.00037234
0.00007749
0.00029918
0.00026142
0.00035517
0.00021887
0.00031903
0.00025938
0.00023598
0.00050546
0.00023824
0.00043909
0.00032267
0.00016474
0.00032999
0.00019483
0.00025944
0.00008419
0.00027390
0.00012267
0.00015247
0.00025861
0.00023672
0.00033118
0.00023959
0.00018281
0.00009043
0.00020478
0.00006830
0.00027638
0.00033850
0.00033109
0.00033413
0.00031041
0.00037912
0.00028540
0.00025991
0.00032116
0.00052538
0.00022129
0.00042032
0.00035221
0.00039914
0.00028574
0.00033328
0.00028115
0.00024656
0.00032725
0.00027881
0.00025514
0.00025773
0.00027664
0.00035587
0.00027956
0.00016369
0.00037271
0.00024043
0.00024360
0.00042504
0.00024026
0.00026882
0.00026914
0.00005211
0.00033461
0.00029243
0.00024559
0.00039852
0.00024180
0.00029032
0.00043543
0.00021178
0.00034017
0.00033100
0.00032521
0.00016734
0.00029117
0.00024069
0.00033214
0.00009498
0.00008006
0.00036928
0.00023043
0.00036070
0.00033063
0.00038810
0.00026081
0.00025807
0.00031740
0.00040405
0.00030098
0.00029303
0.00016259
0.00005985
0.00007128
0.00018757
0.00025149
0.00038213
0.00031229
0.00012050
0.00023120
0.00024861
0.00039373
0.00036502
0.00024183
0.00034042
0.00028867
0.00024843
0.00030660
0.00028549
0.00023042
0.00040347
0.00023314
0.00032034
0.00027594
0.00027536
0.00029455
0.00038430
0.00022848
0.00025408
0.00028328
