0.0005599707
0.0010860072
0.0004145331
0.0005043152
0.001041402
0.00080737297
0.00036755102
0.00082360837
0.00069474784
0.00035484383
0.00011613987
0.00046064373
0.0005787046
0.00027971627
0.00025960352
0.0006456084
0.00023292202
0.00077395
0.0015690872
0.00036480132
0.00031721874
0.0015220478
0.004628605
0.000869838
0.00017867894
0.000892501
0.0005328568
0.0006738153
0.0033770718
0.0017208277
0.0001517716
0.0022207554
0.001661589
0.00042757377
0.0015972344
0.0021509493
0.0010347974
0.00024375468
0.0002694283
0.0006463823
0.00047810966
0.0017129232
0.00336792
0.001087217
0.0004981846
0.005708279
0.00029283948
0.0008766207
0.001191441
0.00051877135
0.0017225124
0.0018914706
0.0006091418
0.00094235735
0.0009051982
0.0006836536
0.0044838763
0.0015588927
0.00025477432
0.0006320581
0.0022207762
0.0026557993
0.00033170992
0.00040081705
0.00057532
0.0004723923
0.0007782231
0.0003721527
0.0019725484
0.0019347095
0.0023568086
0.000549704
0.000967951
0.0012597564
0.0039602565
0.00022356537
0.0020731601
0.0012776185
0.002563002
0.0003528465
0.00027694122
0.0028204217
0.0004513114
0.0019046102
0.0011889067
0.0013396441
0.00031081954
0.0020815094
0.001458568
0.0013868223
0.0032168776
0.00046460587
0.0010853139
0.00050176174
0.0026596992
0.0039914493
0.00043756256
0.00062952086
0.00076285173
0.00026176305
0.00038088806
0.0033297748
0.000999303
0.00081408245
0.0011847247
0.0020701482
0.00043766017
0.0004505421
0.0018693943
0.00032382147
0.002517845
0.0010030174
0.0004163306
0.0020564524
0.0014787602
0.0023284194
0.0008757033
0.0030634112
0.0006917792
0.0013709739
0.0014554737
0.0022476115
0.0020038732
0.0007986542
0.0005728301
0.0009410023
0.00068761787
0.0014540611
0.00068667065
0.0003941913
0.0010274121
0.0015230146
0.003518174
0.0012575914
0.0008343733
0.00085751835
0.0003246853
0.00053433713
0.0003372949
0.0012320243
0.0016919888
0.001677684
0.0013992648
0.0021773651
0.0024081618
0.0005664001
0.00049610535
0.0016676112
0.001152383
0.0009990996
0.0036477426
0.0009244057
0.0005367843
0.001781656
0.0003209726
0.0005813079
0.00045672615
0.00059452007
0.0008316738
0.00037792316
0.0005208858
0.0023996963
0.0012847094
0.00020164123
0.0018739046
0.00092516723
0.00033623932
0.00035712324
0.0034945405
0.00040944648
0.00095809635
0.002189426
0.0005090503
0.001270033
0.0020067361
0.0036094838
0.00048704073
0.00043786975
0.001576731
0.00071377796
0.0004958396
0.0021861047
0.0019870417
0.00037727715
0.000801574
0.0015001189
0.00080012204
0.001042883
0.0011912499
0.0017464999
0.00080530316
0.00083206734
0.0010290855
0.0009463376
0.002291275
0.0021875298
0.0013654233
0.0038168412
0.0015031187
0.0022467787
0.00049572595
0.0013426372
0.0012069307
0.0012742116
0.00024726882
0.00040221206
0.001183141
0.00059793895
0.0005711571
0.001132297
0.00134384
0.0017829931
0.00045645738
0.00034791642
0.0012031093
0.0032089895
0.0036305168
0.0014768859
0.0024716053
0.00028554365
0.00061597174
0.002537775
0.00038372562
0.00029987033
0.0046097087
0.00034638745
0.0004893784
0.0013671994
0.0014662952
0.00030277128
0.0019418716
0.00019937538
0.0014022343
0.0044470415
0.0051529403
0.0015476042
0.0008187908
0.0045246417
0.00070171803
0.0032694398
0.0037771647
0.00029562818
0.0013774668
0.00036788307
0.0016093266
0.000582998
0.00067313696
0.0014562015
0.00057667395
0.0011894485
0.00024977265
0.00029125606
0.0005275071
0.00031303207
0.00015328282
0.0025117549
0.0016917735
0.0006068858
0.0022994876
0.0023899402
0.0014236877
0.0006156002
0.00032394967
0.0010794901
0.0026096627
0.00054765
0.000621135
0.0014293102
0.0013070015
0.0007371893
0.00030467348
0.0004887595
0.0007325705
0.0010885869
0.0005381387
0.0029806558
0.0039568567
0.0014082268
0.00039865254
0.0010601594
0.00023442299
0.0006524424
0.0008574459
0.00083986274
0.00030472453
0.0041388944
0.000313372
0.0004404891
0.00033616502
0.0019420491
0.0014024399
0.0005799674
0.0006990794
0.001479951
0.00042822195
0.00023674342
0.0020006287
0.00059798924
0.0012438791
0.00028037967
0.0020570117
0.0012727872
0.0003136609
0.0009896377
0.0024154026
0.001291109
0.0031728037
0.0014240842
0.0029765458
0.0006598665
0.00035869514
0.0006325411
0.00038743176
0.0007183969
0.0006273526
0.0023094402
0.00013019372
0.005233113
0.0009251619
0.0005012008
0.0022452057
0.0016673865
0.00020989843
0.00040170952
0.0032207598
0.00089891104
0.0017920814
0.00027159715
0.0004855262
0.0011118259
0.00070489146
0.0026890559
0.0009794419
0.0003861267
0.0012342576
0.00017542244
0.00016614208
0.0004517004
0.0009933602
0.00048784437
0.0012494581
0.0002755168
0.00083798816
0.0021001343
0.0046434016
0.0018639697
0.0002065583
0.00067723077
0.0015593142
0.0015515513
0.0028433774
0.0015412126
0.0001373683
0.00072122
0.00016522121
0.003152524
0.002799995
0.00094363536
0.00046226755
0.001373165
0.00055045064
0.0037386587
0.00075978524
0.00030888626
0.0034471385
0.0029743386
0.003418809
0.0004670002
0.00019665425
0.0020490806
0.0011337192
0.0005852186
0.0020153609
0.0026373398
0.0018180684
0.0006540168
0.002952734
0.00024048354
0.0012343383
0.0032466282
0.0013814268
0.00057240983
0.00060302025
0.0041729393
0.0012235012
0.0028099
0.00083492056
0.0011945062
0.0034425952
0.0010472517
0.00037548278
0.00019446349
0.0007254552
0.0008768105
0.0010354614
0.0019503366
0.002258751
0.0012046566
0.00067349814
0.00036103136
0.001706452
0.0026518712
0.00032608394
0.00041057094
0.0011230245
0.00013078323
0.0025293743
0.0004878083
0.0019328893
0.00081984204
0.000514089
0.002655577
0.0023544817
0.0007585958
0.0010712545
0.0011100164
0.0005399649
0.0015461404
0.0012166825
0.00037372042
0.00063530053
0.00086071837
0.00033879027
0.0004808241
0.0010874952
0.0041962336
0.0007408094
0.0017147365
0.00083700987
0.0003464475
0.00026491305
0.00042576317
0.0028101355
0.0019358483
0.0010314591
0.0015709541
0.0014069062
0.0009903646
0.00091234845
0.0015114581
0.0004541962
0.0028666672
0.001882087
0.0022752562
0.00013979516
0.0008342558
0.0011011423
0.0021282337
0.0024593924
0.001601253
0.0019252955
0.0009299028
0.001430172
0.00034225007
0.0033519424
0.0014976813
0.00020974406
0.00024810055
0.00062954065
0.00027724844
0.00045518856
0.00029223465
0.0030019663
0.006204361
0.0003237398
0.001291745
0.00091325835
0.00022504007
0.0044615483
0.0002237857
0.001424176
0.0004949417
0.0008983207
0.0005649706
0.00050497625
0.00025746456
0.002888443
0.0018283913
0.0030334964
0.00089376396
0.0012619663
0.001909716
0.0012149287
0.0012921464
0.0010556543
0.0016389177
0.00045177367
0.0008631239
0.001203419
0.0024769555
0.0005227493
0.0013227527
0.0007809551
0.00094635924
0.0005513412
0.001321779
0.0017935463
0.0017469758
0.00035779533
0.00048740007
0.0019723265
0.0010915982
0.0015167824
0.00076744676
0.0005915044
0.0005899136
0.0037964093
0.004539946
0.00052825373
0.00052457914
0.00042567626
0.0011869721
0.0006667059
0.0015993572
0.0012457885
0.0010699723
0.0004650773
0.0020266012
0.0013360338
0.0015249463
0.00045947466
0.00040103917
0.0015806705
0.0010147353
0.0012700799
0.005080215
0.0005979125
0.00021628149
0.00052798004
0.00039376944
0.0009077055
0.0016807376
0.0018404436
0.00062236196
0.00017239913
0.0022525196
0.0021649261
0.0027854308
0.00059611566
0.0005833165
0.0006463315
0.0015484149
0.0014084982
0.0011419442
0.00026408708
0.00056352717
0.0009495132
0.0026394497
0.0027281304
0.00044799922
0.0005981794
0.002244134
0.00022184674
0.00085592055
0.00034364272
0.0001686396
0.0002612789
0.0021250574
0.00057341886
0.00021834557
0.00030978431
0.00064075994
0.0027254883
0.0007530537
0.0015405639
0.0008376659
0.0006335458
0.0008282862
0.0006978993
0.0011960058
0.0017286188
0.00058789534
0.0023809553
0.0009978736
0.0020639333
0.00054830394
0.0006940663
0.0013362089
0.0029237075
0.0007149955
0.004122571
0.0007621767
0.00047660538
0.0020170324
0.001551547
0.00022421086
0.0012503205
0.00043188463
0.001855456
0.0024581708
0.003733154
0.00048202436
0.0013235636
0.0026183892
0.0006113973
0.0020014166
0.00040523894
0.0020776538
0.001428021
0.0021016337
0.0009586417
0.0015543015
0.0049200132
0.0018368276
0.0003252743
0.00021391112
0.0007069432
0.0016248984
0.0013293716
0.00029371236
0.00036443002
0.00055946904
0.00028031002
0.00032846988
0.0003652863
0.0024041173
0.0005570508
0.0003092945
0.0017605863
0.0015666817
0.0031397073
0.0025104498
0.0003408031
0.0018282321
0.0018951264
0.0025226392
0.00044542574
0.00029882102
0.00053559867
0.0020805274
0.00026070708
0.001029865
0.0013631227
0.0006999229
0.0010486481
0.0007251309
0.0013458849
0.0005894719
0.00037278837
0.0023026865
0.005126215
0.00039043743
0.0005981438
0.0027445704
0.001323157
0.0017287191
0.0017373755
0.0017649869
0.0008366
0.00034612347
0.00054770266
0.0004957409
0.00031736516
0.0003587404
0.0003709666
0.00036455778
0.00031152417
0.00094965735
0.0005603382
0.00027601584
0.00034112978
0.00074893184
0.00031732788
0.00058832485
0.0019867534
0.0010305607
0.0005279524
0.001954995
0.00037563746
0.0048009222
0.0020828634
0.0006690258
