-106
-28
-128
-128
-82
-72
-96
-49
-44
-78
-89
-71
-54
-50
-72
14
-118
-128
-62
-96
-73
-128
-63
-128
-9
-128
-7
-6
-81
-91
-29
-47
-126
-106
-111
-128
-128
-107
-118
-68
-117
-73
-128
-128
-59
-48
-46
-115
-99
-106
36
-31
-62
-94
-101
-37
-120
-128
-128
-78
-107
-65
-55
-47
-100
-118
-118
18
-66
-109
-45
-96
-116
-106
-81
-128
-128
-128
-105
-128
-109
-58
-45
-81
-101
-128
-121
-80
-128
-51
53
-128
-34
-33
-89
-55
-128
-108
-112
-100
-22
-8
-98
-120
23
-49
-94
-41
-112
-90
-106
-85
-128
-44
-128
-47
-69
-105
-76
-89
-31
-55
-66
-87
-128
-56
-65
-5
-114
-123
6
-108
-47
-103
-118
-83
41
-55
-128
-82
-114
-17
-104
-116
-108
-79
-75
-96
-89
-93
-114
-92
-84
-48
11
-89
-103
-58
-8
-128
-90
-76
-101
-128
-128
-101
-51
-60
-78
-128
-128
-7
-128
42
23
-128
-82
-110
-2
-123
-109
17
-128
-48
-91
-118
-128
-122
-45
-102
-76
-33
-93
-128
-89
-128
-103
-67
-78
-109
-128
-109
-27
-128
-128
-128
-80
-100
-128
-123
-107
-37
-40
-31
-94
-67
-106
-92
-106
-86
-72
-128
-90
-36
-76
23
-72
-105
-13
-117
-77
-78
-87
-128
-82
-74
-108
-38
-109
-128
-39
-4
-81
-128
-81
-97
-128
-55
-24
-95
-117
-128
-25
-128
-106
-18
-128
-76
-110
-101
-123
-62
-62
-58
-85
-128
-108
-66
58
-110
-70
-114
-128
-128
-59
-40
-106
-59
-128
-128
-95
-112
-36
-98
-102
-87
-128
-77
-102
-45
-76
-53
-128
-128
-103
-30
-128
-35
-98
-113
-105
-95
-128
-128
-49
-114
-79
-110
-24
-87
-80
-128
-128
-124
-128
-60
-83
-76
-106
-95
-112
-128
-128
-91
-82
-128
-94
-87
27
-128
-128
-128
-29
-128
-79
-83
-63
-37
-128
-128
-128
-104
-61
-36
-128
-106
-112
-96
-128
0
-101
-128
45
-128
-96
-76
-128
-49
-2
-32
-128
-102
-118
-55
-128
-82
-65
-42
-105
-67
-107
-17
-109
-92
-91
11
-82
-78
-121
-61
-98
-125
-91
-97
-128
-92
-9
-128
-128
-93
-111
-128
-74
-71
-91
-102
-81
-58
-102
-28
31
-107
-128
-75
-110
-110
-128
1
-102
-71
-60
-125
-107
-117
-91
-31
-122
-75
-128
-75
-113
-116
-59
-122
-128
-63
-97
-104
13
-67
-101
-128
-7
-63
-118
-47
-69
-92
-125
-59
-128
-64
-87
-29
-81
-95
-88
-69
-128
-107
-118
-128
-128
-114
-84
-128
12
-128
-128
-82
-108
-71
-50
-100
-30
-128
-116
-63
-88
-51
-65
-72
-75
-104
-61
-89
-128
-104
-117
-81
-128
-112
-99
-120
-128
-84
-82
-114
-128
-35
-71
-81
-74
-128
-128
-62
-92
-56
-97
-50
-82
-13
-6
-91
-51
-97
-111
-73
-113
-127
-128
8
-103
-56
-128
-30
-107
-102
-128
-50
-122
-81
-78
-3
-2
-49
-68
-128
-114
-82
-84
-128
-128
-81
-95
-73
-82
-128
-57
-105
-120
-27
-97
-128
-128
-101
-48
-128
-62
-95
-23
-80
-76
-128
-128
-119
-80
-126
-59
-118
-123
-62
-128
-87
-66
-108
-62
-36
-91
-101
-93
-113
-33
-73
-23
-40
-128
-64
-104
-90
-128
-128
-44
-127
-33
-66
-90
-31
-122
-29
-93
0
-128
-128
-88
-5
-96
25
-31
-110
-103
-128
-32
-128
-50
-118
-66
-42
-82
-68
-35
-48
-79
-42
-114
-128
-128
-128
-127
-102
-116
-123
-128
-128
-128
-97
-103
-128
-67
-128
-44
-11
-34
-112
-121
-58
-46
-16
-85
-76
-128
-66
-69
-125
-43
-116
-119
-68
-87
-78
-51
-73
-39
-32
-56
-112
-128
-56
-70
-23
-54
-98
-55
-91
-128
-127
-128
-87
-128
-67
-73
-89
-108
-96
-77
-86
-128
-85
-100
-55
-73
-53
-128
-31
-72
-128
6
-48
-79
-128
-45
-39
-124
-2
-117
-102
-95
-127
-78
-128
-98
-111
-59
-101
-106
-76
-101
-128
-111
-90
-60
-128
-128
-128
-104
-47
-100
-80
-64
-128
-95
-128
-91
-59
-128
-48
-120
-93
-26
-70
-128
-94
-36
-124
-70
-117
-105
-123
-92
-93
21
-38
-127
26
-128
-120
-128
-128
-128
-82
-70
-102
-78
-112
-128
-77
-128
-91
-121
-49
-79
-128
-116
-75
-128
-102
-96
-54
22
-27
-87
-128
-41
-57
-128
-72
-93
-96
-95
-52
-123
-63
-120
-116
-128
-128
-92
-90
-90
-112
-85
-128
-104
-51
-68
-27
-128
-60
-78
-75
-128
-41
-26
1
-109
-70
-106
-95
-2
-107
-66
-114
-22
-73
-128
-115
-103
-58
-89
-123
-84
-20
-128
-92
-84
-105
-128
-79
-124
-88
-115
-105
-127
-128
-86
-60
-18
-117
-52
-83
-103
-38
-128
-114
-62
-128
-128
-81
-18
-55
-128
-128
-41
-128
-56
-94
-41
-93
-89
-128
-90
-128
-58
-128
-128
-53
-128
-85
-76
-78
-128
-123
-69
-97
-117
-108
-86
-97
-21
11
25
-112
-128
-111
-99
-24
-96
-72
-128
-22
-128
8
66
-45
-128
-128
8
-99
-80
-99
-74
-114
-50
-128
-11
-79
-86
-13
13
-120
-79
-41
-74
-97
-81
-64
-13
-65
-101
-128
-128
-115
-86
-119
-44
-128
-89
-126
-121
-62
9
-108
-71
-31
-103
-62
-112
-64
-128
-62
-82
-128
-128
-117
15
-33
-113
-111
-82
-71
-113
-45
-80
-96
-128
-128
-76
-73
-121
-17
-107
-93
-128
-75
-128
-128
-128
-61
-110
3
-90
-128
-60
-65
-128
-64
-74
-59
-86
-74
-128
-85
-72
-128
-128
-113
-128
-78
-58
-98
-16
-85
-48
-128
-125
-128
-111
-103
-128
-79
-128
-128
-114
-82
-128
-128
-122
-24
-22
-36
-128
-98
-110
-128
-128
-119
-61
-27
-53
-107
-128
-111
-97
-106
-73
-59
-110
-128
-128
-103
-95
-128
-111
-16
-115
-67
-128
68
-66
-122
10
-109
-98
-128
-112
-52
-128
-58
-54
-70
-95
-128
-76
-105
-84
-42
-128
-79
-30
-117
-84
-46
-128
-87
-128
-128
-60
-128
-128
-42
45
-111
-122
-117
-124
-100
-76
-113
-105
-101
-128
-85
-126
-70
-71
-85
-24
-11
-128
-128
-76
-128
-117
-71
-31
-115
-104
-43
-88
-97
-61
-11
-104
-60
-124
-128
-12
-105
-70
-112
-74
-6
-77
-128
-125
-126
-36
-69
-61
-128
-96
-121
-38
-97
-51
-62
-89
-128
-9
-62
3
-98
-65
-10
-105
-128
-128
-93
-93
-74
-84
-21
-128
-39
-89
-128
-41
-62
-107
-128
-58
-128
