17444
-88272
-20009
-18224
-30078
-42764
-5721
-33663
-35206
-6721
-35629
5955
94180
-46537
-40178
-19836
-82165
-9733
-38845
-20393
-19538
-30981
-65233
-24541
-198855
-18208
-12003
35685
-7668
135637
-32155
-54715
-30728
-54449
34069
-24777
22597
-22908
-39024
-40628
76613
-57873
-36621
-24677
-32514
-145341
-32326
-23321
-16322
-29759
94108
-37057
-34852
-96052
-18291
-26435
-25364
174016
-111186
-23178
-25860
25593
-168596
7589
