0.0014554855
0.003059016
0.0048627933
0.0031292068
0.0021566218
0.0013435081
0.002066843
0.0025525203
0.0029483684
0.0028618712
0.0025907063
0.001359065
0.0012379533
0.0038925034
0.002693092
0.002303142
0.0038480547
0.004091394
0.0016361964
0.0031226475
0.0021349264
0.0023116148
0.0030317258
0.0028279326
0.0011580773
0.0031917265
0.0027481294
0.0021833207
0.0033489787
0.0013481149
0.002164858
0.0021700475
0.0014365794
0.0020547041
0.0013547635
0.0025312623
0.001901523
0.0015497048
0.001713816
0.0018406835
0.0019452075
0.00587448
0.0043667285
0.0022709859
0.0025791149
0.0011928754
0.0029566016
0.004326287
0.0025582763
0.0035534743
0.0020864601
0.0025679602
0.0022330538
0.001454845
0.0019840654
0.0015351083
0.0049954876
0.0015678665
0.0034974308
0.002566957
0.0035325068
0.0014008308
0.0017135127
0.002143987
