0.0019329366
0.0020288331
0.0007108972
0.006397191
0.0013804506
0.002705108
0.00219534
0.0017032605
0.0012278912
0.0013100603
0.0011243351
0.0011623309
0.001249151
0.0018826305
0.0024571617
0.00036318996
0.0010983102
0.0007011047
0.0016266252
0.0019934191
0.0013280862
0.002420619
0.0027848769
0.00088960695
0.0028178731
0.00069026795
0.0008025503
0.0008716383
0.0034067256
0.003274097
0.0009930906
0.0018969773
0.0022402052
0.0016758752
0.0012583879
0.001125031
0.0037285283
0.0011184531
0.0011886116
0.0008498872
0.0008986123
0.0038165622
0.002573815
0.0024812866
0.0020185325
0.00060698116
0.0010569043
0.0015617956
0.0013748654
0.001482029
0.0011524727
0.0025371998
0.0013358927
0.0010664817
0.004779881
0.0011174706
0.0007921646
0.002173019
0.0043769837
0.0014621197
0.0014789148
0.001680436
0.0024920178
0.0019151331
0.0010571957
0.0038194356
0.0012872749
0.0010387289
0.0019021113
0.0019872447
0.0011983099
0.002515991
0.00075856526
0.0015291562
0.0011858838
0.002409966
0.002063931
0.0020731373
0.0025446347
0.0012634412
0.00068536034
0.0028418014
0.0026527748
0.00082867016
0.0018090338
0.0006810882
0.0009989716
0.0013735868
0.0020129196
0.0009392067
0.00229056
0.0025179891
0.0013180213
0.0014701826
0.002178711
0.0016573026
0.0016034371
0.00096586545
0.0013495381
0.0018307621
0.0013974275
0.0015695703
0.00096429966
0.0018485584
0.00050893705
0.0035287288
0.001884831
0.0013996017
0.0038407757
0.0017986273
0.0020549684
0.0010534762
0.0021619166
0.0015038262
0.0023242976
0.00077146385
0.002386007
0.0012179661
0.0014115013
0.0021735243
0.0017836936
0.0015919214
0.00086791045
0.00091507606
0.0019371003
0.0012953832
0.002277779
0.000712394
0.00097239355
0.0017735473
0.0008911897
0.0009884158
0.0010629348
0.0018716461
0.0028698335
0.0009041906
0.0015240953
0.002158853
0.0029174532
0.002228928
0.00015751457
0.0018521918
0.0014255266
0.0023672783
0.0009447021
0.001395136
0.0012176901
0.0014403333
0.0011021136
0.0009149973
0.001956436
0.0015286737
0.0012837435
0.0045022354
0.0018324291
0.0013156367
0.0014315124
0.0016132169
0.0013232223
0.0015037889
0.0013812382
0.0005189798
0.0014080645
0.0014784496
0.0011806289
0.0019066592
0.0017775904
0.0006887744
0.0026006727
0.0011119408
0.00083361485
0.0016214497
0.0012149626
0.000990534
0.00096350734
0.00091547356
0.0014483932
0.001472751
0.0010187458
0.0019090169
0.0007859735
0.00070402643
0.0018135644
0.0020298979
0.0007548914
0.0011319909
0.0018422942
0.0016586226
0.0018225296
0.0020930802
0.001532974
0.0015809813
0.0022847839
0.001755012
0.0020889647
0.0025230946
0.0020028201
0.0014651882
0.005199445
0.0030108925
0.0008882486
0.0012310657
0.0011888632
0.008359925
0.000859685
0.0025185365
0.0010253603
0.0015486823
0.0011565809
0.0028501817
0.00029451636
0.0021979958
0.0016257984
0.0025160003
0.0038384588
0.0027142707
0.0013359248
0.0014104055
0.00039805868
0.0022382683
0.0010430147
0.0016832462
0.0021636165
0.0032403294
0.002957421
0.0014091636
0.0018613688
0.0016857615
0.0021510383
0.0022641963
0.00073091127
0.00089293113
0.0009546508
0.0013382937
0.0015938411
0.0017110589
0.0020739601
0.0014044517
0.0011514352
0.001346456
0.00042236428
0.0014065331
0.0011662163
0.0033759885
0.0013667867
0.003699543
0.002348533
0.0009810675
0.0028649124
0.002357324
0.002019004
0.002550334
0.0034134616
0.0013334908
0.0011569331
0.0011874087
0.0010348948
0.0015166479
0.002221182
0.0016069997
0.0021935378
0.0012499803
0.0008502587
0.0012592518
0.0010281579
0.0022668745
0.0010689016
0.0018356014
0.0015584975
0.0015667445
0.00088261545
0.001601763
0.0012217633
0.002008811
0.00142844
0.0026859457
0.0016466369
0.001659772
0.00267701
0.0020612264
0.0010215779
0.0026749882
0.0015184361
0.0025198038
0.0012725496
0.0017607366
0.0019502537
0.00022997252
0.001223537
0.0035873945
0.0009504318
0.0011125627
0.001340168
0.0007027164
0.0006248841
0.0023890375
0.00068429986
0.001593679
0.0018856851
0.001544892
0.0014667094
0.0023025486
0.001880608
0.001219289
0.0018998313
0.001064855
0.0022500372
0.0014007444
0.0014684037
0.001112441
0.0016223766
0.0016387921
0.0015024727
0.0013471923
0.0012426527
0.0014264251
0.0014842132
0.0017711598
0.00093277334
0.0016730962
0.0012168343
0.00096296787
0.0008607207
0.0013875432
0.00071919453
0.0015242558
0.00037687726
0.0014113309
0.0015612051
0.0010821421
0.0027956036
0.0010534372
0.0010364306
0.0019261925
0.0024230396
0.0018645235
0.0014748852
0.0016063241
0.0019274182
0.0016143215
0.001700664
0.00071079563
0.0012159065
0.0019358656
0.0017281602
0.0014236064
0.0019528562
0.0036699867
0.0012083774
0.00105781
0.0011385496
0.00110796
0.0022428732
0.0023216037
0.0024413308
0.0017108414
0.0017625843
0.0007344276
0.0011515602
0.0011601174
0.0010109128
0.0028971995
0.0012170435
0.0022073684
0.00061810284
0.000963523
0.002207672
0.0014724976
0.0017076071
0.0014763251
0.0013702875
0.0019937607
0.0019189474
0.0011743627
0.0012039094
0.00017633068
0.00044308486
0.0013503855
0.0024232455
0.0029771002
0.0012871984
0.00092078757
0.0009093391
0.0014257747
0.0013308097
0.0017780535
0.001083259
0.000771096
0.0009110019
0.00048792045
0.0056476514
0.0007202288
0.00197759
0.0035813437
0.00085308566
0.0037245036
0.002086413
0.003574745
0.0008677507
0.0012061639
0.002384765
0.0019083283
0.002446418
0.0013912567
0.001382085
0.00090206263
0.000997157
0.0012263074
0.0007214784
0.0014289921
0.001736244
0.000916061
0.0020368085
0.00089901045
0.0014773133
0.00079771475
0.001407711
0.0027898108
0.002042265
0.0015049443
0.00042988843
0.002282645
0.002468559
0.0010118115
0.0018810158
0.0008031632
0.0029336382
0.001565957
0.0013447918
0.0014885023
0.0013969233
0.0025812674
0.002482922
0.0029488795
0.00084060093
0.0020347026
0.0017589959
0.0016194155
0.0021248702
0.0022309786
0.00024500678
0.0021978298
0.001057211
0.0017223497
0.0008167579
0.0012221739
0.0030796735
0.0015880525
0.0016532212
0.0014473413
0.0012875275
0.0014456029
0.0008537609
0.0032609934
0.0016823008
0.0024273053
0.0021806716
0.0009578486
0.0018300804
0.0014722891
0.0021787772
0.0015171082
0.0010020366
0.0009139473
0.0021652826
0.00053826475
0.0014758514
0.0016257525
0.0011955295
0.0015226975
0.0012207715
0.0008868491
0.0012740027
0.0011098956
0.0022582393
0.0010600577
0.0014964147
0.002324988
0.0012571227
0.0014946742
0.0009378537
0.00241865
0.0019090518
0.0018779511
0.0014928435
0.0006777569
0.0015667528
0.0011088136
0.0019776502
0.0010722508
0.0012119571
0.0016409849
0.0013689995
0.0014696117
0.0011799383
0.0011746885
0.00079753913
0.0012503841
0.0014198758
0.0009827231
0.0010093917
0.0016537464
0.0022022435
0.0018158185
0.0026689793
0.0011616535
0.0022110613
0.0008322523
0.0015547945
0.0014801726
0.0018419168
0.0016323939
0.0012316572
0.0017312194
0.0013110156
0.0015774921
0.0023995226
0.0007746708
0.0020265991
0.0003294846
0.0022262423
0.0010571578
0.0023750337
0.0016997376
0.0016650261
0.0015126492
0.0020221006
0.0026172777
0.0011162106
0.0019211577
0.0007915887
0.0011742223
0.0008409499
0.00084380445
0.0004509384
0.0012347148
0.0019620801
0.0010237459
0.0013423144
0.0020089839
0.0016562728
0.0024961662
0.0030115035
0.0012193139
0.0006634488
0.0015945993
0.0013719995
0.0004213013
0.0016273818
0.0019583877
0.0015498907
0.0013099905
0.0020794824
0.00096658245
0.0018468507
0.00079470203
0.0020853328
0.001775301
0.0023303896
0.005984686
0.0014974432
0.0011127921
0.002129396
0.001822656
0.0013647975
0.00045483984
0.0018273533
0.00060925196
0.0023967526
0.002980817
0.002853169
0.002213989
0.0010677304
0.0015996791
0.0019625013
0.0011818219
0.0011508763
0.00095547887
0.0006007819
0.00094849535
0.0014423367
0.0021713853
0.0017578849
0.0038034676
0.0010082871
0.0006021764
0.0027842205
0.0015437688
0.0012086087
0.004045464
0.0020905265
0.0011786028
0.0019615598
0.002318499
0.0014863855
0.0012200576
0.0022174283
0.0012195408
0.00036616335
0.0014492668
0.00064812775
0.0011569237
0.0032587047
0.0013587672
0.0008136747
0.0010373561
0.0020729254
0.0029314824
0.0019767717
0.0023764744
0.0025314614
0.0010823669
0.0016321826
0.0025626416
0.0010088636
0.004248513
0.00140365
0.0006751081
0.0017229546
0.00091050286
0.0006337094
0.0023132951
0.0019292943
0.0011746435
0.0012305976
0.0010929905
0.0016740657
0.0013148574
0.0008675304
0.0012324712
0.0015342841
0.0022301313
0.0029653034
0.0012700255
0.0029675858
0.0012510448
0.0017683419
0.0017776183
0.000535892
0.002335985
0.00089086225
0.0024943757
0.001075649
0.004694061
0.0011639602
0.0013086058
0.002443149
0.0017063132
0.0012470926
0.0020907219
0.0013766058
0.000787649
0.00142527
0.0039247363
0.00076959917
0.00047257403
0.0011953082
0.0011422477
0.0006380806
0.0013968478
0.0011560657
0.00077402225
0.001212504
0.0019464077
0.0008407098
0.001840868
0.00066736
0.0011203468
0.0005214727
0.0017861578
0.001296964
0.002160371
0.00054693245
0.0012435751
0.0011794253
0.0012127969
0.0017171078
0.0011606462
0.0017674672
0.0022454965
0.0018391256
0.0017575949
0.0007562973
0.0020409657
0.00060488255
0.0020061764
0.0012991946
0.0012397167
0.0012752134
0.0017199557
0.0013276448
0.001993133
0.0010020423
0.005461627
0.0016894727
0.0010554463
0.0013778715
0.0009795962
0.0029297967
0.0018717232
0.0016730883
0.0015141157
0.002271791
0.0025558996
0.0024186347
0.002689411
0.0022327432
0.002313992
0.0008495784
0.0018561627
0.0014811367
0.0030157599
0.0021773472
0.0011824099
0.0043146987
0.001467566
0.0013807369
0.0016703594
0.003205261
0.0013234833
0.0007333101
0.0012274334
0.0010912651
0.004219602
0.0016463727
0.0009032499
0.002441488
0.0011123692
0.0012582497
0.002790937
0.0011633799
0.0011154441
0.0014373659
0.0010376333
0.0017408306
0.0014161069
0.00084042875
0.0022342934
0.005028717
0.0012138794
0.00027385744
0.003768647
0.0014669342
0.0014341498
0.0030334103
0.0025270032
0.0021015755
0.001790632
0.0012221568
0.0011057614
0.0010118989
0.0010127549
0.0018017509
0.00093854713
0.0018902646
0.0012840091
0.0013450449
0.0011572208
0.002887586
0.0015601869
0.0020723445
0.00080811646
0.0020613344
0.00047180397
0.0015699314
0.0022251247
0.001032315
0.0009523133
0.0010638777
0.001079919
0.0010019337
0.0016756624
0.0024046898
0.00070394273
0.0014054385
0.0018897606
0.0023244582
0.0008116604
0.0012449047
0.0010754012
0.0008597844
0.001843138
0.001122459
0.00178633
0.001920121
0.0024515686
0.0011976192
0.0015435918
0.00074002595
0.0013128517
0.0012246722
0.00034927845
0.0008117558
0.0009159749
0.0013902632
0.002070662
0.00187879
0.00040919418
0.0013180185
0.0025431889
0.0018397586
0.00090794073
0.0013152916
0.0014470296
0.0060241367
0.0007091762
0.0031413431
0.0013081299
0.0012761336
0.0017501516
0.001452845
0.0014492552
0.0018623829
0.00066004787
0.0013986857
0.002124327
0.0014399122
0.0023362772
0.0019580533
0.0010934849
0.00369356
0.0014411235
0.0010158767
0.0016788291
0.0022368836
0.00064216286
0.0002490374
0.00090424495
0.0014673622
0.0011934693
0.0015714247
0.002708739
0.0008346527
0.00075086456
0.001438004
0.0014862083
0.0030617905
0.0031996793
0.0021538897
0.0015301725
0.0015469431
0.001697545
0.00063391426
0.00030436402
0.0013316767
0.0021373765
0.0008993055
0.0015539562
0.0014613639
0.0012277676
0.0004883
0.0021022232
0.0017943339
0.001595554
0.00046720108
0.00094562175
0.0010800033
0.0014206285
0.0018364714
0.0023997175
0.0012141495
0.0014950973
0.0015926615
0.0016115512
0.00092236564
0.002020715
0.002775591
0.0014287402
0.0017187553
0.0017824102
0.0010135737
0.0017375533
0.0020126943
0.0005948497
0.0015784
0.0022249827
0.002372422
0.0013454236
0.0010021476
0.0017222747
0.002032977
0.001263083
0.0025412694
0.0014584004
0.0014937696
0.0012459806
0.0023366276
0.0010439084
0.0012648521
0.0028920898
0.0016659006
0.0014980547
0.0013300529
0.0022101826
0.0016307767
0.0011073198
0.002061277
0.0012477088
0.001665702
0.001206647
0.0009796742
0.0011567328
0.0015529016
0.0020756496
0.001484301
0.0021350074
0.0016304726
0.0009948721
0.00082887395
0.0014383632
0.0016316823
0.0044000843
0.0008097956
0.0028800957
0.0017436094
0.0018003791
0.0012745421
0.001382011
0.0019337048
0.0015712566
0.0016925351
0.0015777533
0.00094655214
0.0016294913
0.0014904056
0.0016299159
0.0010991045
0.0027561376
0.0022612917
0.0008193081
0.001185689
0.0011821709
0.0016663669
0.001556006
0.0015787559
0.0006585736
0.0007204596
0.0017085018
0.0014429278
0.0014531396
0.0013149037
0.0013881756
0.0007434126
0.0003427272
0.0035921128
0.0009528469
0.0012083232
0.0016716707
0.0019143317
0.0022305339
0.0009886834
0.0021515158
0.0020422742
0.0010128055
0.0023504174
0.0007713371
0.0019703817
0.0011197337
0.0028807723
0.0009932239
0.0009349773
0.00096751616
0.0020080614
0.0017497143
0.0014272934
0.0021930388
0.0011689623
0.00075287523
0.0016022347
0.0013363372
0.0012426111
0.0011678088
0.0013030713
0.0035907815
0.001630859
0.0018656255
0.0016907346
0.0016717543
0.0021799114
0.0025940111
0.0018997211
0.0014885111
0.005689377
0.0017684932
0.0011891654
0.0022332445
0.00067556725
0.0013121549
0.0024231703
0.0013990699
0.0015033851
0.0014294838
0.0016818717
0.0017397371
0.0017726547
0.0018005947
0.0012848082
0.00068184704
0.0015677724
0.000790024
0.0015663188
0.002551395
0.0008029595
0.0010713845
0.0031842247
0.0012493859
0.0006995358
0.0023212878
0.0018688116
0.002470206
0.0015751354
0.0010637447
0.0019925134
0.0012116121
0.0014596562
0.0004424071
0.001287682
0.0022602247
0.0017262786
0.0012742179
0.0015539556
0.0011561309
0.0013403742
0.0014455643
0.00028213309
0.0009910591
0.0040582838
0.0009038649
0.0018854047
0.0005571017
0.0027502996
0.0024951464
0.0008028175
0.0013716164
0.0021643082
0.0015215592
0.00067414844
0.0024424542
0.002689966
0.0011146476
0.002168006
0.0019195663
0.0011192127
0.0021866807
0.001284601
0.0049153855
0.0020951657
0.0011403466
0.00096697034
0.0018165119
0.0019982501
0.0014606697
0.0023562189
0.0014609332
0.0012975202
0.0012197212
0.0050415923
0.0018510773
0.0035403944
0.0015292903
0.0016654958
0.00071109843
0.0009370359
0.0020608606
0.002150048
0.00052338163
0.0014775832
0.0012784344
0.00040136487
0.0013199289
0.0012061478
0.0020818482
0.0018252826
0.0011981527
0.0011311724
0.002626595
0.00053935987
0.0019654948
0.0019581008
0.0022479063
0.00092194317
0.0034111983
0.0013963212
0.0029061607
0.003184761
0.0010792417
0.0019576787
0.0008592722
0.0019130555
0.0013078318
0.0015003982
0.0023255867
0.0013801048
0.0019598946
0.0016491942
0.0013638608
0.0006218515
0.0004151136
0.002355221
0.002107781
0.0027613414
0.0011063537
0.0026290684
0.0014261547
0.0021852239
0.00085468765
0.0035235083
0.0015885669
0.0016553929
0.0027742167
0.0016330986
0.0005740959
0.0041940287
0.0016577144
0.0013523148
0.00099973
0.0019070222
0.0005464603
0.00085351703
0.0020413587
0.0012425319
0.0009239325
0.004073339
0.0010328144
0.0014160445
0.0013654245
0.005213496
0.00055740896
0.00093114877
0.0012405528
0.0008115304
0.0019047207
0.0010562448
0.0013095497
0.0031968153
0.0012493869
0.0012882104
0.0013773217
0.0018526254
0.0006278686
0.0007915115
0.0027010702
0.0020195195
0.0012619039
0.0024191318
0.0010625
0.0010929902
0.0012023852
0.0011095821
0.0015400407
0.0008001561
0.0019322684
