22941
68539
112434
34556
89566
58192
109819
79143
108703
92130
76058
-84219
105432
58550
36862
-101915
97456
103643
103390
-12644
95773
76633
20005
96659
-113606
99941
100727
92296
48873
17635
96691
64407
74704
115718
118222
75662
15669
98290
76198
29942
-3167
36564
39379
78615
70569
103001
87068
72997
87619
62883
81311
53225
97147
83222
5849
92669
92902
62420
44572
118812
103927
61579
54624
79686
31636
49722
54873
52425
80806
81551
88043
50351
-106105
65402
45940
45439
86794
43217
71063
58259
39830
49965
6319
77853
85585
70309
99177
100314
69763
58475
-5545
70110
28790
96612
56395
91327
77808
97108
79695
48143
-13158
872
78949
83621
-102968
-71407
89208
98136
221
62690
-47853
101218
-112115
73575
53545
63653
95243
85839
90515
71838
46094
56657
103987
125051
2409
73664
75135
40167
-110991
102573
88755
30889
70521
70506
42475
91939
69904
59434
47507
-103983
-2646
66862
-22989
45583
89012
77843
82002
34550
-71751
84634
77829
84353
84652
-23096
12509
96235
78720
93024
83995
65354
90211
-79404
116674
82333
-35602
79609
67392
82875
52351
90278
112964
77914
105840
82525
110239
69998
88727
66910
90203
72777
82860
63986
106175
37865
100646
56657
71973
101347
41295
2561
73537
70965
12101
85488
51303
50530
-76095
89435
-16964
36686
85061
76031
105763
-15570
102857
3834
101855
74588
107767
35745
-101201
107218
73995
47762
57848
51536
77563
-50159
-94128
59586
110036
98299
80477
61065
59414
78524
74346
93428
58062
59222
-114527
115509
-67707
91539
55395
-49749
65192
15143
90072
66693
-109912
83785
14396
4900
74857
57198
34102
90026
64139
77836
62502
2678
48891
92439
94081
82928
89483
111880
65225
65652
80887
76174
17881
86240
72678
50682
55331
83564
64617
86169
83643
106776
69350
109718
109934
-18253
105475
79669
48564
54484
46326
70316
38396
65575
106536
93311
74205
-99369
91893
1448
77617
97022
-67961
-87959
-100846
39975
122943
60365
78409
71423
48002
63703
90366
72009
72662
107318
51454
92088
56967
13802
83805
91744
82945
88198
66212
67350
73690
92550
88407
84141
95805
60975
106863
75582
39220
59267
-18406
90084
87413
72811
34248
87537
108718
80961
77312
58845
82069
49583
69476
42092
86067
114883
-26457
10951
38355
116479
73984
51012
91106
102897
92732
-2844
56822
81874
50945
53307
86139
101875
98491
72540
93087
-51504
103107
86603
84880
106376
65178
87763
72648
87958
93430
36094
78451
69940
88040
-25367
90539
-38120
56976
36069
79109
91369
20951
56607
33534
69878
88049
99651
76035
89761
-17198
67079
42871
20447
81039
35679
99676
43097
69563
76189
60605
59517
68035
69113
88006
45867
-75529
76225
81808
88502
86349
96342
82204
108292
95734
-92461
79435
51002
63892
-28084
56221
71457
60987
79214
84075
116756
54512
56387
62060
74245
70953
70706
65140
5872
105778
62786
79062
70474
81641
92932
-110238
87467
106410
75634
11666
89158
-31202
121365
59996
93241
113362
117908
72840
70211
-10708
70034
25143
91985
71140
87600
75958
31416
-12436
91401
69284
54373
88248
70029
99011
76213
67363
40462
80213
105422
54553
70738
81221
74902
79967
84647
70550
79067
53748
88158
55276
85484
88169
88001
89023
105991
92270
102040
82056
97266
93020
55653
92886
75314
31942
21948
82049
85892
106549
91751
43283
96147
68176
103984
91432
95241
65975
100053
56335
89288
77175
63698
66045
88972
57842
92150
64070
85302
52823
34546
89964
66121
92703
65293
95277
83497
87035
82661
51359
95868
34786
71210
84542
-12224
86325
64621
-107003
44501
38440
26400
85075
78244
60930
-98789
55395
63293
75420
76487
57401
115502
86097
62618
71763
71859
61565
-28333
1281
68315
36821
67040
92297
-94009
62752
91530
72821
35288
60408
66556
91310
101861
87263
69194
66831
116868
95655
110012
105977
61776
76767
50806
95369
-102333
-72714
47461
81988
41282
78294
25182
55839
86672
-10558
41039
66431
71636
-97305
56165
77697
91973
42480
15097
101411
74280
68490
33390
94819
53577
52319
90043
61524
-124521
111611
40237
61473
60488
78807
108057
-5450
58716
83116
79676
56464
67424
8227
95183
117996
-116808
68264
63688
-15255
86887
52996
-70182
73732
71709
-99835
43408
85306
84801
94612
-863
82585
111777
61895
70738
-53586
46212
6886
106631
74141
8103
73643
43048
93564
100082
-70559
78009
77378
122077
64571
65445
107380
57484
68550
105885
82455
-72314
35440
50599
104174
25532
89963
90736
59929
111086
89869
62010
83134
84217
34274
76081
14631
57169
28468
74711
84114
87305
31122
-57510
93909
-18180
60024
108524
77595
52363
-25201
46285
80435
93547
6405
73786
50931
69882
63909
20995
37373
78894
18964
38539
60174
104046
-4585
84634
81907
72098
52347
83643
118829
87217
73127
-37727
79631
108935
75340
85617
96531
65650
36132
48015
110192
32455
75949
85345
103704
58339
-19736
96615
-68856
-28988
79884
66217
52083
62262
91474
95942
98324
69824
94751
111576
60251
91899
63531
74778
98877
73898
61618
46324
-115733
47197
75660
22250
95634
70268
74971
98553
96869
58498
93974
80368
64388
22454
47517
71690
-15076
-24311
86292
85233
117904
81764
55662
62018
95419
76958
46499
70257
102694
87583
101370
-99756
65100
59455
81588
48223
35575
-107156
67730
68936
48866
74820
103907
103472
-15015
76977
59626
63356
78221
56557
82626
78635
108066
44231
-63847
-107619
86950
68522
77108
89745
41740
81225
80059
80720
75204
44087
-9721
48116
94800
46064
56946
38650
34267
84516
91289
83227
58036
-35406
76774
96380
97713
111792
37736
85268
99905
103439
92995
85787
101737
94090
-97983
69740
73285
82861
77193
86402
89873
72159
68253
58382
105787
100289
67105
76370
92804
83746
65105
62359
56400
93476
80636
70227
87825
63174
72876
90063
58509
72697
44352
60475
57142
45195
58430
88289
19380
82027
76084
90362
-15628
56564
99584
67135
82854
44489
-110269
97800
68297
87201
-87200
84025
110436
68485
86090
87331
53876
26723
80457
77582
52259
79684
73070
-33709
100231
63388
53936
42621
104577
73459
68808
98840
110896
66491
51671
101903
70558
60858
84575
61406
56187
112291
80521
78615
43606
-33573
70695
-7512
61782
70336
41123
69917
81290
77639
-76632
-110194
53783
25364
93490
92872
-18341
71662
34238
64708
85309
106494
9002
84278
57688
-3939
66202
-58179
78172
54180
82349
54418
-91135
91920
106406
85504
90457
100898
108490
109089
88817
-26837
95170
38619
-105101
53737
49809
-79814
72282
124575
7662
67935
37720
51539
15042
97936
61276
80522
-84297
92014
47571
19892
76060
54162
70662
95818
64336
76622
111774
61386
106454
85236
51490
79620
80911
74708
64516
79232
89033
60377
68777
107674
78658
-11209
103259
75246
35815
56676
63185
102377
92975
53359
-98725
86718
46206
42391
81169
107252
65963
81955
107315
81020
63525
44530
60904
93862
42058
97276
47078
73678
71263
70954
68088
-23057
101956
58362
89308
84589
72149
84095
34552
78002
68595
74199
-16577
77573
-5219
66370
98543
106736
-18109
84120
68411
-89563
80372
85206
30278
111091
84227
-24023
77750
97775
52507
-6906
70183
86934
90919
75344
89211
-93
6766
46889
-93930
113046
94298
116360
86671
43624
84639
49649
44056
17668
78076
79537
9376
26378
54175
65320
65421
109606
3787
9225
77072
44707
51423
66383
80304
73132
76933
94623
-20479
77778
36144
35857
77243
88458
86606
78330
102095
23461
42437
8764
74079
71342
-7060
-100918
123031
59990
16074
97858
108889
94742
43688
85696
74169
79260
78680
112663
100501
17407
39364
85204
32135
86595
84517
57984
40183
97431
11886
67109
