-12
-58
-69
-40
-59
-48
2
-89
-125
-110
33
-26
-82
-74
-72
-77
-29
-75
-56
-128
-122
-14
-70
17
14
-82
-73
-72
-62
-63
-25
-121
-128
-24
-11
-43
-46
-27
-12
-24
-22
-128
-40
-112
-35
-26
-127
-54
-6
-21
-128
-49
-55
-47
-128
-80
-40
-12
-17
-67
-21
-20
-30
-87
-69
-35
-29
-128
-29
-88
-46
-22
-8
-128
-8
-128
-14
-88
-38
-101
-52
-91
-42
-35
9
-58
-44
-103
-128
-77
-57
-100
-7
-31
1
-78
-42
11
-115
-65
-79
-118
-126
-31
14
-62
-14
-84
-46
-64
-84
10
-30
-98
-48
-69
-128
-50
12
-2
-106
-40
-95
-21
-93
-128
-66
-29
-23
-58
-40
-80
-115
-63
-82
9
-128
-18
-69
-7
-67
-84
-128
-82
-126
-8
10
-128
-69
-34
-6
-88
24
-113
-14
-34
-107
-82
-108
-122
-74
29
-128
-40
-128
-124
0
-50
-30
10
-54
-86
-128
-115
-61
-16
-17
-47
-71
-71
-75
-42
-128
-42
-82
18
-6
-86
-21
-45
-1
-58
-15
-41
-88
-87
-80
-20
-62
-42
-9
-68
-65
6
-53
-128
-41
-128
-32
-24
-10
-60
-47
-78
-128
-71
-128
-49
-84
-109
1
31
10
-20
27
-64
-113
-59
-18
26
-63
-82
-126
-97
-53
3
-9
-128
-1
9
-77
-63
-48
54
-4
-77
-42
-99
-102
-6
19
27
-15
-128
-42
-111
-128
-128
-124
-42
-35
-59
-37
-45
-39
8
-26
-4
-8
-105
-24
-9
-37
-128
14
-22
-78
-103
4
40
-117
-51
17
5
-40
-19
-102
-90
-128
-73
-107
-88
-126
-88
-116
-128
-127
-32
-85
5
-49
-128
-17
-128
-33
-128
-108
-6
-92
-72
15
-8
-113
-98
-30
-23
-112
1
-128
-87
-128
-128
-9
-105
-85
-79
-72
-17
-115
-64
-72
-34
-128
-86
-89
-98
-47
61
-68
-17
-50
0
4
-15
-28
-68
-34
-60
-97
11
-52
17
-107
-119
-23
-120
-4
-5
-72
-84
-46
-38
-128
-37
-9
-64
-92
-111
-47
-128
-52
-83
-69
-66
47
-67
-128
-35
28
-29
-102
-24
-55
-41
-51
-30
-60
-89
-12
2
-69
-128
-77
0
-14
-117
-31
-34
-76
75
-7
-128
-38
-114
-41
-87
-42
-70
9
6
-32
-38
-78
-72
-9
-25
-49
11
-95
-6
-114
3
-13
-13
-37
-122
-90
0
-60
-5
-98
-72
-114
-7
-120
-58
-128
5
-51
22
-100
-64
-100
-96
-128
-128
-49
-6
-59
-128
-3
-84
-10
-60
10
-128
-38
-7
-11
-53
-83
-22
-26
-66
-49
-9
-115
-75
-100
-118
-31
-61
-105
-86
-128
-50
-118
-58
-34
35
-74
-49
-57
-13
-3
-98
-59
-97
-128
-88
-46
-59
-68
-84
-70
-58
-100
-64
-101
-75
-92
-75
-65
-18
-26
-55
-92
-31
-18
-87
-62
-64
-70
13
-35
-37
-68
-42
-128
-119
-58
-31
-74
-68
-121
-128
-17
-28
-37
-56
-128
-118
15
-13
-10
-107
-11
-111
12
-90
-101
-101
-113
-78
23
-128
-123
27
-128
-121
-59
-128
8
-15
-128
-73
-59
36
-38
-54
-55
-116
-35
-63
-36
-63
-28
-50
-12
-45
-128
-58
-53
-39
3
38
-4
-98
30
-95
78
-128
6
0
-31
-124
-76
-78
-117
-94
-71
-30
-38
-128
-41
-36
30
-34
-43
-108
-28
-106
-42
-35
-128
-128
-93
-24
-100
-33
-128
-63
-14
-104
-95
-55
-17
-39
-92
-75
-23
-128
-8
-127
-108
-9
-99
-128
27
-50
11
6
-73
27
-113
-100
-4
-48
-48
-127
-112
-48
-128
-81
-9
3
-61
-94
-59
-69
3
-75
-98
-86
-77
-74
-48
-59
-43
-23
-36
-128
-21
-60
-30
-55
-46
-31
-58
-70
-41
17
-77
-58
-75
-79
5
-87
-53
-10
-101
-128
-45
-63
26
-128
18
-51
-128
-128
41
-29
-47
-126
-5
-118
-51
-128
75
17
-97
-32
-9
11
-70
-117
-60
-113
8
-19
-58
-71
-19
-128
-105
-125
-88
-128
-52
-40
-57
30
11
-65
-101
-40
-55
-20
-119
-64
-72
-98
-87
-18
-53
-128
-89
-82
-27
-92
-23
-28
-27
-75
-54
-128
-128
-27
-62
-126
11
-11
-61
-5
10
24
23
3
-12
39
-41
-23
-34
-128
-76
-99
-94
-128
-101
-31
8
-27
-65
-21
15
16
16
13
-9
17
33
-45
-72
-30
-43
-120
-21
-117
-45
-60
-106
-128
-77
-83
-7
-50
-114
-106
-128
-88
16
-36
-51
-120
-64
-58
-58
-55
31
-87
-57
-73
2
-128
-3
-36
-128
-58
-11
-112
-117
-2
-92
-17
-119
-57
1
-29
-85
-87
25
-113
-2
-3
-48
-25
-64
36
22
-22
9
-10
-68
-94
-102
-128
-62
0
-10
-41
12
-115
20
-119
-47
-104
-31
-2
-128
-57
-99
-128
-14
-75
-4
-23
-60
-30
-62
-62
-59
-118
-22
-36
-40
-97
0
-54
-97
-95
-45
-21
-109
-79
-68
-80
-84
43
15
-51
-121
-87
-63
-31
-109
-56
59
-128
-128
-115
-75
-128
-72
-66
38
26
-33
-51
-128
-128
-76
-88
-128
-24
-128
-117
-111
-45
-1
-49
-12
-60
-82
-128
-86
-27
-111
-32
-94
-128
-89
-69
-58
-105
-114
-101
-79
-128
-38
-101
-110
42
-64
-59
-89
-117
-85
-40
-90
-40
-128
-125
-91
-68
-93
-107
-128
-128
-64
-15
-39
-67
-25
-25
-9
-91
-59
-59
-17
-26
-8
-90
-40
-68
-51
89
-128
-41
-94
-8
-68
-31
-123
-28
-113
-40
-9
-37
-62
-117
-128
-114
-128
-10
-128
-39
-95
-14
-68
-114
-27
-42
-50
-56
-128
5
-58
-46
-101
-83
2
39
-104
8
-40
-59
-42
-75
-75
-41
-16
-37
-128
-1
-71
39
-96
-55
-6
-96
-113
-90
-41
-128
-32
-29
-100
-99
-12
-2
7
-110
-73
-67
-52
-29
-98
-43
-19
15
-1
-98
-94
-103
-4
17
-7
-104
16
-46
-60
-42
-59
-47
-69
10
-57
-71
-104
-54
-72
-66
-40
0
-9
22
-38
-74
-38
21
-73
-102
8
13
-43
-71
-76
-113
-1
-80
-128
-89
18
-20
-108
-55
-29
-128
-26
-82
-44
-17
-15
-53
-22
-77
-32
-53
-31
-62
-115
-128
0
-36
-120
-88
-107
-44
-128
-28
-32
-110
-15
-20
-40
-85
45
-80
-54
-128
-76
-7
-128
-65
-96
-96
-20
-123
-28
32
-109
-128
-98
-68
-22
-26
-51
-43
-24
31
-93
-18
