0.0006233615
0.0005812142
0.0006301201
0.00059998315
0.00063788024
0.0006255651
0.00062814564
0.0005979209
0.0005760768
0.00086735864
0.0005102739
0.0005202238
0.00067205087
0.0005269258
0.00057074346
0.0005679897
0.0005444084
0.0005780663
0.0005899785
0.0006409376
0.0006686235
0.0006225316
0.00060141325
0.0005931667
0.00070887565
0.00073322695
0.0005358154
0.0005934917
0.00068306125
0.000621747
0.00069578993
0.00056458346
0.000657644
0.0006355459
0.0006531141
0.00050150213
0.0004870992
0.00059390324
0.0005347402
0.00063450617
0.00046921856
0.00057567173
0.00075999816
0.0006391558
0.00067810947
0.00048475264
0.00068037055
0.00069069554
0.0005994337
0.00054653117
0.0005775515
0.0005374568
0.00054587953
0.0005818755
0.0005391567
0.00059332914
0.00057239906
0.00056240696
0.0005658216
0.00057600153
0.00086399645
0.000604489
0.0005014419
0.0008764959
0.0006259645
0.00057549105
0.00058841275
0.0006196025
0.0007321193
0.00051510317
0.001121371
0.0007376149
0.000595627
0.0006052631
0.00051146105
0.0005969283
0.00057186716
0.0006859052
0.0007613799
0.00048347004
0.0005161278
0.00061665283
0.0008605646
0.0005378296
0.0005352737
0.00052838307
0.0005135827
0.0005199108
0.0006579372
0.0005979208
0.0006272423
0.00053218973
0.0005819317
0.0005622616
0.0008364652
0.00053563976
0.0006159494
0.00066306244
0.0005444987
0.0008992502
0.00062626373
0.0005756676
0.00067341124
0.0006061963
0.00058664003
0.0005050429
0.0005351995
0.0005732415
0.0006324372
0.0006058718
0.00068045716
0.0006593705
0.00055690564
0.00057883334
0.0005393933
0.00062921486
0.00075844943
0.0005124683
0.00062921
0.0006084967
0.0005485952
0.0005136859
0.0006096401
0.00055420416
0.0006273336
0.0005958907
0.0005130972
0.00059235067
0.00053502806
0.00048605032
0.0008552481
0.00070181565
0.00072241045
0.0005874572
0.00064007315
0.0006405596
0.00063591375
0.0005960681
0.0005959918
0.00058448344
0.00057240366
0.00051759
0.00058271847
0.0005598562
0.000592233
0.00061371183
0.00065716036
0.00064762146
0.000533923
0.00062945165
0.0006088815
0.00053472485
0.00061564276
0.00052870717
0.00050934113
0.00052098435
0.00054028066
0.00046150337
0.00058645086
0.00052530353
0.0004966203
0.0005628464
0.00061720115
0.0005373652
0.00052388746
0.00054899097
0.00057165994
0.00050644705
0.0005795527
0.0005978174
0.00053373503
0.0005338707
0.0006908378
0.00050587143
0.0004979213
0.0006984271
0.0004992378
0.0006069016
0.00060513575
0.0007645722
0.0006672432
0.00052304985
0.00058452453
0.00068217464
0.0005758778
0.0006513918
0.00054072234
0.00060853775
0.00085315824
0.0010189886
0.0005751894
0.0005147912
