0.00013240326
0.00012867685
0.00014145888
0.00012507263
0.00014650387
0.000119108154
0.00010699799
0.00019554143
0.00013016735
0.000103701735
0.00013642079
0.00012873871
0.00014007046
0.00012978143
0.00013334175
0.00016697028
0.00014427643
0.00012612835
0.00014065976
0.00014371316
0.00014072303
0.00012963105
0.00014644703
0.00014128958
0.00010580199
0.00014199839
0.000133876
0.00012979736
0.00014225405
0.00012730628
0.00013604229
0.00012984888
0.0001379574
0.00013301763
9.783725e-05
0.0003058524
0.00013104439
0.00012658523
0.00013754661
0.00013035396
0.00013287699
0.00014767465
0.0001336703
0.00022117293
0.0001187002
0.00013210342
0.00013577861
0.00013471147
0.00012909778
0.00012019116
0.00012880542
0.00022499132
0.00013694169
0.00012877161
0.00014555873
0.00013111944
0.00015162473
0.00013885924
0.00013574834
0.00011581369
0.00013798274
0.00013081904
0.000107767104
0.0001360473
0.00013451689
0.00012202246
0.00013863307
0.00012489763
0.00014174511
0.0001412063
0.00013691591
0.00013514062
0.0002412838
0.0001274862
0.00015468412
0.00013567037
0.00013669481
0.00013954878
0.00012919071
0.00013652645
0.00013707325
0.00010777017
0.00012927485
0.00015356384
0.00023489709
0.00013230206
0.00012506578
0.00012441087
0.00013214075
0.00010911175
0.00013687229
0.00013307978
0.00012595023
0.000139634
0.00013299771
0.00012585601
0.00014249868
0.00021999764
0.0001395068
0.00013612247
0.00013963728
9.8146804e-05
0.00011983039
0.00013949483
0.00013362533
0.00014214255
0.0001356341
0.00011069938
0.00013267696
0.00015938637
0.00012586187
0.00012613587
0.00012409702
0.0001351474
0.00013988373
0.00013201316
0.00011414138
0.00013268371
0.00014490652
0.00012593681
0.00013840878
0.00010842881
0.00016561324
0.00015651438
0.00014761712
0.00012845268
0.0001396443
0.00016462397
0.00012587025
0.0001344297
0.00012395246
0.00012918506
0.00013780357
0.00012969346
9.5608695e-05
0.00013450891
0.00013337884
0.00012896872
0.00013029166
0.00013822921
0.00010786409
0.00013651482
9.500566e-05
0.00010955671
0.00013607611
0.00013024642
9.047003e-05
0.0001362119
0.00012444939
0.00011920596
0.00013188188
0.0001279716
0.0001346336
0.00012035263
0.00011090029
0.00012635886
0.00012839293
0.00013260674
0.00012600451
0.0001314068
0.00012358662
0.00013710604
0.00022043657
0.00013098659
0.0001549703
0.00012807752
0.00011825862
0.00012082662
0.00012793565
0.00012696149
0.00012944979
0.0001292756
0.00013437854
0.00011403835
0.00013117515
0.00012163036
0.00011259934
0.000113846996
0.00013155294
0.000115188326
0.00013972774
0.00021963293
0.00013209767
0.00014336349
0.0001326896
0.000115049676
0.00013499256
0.00014354162
0.00011367757
0.0001066739
0.00011574664
0.00013032086
0.00011960169
0.000106880776
0.00013750842
0.00011592555
0.0001484328
0.00013483723
0.00013763386
9.927455e-05
0.00012007013
0.00014590555
0.00013671764
0.00014633391
0.00014387554
0.00013124195
0.00013523924
0.00013688997
0.00012074442
0.00015405675
0.00012835678
0.00013818877
0.00013264013
0.00013927475
0.00012043754
0.0001273157
0.00015078217
0.00013087898
0.00012936413
7.739228e-05
0.00013300436
0.00017490568
0.00013679726
0.000115994015
0.00013826265
0.00012923284
0.00013954856
0.0001310698
0.00013509394
0.00013268729
0.00013552717
0.00012929848
0.00014676628
0.0001137138
0.00012773463
0.00012979245
0.0001260276
0.00013284113
0.00013095184
0.00012284124
9.8145894e-05
0.00013546585
0.0001279708
0.00012451224
0.00014985102
0.00013148677
0.00012797416
0.0001273854
0.00022300135
0.00013613184
0.000119493954
0.0001118145
0.00013581304
0.000132927
0.00011245798
0.00013438777
0.00013872804
0.0001377367
0.00014209139
0.00013643425
0.00012903329
0.00020261381
0.00013097408
0.00018290934
0.00010938285
0.00012819601
0.00012411264
0.00012955371
0.000100705875
0.00013943513
0.0001689844
0.00012803568
0.00011996658
0.0001349575
0.0001343277
0.00013379111
0.00010700476
0.00010307166
0.00014100247
0.00013671957
0.00013178462
0.00013556155
9.654419e-05
0.00014039948
0.000114028335
0.0001471509
0.000112848975
0.00013243336
0.00013452566
0.0001590911
0.00014365818
0.00013448465
0.00013639854
9.404988e-05
0.00013416969
0.00012929454
0.00011729517
0.00012873506
0.00013344896
0.00012600613
0.00013387475
0.00012290686
0.00012820621
0.0002627377
0.00014277009
9.082154e-05
0.00012924758
0.00014085983
0.0001018965
0.00016568598
0.00011881933
0.00012790575
0.00012947549
0.00012937396
0.00010233443
0.0001280555
0.00015510592
0.0001380595
0.00012952855
0.0001433435
0.00012233875
0.00014221475
0.00014159919
0.00013476447
0.0001285898
6.1643615e-05
0.00013311893
0.00013280103
0.00012681309
0.00012780742
0.00014445759
0.00012946167
0.00013097897
0.00014200248
0.0001318951
0.0001241725
0.00011224024
0.00013050842
0.00013811627
0.00013175022
0.0001000858
0.00013625924
0.00012960978
0.00015453578
0.00016509806
0.00012575362
0.00014169571
0.00013041116
0.00013139925
0.00013283265
0.00013566113
0.00022520336
0.00012732323
0.00010871885
0.00012352981
0.00012183598
0.00013258903
0.00012212394
0.00013074365
0.0001434846
0.00012333968
0.00013260466
0.00013059539
0.00012663369
0.00011028449
0.00020619744
0.00013654912
0.00013722564
0.00011826925
0.00012302861
0.00012405081
0.00012864274
0.00013707817
0.0001245804
0.00013785806
0.00012768286
0.0001242485
0.0001336299
0.00012659137
0.00012863461
0.00010601394
0.00013032182
0.00013667504
0.00013491439
0.00013752269
0.0001435347
0.0001399976
0.00013832956
0.0001928591
0.00012299036
0.0001301073
0.00014471837
0.00014830723
0.00024890242
0.00010368508
0.00014689309
0.00014381552
0.0001334853
0.00014105918
0.00014056568
0.00012244712
0.00013149437
0.00012616516
0.00013340783
0.00013995249
0.00013948145
0.00010160653
0.00011013968
0.00013868684
0.00018742519
0.00015013391
0.00011952466
0.00012454407
0.00019916192
0.000120879675
0.00013709186
9.6282776e-05
0.00013255335
0.00012568133
0.0001313733
0.000110370864
0.00010839399
0.00013085087
0.00013786575
0.00012919142
0.00013016032
0.00010527568
0.00012190193
0.0001996077
0.00013720186
0.00014610973
0.00013330969
0.00013967596
0.00013661635
0.00012788356
0.000125936
0.00015109437
0.00011140142
0.0001199705
0.00013110238
0.00013372808
0.00013515117
0.00011811726
0.00012890554
0.00011029204
0.00016376833
0.00013101932
0.00013862563
0.00012870636
0.00013620623
7.438309e-05
0.00014156169
0.00014040158
0.00013302722
0.00012921832
0.00010192855
0.00013521193
0.00013243817
0.00011954855
0.00012875749
0.000115664654
0.00011371602
0.00013363567
0.00011915369
0.00011309024
0.00013236242
0.00014047576
0.00010647128
0.00012864206
0.000109765
0.00015710862
0.00013465119
0.00012797127
0.00013253887
0.00016324049
0.0001336461
0.0001250493
0.00012836499
0.00013621924
0.00011451583
0.00014421072
0.000112325535
0.0001348499
0.00012892993
0.00014827482
0.00015451899
0.00012702816
0.00013867149
0.00014132155
0.00013792478
0.00014092357
0.00014805625
0.00012773402
0.00013074809
0.00026648614
0.00012561886
0.00012813942
0.00013916928
0.0001262958
0.0001354255
0.000110733716
0.00013050273
0.00013074015
0.00012824475
7.2690615e-05
0.00014250044
0.00013045006
0.00013288925
0.00013050434
0.0001686835
0.00013543802
0.00012950535
0.00012876479
0.00013186526
0.00011550381
0.00013180917
0.00012943783
0.000106399246
0.00013838038
0.00013032985
0.00012699122
0.00010797289
0.0001320513
0.00011161369
0.00013565659
0.00013934891
0.00013512
0.00014556614
0.00012108639
0.000307719
0.00013169734
0.00013217633
0.00013094272
0.00012398197
0.00012413159
0.00010585031
0.0001456846
0.00014673179
0.00014685189
0.0001417669
9.617756e-05
0.00014232066
0.00014634895
0.00013152197
0.00012807215
0.00012700655
0.00012436316
0.00014196523
0.000130313
0.00013024593
9.87486e-05
0.00013421761
0.00013691644
0.00011293436
0.0001337549
0.00012968949
0.00013355078
0.00012554305
0.00012944525
0.00013163885
0.00012665249
0.0002741611
0.00013470718
0.00012859041
0.00012177478
0.0001290612
0.00013444922
0.00013188735
0.000105801075
0.00013213806
0.0001251102
0.0001284521
0.00014381493
0.00012787801
0.00013480612
0.00013217315
0.00013703619
0.00013482005
0.00011817541
0.0001283391
0.00014528852
0.0001438202
9.956563e-05
0.0001335868
0.0001242779
0.00012830246
0.00013068704
0.00013381519
0.00013788004
0.00012898212
0.00010667332
0.00012485622
0.00012587871
0.00014352272
0.00013102853
0.00017605182
0.00013681191
0.00013005406
0.00013377493
0.00012856128
0.00013449341
0.00013345324
0.00013790803
0.0001227967
0.00013325106
0.00012776925
0.00013175813
0.00013238902
0.00012802647
9.9606455e-05
0.00013370716
0.00013081059
0.00013748174
0.0001245245
8.5396205e-05
0.000116995754
0.00012159259
0.00013377042
9.3553e-05
0.00018978537
0.00012991714
0.00011688709
0.00013526154
0.0001377819
0.00014303783
0.00010703574
0.00014172783
0.00011931868
0.00013227081
0.000112472146
0.00012236889
0.00011435203
0.00013566061
0.00013377155
0.00013037144
0.00014462764
0.0001404602
0.00010854157
0.00014250458
0.00016318203
0.00013309666
0.00015023176
0.00014408064
0.00012909171
0.0001426364
0.00012723812
0.00012857218
0.00010105226
0.00014464105
0.00013154552
0.00013924458
0.00013763744
0.00013238283
0.000121767676
0.00023005833
0.0001284737
0.00013557792
0.00013806972
0.00012118301
0.00014309946
0.0001520394
0.000120847806
0.00013670206
0.0001657673
0.00013153441
9.582893e-05
0.00014184997
0.00012763705
0.00011902427
0.00013483029
0.00013099253
0.00013359309
