26197
27550
25058
31577
22240
30099
31149
17793
25787
33148
24204
26435
23392
23401
27560
20708
24134
29069
23731
23675
26059
27688
21985
23194
30281
23752
25216
29281
23895
29608
24639
26547
24224
26785
35961
10482
26660
30433
25016
25319
25447
20487
25477
14463
32206
26359
24265
25439
28530
26499
27822
15120
23832
29254
23605
26619
21494
24362
23592
27370
24061
27067
31911
22912
27167
31009
25311
29332
22990
24060
23898
26343
13525
28725
21058
24688
24256
23330
26143
24388
24369
31408
30472
21209
14523
26481
26833
28357
29406
34891
25702
26927
26858
22407
26960
29429
22249
14883
24622
24308
25002
33188
29938
25399
24199
22583
25984
29511
28792
19521
28578
27710
29156
24956
22769
28990
37234
27599
23530
26942
24283
30281
21385
21503
21927
27113
23153
19876
28583
26603
32577
25069
24207
28020
38137
26069
25702
26593
27547
24732
32448
26154
35295
33529
28084
25950
36601
25461
27655
35068
26130
29499
25495
29074
31623
28071
27094
25456
29755
27002
30677
23266
16016
25290
23142
30629
27231
29734
28373
25873
28401
27265
26672
32274
27697
30389
28848
28556
25857
31496
24681
14231
28037
24697
26304
29816
26951
23820
30137
33600
34367
27646
29265
33612
23536
29392
23888
26699
26169
35164
32892
26018
25503
21982
23135
25884
25093
26688
31250
20485
28410
25060
27516
22881
30763
26615
21316
29207
27542
43743
27217
19472
24511
32317
23384
26578
21803
27562
26658
24410
24314
29296
23990
27517
28894
27199
29827
25985
26577
31354
37160
25021
28232
28486
21666
27900
25837
28318
15852
26342
31473
29173
25674
26893
34141
26043
25826
26873
24520
25194
28471
19855
26421
18721
30920
30025
27387
27526
37113
24537
20144
26915
32189
26784
27179
24867
35875
40718
24635
25307
27233
25401
35483
22506
28276
23988
29317
26230
25187
22261
21584
24506
26816
34549
24324
28099
28235
30352
24870
28910
25296
30599
27122
12705
22099
36613
28138
24175
34430
19669
29348
27780
27432
27759
39630
29934
20812
26063
26019
23580
31430
23459
21631
25720
26660
57792
27434
25325
31290
27946
22495
25827
27502
23557
25775
29067
29475
29311
24914
26827
38843
25086
27691
22125
21391
30612
24383
29393
26785
26910
25121
14290
28757
30453
26251
28875
26534
32777
26164
23682
26217
25273
27745
28029
30735
17242
24349
25384
27770
27278
29331
23910
23775
29846
27091
29028
29204
24989
28041
24109
34067
28163
25449
25962
27128
27175
24324
23247
16860
27427
27611
23113
23410
13162
35247
21827
22746
25383
24153
26269
31897
29823
29731
26906
25248
24636
34890
29444
25101
17173
21417
29249
24855
17914
26073
25555
35061
26644
25981
25042
30318
30441
26080
24863
27695
27221
30909
31869
16536
25426
22110
25588
24802
25876
25998
28004
22959
31180
28311
25630
27183
24591
27770
27948
32241
20621
27048
25176
26032
25608
43419
23649
23311
26350
27382
31763
24762
25966
29330
29495
29034
32444
24381
28421
31973
24190
23245
32849
29701
31311
20941
26120
29603
26286
21945
25233
28967
28287
24959
31596
23401
33206
25716
28535
23094
23069
29047
23038
25252
24192
23486
22325
28247
26247
13224
29972
26783
23959
29422
24144
30235
26054
25795
28944
44829
23200
25188
26035
26345
22205
25756
26779
27879
25848
30604
27546
27593
32861
23147
27674
28700
31642
25980
32743
24241
25682
26859
21913
28380
10235
26536
28195
28345
26542
25642
30432
22977
22229
21850
23957
38924
23268
22959
24628
27008
27797
28848
23533
26675
26868
39048
25224
26525
36594
26401
25774
24506
29502
27213
27601
27703
9928
26644
27512
28470
25270
26663
26512
30334
26800
30104
27540
23608
25828
26508
25926
25078
26739
29831
26568
22251
20925
32648
26944
29189
27435
28547
26476
24522
27764
33074
28946
29506
23926
24497
18945
25764
27747
23318
27949
25669
26218
25509
31278
25134
28039
28397
27371
28143
34953
26813
26615
23246
30482
38064
32340
28875
24795
38262
17490
25829
35200
25671
25608
22105
31832
25965
35794
29048
35620
31254
35133
24710
27068
25382
24508
24893
32861
24599
22403
24441
23291
23307
28043
22404
26175
25042
32819
26333
26400
24094
26601
28859
26989
13531
28038
24073
24160
29536
23056
23154
27811
24593
21689
26863
38753
24441
27192
32986
25781
28592
24803
