1546776126
1503242972
1652566562
1461137428
1711503691
1391458490
1249983797
1142187923
1520655344
1211475919
1593710073
1503965599
1636346654
1516147075
1557739732
1950598728
1685482180
1473470553
1643231003
1678901787
1643970163
1514390281
1710839686
1650588829
1236011805
1658869391
1563981134
1516333129
1661856113
1487231616
1589288385
1516935024
1611661116
1553953358
1142965128
1786531325
1530901454
1478808025
1606862189
1522835410
1552310295
1725181182
1561578030
1291905462
1386692654
1543273282
1586208005
1573741381
1508160407
1404110511
1504744953
1314209307
1599795325
1504350094
1700462377
1531777880
1771327105
1622196799
1585854350
1352971468
1611957260
1528268640
1258968837
1589346805
1571468136
1425504260
1619554631
1459092983
1655910477
1649615914
1599494277
1578754826
1409376140
1489333318
1807068012
1584943394
1596911312
1630252225
1509245992
1594944449
1601332393
1259004632
1510228993
1793980434
1372070433
1545593647
1461057420
1453406458
1543709219
1274677399
1598984550
1554679348
1471389732
1631247715
1553720614
1470289081
1664714012
1285040426
1629761685
1590224949
1631286139
1146581500
1399895833
1629622018
1561052731
1660553483
1584519616
1293224650
1549973397
1862001089
1470357588
1473558423
1449739982
1578834000
1634165248
1542218639
1333435048
1550052268
1692842938
1471233078
1616934456
1266699074
1934745392
1828449602
1724509012
1500624111
1631368043
1923188384
1470455418
1570449541
1448051088
1509180064
1609864053
1515119380
1116930522
1571375007
1558173016
1506652764
1522107879
1614836622
1260101844
1594808701
1109885600
1279875534
1589683472
1521579117
2113798022
1591269632
1453856425
1392601054
1540685110
1495003918
1572831714
1405996835
1295571659
1476163557
1499926257
1549153192
1472023832
1535135192
1443777409
1601715447
1287604355
1530225998
1810411320
1496241328
1381533955
1411534214
1494584033
1483203650
1512272806
1510237740
1569851944
1332231511
1532428891
1420923617
1315420427
1329996084
1536842288
1345665818
1632342880
1282910159
1543206141
1674816942
1550121128
1344046036
1577025005
1676897789
1328016733
1246197651
1352188221
1522448742
1397224165
1248614430
1606416190
1354278269
1734038032
1575210448
1607881593
1159756140
1402696577
1704514030
1597178108
1709518274
1680798854
1533209180
1579906818
1599191080
1410573862
1799738752
1499503844
1614364080
1549543172
1627050885
1406988785
1487341479
1761484271
1528968971
1511272008
1808241365
1553798221
2043302545
1598108023
1355078124
1615227360
1509738200
1630249622
1531198231
1578209380
1550094206
1583270577
1510505041
1714569284
1328440005
1492235607
1516275746
1472293711
1551891421
1529820193
1435069605
1146570832
1582554067
1494994565
1454590706
1750606260
1536069380
1495033848
1488155920
1302585614
1590334559
1395965495
1306251786
1586610194
1552894494
1313769047
1569959633
1620664129
1609083031
1659955885
1593867207
1507406990
1183498769
1530079885
2136803741
1277844361
1497625610
1449922573
1513486706
1176477382
1628924569
1974128305
1495752684
1401486898
1576615509
1569257886
1562989284
1250062820
1204115186
1647234701
1597200454
1539548917
1583672262
1127859243
1640190336
1332114469
1719062637
1318336873
1547127581
1571570541
1858551635
1678259445
1571091629
1593450052
1098719887
1567412135
1510459033
1370278653
1503923130
1558992310
1472042817
1563966472
1435836092
1497744826
1534691797
1667884513
2122010937
1509910351
1645568306
1190386556
1935595097
1388084342
1494234676
1512572868
1511386926
1195502659
1495984240
1811995711
1612854010
1513192812
1674583237
1429199326
1661396969
1654205758
1574360389
1502226071
1440279797
1555136747
1551422924
1481469860
1493085995
1687598543
1512411487
1530137016
1658917169
1540839413
1450621716
1311225366
1524639830
1613517231
1539146980
1169233514
1591822991
1514141687
1805335031
1928726876
1469092876
1655333356
1523503789
1535046867
1551792251
1584835604
1315447855
1487429552
1270087480
1443113657
1423325811
1548946410
1426689772
1527387917
1676231812
1440892562
1549128924
1525656048
1479374125
1288377642
1204431263
1595209374
1603112520
1381658151
1437258519
1449200097
1502844473
1601389777
1455387072
1610500681
1491630856
1451509668
1561105994
1478879843
1502749423
1238487789
1522459915
1596680363
1576111799
1606582754
1676816870
1635495609
1616008989
1126519958
1436811661
1519954102
1690644923
1732571163
1453877786
1211281296
1716050637
1680097587
1559416746
1647897139
1642131869
1430465352
1536158110
1473900701
1558511755
1634968541
1629465642
1186999035
1286685967
1620182815
1094779690
1753911093
1396324230
1454962536
1163335757
1412153930
1601549718
1124805355
1548529558
1468248302
1534743620
1289386782
1266292334
1528640495
1610590497
1509254384
1520573187
1229863178
1424096241
1165939627
1602834804
1706899110
1557365097
1631737977
1595994542
1493975439
1471223522
1765131383
1301426063
1401532653
1531578681
1562253057
1578877986
1379882549
1505914514
1288465967
1913192713
1530608470
1619467822
1503587677
1591203653
1737932802
1653767570
1640214958
1554065319
1509568527
1190760964
1579587797
1547183953
1396603387
1504185022
1351230498
1328465942
1561173388
1391990463
1321155362
1546298933
1641081524
1243830620
1502836636
1282308896
1835391688
1573036980
1495000126
1548360264
1907026138
1561295233
1460864793
1499599652
1591355581
1337809514
1684714455
1312221867
1575358609
1506199510
1732192584
1805138866
1483982498
1620003435
1650962277
1611280161
1646313027
1729639146
1492228529
1527439739
1556586881
1467518496
1496964562
1625818783
1475426799
1582082714
1293625702
1524573498
1527347218
1498195071
1698388660
1664734463
1523958129
1552453627
1524592305
1970613099
1582229080
1512921719
1504270338
1540491068
1349351505
1539835658
1512133012
1242989080
1616602643
1522553802
1483550909
1261372876
1542664309
1303905813
1584782518
1627917198
1578513967
1700548907
1414568839
1797434439
1538529160
1544124933
1529713515
1448395894
1450143942
1236576287
1701932784
1714166462
1715569475
1656165037
1123576084
1662634202
1709693887
1536480544
1496178636
1483729960
1452848978
1658481863
1522356878
1521573378
1153611785
1567971864
1599500495
1319334385
1562566391
1515072968
1560181791
1466632970
1512219720
1537845993
1479593800
1601417533
1573691177
1502233124
1422610818
1507733065
1570677558
1540749167
1236001062
1543677873
1461576146
1500617387
1680090813
1493910699
1574846986
1544087773
1600899338
1575009733
1380561924
1499297314
1697305578
1680152342
1163156629
1560602587
1451852958
1498869340
1526726617
1563270615
1610757516
1506809241
1246190926
1458609142
1470554158
1676677077
1530716007
2056692108
1598279264
1519331985
1562800349
1501892792
1571193858
1559042363
1611084475
1434549286
1556680287
1492640072
1539239501
1546609714
1495645071
1163633595
1562008608
1528169976
1606104398
1454733861
1995250025
1366780738
1420482396
1562747515
1092915233
1108565881
1517732502
1365511401
1580167319
1609610984
1671012342
1250424791
1655708497
1393917992
1545228769
1313934524
1429551438
1335895965
1584829284
1562760761
1523039665
1689585099
1640899768
1268016366
1664782670
1906343249
1554876626
1755054111
1683194804
1508089626
1666322671
1486435225
1502020224
1180524004
1689741702
1536755580
1626698596
1607923379
1546537466
1422527827
1343806542
1500869546
1583863498
1612973479
1415697575
1671732391
1776171585
1411781696
1596995846
1936545261
1536625899
1119503374
1657135500
1491095699
1390478522
1575129353
1530295515
1560675896
