0.00061188027
0.00059465924
0.0006537293
0.00057800295
0.0006770439
0.00055043906
0.0004944739
0.0009036631
0.0006015473
0.00047924079
0.0006304466
0.0005949451
0.00064731296
0.0005997639
0.0006162173
0.00077162613
0.0006667502
0.00058288174
0.0006500363
0.0006641471
0.0006503287
0.00059906894
0.00067678123
0.00065294694
0.0004889468
0.0006562226
0.0006186863
0.0005998375
0.0006574041
0.0005883254
0.00062869745
0.0006000756
0.00063754775
0.00061471947
0.000452139
0.0014134473
0.0006056005
0.00058499316
0.00063564937
0.0006024097
0.0006140695
0.0006824545
0.00061773567
0.0010221149
0.00054855377
0.0006104946
0.0006274789
0.0006225473
0.0005966045
0.000555444
0.0005952534
0.001039761
0.00063285383
0.0005950972
0.00067267613
0.0006059472
0.0007007091
0.0006417155
0.000627339
0.0005352142
0.0006376649
0.000604559
0.00049802824
0.00062872056
0.00062164804
0.00056390703
0.0006406703
0.0005771942
0.0006550521
0.00065256207
0.00063273474
0.00062453054
0.001115054
0.0005891568
0.00071484764
0.00062697864
0.00063171296
0.0006449021
0.00059703394
0.0006309349
0.00063346187
0.0004980424
0.0005974228
0.0007096704
0.0010855389
0.0006114125
0.0005779713
0.0005749447
0.00061066705
0.0005042423
0.0006325331
0.00061500666
0.0005820586
0.0006452959
0.0006146274
0.0005816232
0.00065853464
0.0010166835
0.00064470805
0.00062906794
0.0006453111
0.00045356958
0.00055377674
0.0006446528
0.00061752787
0.0006568888
0.000626811
0.0005115793
0.00061314506
0.0007365783
0.0005816503
0.0005829165
0.0005734943
0.00062456186
0.00064645003
0.0006100774
0.0005274859
0.00061317626
0.000669662
0.00058199663
0.0006396338
0.0005010862
0.0007653548
0.00072330586
0.0006821886
0.00059362326
0.0006453435
0.00076078303
0.000581689
0.0006212451
0.0005728262
0.00059700786
0.00063683686
0.00059935736
0.00044184012
0.0006216112
0.0006163887
0.0005960081
0.0006021219
0.00063880393
0.00049847644
0.0006308812
0.00043905326
0.0005062986
0.00062885374
0.00060191273
0.0004180926
0.0006294812
0.0005751227
0.00055089104
0.00060947076
0.0005914
0.00062218745
0.0005561902
0.00051250774
0.00058394705
0.0005933472
0.0006128206
0.00058230944
0.0006072753
0.0005711356
0.0006336134
0.001018712
0.0006053333
0.0007161702
0.0005918895
0.00054651307
0.0005583807
0.0005912339
0.000586732
0.0005982313
0.00059742626
0.0006210087
0.0005270098
0.00060620473
0.000562095
0.0005203596
0.0005261255
0.0006079506
0.0005323242
0.00064572913
0.0010149981
0.00061046804
0.0006625312
0.0006132035
0.00053168344
0.00062384625
0.00066335435
0.0005253425
0.00049297616
0.00053490436
0.00060225674
0.00055271987
0.0004939322
0.00063547294
0.00053573115
0.00068595813
0.00062312844
0.00063605263
0.00045878126
0.00055488467
0.0006742789
0.0006318185
0.0006762585
0.00066489755
0.0006065134
0.00062498625
0.0006326148
0.0005580008
0.0007119483
0.0005931801
0.000638617
0.00061297487
0.0006436357
0.0005565826
0.00058836886
0.00069681543
0.00060483604
0.0005978354
0.0003576559
0.0006146581
0.0008082983
0.00063218636
0.00053604756
0.0006389585
0.00059722865
0.00064490107
0.0006057179
0.00062431477
0.00061319285
0.0006263169
0.000597532
0.0006782566
0.00052550994
0.0005903049
0.0005998148
0.0005824162
0.0006139038
0.00060517277
0.00056769093
0.00045356536
0.00062603346
0.0005913963
0.00057541317
0.00069251226
0.00060764485
0.00059141184
0.00058869104
0.0010305647
0.0006291113
0.00055222196
0.00051673263
0.000627638
0.0006143006
0.00051970634
0.0006210513
0.0006411092
0.0006365279
0.0006566524
0.00063050876
0.00059630646
0.00093634694
0.0006052755
0.0008452859
0.0005054951
0.0005924371
0.00057356653
0.0005987115
0.00046539592
0.0006443769
0.00078093406
0.0005916962
0.00055440614
0.00062368426
0.0006207737
0.00061829394
0.00049450516
0.000476329
0.0006516201
0.00063182734
0.0006090213
0.0006264758
0.00044616335
0.00064883346
0.0005269635
0.0006800341
0.0005215133
0.0006120193
0.00062168855
0.00073521375
0.000663893
0.0006214991
0.00063034374
0.00043463628
0.00062004355
0.0005975138
0.00054206065
0.0005949283
0.0006167128
0.00058231695
0.0006186805
0.00056799414
0.00059248426
0.0012141998
0.00065978884
0.00041971705
0.00059729675
0.0006509609
0.00047089817
0.00076569093
0.0005491043
0.0005910957
0.00059835
0.00059788086
0.00047292202
0.0005917878
0.00071679696
0.00063801964
0.00059859524
0.00066243875
0.00056536874
0.00065722247
0.00065437774
0.00062279217
0.00059425697
0.000284876
0.0006151876
0.00061371847
0.00058604614
0.0005906413
0.0006675874
0.00059828616
0.0006052981
0.0006562415
0.0006095318
0.0005738431
0.0005187001
0.0006031235
0.000638282
0.0006088623
0.00046253036
0.0006297001
0.0005989706
0.0007141621
0.00076297397
0.00058115
0.0006548238
0.0006026741
0.00060724036
0.00061386457
0.000626936
0.0010407409
0.0005884037
0.0005024266
0.00057087303
0.00056304527
0.0006127388
0.000564376
0.0006042106
0.0006630909
0.0005699944
0.000612811
0.0006035255
0.0005852171
0.0005096619
0.00095290807
0.0006310397
0.00063416606
0.0005465622
0.00056855683
0.00057328073
0.0005945016
0.00063348457
0.0005757282
0.0006370887
0.00059006567
0.00057419436
0.00061754894
0.00058502157
0.000594464
0.00048992626
0.00060226116
0.0006316216
0.000623485
0.00063553883
0.00066332234
0.0006469763
0.0006392677
0.0008912671
0.00056838006
0.0006012699
0.0006687925
0.00068537786
0.0011502623
0.0004791638
0.0006788426
0.00066462014
0.0006168807
0.00065188215
0.0006496015
0.00056586956
0.00060767995
0.0005830519
0.0006165227
0.0006467678
0.00064459094
0.00046955812
0.0005089927
0.0006409188
0.0008661552
0.0006938196
0.00055236387
0.00057556026
0.0009203946
0.00055862585
0.00063354784
0.00044495528
0.0006125739
0.0005808159
0.0006071204
0.0005100611
0.0005009253
0.0006047061
0.00063712423
0.00059703726
0.0006015148
0.0004865145
0.00056335004
0.0009224547
0.0006340562
0.0006752224
0.0006160691
0.00064548984
0.0006313503
0.00059099315
0.00058199285
0.00069825817
0.00051482365
0.00055442424
0.0006058684
0.0006180027
0.00062457926
0.0005458598
0.00059571606
0.00050969684
0.0007568289
0.0006054846
0.00064063596
0.0005947956
0.0006294551
0.00034374942
0.0006542044
0.0006488432
0.00061476376
0.00059716153
0.00047104628
0.00062486005
0.0006120416
0.0005524743
0.0005950319
0.0005345255
0.0005255202
0.0006175756
0.0005506495
0.00052262825
0.0006116915
0.000649186
0.0004920398
0.0005944985
0.0005072612
0.00072605204
0.00062226865
0.0005913985
0.00061250693
0.0007543895
0.0006176238
0.0005778951
0.000593218
0.0006295152
0.00052921637
0.0006664465
0.0005190943
0.00062318705
0.0005958288
0.0006852281
0.0007140845
0.0005870401
0.00064084784
0.00065309467
0.00063739705
0.0006512555
0.000684218
0.0005903021
0.0006042311
0.0012315225
0.0005805272
0.0005921756
0.0006431483
0.0005836556
0.000625847
0.00051173795
0.00060309726
0.0006041945
0.00059266237
0.0003359279
0.00065854273
0.00060285383
0.0006141262
0.0006031047
0.0007795435
0.0006259049
0.000598488
0.00059506565
0.000609394
0.0005337822
0.00060913473
0.000598176
0.0004917069
0.00063950254
0.0006022983
0.00058686937
0.00049897924
0.0006102537
0.0005158046
0.000626915
0.0006439784
0.00062443526
0.00067271036
0.00055958115
0.0014220735
0.0006086179
0.0006108315
0.00060513057
0.0005729626
0.0005736541
0.0004891701
0.0006732578
0.00067809725
0.00067865226
0.0006551528
0.000444469
0.0006577119
0.00067632797
0.0006078075
0.0005918647
0.0005869402
0.00057472417
0.0006560693
0.0006022204
0.00060191046
0.00045635065
0.00062026497
0.0006327372
0.0005219079
0.00061812665
0.000599339
0.00061718334
0.0005801769
0.0005982103
0.00060834765
0.000585304
0.0012669911
0.00062252744
0.00059425976
0.00056276243
0.00059643545
0.0006213353
0.0006094961
0.00048894255
0.00061065465
0.0005781765
0.0005936206
0.00066461746
0.00059096754
0.00062298466
0.0006108168
0.00063329056
0.00062304904
0.00054612855
0.0005930984
0.00067142735
0.0006646418
0.00046012644
0.0006173498
0.00057433016
0.0005929291
0.000603949
0.00061840523
0.0006371903
0.00059607
0.0004929735
0.0005770028
0.00058172806
0.00066326704
0.00060552714
0.000813595
0.0006322541
0.0006010238
0.0006182192
0.00059412513
0.00062153954
0.0006167326
0.00063731964
0.0005674851
0.0006157982
0.0005904649
0.0006088989
0.00061181444
0.00059165363
0.00046031512
0.000617906
0.00060451997
0.0006353496
0.0005754698
0.00039464474
0.00054067693
0.00056192046
0.0006181983
0.00043234005
0.0008770624
0.00060039107
0.0005401748
0.0006250893
0.00063673675
0.00066102616
0.00049464835
0.0006549722
0.000551412
0.00061126816
0.0005197718
0.00056550803
0.0005284594
0.0006269335
0.00061820354
0.0006024905
0.00066837325
0.0006491141
0.0005016073
0.0006585618
0.00075411936
0.0006150847
0.00069427176
0.00066584535
0.0005965765
0.000659171
0.00058801036
0.00059417554
0.0004669967
0.0006684352
0.0006079163
0.00064349634
0.00063606916
0.00061178586
0.0005627296
0.0010631774
0.00059372035
0.00062655145
0.0006380669
0.00056002766
0.000661311
0.0007026255
0.0005584786
0.0006317464
0.0007660668
0.000607865
0.0004428579
0.0006555367
0.00058985397
0.0005500514
0.00062309636
0.0006053608
0.0006173788
