-123
-122
-104
-118
-118
-116
-118
-111
-107
-118
-68
-110
-105
-75
-94
-114
-87
-106
-126
-119
-126
-117
-119
-99
-91
-127
-120
-96
-124
-96
-84
-123
-113
-94
-128
-118
-125
-41
-100
-117
-114
-112
-120
-34
-118
-115
-97
-117
-126
-88
-123
-119
-119
-125
-122
-128
-118
-125
-89
-103
-114
-124
-87
-110
-90
-110
-111
-128
-115
-121
-107
-95
-123
-112
-123
-118
-116
-125
-113
-119
-109
-123
-115
-116
-126
-118
-99
-116
-113
-101
-118
-120
-115
-126
-121
-65
-122
-109
-97
-80
-83
-97
-120
-118
-120
-122
-112
-117
-85
-121
-113
-115
-123
-111
-125
-59
-125
-110
-105
-116
-111
-125
-65
-127
-118
-97
-28
-104
-117
-92
-109
-119
-121
-124
-109
-110
-76
-101
-112
-113
-122
-114
-22
-125
-117
-106
-125
-123
-86
-127
-118
-96
-121
-120
-83
-126
-127
-122
-117
-101
-88
-101
-114
-93
-114
-121
-110
-119
-107
-104
-114
-125
-112
-127
-121
-122
-101
-119
-115
-68
-125
-114
-73
-104
-107
-128
-120
-116
-120
-116
-114
-126
-123
-117
-102
-124
-128
-120
-120
-125
-98
-105
-119
-128
-116
-97
-120
-125
-117
-124
-56
-127
-121
-92
-122
-116
-122
-128
-95
-127
-108
-119
-106
-99
-109
-124
-61
-115
-124
-109
-122
-117
-128
-102
-93
-107
-122
-120
-116
-109
-118
-83
-126
-128
-128
-109
-114
-54
-128
-125
-90
-99
-116
-110
-117
-35
-103
-128
-124
-105
-126
-119
-105
-124
-113
-98
-112
-122
-114
-127
-106
-87
-86
-120
-107
-125
-107
-116
-115
-120
-77
-114
-107
-119
-99
-111
-110
-124
-110
-77
-122
-128
-108
-69
-124
-67
-116
-117
-125
-96
-124
-117
-93
-118
-58
-127
-127
-98
-98
-128
-120
-99
-76
-87
-123
-112
-82
-117
-122
-94
-124
-127
-111
-115
-128
-113
-120
-98
-117
-122
-108
-116
-114
-120
-115
-93
-37
-117
-104
-112
-118
-110
-124
-119
-116
-124
-83
-102
-104
-111
-118
-121
-88
-116
-70
-122
-121
-114
-115
-117
-128
-103
-125
-118
-124
-128
-120
-85
-95
-116
-127
-115
-117
-126
-121
-92
-108
-94
-118
-118
-112
-116
-104
-127
-116
-116
-104
-121
-51
-128
-70
-77
-127
-127
-119
-120
-125
-112
-128
-109
-97
-125
-106
-97
-122
-118
-122
-101
-118
-118
-116
-117
-111
-117
-115
-123
-101
-119
-124
-128
-124
-123
-116
-124
-118
-105
-18
-122
-100
-43
-124
-128
-44
-117
-116
-117
-121
-122
-118
-84
-109
-124
-114
-125
-124
-123
-104
-111
-128
-118
-111
-53
-121
-121
-122
-126
-125
-112
-106
-81
-128
-88
-123
-113
-85
-112
-124
-113
-119
-95
-121
-110
-127
-120
-104
-87
-86
-115
-105
-128
-126
-118
-124
-111
-124
-110
-108
-121
-40
-123
-106
-113
-117
-109
-95
-117
-117
-121
-72
-117
-125
-128
-123
-108
-121
-92
-47
-125
-116
-113
-120
-123
-123
-84
-118
-109
-74
-99
-111
-117
-115
-105
-115
-107
-95
-115
-121
-122
-122
-102
-117
-126
-122
-126
-105
-115
-119
-123
-98
-104
-123
-107
-125
-120
-118
-108
-120
-88
-122
-124
-97
-122
-123
-120
-128
-26
-120
-123
-123
-98
-86
-125
-106
-11
-119
-98
-123
-124
-112
-124
-122
-120
-116
-106
-71
-118
-112
-124
-104
-112
-116
-120
-128
-125
-113
-125
-81
-102
-107
-110
-122
-121
-93
-118
-120
-117
-101
-125
-51
-120
29
-118
-128
-125
-122
-91
-112
-96
-84
-120
-110
-95
-125
-103
-106
-119
-114
-95
-128
-106
-112
-126
-112
-121
-110
-104
-102
-48
-122
-111
-124
-108
-106
-108
-128
-108
-119
-108
-125
-112
-120
-121
-114
-122
-124
-120
-110
-105
-48
-74
-100
-128
-95
-126
-112
-53
-107
-121
-100
-63
-69
-118
-114
-126
-115
-126
-123
-120
-23
-125
-118
-112
