0.0017239773
0.001558156
0.0017179693
0.001398105
0.0018992975
0.0017297168
0.0018599909
0.0020177134
0.0016108991
0.0015586321
0.001614171
0.0014595771
0.0014879468
0.0015745076
0.0014945957
0.0016681197
0.0014388763
0.0013747314
0.001589807
0.0014133316
0.0017396744
0.0015119335
0.0017300255
0.0017907262
0.0014897813
0.0015422822
0.0015104995
0.0014882262
0.0014892926
0.001628985
0.0015459518
0.0014370797
0.0013733624
0.0015456515
0.0015277703
0.0015556861
0.0016299178
0.0015418651
0.0014507052
0.0015225388
0.001406433
0.0015812981
0.0014786305
0.0016170697
0.0014839917
0.0016716057
0.0015198797
0.0016585893
0.0016252393
0.0016827642
0.002112373
0.0017093539
0.0015413932
0.0016377498
0.0016527176
0.0016000222
0.0018347885
0.0014735376
0.0016223143
0.0015373662
0.002178492
0.0015181048
0.0019216787
0.0018759693
0.0016408896
0.001711409
0.0015306819
0.0018546303
0.0014596438
0.001636863
0.0014119686
0.0016946013
0.0018205633
0.001618499
0.001602923
0.0014212601
0.0015795005
0.0016684622
0.0015795575
0.0016303285
0.0016345794
0.0015778163
0.0015645832
0.0014402029
0.0017177957
0.0016098801
0.0015297277
0.0018267763
0.0015732581
0.0016931806
0.0016639095
0.0017708198
0.0014432574
0.0016748208
0.0014824073
0.0015187142
0.0016534536
0.0017491697
0.0016046219
0.0015147732
0.001502536
0.0018223597
0.0014893976
0.0018323006
0.0014644474
0.0017540545
0.0018481428
0.0016258789
0.001475692
0.0014922753
0.0014456089
0.0019225044
0.001584551
0.0019061005
0.0015929866
0.0018844551
0.0016689899
0.0017814301
0.0017209698
0.0016481684
0.0017558796
0.0018410495
0.0018349257
0.0014174
0.0016514269
0.001607241
0.002113344
0.0016694159
0.0015598203
0.0019774167
0.0015759806
0.0015034834
0.0015413394
0.0014962457
0.0019091296
0.001669724
0.0016388681
0.0014847209
0.0015981632
0.0015179091
0.0016462413
0.0018383461
0.0015460569
0.0015247805
0.001480424
0.0016862373
0.0017979009
0.0017438628
0.0019240823
0.0017095297
0.0014365697
0.0015606813
0.0017741001
0.0015832803
0.0016839424
0.0015509403
0.0022178697
0.0016298465
0.002348287
0.0015663946
0.0016814221
0.0016926447
0.0014861175
0.0016794588
0.0019487164
0.0016002469
0.0019327874
0.0019069274
0.0017021243
0.0014819675
0.0015818148
0.001618536
0.0019051931
0.0018453447
0.0017652607
0.0016934886
0.0016899984
0.0014562416
0.0014611499
0.0018469103
0.0015375066
0.0017835408
0.0015150199
0.0018081022
0.0016648767
0.0026004207
0.0015422348
0.0018146788
0.0017778585
0.0016473844
0.0015547139
0.0016922683
0.0019112825
0.0018582771
0.0018322546
0.0016280803
0.00158956
0.001625427
0.0015950785
0.0015023308
0.0015772901
0.0018733821
0.0023763438
0.0019054423
0.0018744384
0.0014850459
0.0015119101
0.0014038082
0.0015492032
0.0018873987
0.0017038106
0.0016799879
0.0016383319
0.0015326549
0.0017084153
0.001453463
0.001778967
0.0017020432
0.0016921886
0.0016195764
0.0019311297
0.0017296253
0.0016717481
0.0017360447
0.0016115987
0.0014349981
0.0017770288
0.0020501856
0.0015267225
0.0018057886
0.0017651378
0.0016293922
0.00128369
0.0015809294
0.0015829909
0.0017484197
0.0015197386
0.0015809404
0.0016092891
0.0016186193
0.0016696014
0.0020553707
0.0016893682
0.0016307132
0.0016197027
0.0017187218
0.002097653
0.0016712823
0.0018100358
0.0015635095
0.0018358374
0.0015612922
0.0015904979
0.0016426806
0.001735252
0.0020036725
0.0019793683
0.0016160541
0.0013871278
0.0015397379
0.001670921
0.0014187108
0.0018890834
0.0014379543
0.0020285817
0.0015146474
0.0015977318
0.0018523689
0.0015175284
0.0014617546
0.0013862035
0.0016265915
0.0016292629
0.0021371758
0.0015878846
0.0014909718
0.0014766926
0.0016215582
0.0015763749
0.0015685033
0.0017222571
0.001716163
0.0014140626
0.0015668169
0.0016987453
0.0015736225
0.0015322113
0.0018157467
0.0014694573
0.0015916004
0.0014587732
0.0015537263
0.0013639356
0.0015772895
0.001546944
0.0018039568
0.0017503584
0.0017725521
0.0014807286
0.0015015623
0.0015483686
0.0016468762
0.0014662549
0.0018252609
0.0014308776
0.0015485978
0.0018043228
0.001420504
0.0013860312
0.0015376947
0.0024897452
0.0015024858
0.0015949027
0.0017444163
0.0017445536
0.0016979051
0.0014223229
0.0016931228
0.0018402442
0.0017981706
0.001472423
0.0015504737
0.0014058172
0.0014677137
0.0015347837
0.0016349012
0.0015700028
0.0016306592
0.0018795715
0.0019457856
0.0018060951
0.0015216094
0.0015943154
0.0018986905
0.001510229
0.0018923369
0.0015685688
0.0017368771
0.0017530781
0.0016255542
0.0015895497
0.0017375848
0.0016318999
0.0015154912
0.0015392877
0.0019189584
0.0014998011
0.0017647013
0.0017244369
0.0016883552
0.0016121012
0.0014808433
0.001663459
0.0016189358
0.0015654752
0.0014707423
0.0015517122
0.0017290587
0.0018932074
0.0016094852
0.0016566986
0.0018860837
0.0019505238
0.00185272
0.0019892694
0.0015205684
0.0016157875
0.001540004
0.0015105562
0.0015942105
0.0014325711
0.0016594474
0.0017228312
0.0018511817
0.0019796242
0.0014937114
0.0016603323
0.0016125869
0.0015083842
0.0018046319
0.0016991906
0.0018522338
0.001860211
0.0015889951
0.0016639017
0.0020205087
0.001727198
0.0015948357
0.0018355428
0.0017272487
0.002888164
0.0019112359
0.0016210262
0.0016213331
0.0018322348
0.0016991163
0.001604455
0.001454431
0.0018062054
0.0018703308
0.0015105277
0.0017442919
0.001728119
0.002107993
0.0017288103
0.0020206096
0.0015661072
0.0018364231
0.0019227169
0.0017820608
0.0017459862
0.0016957815
0.0021985625
0.0016212541
0.0018025208
0.0020741357
0.0019939933
0.0019444404
0.0017374597
0.002230248
0.0018820355
0.0018499875
0.0020802084
0.002199318
0.0020077496
0.0017906537
0.001744105
0.0017914787
0.0018740703
0.0018293061
0.0016818859
0.0018236941
0.002094487
0.0019322755
0.0020717434
0.0016081139
0.0015435545
0.0020764188
0.0017744281
0.0018962894
0.0022828067
0.0015436981
0.001733024
0.0016546063
0.0016385394
0.0014914487
0.0021366111
0.0018618901
0.0017690382
0.0016132104
0.0021185044
0.0019447071
0.0019930166
0.001503882
0.0017561989
0.0019643866
0.0018958446
0.0022653157
0.0016767367
0.0020813309
0.0018792801
0.0016752944
0.0018143717
0.0017922438
0.002313365
0.0017116874
0.001629069
0.0015894762
0.0016287884
0.0017508102
0.002338026
0.0015657331
0.0016357257
0.0020005875
0.0016225018
0.0016237377
0.0016601629
0.0015815252
0.0019510296
0.0018649949
0.0022142937
0.001900138
0.0014686642
0.0019370553
0.0022574277
0.0019227505
0.0015431495
0.0018462356
0.0016937844
0.0020681864
0.0016630106
0.0022565743
0.001626456
0.0016152374
0.0018270048
0.0016068553
0.0017117601
0.0016670647
0.0018004457
0.0018913434
0.001540968
0.0015626167
0.0022316424
0.0017254469
0.0018136157
0.0017488828
0.002004465
0.0018168426
0.0013390351
0.0016102252
0.0017217177
0.0017235595
0.0023742972
0.0017690089
0.0017714066
0.0020347906
0.0017866847
0.0015472826
0.0020637712
0.0017499679
0.0019667607
0.0018866758
0.0015999832
0.0020170256
0.0016478603
0.0017169599
0.0016249468
0.0018945712
0.0017887523
0.0020037312
0.001548507
0.0016682489
0.0016468236
0.0017086405
0.0021607568
0.0020795835
0.0021276127
0.0016718901
0.0015867727
0.0023495029
0.0018165304
0.00172208
0.0020211383
0.0018181365
0.0018595448
0.0018711499
0.001900045
0.0017483725
0.0016141569
0.0018806991
0.0019728846
0.0021787921
0.001954206
0.0019233264
0.0022076434
0.0018002626
0.002218912
0.0017657555
0.002002097
0.0019647472
0.0020307922
0.0018749698
0.0015577993
0.0021224471
0.0017168109
0.0020610515
0.00190838
0.0021038668
0.001665476
0.0017527175
0.0018871917
0.0021343385
0.0016547256
0.001645446
0.0020356015
0.0016021802
0.0017144514
0.0016572113
0.0014609349
0.0018898963
0.0019043818
0.0014833189
0.0016691062
0.0018265571
0.0018414947
0.0019197114
0.0017910092
0.001962572
0.0022300484
0.0019387774
0.0016147277
0.0018913937
0.0016976728
0.0020136023
0.0015855149
0.0018906574
0.0019546894
0.0016243547
0.0026009444
0.001914189
0.001775936
0.0017829291
0.0017986285
0.0017307155
0.0018949296
0.0019408093
0.001988294
0.0015303144
0.0018444373
0.0020020367
0.0016818726
0.001866516
0.0015759066
0.0017227321
0.0018486805
0.0019893243
0.0019659821
0.0023502072
0.0021559265
0.0016043438
0.0018524177
0.0017616772
0.0015701712
0.0020433525
0.0019616184
0.0016118372
0.0018451145
0.0019110078
0.0015780845
0.0015564009
0.0018411238
0.0022186588
0.0017035299
0.0018190717
0.0017042853
0.0016872307
0.0017454637
0.0018533631
0.0017605452
0.0016740835
0.0014311216
0.0021519847
0.0017086203
0.0016094072
0.0018498951
0.001813156
0.0021330155
0.0018454613
0.002049569
0.001639782
0.0017371097
0.0020480868
0.0018772653
0.0016691973
0.0019895802
0.0018305748
0.0015908254
0.0015865394
0.0016719032
0.0015912236
0.0016459185
0.0016899401
0.0021957008
0.0018912118
0.0016992348
0.0014870247
0.0017334574
0.0018710588
0.0015589809
0.0016635727
0.0021447528
0.0015737514
0.0018269029
0.00178096
0.0017328426
0.0019930245
0.0020327568
0.0018212267
0.0017630165
0.0018402995
0.0019561492
0.0018156369
0.0016459983
0.001857231
0.0017317965
0.0016735861
0.0019330739
0.0025304023
0.001794531
0.0016676877
0.0016027536
0.0020575996
0.0018802724
0.001865904
0.0019224525
0.0016877365
0.0019635453
0.0018340488
0.0015460616
0.001740025
0.0020452025
0.0017452706
0.0021413318
0.0016758201
0.001900112
0.0019364576
0.0017479493
0.001968359
0.0019799538
0.0017973279
0.0023250522
0.0017086845
0.0018798854
0.001921205
0.002044339
0.0016711444
0.0017518933
0.0018094887
0.0016763381
0.0016156168
0.0017926748
0.002066636
0.0020587596
0.0017447134
0.0018736898
0.0015615817
0.001869357
0.0021472592
0.0019505013
0.0016863245
0.0017068278
0.0027312168
0.0018770326
0.0021491933
0.0017703577
0.0019594945
0.0018245295
0.001791231
0.0017965804
0.0018618016
0.001660776
0.001573034
0.0018851382
0.0020920858
0.0015651138
0.0023742241
0.0018722888
0.0018015255
0.0018595473
0.0017789672
0.0017877956
0.0017210608
0.0019307107
0.0018564042
0.0026463366
0.0017472965
0.0020362765
0.0018803768
0.0025504574
0.0018199234
0.0019911919
0.0015540858
0.0016533481
0.0020226284
0.0018987135
0.0018319222
0.0017504734
0.0020967976
0.0020696253
0.0015597928
0.0015261204
0.0019009894
0.0020551507
0.0017494592
0.0018334037
0.0017754182
0.0019253162
0.0018475496
0.0027750237
0.0017560929
0.0015747875
0.0015296332
0.0018480726
0.0019648129
0.0018635812
0.0019165684
0.0022084934
0.0020278478
0.0016656249
0.0020162996
0.0018168163
0.0018452652
0.0017282459
0.0019871932
0.0017975735
0.0020791942
0.0016543163
0.0018420104
0.0018752953
0.0021539554
0.0016752589
0.0020057878
0.001827904
0.0020467595
0.0018166609
0.0019624834
0.0016443898
0.0017027416
0.0018600811
0.001655714
0.0019458492
0.0019256904
0.001819426
0.0016929472
0.002037114
0.001724888
0.0017735718
0.0016871551
0.002200632
0.0017395676
0.0016019298
0.0016260898
0.0019229706
0.0018151456
0.0019724763
0.0015079582
0.002030429
0.0026044291
0.0018743358
0.0017056587
0.001945536
0.0017931828
0.0019409156
0.0018346739
0.0017305405
0.0017253378
0.0017228903
0.0020479218
0.0017488821
0.0017217182
0.0017515543
0.0020354101
0.002156997
0.0019767303
0.0016913416
0.0017898531
0.0017290897
0.001685927
0.001696818
0.0015240145
0.0014680816
0.0018019216
0.0019336273
0.0017228099
0.00166563
0.0017157295
0.0016812052
0.0021611338
0.0017087312
0.0017670732
0.0018961024
0.0019377436
0.0022472367
0.0016142008
0.001799872
0.0015242343
0.0015709108
0.002903771
0.002209386
0.0020788112
0.0016545702
0.0016548889
0.0018193115
0.0016209722
0.0016348837
0.0016678025
0.001678873
0.002037075
0.0016151197
0.0043020016
0.0017299537
0.0019784337
0.001866567
0.001965136
0.0016051526
0.0020534913
0.0016290587
0.0016551947
0.001712461
0.0017951665
0.0018953432
0.0020640183
0.0016791645
0.001518742
0.002105889
0.0015715412
0.0022907648
0.001834646
0.0021519684
0.0019428832
0.0015356847
0.0017369504
0.0021351285
0.002192754
0.0017602578
0.0018224773
0.001836094
0.0017978462
0.0017904135
0.0018829593
0.001817231
0.0019483488
0.0017840354
0.001840159
0.0017939005
0.0017016035
0.0015373619
0.0015416772
0.0018613989
0.001600963
0.0018319396
0.0022067202
0.0016013697
0.0023109089
0.0020092898
0.0017748306
0.0018986218
0.001650556
0.0017269494
0.0017776
0.0018214154
0.0016551636
0.0019482512
0.0018209813
0.0017698107
0.001791718
0.0019857509
0.0016236269
0.0016394343
0.0020845449
0.0016771775
0.0017541773
0.0020443534
0.0016700877
0.0015517888
0.0018642354
0.0021568376
0.001831678
0.001853248
0.0015141186
0.001503014
0.0015123655
0.0016788911
0.002684308
0.002059792
0.0026678087
0.0018300215
0.0017616502
0.0014615468
0.0016863352
0.0018869687
0.0017497872
0.0017564829
0.0016786947
0.0017707009
0.0017329706
0.0018434102
0.0017559472
0.0016012307
0.0019343216
0.0016137327
0.0016079989
0.0016554418
0.0015601774
0.0015884192
0.0020734877
0.0015888859
0.0018731982
0.0015464493
0.0017760799
0.0019265568
0.001671604
0.0017640489
0.0017225618
0.0017350924
0.0016241339
0.00152947
0.0017235941
0.002026925
0.0018505582
0.002499412
0.0014927057
0.001730779
0.0014763952
0.0015879599
0.0018396359
0.0017897886
0.0015377398
0.0019104565
0.002333462
