0.000114105984
0.00022417442
0.0001663422
0.00024858007
0.00013952423
0.00013796194
0.00022702539
0.00016061314
0.0002529643
0.00012603845
0.0001654611
0.00011574713
0.000194534
6.493527e-05
0.000101641315
4.0892835e-05
0.00017534322
0.00017751618
0.00013742855
3.5708046e-05
0.00016778774
0.00013624861
0.00020232773
0.00014640382
0.00017463026
0.00012892074
3.7989157e-05
0.0001909582
0.00016092716
9.381943e-05
0.000118510856
0.00017709562
0.00020035857
0.00015802529
0.00022892124
7.943585e-05
0.0001502727
0.0001516639
0.00014809969
4.4223416e-05
0.00025194391
0.00020524267
0.00020672232
0.00018376246
0.0002190539
0.00023226473
0.00011851789
0.00020246308
0.00015334053
0.00012397073
0.0003580319
0.00019372815
0.00016640476
0.00024466048
0.00016799952
0.00023562176
0.00015918334
0.00024247263
0.00014829396
0.00021514736
0.0001782772
7.156463e-05
0.000183081
0.00020390823
0.00013768155
0.00014730744
0.00011737737
0.00020318305
0.00012283753
0.00015499632
0.00015295506
0.00016719905
0.00019167196
0.00014046353
0.0001329965
0.00019384228
0.00021635088
0.00013831309
0.0001730367
0.00017211586
0.00016849361
0.00011423794
0.00017950716
0.00010707654
0.0001676686
0.00017770029
0.00025832973
0.00017486738
0.00017904278
0.00018965657
0.00010797453
0.00024712746
7.104821e-05
0.00022237774
0.00018186656
0.0001240704
0.00019408255
0.00018013253
0.00014928417
0.00015770254
0.00020905257
5.7075176e-05
0.00016382609
8.238446e-05
0.000573424
0.00013794872
0.00028611947
0.00018872147
0.00019539721
0.00015718576
0.00015343413
0.0001758109
0.00019226047
0.0001597738
0.00016891402
0.00018352244
0.0001391683
0.00028836928
0.00020644358
0.00023705841
0.00015426942
8.537231e-05
0.00018129536
0.00021818285
0.00021309489
7.052105e-05
0.00017334978
0.00021569844
0.00012698016
7.9820704e-05
0.00021837039
0.00015633472
0.00015490288
0.00015967568
0.00014587842
0.00017495449
0.000103044775
7.833279e-05
0.00012389311
0.0001909814
0.00019418148
0.00018071994
0.00022271593
0.00028102356
0.0001867532
8.91845e-05
0.00010948642
0.00012412692
0.00025692533
0.00019632524
0.00017368434
0.000187499
0.00017546274
0.0002182396
4.737136e-05
0.00015461567
0.0001317588
0.00012788651
0.00015048684
0.0002021426
0.00016139672
0.00018340063
0.00019460515
0.00013340147
0.00012460661
0.00014365977
0.00020598796
0.00018296215
0.00018916515
0.00018617722
0.00018310205
5.992046e-05
0.00016693647
0.00014160239
0.00022204843
0.00013352586
0.00018277767
0.00024549247
0.00012008269
0.00016967928
0.00014263322
0.000114541755
0.00017902262
0.00010635609
0.00020350126
0.00014001009
0.00016354864
0.00018193033
0.00017189347
0.00018204233
3.231561e-05
0.00016639274
0.00013509157
0.00018777064
0.00014770364
0.0001422146
0.00017501008
0.00017056936
0.00014221495
0.00015192971
0.0001400371
0.00018915793
0.0001378428
7.296811e-05
0.00021316863
0.00020255434
0.00018544537
0.00015354523
6.874571e-05
0.00018424705
0.00024449505
0.00018703811
0.00015836206
0.00020547409
0.00015526418
4.524935e-05
7.120817e-05
0.00017445564
0.00014210853
0.00013225657
0.00018733999
0.00019655332
0.00019871331
6.121069e-05
0.00020161546
2.5529776e-05
9.543728e-05
0.0001561058
0.00016989413
8.121424e-05
0.00016802382
0.00018145266
0.00012394774
0.00011077982
0.00016431617
0.00013538281
0.00017837064
5.905682e-05
0.00011300866
0.000116476214
3.496915e-05
0.00020084607
7.6408964e-05
0.00023842693
6.7555855e-05
0.00017662444
0.0001215645
0.0001531271
7.4736156e-05
6.997849e-05
0.00016119792
0.00019047645
0.00010092667
0.0001873858
0.00017375524
3.5468078e-05
0.00014188518
0.00012952747
0.00013832247
0.00020539567
0.00014860732
0.0001867087
0.00014522164
0.00018480726
5.2110718e-05
0.00015009647
0.00013352734
0.00017387567
0.00015511463
0.00011848098
0.00019304159
0.00010207458
0.00014188528
0.00019601308
0.00018053022
0.00012496344
0.00015829474
0.00015752968
0.00014160521
0.00021031742
0.0001368827
0.00016604266
8.303116e-05
0.000106384454
0.0001766313
0.000131995
0.00018396573
0.00021018648
5.949891e-05
0.00011791194
0.00017203033
0.0003700502
0.0001395959
0.00013353236
0.00019420346
8.7507615e-05
0.000103685605
0.00020489459
0.0001452487
0.00017340246
0.00016830194
0.0001389229
0.00014754775
0.00028211327
6.0943858e-05
0.0001145101
0.00016328384
0.00016411809
5.175013e-05
0.00017174889
6.644233e-05
0.00016008629
0.00012761234
0.00018643502
0.00024784362
0.00013759764
7.6331846e-05
0.00015286774
0.00025038395
0.00015415114
0.0001616438
0.0001455528
0.00017863102
0.00015478063
0.00019748489
0.00019923747
0.00016563134
0.00010880625
4.803049e-05
0.00014880359
0.00018836091
0.00018431731
0.0002058388
0.00010931055
0.00021866139
0.00018370648
0.00019134472
6.475745e-05
0.00013602676
6.368047e-05
0.00017958155
0.00018847983
0.00016913246
6.990815e-05
0.00011182534
0.0001304129
0.00018448247
0.00015846202
0.00016524797
5.0969058e-05
0.00024698908
0.00016919247
0.00013828822
0.00013692983
0.00024136594
0.000106427455
0.00016478583
0.00014046888
0.00017896738
0.00017060422
0.00016716872
0.00011378222
0.0001299584
0.0001851027
3.902152e-05
0.00017179067
0.00010102957
0.00017582209
0.00017184569
0.00010380953
0.00013002333
0.0001851336
0.00017129543
0.00016003373
0.00019652162
0.00019666438
0.00015888033
0.00016315923
0.00023868679
0.00022748685
0.0001721441
0.00016476148
0.00021990002
0.00016361069
0.00016973444
0.00017034574
7.4295436e-05
0.00016853037
0.00010211767
0.0001546919
0.00021982676
0.00010805703
0.00017040805
0.00013073988
0.00019623723
0.00015899808
0.00013920604
0.000244556
0.00017942012
0.00012434876
0.00011064734
0.00018026319
0.00019995724
0.00017571094
0.00017717923
0.00019071605
0.00018036582
0.0001278201
0.000111350266
0.00020149545
0.0002828055
0.00025363435
0.00018432495
0.000119169476
0.00027586453
9.241541e-05
0.00014228384
0.00016270902
0.00015592478
0.00013778667
0.00016336169
0.00016738797
0.0001343192
0.00025300635
0.00015319484
0.00015460777
0.00019682216
0.00016433642
0.00016912534
4.076024e-05
0.00018076852
0.00019379429
4.238276e-05
0.0001501519
0.00019522526
6.275046e-05
9.3389535e-05
0.00022950517
0.00015374494
0.00013109321
0.00010919041
4.4017183e-05
0.00019579596
5.89322e-05
0.00012414803
0.00013208679
0.00015270992
0.0001984239
0.00014445008
0.0002232756
0.00014386798
0.00013480581
0.00019066513
0.00019882864
0.0002210883
0.0001996889
6.933139e-05
0.00022278748
0.00022209954
0.00020867301
0.00015871883
0.00012384578
0.00017667799
0.0002339792
0.00013228506
0.00018812071
0.00013792551
0.00018888796
0.0001523846
0.00018877539
0.00017255121
0.00019640416
0.0001613894
0.00025194563
7.8552584e-05
0.00017402113
0.00021273867
0.00018147446
0.00015605426
0.00018190763
0.00014883226
0.0001606443
0.00015055612
0.00014354681
0.0002239477
0.00018918331
0.00015124893
0.00022349009
0.00014641912
0.0001538458
0.000112861264
0.00019493623
0.000120839875
0.00019239068
9.0723726e-05
0.0001521377
8.168308e-05
0.00018234683
0.00021240483
0.00021169616
0.0001487681
0.00013957213
5.0551054e-05
0.00010448688
0.0001431742
0.00018694796
0.00016689376
0.00014955386
0.00017996006
0.0001652136
0.0002241624
0.00020789012
0.00016492604
0.00018111037
0.00023932678
0.00013763101
0.00017851565
0.00019349839
0.00017673521
0.00022591601
0.00017646194
0.0001388847
0.000142444
5.356905e-05
0.00014800922
0.00017817896
0.00016947072
9.93622e-05
0.00012076921
0.0002429331
0.0001837681
0.00019293415
0.00016062787
0.00022133198
0.000103123304
3.150374e-05
0.00017031685
0.00021083782
5.4499305e-05
0.00017677389
0.00017522876
0.0002142964
0.00018097127
0.00018885096
0.00015910584
0.00018327616
0.00010160755
0.00018936311
0.0002016994
0.00018793886
5.4231386e-05
0.00014293454
0.00019013669
0.0001527172
0.00014602304
0.00017474653
0.00019884514
0.0002113342
0.00013225689
0.00023503415
0.00015248661
4.6534682e-05
0.00018299783
0.00012765477
0.00013975224
0.00016644353
0.00017520163
8.506347e-05
0.00011788224
0.00016014688
0.000111742425
0.00019498233
0.0001367277
7.781426e-05
6.461141e-05
6.725931e-05
0.00016864782
9.698332e-05
0.00013579326
0.00022603881
0.00015971111
8.188019e-05
0.00013141852
0.00016107775
0.00012755567
0.00010983538
0.00017801346
0.00015450553
0.00018374051
0.00019375957
0.00017627858
4.2012907e-05
0.00021879599
0.00015677922
0.00022456751
4.913239e-05
0.00016015435
0.000104208586
0.00020620387
0.00016469059
0.00019269575
0.00017409788
7.2730756e-05
0.00011192833
8.786639e-05
0.00011744652
0.00017242064
0.0001744577
0.00019239682
0.00014205396
6.1704544e-05
0.00015616752
0.00018524982
0.00017418605
0.00018346349
0.00016624562
0.00019632948
0.00013970536
0.00011787503
0.00016685284
0.00016146831
0.00014190485
0.00016463433
0.00017181902
0.00013072109
0.0001418396
0.0001552289
0.00016033626
0.00012334426
0.00017010162
6.7857065e-05
7.041078e-05
0.00016357748
0.00019828876
0.00011664853
0.00026338812
0.00012867554
0.00016787609
0.00016756183
0.00018607486
0.00012590025
0.00012508297
0.00015210676
0.0001342363
0.00018245101
0.0001223502
0.00016781838
0.0002522475
9.3990624e-05
0.00031496186
0.00019791715
0.00014731698
0.00019880435
0.00012906652
0.00022183056
0.00017489782
6.3569045e-05
0.00012850482
0.00013303958
0.0001438437
0.00017099599
0.00011858693
0.00019035957
0.00017463809
0.00019140859
7.233635e-05
0.00018256987
3.3927205e-05
0.00020429675
0.00014719393
0.00012941082
0.00019295007
0.00010944633
0.00014635504
0.00022130518
8.509135e-05
0.00015701419
0.00015357258
0.000151815
0.00011917934
0.00014216299
0.00017672397
0.00024315577
9.824202e-05
0.00018038365
0.00015684566
0.00021858749
0.00014897199
0.00022208133
0.00018546935
0.00023222204
3.4016513e-05
5.7237372e-05
4.863751e-05
0.000148335
0.000113357884
0.0001694422
0.00014451928
0.00018079921
0.00014304303
0.00016349897
0.00016729166
0.00026623282
0.00014485736
5.7981888e-05
0.0001941663
0.00013113683
0.00015290568
5.6058147e-05
0.00019696818
0.00015563173
0.00017758537
0.00021223226
0.00016132384
0.00011030882
6.1554274e-05
0.0001230894
0.0001526113
0.00017781997
0.00017129505
0.00011768482
0.00017008797
0.00013472582
0.0002154069
0.00017743601
0.00013335673
0.00016582561
0.00019748526
6.777978e-05
0.00018684423
0.00017501155
0.00015187508
9.2284594e-05
0.00013244337
0.0001715501
0.00024278436
0.00014675605
0.00014276548
0.00014544104
0.00012772117
0.0004335511
0.00020410254
0.00013731532
0.00022246812
0.00015401663
0.0001293112
0.00021333607
0.0002095442
0.00020717728
0.00020208242
0.00012130362
0.0001467634
0.00012532757
0.00013480062
0.00031117813
4.2768916e-05
0.00017677799
0.000111481124
0.00016198798
0.000159585
0.00012529905
0.00020121387
0.00021669354
0.00017966646
0.00020476867
0.00020894762
0.00015121521
0.00012563789
6.0554066e-05
3.7360944e-05
0.00016812925
0.0001411459
0.00012522441
0.00027852703
0.00021124697
0.00014596777
0.00021838826
0.0001423776
0.00017664352
0.000111734065
0.00012087581
0.00014335966
0.00023689194
0.00015991158
0.00018366777
0.00018379425
0.00022237824
0.0001905374
7.520213e-05
0.0001949218
0.000110471
0.00014370127
0.00017982353
0.00012803957
9.696821e-05
6.179057e-05
0.0001660736
0.00019400693
0.00020636099
0.00013579217
0.00019905473
0.00011668132
0.00018797463
0.0003000608
0.00015706003
0.00016615672
0.0001639821
0.00023830918
0.00012810524
0.00019575369
0.00015312762
0.00018540991
8.467939e-05
0.00017413068
0.00018535848
0.00020560352
0.00015217556
0.00020914563
0.00014361685
0.00016058677
0.00018111337
7.547282e-05
0.00020535436
0.00012147394
0.00025456506
0.00015689581
0.00015856043
0.00018082993
0.00015147019
0.00017663698
0.00013759812
0.0001416131
0.0001601084
0.00013897032
0.00011846147
0.00015998515
0.00018312394
0.000104656516
0.000118927754
7.649029e-05
0.00027058454
5.7390316e-05
0.000139702
0.00014019289
0.00018807502
0.00018774805
0.00013975585
0.0001637574
4.965435e-05
0.00019829873
0.0001860585
0.0001596209
0.00030545754
0.00011905313
5.4090055e-05
0.00022160131
0.00017364208
0.00015849872
0.00016457148
0.00027186348
0.00022585122
0.00017891572
0.00013196288
0.00018914166
0.0002027434
8.220883e-05
0.0001517193
0.00018337191
0.00013915398
0.00011558364
0.00018534281
0.00025037394
0.00016504923
0.00019465902
0.00011836233
8.741862e-05
8.6229105e-05
0.00018950064
8.77406e-05
4.696501e-05
0.0001296911
0.00015934913
0.00015575932
0.00020660412
0.00014862377
0.0001755201
0.000101961465
0.00019799965
0.00018910009
0.00019798627
0.00016557162
7.351952e-05
2.735393e-05
0.00012500085
0.00019047015
0.0002460713
0.00014690192
0.00016181254
0.00016453816
0.00016847378
0.00017842877
3.6746762e-05
0.00017957158
0.00019810618
0.00018485202
0.0001901456
0.00016482812
4.639874e-05
3.299083e-05
0.00021468053
0.0001885358
0.00011539563
0.00023418851
2.9699368e-05
0.00017328121
0.00018402457
4.8902824e-05
0.00019101005
0.00012548317
0.00020500622
0.00014740095
0.0001685802
0.00011401534
0.00014742737
0.00014289728
0.00021440878
0.0001374351
0.0001693342
0.00019997077
8.358839e-05
0.00017763107
0.00017846379
0.00016233152
9.7074306e-05
0.00021084279
0.0002662881
0.00010977727
0.00017549777
0.00013693035
0.0001748652
0.00016409109
0.00019612204
0.00019029016
0.00020330076
5.1111216e-05
0.00017496069
0.00011970298
0.00019851958
0.00017772603
0.00014528634
0.00015690773
0.000180325
0.00012640591
0.00010025353
0.00010349656
0.0001511124
0.00015684891
0.00022722663
0.00016257029
0.00020946095
0.00011003242
0.00015288351
0.00019159053
0.00014422306
0.0001651796
0.00012669688
0.00015919357
0.00018859842
0.00016604498
6.259129e-05
0.000103554856
0.00015034131
7.859622e-05
0.0001775558
0.00014087277
0.00013269868
0.00015592287
0.00016690213
0.00019160876
0.00026361574
0.00017588635
0.00017028909
9.194219e-05
0.00018756393
0.00019700185
0.00013610318
0.00015168327
0.00015889511
0.00017242238
0.0002406664
3.769994e-05
0.0002184209
0.00026937702
0.00014434969
0.00016793163
0.00011921152
0.00018040923
0.00011016878
0.0001795864
0.00017088106
0.00014902434
0.0001666493
0.00012966598
0.00018469658
0.00013720768
0.00025519432
0.00019554923
0.00015740634
0.00023490781
0.0001644359
0.00012167597
0.00023820884
0.00021189172
0.00012897832
0.00012824412
0.0001237216
0.00010569284
0.00013654222
0.00019799669
0.00018151214
0.00017182951
0.00013680238
0.00019437006
0.00018220732
0.000106947606
0.00017035476
0.00017227345
0.00015643166
0.00018805766
0.00015009531
0.00012682832
0.00024140718
0.00021818459
4.5408273e-05
0.00017531471
0.00015318884
0.00020812535
0.00012825418
0.00018694764
0.00015199471
0.00013828257
0.00029619402
0.0001396077
0.0002573029
0.00018908216
9.6537515e-05
0.00019336875
0.0001141702
0.0001520281
4.9332775e-05
0.00016050143
7.1882234e-05
8.934678e-05
0.00015154331
0.0001387165
0.00019406917
0.00014039423
0.00010712496
5.2988875e-05
0.0001199997
4.002047e-05
0.00016195644
0.00019835799
0.0001940134
0.00019579651
0.00018189491
0.00022215628
0.00016723751
0.00015230474
0.00018819241
0.00030786466
0.00012967335
0.00024630112
0.00020638735
0.00023389088
0.00016743824
0.00019529802
0.00016474885
0.0001444797
0.00019176159
0.00016337988
0.00014950642
0.00015102392
0.00016210841
0.00020853487
0.00016381603
9.5918964e-05
0.00021840056
0.00014088649
0.00014274707
0.00024906956
0.00014078998
0.00015752437
0.00015771097
3.053781e-05
0.00019607523
0.00017136113
0.00014390958
0.00023352818
0.00014169325
0.00017012292
0.00025515407
0.00012409907
0.00019933445
0.00019396027
0.00019056896
9.8055825e-05
0.00017062214
0.00014104201
0.00019462603
5.5658315e-05
4.691305e-05
0.00021639491
0.00013502737
0.00021136565
0.00019374184
0.00022742218
0.00015283207
0.00015122288
0.00018599327
0.00023676461
0.0001763704
0.00017171176
9.527797e-05
3.5071156e-05
4.176617e-05
0.00010991087
0.00014737056
0.0002239216
0.00018299533
7.0609196e-05
0.00013548118
0.00014568026
0.00023071979
0.00021389767
0.00014170735
0.00019948164
0.00016915426
0.00014557637
0.00017966577
0.00016729126
0.00013502235
0.00023642702
0.00013661699
0.00018771201
0.00016169852
0.00016135519
0.00017259958
0.00022519323
0.00013388427
0.0001488873
0.00016599747
