0.00019472523
0.00038256028
0.00028386788
0.00042420923
0.00023810222
0.00023543612
0.00038742553
0.00027409106
0.00043169103
0.00021508832
0.00028236426
0.0001975259
0.00033197802
0.00011081396
0.00017345391
6.978483e-05
0.00029922838
0.0003029366
0.00023452588
6.0936833e-05
0.00028633475
0.00023251226
0.00034527824
0.00024984244
0.0002980117
0.00022000706
6.482962e-05
0.00032587582
0.00027462695
0.00016010563
0.00020224227
0.0003022189
0.00034191782
0.0002696748
0.00039066086
0.00013555962
0.0002564448
0.00025881894
0.0002527365
7.546857e-05
0.00042994972
0.00035025267
0.00035277774
0.00031359607
0.00037382194
0.00039636664
0.00020225428
0.00034550924
0.00026168014
0.00021155973
0.00061099196
0.0003306028
0.00028397463
0.00041752032
0.00028669613
0.0004020955
0.00027165108
0.0004137867
0.00025306802
0.00036715533
0.00030423532
0.00012212715
0.00031243314
0.0003479754
0.00023495764
0.00025138448
0.00020030794
0.00034673788
0.00020962587
0.0002645058
0.00026102233
0.0002853301
0.00032709388
0.00023970516
0.00022696247
0.00033079757
0.00036920916
0.00023603537
0.00029529224
0.0002937208
0.00028753933
0.00019495042
0.00030633426
0.00018272929
0.0002861314
0.0003032508
0.0004408473
0.00029841636
0.0003055418
0.00032365453
0.00018426172
0.0004217303
0.000121245874
0.0003794942
0.00031036066
0.0002117298
0.0003312076
0.00030740147
0.00025475785
0.00026912405
0.00035675438
9.740047e-05
0.00027957404
0.00014059151
0.000978565
0.00023541358
0.0004882713
0.00032205877
0.0003334511
0.00026824215
0.00026183986
0.0003000265
0.00032809816
0.0002726587
0.00028825676
0.00031318647
0.00023749482
0.0004921107
0.00035230207
0.00040454717
0.00026326533
0.00014569037
0.00030938588
0.00037233546
0.0003636527
0.00012034625
0.00029582652
0.00036809576
0.0002166954
0.00013621639
0.00037265552
0.0002667898
0.00026434634
0.00027249125
0.00024894584
0.000298565
0.00017584895
0.00013367723
0.00021142725
0.0003259154
0.00033137645
0.00030840392
0.00038007132
0.00047957498
0.00031869984
0.00015219598
0.0001868418
0.00021182626
0.00043845063
0.00033503483
0.00029639745
0.00031997258
0.00029943234
0.00037243232
8.0840626e-05
0.0002638562
0.00022485029
0.0002182421
0.00025681025
0.00034496232
0.00027542826
0.00031297858
0.00033209944
0.00022765354
0.00021264485
0.00024515964
0.00035152453
0.00031223032
0.0003228159
0.0003177169
0.00031246906
0.00010225604
0.00028488203
0.00024164867
0.0003789322
0.00022786582
0.0003119155
0.00041894015
0.00020492465
0.00028956268
0.00024340779
0.00019546889
0.0003055074
0.00018149981
0.0003472809
0.00023893136
0.00027910058
0.00031046948
0.00029334126
0.00031066063
5.5147542e-05
0.0002839541
0.00023053776
0.00032043614
0.00025206062
0.00024269341
0.00029865987
0.00029108164
0.000242694
0.00025927252
0.00023897743
0.0003228036
0.0002352328
0.00012452224
0.00036377856
0.00034566494
0.000316468
0.00026202947
0.00011731658
0.00031442303
0.00041723804
0.00031918605
0.00027024953
0.0003506476
0.0002649629
7.721935e-05
0.000121518846
0.0002977137
0.00024251241
0.00022569972
0.0003197012
0.00033542403
0.00033911015
0.000104457846
0.00034406275
4.3567317e-05
0.00016286653
0.00026639915
0.00028992936
0.00013859449
0.0002867376
0.00030965434
0.00021152048
0.00018904904
0.0002804104
0.00023103478
0.00030439475
0.00010078221
0.00019285262
0.0001987701
5.967589e-05
0.00034274976
0.00013039415
0.0004068826
0.000115286064
0.0003014148
0.00020745341
0.0002613159
0.00012753946
0.00011942036
0.00027508903
0.0003250537
0.00017223434
0.00031977938
0.00029651844
6.052732e-05
0.00024213125
0.00022104244
0.00023605138
0.0003505138
0.00025360278
0.0003186239
0.00024782502
0.00031537903
8.892848e-05
0.00025614406
0.00022786834
0.00029672397
0.0002647077
0.0002021913
0.00032943118
0.00017419328
0.00024213141
0.0003345021
0.00030808014
0.00021325379
0.00027013465
0.00026882906
0.00024165347
0.0003589129
0.00023359439
0.0002833567
0.00014169513
0.00018154821
0.00030142654
0.00022525334
0.00031394296
0.00035868943
0.00010153665
0.00020122022
0.00029357482
0.0006315016
0.00023822451
0.00022787691
0.00033141393
0.00014933433
0.00017694254
0.00034965866
0.0002478712
0.0002959164
0.00028721223
0.00023707603
0.00025179458
0.0004814346
0.000104002494
0.00019541486
0.0002786487
0.00028007236
8.831312e-05
0.00029309455
0.000113385795
0.00027319198
0.00021777423
0.00031815688
0.00042295246
0.00023481443
0.00013026255
0.00026087332
0.0004272876
0.00026306347
0.00027584992
0.00024839013
0.0003048391
0.00026413772
0.0003370138
0.00034000463
0.00028265477
0.00018568107
8.196545e-05
0.00025393773
0.00032144345
0.00031454294
0.00035127
0.00018654169
0.0003731521
0.00031350052
0.0003265354
0.0001105105
0.0002321337
0.000108672604
0.0003064612
0.0003216464
0.00028862953
0.000119300326
0.00019083325
0.00022255346
0.00031482478
0.0002704201
0.00028200055
8.69802e-05
0.00042149413
0.00028873194
0.00023599292
0.0002336748
0.0004118981
0.0001816216
0.0002812119
0.0002397143
0.00030541312
0.00029114116
0.00028527837
0.00019417271
0.00022177785
0.00031588323
6.6591376e-05
0.00029316585
0.00017240994
0.0003000456
0.00029325974
0.00017715403
0.00022188865
0.00031593596
0.0002923207
0.00027310228
0.00033536996
0.00033561356
0.00027113396
0.00027843605
0.00040732604
0.00038821303
0.00029376897
0.00028117033
0.00037526587
0.00027920646
0.00028965683
0.00029070003
0.00012678736
0.00028760204
0.00017426682
0.0002639863
0.00037514087
0.00018440251
0.00029080638
0.00022311146
0.00033488462
0.00027133492
0.00023755922
0.000417342
0.00030618574
0.00021220485
0.00018882296
0.00030762446
0.00034123292
0.00029985592
0.0003023616
0.00032546258
0.0003077996
0.00021812876
0.00019002252
0.00034385794
0.00048261593
0.00043283452
0.00031455597
0.00020336623
0.00047077096
0.00015770963
0.00024281157
0.00027766774
0.00026609024
0.00023513703
0.00027878155
0.00028565252
0.00022921969
0.0004317628
0.0002614315
0.00026384272
0.00033588283
0.00028044495
0.0002886174
6.955855e-05
0.0003084868
0.00033071567
7.232743e-05
0.00025623865
0.0003331577
0.00010708552
0.000159372
0.00039165735
0.00026237027
0.00022371444
0.00018633666
7.511662e-05
0.0003341316
0.00010056954
0.0002118623
0.00022541001
0.000260604
0.00033861626
0.00024650834
0.0003810264
0.00024551494
0.0002300501
0.00032537567
0.00033930695
0.0003772937
0.000340775
0.00011831607
0.0003801934
0.00037901942
0.00035610664
0.00027085838
0.00021134647
0.0003015062
0.00039929242
0.00022574836
0.00032103356
0.00023537397
0.00032234288
0.0002600488
0.00032215076
0.00029446374
0.0003351695
0.00027541578
0.00042995266
0.0001340523
0.0002969722
0.00036304482
0.00030969153
0.0002663112
0.00031043074
0.00025398665
0.00027414423
0.00025692847
0.00024496688
0.00038217337
0.0003228469
0.00025811075
0.00038139243
0.00024986855
0.0002625424
0.00019260107
0.00033266444
0.00020621682
0.00032832037
0.00015482272
0.00025962747
0.00013939459
0.00031118025
0.0003624751
0.00036126573
0.00025387717
0.00023818397
8.626687e-05
0.00017830994
0.000244331
0.0003190322
0.00028480912
0.00025521807
0.00030710714
0.00028194187
0.00038253976
0.00035477063
0.00028145115
0.0003090702
0.00040841821
0.00023487139
0.00030464222
0.00033021072
0.00030160384
0.00038553233
0.0003011375
0.00023701084
0.0002430849
9.141716e-05
0.0002525821
0.00030406765
0.00028920677
0.00016956453
0.00020609623
0.0004145725
0.0003136057
0.00032924782
0.0002741162
0.00037770957
0.00017598296
5.376206e-05
0.00029065073
0.00035980096
9.300467e-05
0.00030166985
0.00029903307
0.00036570313
0.00030883282
0.00032227972
0.0002715188
0.00031276618
0.00017339629
0.00032315374
0.00034420597
0.00032072322
9.254746e-05
0.00024392203
0.0003244739
0.00026061642
0.00024919264
0.0002982101
0.0003393351
0.00036064806
0.00022570029
0.00040109272
0.0002602229
7.941281e-05
0.0003122912
0.00021784662
0.00023849132
0.00028404078
0.00029898674
0.00014516331
0.00020116953
0.0002732954
0.00019069175
0.0003327431
0.00023332985
0.00013279232
0.00011026128
0.00011478
0.00028780248
0.0001655049
0.0002317352
0.0003857419
0.00027255173
0.00013973097
0.00022426959
0.00027488393
0.00021767752
0.00018743733
0.00030378523
0.00026366825
0.00031355862
0.00033065642
0.0003008246
7.169627e-05
0.00037338183
0.00026754837
0.0003832311
8.384588e-05
0.00027330813
0.00017783503
0.000351893
0.00028104935
0.00032884098
0.00029710316
0.00012411718
0.000191009
0.00014994659
0.00020042596
0.00029424092
0.00029771723
0.00032833085
0.0002424193
0.00010530063
0.00026650447
0.0003161343
0.00029725363
0.00031308585
0.00028370306
0.00033504204
0.00023841132
0.00020115722
0.0002847393
0.00027555044
0.00024216482
0.00028095333
0.00029321422
0.00022307939
0.00024205347
0.00026490272
0.00027361856
0.00021049063
0.00029028344
0.00011580008
0.00012015808
0.0002791498
0.00033838564
0.00019906416
0.00044947962
0.00021958862
0.0002864855
0.0002859492
0.00031754223
0.00021485248
0.00021345778
0.00025957468
0.00022907821
0.00031135805
0.00020879424
0.00028638702
0.0004304678
0.00016039777
0.0005374917
0.00033775147
0.00025140078
0.0003392655
0.00022025582
0.0003785604
0.0002984683
0.00010848245
0.00021929728
0.00022703595
0.00024547352
0.0002918097
0.0002023721
0.00032485422
0.00029802506
0.0003266444
0.00012344412
0.00031156087
5.7897778e-05
0.00034863845
0.0002511908
0.0002208434
0.000329275
0.0001867734
0.0002497592
0.00037766382
0.0001452109
0.00026794936
0.00026207612
0.00025907677
0.00020338307
0.00024260534
0.0003015847
0.0004149525
0.0001676529
0.00030783002
0.00026766176
0.000373026
0.0002542251
0.00037898836
0.00031650893
0.00039629376
5.8050187e-05
9.7677264e-05
8.3001345e-05
0.00025313807
0.00019344858
0.0002891581
0.0002466264
0.0003085392
0.00024410716
0.00027901583
0.00028548815
0.00045433416
0.00024720337
9.894781e-05
0.00033135054
0.00022378887
0.00026093805
9.566488e-05
0.000336132
0.00026559015
0.0003030547
0.0003621806
0.0002753039
0.00018824526
0.000105044186
0.00021005569
0.00026043569
0.00030345502
0.00029232007
0.00020083263
0.00029026013
0.0002299136
0.00036759823
0.0003027998
0.00022757721
0.0002829863
0.00033701444
0.00011566819
0.0003188552
0.00029866237
0.0002591793
0.00015748639
0.00022601851
0.0002927553
0.00041431867
0.00025044353
0.0002436335
0.00024819942
0.00021795995
0.00073986774
0.00034830702
0.00023433265
0.0003796484
0.00026283393
0.00022067339
0.0003640643
0.00035759338
0.00035355415
0.0003448596
0.00020700821
0.00025045607
0.0002138752
0.00023004125
0.00053103466
7.298642e-05
0.00030167686
0.00019024583
0.00027643726
0.00027233653
0.00021382653
0.0003433774
0.00036979394
0.00030660612
0.00034944378
0.00035657527
0.00025805322
0.00021440478
0.000103337305
6.375755e-05
0.00028691752
0.00024086965
0.00021369915
0.0004753146
0.0003604992
0.00024909832
0.00037268602
0.00024297158
0.00030144738
0.00019067749
0.00020627814
0.0002446475
0.0004042631
0.00027289384
0.00031343446
0.00031365032
0.00037949503
0.00032515769
0.00012833465
0.00033263981
0.00018852203
0.00024523045
0.00030687416
0.0002185033
0.00016547911
0.000105447434
0.0002834095
0.00033107857
0.00035216112
0.00023173336
0.00033969278
0.00019912013
0.00032078425
0.00051206263
0.00026802756
0.00028355134
0.0002798403
0.00040668165
0.00021861537
0.00033405944
0.0002613168
0.00031640747
0.00014450788
0.00029715913
0.00031631973
0.00035086847
0.00025969208
0.0003569132
0.0002450864
0.00027404606
0.00030907532
0.00012879659
0.00035044327
0.00020729886
0.0004344228
0.00026774732
0.00027058806
0.0003085916
0.00025848835
0.00030143623
0.00023481526
0.00024166694
0.0002732297
0.00023715697
0.00020215799
0.0002730194
0.0003125064
0.00017859944
0.00020295373
0.00013053294
0.00046176053
9.793827e-05
0.00023840557
0.00023924331
0.0003209556
0.0003203976
0.00023849748
0.00027945684
8.473662e-05
0.00033840263
0.00031751432
0.0002723978
0.0005212723
0.00020316768
9.2306276e-05
0.00037816918
0.00029632534
0.00027048273
0.00028084608
0.00046394306
0.0003854218
0.00030532497
0.00022519854
0.00032277583
0.0003459876
0.0001402918
0.00025891347
0.0003129296
0.00023747039
0.0001972469
0.00031629298
0.0004272705
0.0002816614
0.00033219135
0.00020198882
0.00014918247
0.00014715252
0.00032338843
0.00014973192
8.0147176e-05
0.00022132171
0.000271934
0.00026580787
0.00035257603
0.00025363086
0.00029953022
0.00017400025
0.00033789224
0.00032270487
0.00033786942
0.00028255285
0.00012546324
4.668029e-05
0.00021331765
0.00032504293
0.00041992794
0.00025069245
0.00027613787
0.00028078922
0.00028750548
0.00030449397
6.2709434e-05
0.0003064442
0.00033807405
0.00031545543
0.00032448908
0.00028128404
7.918082e-05
5.6299825e-05
0.00036635867
0.0003217419
0.00019692605
0.0003996496
5.0682847e-05
0.0002957095
0.00031404337
8.345411e-05
0.0003259643
0.00021414075
0.00034984917
0.00025154406
0.0002876871
0.00019457054
0.00025158917
0.00024385842
0.0003658949
0.00023453704
0.00028897382
0.00034125603
0.00014264605
0.00030313266
0.00030455372
0.00027702353
0.00016566017
0.00035980943
0.0004544285
0.00018733816
0.00029949212
0.00023367567
0.00029841263
0.0002800263
0.00033468805
0.00032473577
0.00034693876
8.72228e-05
0.0002985756
0.00020427667
0.00033877953
0.0003032947
0.00024793542
0.00026776767
0.00030772993
0.00021571541
0.0001710856
0.00017661994
0.00025787778
0.0002676673
0.00038776896
0.00027743098
0.0003574513
0.00018777358
0.00026090024
0.0003269549
0.0002461209
0.00028188387
0.00021621195
0.00027166854
0.00032184878
0.00028336066
0.00010681387
0.00017671942
0.00025656188
0.00013412676
0.00030300423
0.00024040353
0.00022645423
0.00026608698
0.0002848234
0.00032698602
0.00044986806
0.00030015525
0.00029060335
0.00015690205
0.00032008337
0.00033618946
0.0002322641
0.00025885197
0.0002711592
0.0002942439
0.00041070432
6.433606e-05
0.00037274172
0.00045969986
0.000246337
0.0002865803
0.00020343799
0.00030787368
0.00018800628
0.00030646948
0.00029161357
0.00025431445
0.00028439195
0.00022127881
0.00031519015
0.00023414896
0.00043549665
0.00033371054
0.00026861855
0.00040087712
0.0002806147
0.00020764364
0.00040651043
0.00036159946
0.00022010531
0.0002188524
0.00021113457
0.00018036795
0.00023301334
0.0003378872
0.00030975582
0.00029323212
0.0002334573
0.00033169825
0.00031094218
0.00018250925
0.00029071543
0.00029398972
0.00026695526
0.00032092596
0.00025614208
0.00021643627
0.00041196847
0.00037233846
7.749056e-05
0.00029917972
0.0002614213
0.00035517206
0.00021886954
0.00031903168
0.00025938347
0.0002359833
0.00050546386
0.00023824467
0.000439095
0.00032267428
0.00016474412
0.00032998947
0.00019483482
0.00025944042
8.4187835e-05
0.00027390043
0.00012266915
0.00015247292
0.00025861314
0.0002367238
0.00033118477
0.0002395869
0.0001828119
9.042708e-05
0.00020478303
6.829611e-05
0.00027638345
0.00033850377
0.0003310896
0.00033413252
0.00031040903
0.00037911625
0.00028539574
0.00025991254
0.0003211559
0.00052538014
0.00022129141
0.00042032014
0.00035220612
0.0003991417
0.0002857383
0.00033328185
0.0002811488
0.00024655886
0.00032724682
0.0002788126
0.00025513713
0.0002577268
0.0002766428
0.0003558709
0.0002795569
0.00016368854
0.000372707
0.00024042696
0.0002436021
0.00042504456
0.00024026226
0.00026881997
0.00026913843
5.211367e-05
0.00033460816
0.00029243281
0.00024558595
0.00039852274
0.0002418037
0.0002903198
0.00043542794
0.00021177872
0.0003401701
0.0003309989
0.00032521156
0.00016733517
0.00029117172
0.00024069234
0.00033213507
9.4982555e-05
8.0058504e-05
0.0003692843
0.0002304282
0.00036070173
0.00033062618
0.00038810266
0.00026081243
0.0002580663
0.000317403
0.0004040458
0.0003009813
0.0002930312
0.00016259466
5.9849965e-05
7.12752e-05
0.00018756614
0.00025149222
0.0003821288
0.00031228692
0.00012049668
0.00023120263
0.00024860766
0.00039373012
0.0003650227
0.00024182779
0.0003404213
0.00028866672
0.00024843038
0.00030660495
0.00028548748
0.00023041962
0.0004034697
0.00023314092
0.00032033608
0.0002759433
0.0002753574
0.00029454628
0.0003842989
0.00022847745
0.00025408057
0.00028327957
