1825040324
1244876581
1274255025
1870744825
1940345015
1132947791
1524821350
1971488374
1637052127
1722867921
1263679631
1357260114
1132864363
1139463408
1964146701
1784872629
1141766494
1907368588
1187710704
1838934041
1784581218
1668458696
2086421752
2100188564
1845655291
1426333885
1991294911
1733781727
1311689568
1386081587
1200499880
1646602883
1153949347
1153902345
1840198388
1877240466
2117203197
1480066285
2090280595
1409356853
1473514241
1110698338
1784482514
1202276546
2090412200
2005160427
1082534889
1753259252
1387463438
2074911023
1194554158
1969081885
1088250302
1463540469
1515355198
1537352017
1490463071
1853603287
1726223846
2140497264
2100141562
2090750613
1950431590
1562018535
1306789636
2040439940
1750439147
1075912343
1165178065
1371548646
1818525881
2051226842
1383722099
1332123578
1240291561
1533920889
2057886990
1244876581
1424627721
1406207736
1280811769
1686375763
1840250090
1511848867
1967089010
1718496758
1973236839
1533685880
1275589874
1211054123
1591530933
1337782589
1355699656
1186002190
1122317170
1358735969
1493960002
1085383195
1547372790
1076175553
1794376382
1076060398
1321237973
1089420646
1411876147
1891782808
1628215798
1289210981
1316862110
1202831167
1718139545
1875238192
2121922173
1463032851
1246223181
1490669879
2018114109
1363191735
1682566271
2143091761
1601636309
1187959813
1424670023
1756248563
1460551158
1136126284
1440627117
1802874299
1133503586
1138664378
1094050318
1136492898
1534296903
1557778977
1953176493
1341805939
1611633581
1524135125
1592184257
1758955864
1842167761
1831714572
1354449409
1726731465
1701641931
1721232260
1657526089
1294681985
1141301177
1316283989
1415053465
1972475411
1959023510
1289511793
1148515945
1683395852
1145507833
1746979818
1200365925
2132192055
1632389554
1610707647
1904980899
1840945716
1521009508
1108000437
1618909452
1497069167
1196885445
1837947004
1090459384
1465439340
1524544040
1968940879
1084678169
1792543314
1524116324
1172926304
1134641029
1739346734
1396854388
2125889121
1409648264
1958036473
1575423434
1124610855
1986246923
1252399211
1992178544
2104606728
1423927395
1636036889
1549821581
1530170149
1777136141
1575733645
1729260159
1749151299
2085298410
1773399502
1140196635
1732030912
1828274044
1514358761
1703418597
1244559320
1223258127
1582868511
1317832697
2033051265
1225918426
1153164418
1504093579
1971591778
1431908292
1128446198
1653145526
1699564454
1289220382
2118068029
1832870815
2144332607
1256695171
1989809656
1957030636
1537408419
1731013324
1966346383
1613950767
1259496475
1090619190
1929487611
1357203712
1455681777
1320725654
1449425844
1804744968
1877165264
1544364678
1530348756
1108639661
1343742411
1753804472
1614876702
1983285813
1848785607
1738651108
1528064471
1654926892
1719944412
1800430208
1640661862
1320603450
1539876011
2042884031
1662794985
1669389331
1420317661
1087460673
1221707069
1713053956
1581796871
1753860875
1720245223
2078812168
1596499018
1085260991
1283871583
1846496622
1369527571
1094341729
1772379564
1275876585
1588931736
1464127991
2069834834
1462379526
1691668160
1912707986
1335648710
1180430133
1703249391
1564796338
1963263068
2101730221
1397002443
1385649171
1893785082
1505550633
1967366321
2062662367
1077486901
1133559988
1326558571
1800825022
1223728144
1951005012
1348884402
1099934937
1188467432
1153921146
1696079274
1806220823
1508225033
1934385193
1923471387
1200123866
1781380399
1085082384
1380920795
1181811984
1716597888
1201808878
1667001642
1262443485
1588005802
1307137449
1630490683
1282358126
1266791147
1664331942
1564443825
1080664220
1246166779
1901765979
1153469929
1641432690
1687762314
2033991300
1388074461
1555419489
1161540130
1227727993
1739873154
2038973486
1751571889
1925680469
1287424915
1143096643
2135449276
1679391303
1922423248
2095563592
1074535192
1418583296
1826459776
1397406658
1642805141
1907340387
1192692889
1521390223
1427649934
1979488072
1823517467
1325609136
2105885176
1863252746
2039838318
1203484491
1133042969
1517002609
1362063693
1353476473
1765620712
1736592432
1381165204
1639019150
1743684996
1136699705
1330205907
1122237267
1283185357
1901953986
1852907661
1485838099
1375130179
1728564533
1782381536
1589754267
2009291881
1427452526
1781873917
2043589058
1114145916
1622011567
1432077499
1652825914
1326107355
1998664786
1506951285
1376855143
1108653761
1590210184
1862754527
1230167384
1889893337
1264751271
1499148995
1713721381
1116103539
1769272748
1989847257
2100996994
2113189248
1395923753
1623421620
2133108589
1172156650
1831432562
1237915622
1203442189
1376117216
1248535668
1897272612
1241372601
2138729998
1938728155
1878095898
1469133678
1725260310
1994481630
1500826957
1798780446
1166762024
1729081552
1296486852
1528985705
1461199782
1453914511
1503177045
1526494612
1754648154
2126810355
1699056835
2023096295
1230712604
1616794373
1406299389
1874100750
1177558326
1900863546
1573712570
1334828529
1327982724
1632018240
1830342121
1334229257
1183776657
1344663645
1549816880
1813703502
1787175714
2052397185
1628742218
1248596770
1899528696
1778842304
1589599161
1536567087
1614510088
2061571927
1163909018
1936876286
1987666376
2130955909
1289633997
1291241457
1778950408
1759630339
1930220838
1268083695
1387548041
1808871722
1670164860
1720381528
1178338555
1616634567
1309299529
1629503646
1555128078
1900506332
1492014129
1673732292
2133823016
1780990284
1691658760
1167953518
1156908107
2061327518
1832485401
2117099793
1084128249
1722404954
1133296779
1764032053
1194380252
1912510579
1689127715
1157826992
1330379814
1939216973
1411622337
1674446719
2107878050
1577350505
1298592531
1783067762
1975652729
1917351759
1585660415
1828574855
1639740627
1096865723
1842929189
1419603234
1091108008
1629381442
1917426962
1095356967
1819005299
1324264886
1915161478
1087000056
1441585952
1427734537
1681341876
1095596675
1509827792
1268633616
1277808357
1381125252
1287547119
2097180452
1968188851
1531627204
1705232865
1769371452
1445567001
1864879006
2093551917
1727774904
1147782718
2101645618
1260737322
1302141163
2013465636
1092367655
1317656440
1293001672
1770748603
1987487770
2022804884
1573806573
1556101014
1105565747
1533488473
1170634968
1625177135
1361955589
1626091319
2026414618
1796012043
1967107811
1687477954
1691724562
1701134312
1745955180
1224694030
1193357964
1401479360
1793492750
1719662402
1722900822
1125174876
1390055585
1640539657
