1969574906
1858483870
1784930900
1093306591
1613862190
1202687189
2129815007
1249638904
1093002790
1852940554
1082136727
1145306384
1487676856
1084513028
1325493265
1365349370
1372902761
2093562890
1077746188
1921262332
1715722691
1791656123
1126077489
1594223373
2114995378
1633347027
2006189086
1204351849
1122789787
1090380952
1647226124
1449901576
1151998315
1613283721
1948571068
1350284203
1723954431
1123774017
1549410745
1420283126
1078645104
1656985189
1669349445
2058043223
1117302654
1097659675
2089555223
1372024653
