-119
-771
-1687
-523
-139
-21
-2295
1351
-217
-169
-628
4072
-227
-402
20
3565
-302
-1282
34
-490
1745
4197
-232
189
-1389
-958
5791
1028
-1043
-140
5139
275
-162
-81
694
2318
-40
378
622
-814
326
563
3741
-392
-896
595
-743
-150
-1002
2824
129
-135
-143
5944
-7
-1270
3163
-3299
84
-362
-862
111
1502
40
3562
9091
-75
-163
3971
-242
-507
225
-173
2269
1709
945
17
-103
-200
-152
-291
272
-238
2908
243
205
-453
3376
-1549
-395
-121
-793
694
1767
293
-358
-3285
-675
125
-473
674
4198
-2
1896
-861
-2229
-544
-165
-433
-127
-321
2418
-117
-552
85
313
-500
354
-27
256
963
-821
-1042
35
-875
118
4090
2668
-524
-246
805
-275
918
489
664
349
-140
169
559
5
-1105
-119
169
784
992
-369
-1115
-396
3305
3527
-1259
-226
2059
-378
3571
1251
-1048
-2151
-71
1830
669
101
611
6012
-329
9186
165
-320
-107
-1533
327
-132
-269
255
5737
1789
1911
-2046
-190
410
1041
649
-105
22767
528
30
-600
-278
1477
-1561
-121
-228
-690
-243
97
2163
-259
-75
-425
4550
583
-853
109
144
-169
459
47
-537
-5
178
-280
-215
1449
-1026
-145
130
-575
299
-399
-656
-985
743
-254
-517
-44
-492
219
-330
584
471
-1045
139
-1
-599
-882
-51
-108
-586
399
-60
-503
-105
-901
207
8681
3252
-2926
-1343
272
-123
41
-392
-379
-330
13
-264
496
-77
-106
94
1694
132
-1501
2387
-178
-155
3252
-173
-164
-203
559
6146
267
1132
-64
-1593
386
-135
848
513
596
-105
-613
-1178
-819
-149
593
84
-216
189
-509
-783
-397
1036
42
-456
2620
-267
-77
1224
3117
2776
-316
-704
-3747
530
-98
-162
737
1086
573
71
-1280
-408
-10277
-275
11079
282
1114
6
479
-1315
-2072
753
-261
-533
-270
-248
-3721
-1152
2892
1974
913
-1001
-697
3508
-331
-612
515
-589
457
383
3077
-475
2893
1097
-594
-405
-801
-466
-97
168
4477
-200
-339
-1896
2416
1573
187
3510
-205
-25
41
-8733
-668
-405
-397
-124
-118
2585
20
4356
-25
187
2486
68
1708
-436
1750
-236
-406
-188
1245
210
