112967
167588
175111
8201
72686
125364
24226
154816
132352
102199
15677
5052
192020
21278
23047
64676
128225
64244
19155
29563
47897
55272
19932
11119
7087
22147
84947
122740
-232
15208
5573
11022
30205
44306
102361
2682
126481
28173
646
205203
56269
8501
31134
125706
152071
5762
107959
79138
1752
65051
12886
33254
72017
13905
72288
15491
99960
91316
42260
126285
95343
21672
4648
27133
12294
14041
48737
6778
7380
96811
11820
7786
22234
79359
75749
14760
98452
9936
19648
71253
134111
46948
43437
49299
7659
14850
136188
877
18510
164655
157462
57333
134221
13575
58266
51663
186095
166179
13979
66448
26542
39704
19315
30008
160870
174187
84214
73653
11889
24450
11111
17315
11520
77174
18359
29943
17896
26045
36707
9260
96900
115601
16219
17017
23081
12415
27863
53206
23315
9426
67889
45460
134111
1681
41844
20559
59684
14283
6462
24092
53153
80180
8596
6748
78703
20266
10128
17433
79827
14571
8173
42102
51020
134593
87600
22040
10047
63892
101074
2885
44798
99731
140695
119044
140525
32738
13893
44013
20988
17566
55372
89955
22953
20154
20192
19701
43804
22137
2728
57741
33631
71622
24990
85913
89915
14565
11059
22126
35099
23149
17260
68433
175524
11188
20699
8108
153191
130870
71613
32543
54185
7052
15805
21615
72634
78379
22934
15261
24513
34172
133625
161303
179618
46914
15382
95789
154775
16889
175402
60482
22450
11842
161831
96762
183324
138740
11843
22516
93918
62187
128574
10602
61290
9416
61859
113207
43997
16883
21910
91149
78440
71014
12922
13311
1853
64541
19651
131441
24230
19430
10304
8124
94191
26661
28454
81916
39666
45562
4948
23412
13538
16187
158069
21505
18349
18740
14930
120509
91463
168349
28773
49925
14262
9083
49745
10012
31141
67562
46039
8352
153210
105712
101758
167363
13658
57844
61851
36048
22612
4340
72610
158460
6687
55504
17435
24940
15845
77475
16462
45772
68979
15669
22762
127774
164360
25293
38650
156530
7750
55971
24108
62698
83738
26030
101512
73804
21856
12129
90015
62948
77443
12137
131218
41918
101124
12647
115833
54158
37591
10073
16710
57093
18707
16802
29586
67568
20092
39925
52889
98544
6879
45220
9831
261739
15777
70056
157917
122459
227849
120093
7390
4769
36817
21844
19224
96717
19114
78326
9695
7604
43613
148526
12640
28946
33431
141869
126053
58660
20308
27669
56040
51415
14576
57908
24369
133207
8368
24421
75869
95005
85954
23588
127245
18870
