-126
-127
-113
-121
-123
-121
-122
-121
-114
-122
-100
-125
-127
-126
-126
-126
-128
-119
-81
-44
-127
-116
-116
-123
-125
-124
-104
-119
-99
-127
-103
-125
-126
-96
-123
-122
-127
-114
-113
-111
-113
-122
-120
-118
-124
-117
-121
-122
-125
-126
-121
-121
-123
-65
-124
-98
-121
-121
-119
-121
-128
-119
-124
-123
-128
-125
-128
-122
-122
-122
-79
-122
-114
-127
-127
-127
-111
-115
-127
-115
-124
-124
-127
-127
-125
-108
-126
-119
-121
-121
-128
-127
-121
-122
-125
-125
-122
-123
-124
-121
-127
-110
-120
-127
-124
-127
-119
-125
-123
-125
-127
-117
-125
-123
-113
-127
-124
-125
-123
-99
-124
-125
-122
-126
-24
-121
-121
-123
-114
-115
-120
-124
-128
-119
-128
-123
-123
-126
-119
-123
-120
-123
-126
-114
-101
-125
-122
-125
-122
-126
-115
-125
-125
-128
-120
-119
-128
-127
-128
-123
-126
-120
-125
-128
-124
-124
-123
-125
-99
-126
-123
-127
-122
-128
-124
-101
-98
-128
-127
-127
-125
-125
-124
-122
-128
-122
-127
-125
-112
-112
-125
-123
-121
-104
-125
-104
-127
-123
-125
-93
-126
-126
-116
-126
-125
-128
-93
-127
-120
-125
-125
-125
-124
-128
-127
-119
-125
-122
-124
-126
-118
-109
-127
-126
-124
-128
-121
-127
-117
-122
-127
-123
-118
-125
-127
-127
-125
-97
-126
-123
-80
-113
-127
-115
-125
-122
-122
-123
-128
-117
-127
-118
-112
-122
-114
-122
-125
-92
-125
-126
-124
-122
-121
-124
-116
-125
-124
-119
-116
-125
-122
-122
-123
-126
-121
-122
-123
-96
-121
-125
-124
-93
-125
-115
-125
-125
-123
-128
-124
-127
-126
-119
-128
-124
-123
-123
-123
-89
-128
-122
-105
-123
-119
-121
-119
-127
-127
-120
-126
-112
-120
-117
-122
-99
-118
-125
-128
-119
-124
-124
-127
-112
-126
-122
-128
-127
-124
-117
-126
-120
-124
-108
-114
-123
-128
-124
-111
-126
-127
-115
-127
-122
-123
-125
-115
-128
-120
-122
-123
-126
-123
-107
-127
-121
-124
-93
-126
-114
-128
-127
-128
-123
-128
-120
-118
-124
-123
-122
-114
-127
-121
-113
-122
-115
-110
-125
-123
-125
-125
-128
-118
-114
-125
-114
-122
-125
-113
-112
-122
-126
-123
-122
-122
-123
-122
-126
-122
-121
-122
-119
-127
-99
-123
-127
-122
-125
-122
-122
-124
-115
-124
-125
-125
-121
-125
-119
-126
-123
-117
-118
-120
-119
-120
-115
-114
-125
-115
-125
-125
-122
-116
-125
-95
-122
-125
-124
-127
-125
-121
-119
-122
-128
-123
-124
-121
-122
-112
-121
-117
-123
-105
-121
-124
-125
-124
-126
-124
-122
-125
-123
-125
-125
-115
-119
-127
-103
-124
-125
-125
-119
-127
-114
-127
-128
-127
-127
-124
-127
-115
-112
-120
-125
-127
-117
-122
-121
-128
-91
-127
-125
-127
-126
-126
-111
-118
-122
-125
-124
-125
-122
-127
-121
-122
-125
-119
-125
-125
-110
-116
-127
-123
-124
-127
-126
-115
-125
-125
-83
-121
-125
-126
-126
-124
-128
-123
-125
-123
-120
-124
-125
-127
-125
-125
-114
-120
-124
-122
-110
-126
-126
-102
-124
-117
-123
-123
-126
-126
-114
-125
-124
-125
-122
-123
-123
-124
-126
-122
-125
-125
-124
-128
-125
-125
-128
-128
-119
-125
-121
-116
-120
-122
-127
-128
-121
-119
-121
-123
-127
-125
-126
-103
-90
-110
-119
-121
-125
-121
-120
-128
-124
-119
-126
-124
-126
-124
-124
-103
-128
-128
-122
-123
-114
-118
-126
-122
-124
-122
-126
-126
-127
-125
-128
-120
-89
-124
-124
-124
-117
-123
-122
-125
-126
-122
-123
-122
-125
-126
-126
-108
-121
-125
-123
-122
-125
-124
-84
-122
-124
-126
-124
-128
-124
-69
-108
-126
-100
-128
-126
-123
-107
-107
-120
-127
-124
-125
-117
-126
-105
-122
-125
-127
-103
-125
-127
-119
-115
-124
-107
-125
-118
-119
-111
-124
-126
-122
-127
-127
-115
-120
-124
-88
-122
-122
-128
-124
-125
-115
-120
-104
-128
-122
-123
-127
-120
-121
-121
-123
-123
-123
-122
-126
-126
-126
-123
-123
-123
-115
-120
-124
-99
-124
-123
-111
-123
-115
-126
-126
-116
-124
-123
-128
-119
-118
-124
-122
-118
-122
-124
-127
-124
-118
-121
-125
-115
-125
-125
-121
-125
-124
-124
-116
-110
-124
-127
-125
-124
-123
-127
-128
-123
-125
-113
-124
-122
-121
-106
-125
-118
-122
-126
-128
-127
-122
-121
-122
-124
-119
-125
-127
-123
-121
-126
-126
-127
-125
-121
-119
-116
-122
-122
-116
-121
-127
-127
-116
-124
-125
-119
-120
-125
-121
-123
-104
-123
-120
-125
-127
-120
-127
-128
-119
-120
-121
-128
-124
-123
-127
-114
-121
-117
-123
-125
-123
-87
-121
-120
-122
-121
-127
-125
-122
-115
-116
-123
-128
-124
-117
-117
-127
-126
-123
-126
-126
-125
-127
-125
-123
-118
-126
-125
-126
-124
-127
-128
-128
-122
-127
-126
-127
-123
-123
-99
-122
-125
-113
-126
-112
-121
-127
-125
-122
-126
-123
-125
-115
-125
-126
-126
-125
-116
-111
-124
-122
-123
-121
-121
-125
-123
-121
-105
-119
-124
-123
-127
-110
-121
-105
-122
-126
-98
-122
-45
-120
-121
-123
-124
-116
-124
-123
-124
-103
-125
-122
-124
-127
-116
-123
-86
-125
-127
-122
-124
-124
-127
-127
-128
-122
-123
-119
-127
-120
-127
-100
-122
-123
-127
-122
-117
-126
-94
-124
-125
-122
-125
-126
-127
-122
-127
-122
-121
-127
-127
-120
-128
-90
-126
-127
-123
-125
-126
-127
-128
-124
-126
-117
-87
-123
-126
-128
-126
-124
-126
-125
-116
-112
-127
-127
-122
-126
-126
-123
-123
-125
-126
-122
-124
-124
-115
-123
-127
-127
-125
-119
-123
-125
-123
-117
-126
-125
-121
-125
-122
-118
-123
-125
-110
-122
-124
-128
-128
-122
-120
-119
-124
-32
-121
-122
-110
-122
-127
-124
-121
-127
-127
-127
-126
-127
-123
-126
-124
-114
-123
-122
-120
-127
-106
-123
-120
-125
-123
-104
-127
-120
-123
-125
-98
-121
-122
-125
-123
-123
-109
-116
-127
-127
-116
-126
-117
-127
-127
-122
-125
-128
-117
-107
-126
-122
-127
-115
-125
-123
-127
-119
-123
-127
-123
-117
-121
-127
-123
-128
-121
-127
-121
-125
-127
-128
-121
-122
-111
-123
-101
-125
-124
-119
-127
-128
-116
-121
-128
-125
-114
-125
-122
-124
-125
-62
-119
-125
-127
-126
-124
-122
-127
-121
-127
-122
-120
-120
-125
-127
-124
-127
-124
-123
-127
-124
-123
-126
-125
-117
-125
-124
-117
-124
-123
-104
-125
-128
-124
-125
-115
-127
-122
-124
-121
-115
-112
-127
-108
-120
-125
-117
-111
-127
-126
-124
-124
-126
-95
-128
-116
